[[0, 0.86, 1.14, 1.88, 2.03, 1.56, 1.65, 1.76, 1.95, 1.88, 1.54, 1.54, 1.5, 1.63, 1.66, 1.42, 1.55, 1.77, 2.05, 2.6, 3.35, 3.75, 3.56, 3.72, 3.79, 4.06, 5.56, 7.16, 8.13, 8.57, 8.43, 8.09, 8.02, 7.4, 8.68, 10.38, 10.87, 10.71, 10.68, 11.438, 11.951, 12.141, 11.931, 11.273, 10.62, 10.179, 9.829, 9.93, 9.69, 9.28, 8.53, 8.14, 8.18, 7.68, 7.21, 7.22, 6.99, 7.45, 7.89, 7.5, 7.04, 6.91, 6.21, 5.81, 5.7, 5.52, 5.72, 5.8, 5.3, 3.87, 4.06, 3.75, 3.67, 2.85, 1.63, 1.68, 1.86, 2.32, 2.43, 2.15, 2.17, 1.85, 2.13, 1.81, 1.41, 1.5], [0.86, 0, 1.08, 2.04, 2.17, 1.86, 2.05, 2.14, 2.35, 2.32, 1.86, 1.64, 1.4, 1.63, 2.08, 1.4, 1.17, 1.27, 1.51, 2.08, 2.83, 3.21, 3.06, 3.14, 3.23, 3.6, 5.04, 6.64, 7.61, 8.05, 7.91, 7.55, 7.48, 6.82, 8.14, 9.82, 10.33, 10.19, 10.16, 10.915, 11.428, 11.618, 11.408, 10.744, 10.103, 9.688, 9.315, 9.43, 9.17, 8.72, 8.03, 7.64, 7.68, 7.2, 6.69, 6.7, 6.45, 6.93, 7.35, 6.96, 6.52, 6.43, 5.69, 5.27, 5.26, 5.12, 5.24, 5.3, 4.78, 3.33, 3.52, 3.21, 3.13, 2.31, 1.29, 1.76, 2.34, 2.7, 2.79, 2.43, 2.47, 2.15, 2.43, 2.23, 1.81, 1.92], [1.14, 1.08, 0, 1.46, 1.89, 1.46, 1.67, 1.9, 2.03, 1.78, 1.34, 1.58, 1.48, 1.65, 1.84, 1.56, 1.57, 1.89, 2.23, 2.76, 3.51, 3.93, 3.62, 3.82, 3.95, 4.22, 5.72, 7.36, 8.33, 8.77, 8.65, 8.31, 8.24, 7.58, 8.84, 10.54, 11.05, 10.91, 10.88, 11.658, 12.151, 12.341, 12.131, 11.443, 10.803, 10.382, 10.023, 10.119, 9.887, 9.46, 8.61, 8.24, 8.28, 7.78, 7.31, 7.32, 7.13, 7.63, 8.05, 7.66, 7.18, 6.89, 6.07, 5.75, 5.38, 5.16, 5.72, 5.88, 5.34, 4.07, 4.28, 3.95, 3.87, 3.05, 1.61, 1.54, 2.18, 2.6, 2.57, 2.37, 2.39, 1.87, 2.11, 1.83, 1.39, 1.58], [1.88, 2.04, 1.46, 0, 1.05, 1.3, 1.29, 1.5, 1.45, 1.38, 1.78, 2.16, 2.2, 2.31, 2.2, 2.08, 2.33, 2.67, 3.11, 3.62, 4.29, 4.77, 4.42, 4.66, 4.69, 5.0, 6.48, 8.14, 9.11, 9.57, 9.33, 8.95, 8.88, 8.2, 9.582, 11.285, 11.832, 11.655, 11.642, 12.424, 12.919, 13.109, 12.879, 12.177, 11.573, 11.147, 10.768, 10.875, 10.672, 10.2, 9.35, 8.74, 8.78, 8.26, 7.89, 7.86, 7.69, 8.227, 8.667, 8.28, 7.78, 7.65, 6.87, 6.57, 6.06, 5.88, 6.34, 6.66, 6.1, 4.87, 5.06, 4.75, 4.67, 3.83, 2.53, 2.24, 2.7, 2.62, 2.19, 2.11, 1.99, 1.65, 1.33, 1.69, 1.71, 1.96], [2.03, 2.17, 1.89, 1.05, 0, 1.21, 1.3, 1.37, 1.3, 1.61, 2.29, 2.75, 2.75, 2.9, 2.63, 2.51, 2.54, 2.58, 2.88, 3.35, 4.06, 4.54, 4.15, 4.45, 4.46, 4.77, 6.27, 7.91, 8.88, 9.3, 9.14, 8.84, 8.77, 8.05, 9.37, 11.072, 11.588, 11.431, 11.418, 12.197, 12.687, 12.877, 12.667, 11.959, 11.326, 10.931, 10.544, 10.663, 10.42, 9.97, 9.12, 8.59, 8.65, 8.09, 7.68, 7.69, 7.54, 8.074, 8.494, 8.13, 7.61, 7.44, 6.6, 6.3, 5.79, 5.63, 6.09, 6.41, 5.85, 4.64, 4.83, 4.54, 4.46, 3.64, 2.84, 2.53, 2.79, 2.77, 2.44, 2.28, 2.08, 1.98, 1.86, 2.14, 2.2, 2.35], [1.56, 1.86, 1.46, 1.3, 1.21, 0, 0.75, 1.16, 1.19, 1.52, 1.88, 2.28, 2.3, 2.47, 2.18, 2.04, 2.35, 2.49, 2.61, 3.08, 3.97, 4.41, 4.02, 4.24, 4.35, 4.54, 5.78, 7.42, 8.39, 8.83, 8.65, 8.31, 8.24, 7.52, 8.877, 10.576, 11.115, 10.938, 10.925, 11.695, 12.211, 12.401, 12.171, 11.477, 10.839, 10.424, 10.051, 10.158, 9.935, 9.479, 8.63, 8.06, 8.1, 7.56, 7.13, 7.14, 6.99, 7.524, 7.964, 7.58, 7.08, 6.95, 6.13, 5.81, 5.32, 5.18, 5.64, 5.939, 5.38, 4.13, 4.32, 4.01, 3.95, 3.23, 2.21, 1.72, 1.92, 2.32, 2.09, 1.97, 2.01, 1.67, 1.87, 1.89, 1.75, 1.86], [1.65, 2.05, 1.67, 1.29, 1.3, 0.75, 0, 0.71, 1.14, 1.51, 1.93, 2.39, 2.41, 2.54, 2.29, 2.11, 2.44, 2.52, 2.66, 3.25, 4.02, 4.46, 4.07, 4.31, 4.4, 4.59, 5.87, 7.492, 8.48, 8.92, 8.7, 8.34, 8.29, 7.47, 8.978, 10.655, 11.188, 11.011, 10.998, 11.779, 12.277, 12.467, 12.237, 11.569, 10.943, 10.502, 10.123, 10.231, 10.028, 9.57, 8.74, 8.21, 8.13, 7.75, 7.24, 7.19, 7.04, 7.52, 7.94, 7.55, 7.17, 6.96, 6.22, 5.9, 5.47, 5.29, 5.81, 6.03, 5.47, 4.18, 4.29, 3.98, 3.997, 3.12, 2.22, 1.67, 1.85, 2.11, 1.8, 1.68, 1.58, 1.44, 1.66, 1.86, 1.82, 1.93], [1.76, 2.14, 1.9, 1.5, 1.37, 1.16, 0.71, 0, 0.95, 1.52, 2.02, 2.5, 2.64, 2.69, 2.34, 2.38, 2.71, 2.65, 2.69, 3.36, 4.03, 4.45, 4.12, 4.34, 4.41, 4.66, 6.0, 7.62, 8.59, 9.03, 8.87, 8.53, 8.46, 7.6, 9.1, 10.8, 11.315, 11.118, 11.105, 11.883, 12.393, 12.583, 12.353, 11.689, 11.036, 10.626, 10.231, 10.358, 10.115, 9.68, 8.89, 8.4, 8.34, 7.96, 7.39, 7.36, 7.23, 7.676, 8.07, 7.72, 7.36, 7.07, 6.33, 6.01, 5.62, 5.44, 5.98, 6.14, 5.58, 4.31, 4.4, 4.09, 4.11, 3.23, 2.51, 1.94, 1.86, 1.98, 1.59, 1.59, 1.41, 1.49, 1.49, 1.87, 1.81, 1.96], [1.95, 2.35, 2.03, 1.45, 1.3, 1.19, 1.14, 0.95, 0, 1.23, 1.97, 2.51, 2.71, 2.7, 2.19, 2.41, 2.74, 2.64, 2.76, 3.27, 4.08, 4.52, 4.13, 4.39, 4.52, 4.81, 6.13, 7.73, 8.66, 9.1, 9.06, 8.74, 8.67, 7.97, 9.219, 10.864, 11.397, 11.234, 11.219, 12.003, 12.504, 12.694, 12.464, 11.77, 11.158, 10.726, 10.347, 10.452, 10.252, 9.79, 8.92, 8.57, 8.59, 8.07, 7.64, 7.65, 7.5, 8.017, 8.457, 8.07, 7.57, 7.3, 6.44, 6.08, 5.59, 5.43, 5.91, 6.21, 5.65, 4.48, 4.67, 4.36, 4.3, 3.52, 2.88, 2.33, 2.31, 2.17, 1.82, 1.74, 1.64, 1.46, 1.34, 1.6, 1.88, 1.95], [1.88, 2.32, 1.78, 1.38, 1.61, 1.52, 1.51, 1.52, 1.23, 0, 1.38, 1.84, 2.06, 2.13, 1.6, 1.78, 2.41, 2.83, 3.15, 3.72, 4.47, 4.93, 4.6, 4.82, 5.01, 5.4, 6.88, 8.52, 9.39, 9.87, 9.85, 9.55, 9.46, 8.78, 10.02, 11.58, 12.099, 11.964, 11.992, 12.756, 13.209, 13.399, 13.189, 12.507, 11.937, 11.519, 11.137, 11.244, 11.042, 10.56, 9.69, 9.44, 9.46, 8.94, 8.51, 8.52, 8.35, 8.833, 9.253, 8.88, 8.38, 8.05, 7.19, 6.79, 6.34, 6.2, 6.7, 6.9, 6.36, 5.23, 5.42, 5.15, 5.067, 4.244, 2.87, 2.36, 2.34, 2.02, 1.75, 1.83, 1.73, 1.27, 1.09, 1.05, 1.25, 1.3], [1.54, 1.86, 1.34, 1.78, 2.29, 1.88, 1.93, 2.02, 1.97, 1.38, 0, 0.9, 1.2, 1.01, 1.12, 1.26, 1.97, 2.51, 2.91, 3.44, 4.19, 4.65, 4.28, 4.54, 4.69, 5.1, 6.62, 8.26, 9.15, 9.59, 9.57, 9.27, 9.18, 8.5, 9.76, 11.36, 11.873, 11.724, 11.729, 12.493, 12.98, 13.17, 12.96, 12.281, 11.657, 11.256, 10.857, 10.982, 10.762, 10.28, 9.43, 9.16, 9.18, 8.66, 8.23, 8.24, 8.07, 8.553, 8.973, 8.6, 8.1, 7.79, 6.91, 6.53, 6.1, 5.98, 6.44, 6.68, 6.12, 4.93, 5.12, 4.89, 4.784, 3.982, 2.43, 1.84, 1.84, 2.28, 2.35, 2.11, 2.11, 1.55, 1.63, 1.27, 0.91, 0.98], [1.54, 1.64, 1.58, 2.16, 2.75, 2.28, 2.39, 2.5, 2.51, 1.84, 0.9, 0, 0.84, 0.75, 1.02, 1.08, 1.99, 2.41, 2.83, 3.32, 4.07, 4.57, 4.22, 4.46, 4.57, 4.94, 6.44, 8.06, 9.03, 9.49, 9.41, 9.11, 9.02, 8.38, 9.597, 11.24, 11.767, 11.65, 11.597, 12.385, 12.854, 13.044, 12.837, 12.163, 11.577, 11.108, 10.763, 10.827, 10.665, 10.22, 9.35, 9.0, 9.02, 8.5, 8.07, 8.08, 7.93, 8.43, 8.85, 8.477, 7.96, 7.63, 6.89, 6.53, 6.26, 6.12, 6.38, 6.56, 6.12, 4.75, 4.92, 4.69, 4.59, 3.79, 2.27, 1.8, 2.12, 2.46, 2.65, 2.37, 2.37, 1.81, 1.97, 1.33, 1.07, 1.14], [1.5, 1.4, 1.48, 2.2, 2.75, 2.3, 2.41, 2.64, 2.71, 2.06, 1.2, 0.84, 0, 0.73, 1.36, 0.96, 1.59, 1.89, 2.33, 2.86, 3.47, 3.93, 3.56, 3.82, 3.91, 4.28, 5.82, 7.46, 8.418, 8.85, 8.75, 8.45, 8.36, 7.68, 8.96, 10.64, 11.141, 11.004, 10.986, 11.77, 12.246, 12.436, 12.226, 11.549, 10.917, 10.493, 10.117, 10.219, 10.002, 9.54, 8.69, 8.34, 8.36, 7.86, 7.41, 7.42, 7.25, 7.733, 8.153, 7.78, 7.32, 7.41, 6.73, 6.35, 6.12, 6.06, 6.02, 6.2, 5.62, 4.25, 4.32, 4.09, 4.002, 3.179, 1.77, 1.82, 2.36, 2.74, 2.85, 2.61, 2.57, 2.03, 2.19, 1.73, 1.51, 1.58], [1.63, 1.63, 1.65, 2.31, 2.9, 2.47, 2.54, 2.69, 2.7, 2.13, 1.01, 0.75, 0.73, 0, 1.17, 1.17, 1.78, 2.22, 2.64, 3.17, 3.9, 4.36, 3.99, 4.25, 4.36, 4.75, 6.27, 7.91, 8.86, 9.28, 9.22, 8.92, 8.83, 8.15, 9.399, 11.061, 11.574, 11.434, 11.419, 12.203, 12.681, 12.891, 12.661, 12.007, 11.378, 10.934, 10.567, 10.652, 10.452, 9.99, 9.14, 8.77, 8.83, 8.31, 7.82, 7.83, 7.68, 8.218, 8.638, 8.25, 7.73, 7.74, 6.94, 6.48, 6.37, 6.31, 6.29, 6.51, 5.95, 4.6, 4.77, 4.54, 4.454, 3.632, 2.26, 1.95, 2.15, 2.57, 2.78, 2.56, 2.52, 1.94, 2.18, 1.68, 1.42, 1.51], [1.66, 2.08, 1.84, 2.2, 2.63, 2.18, 2.29, 2.34, 2.19, 1.6, 1.12, 1.02, 1.36, 1.17, 0, 1.38, 2.23, 2.77, 3.19, 3.7, 4.45, 4.93, 4.58, 4.82, 4.93, 5.34, 6.84, 8.48, 9.41, 9.85, 9.81, 9.51, 9.42, 8.74, 9.972, 11.614, 12.127, 12.004, 11.972, 12.756, 13.237, 13.427, 13.217, 12.541, 11.937, 11.479, 11.117, 11.204, 11.022, 10.56, 9.73, 9.4, 9.44, 8.94, 8.47, 8.48, 8.27, 8.799, 9.222, 8.84, 8.32, 8.07, 7.19, 6.79, 6.56, 6.48, 6.8, 6.98, 6.42, 5.15, 5.34, 5.11, 5.007, 4.204, 2.73, 2.08, 1.7, 1.82, 1.99, 1.81, 1.89, 1.23, 1.51, 0.95, 0.99, 0.86], [1.42, 1.4, 1.56, 2.08, 2.51, 2.04, 2.11, 2.38, 2.41, 1.78, 1.26, 1.08, 0.96, 1.17, 1.38, 0, 1.01, 1.51, 1.91, 2.52, 3.25, 3.81, 3.62, 3.72, 3.91, 4.4, 5.86, 7.36, 8.23, 8.77, 8.75, 8.45, 8.36, 7.76, 9.0, 10.48, 10.99, 10.876, 10.88, 11.613, 12.009, 12.197, 12.012, 11.382, 10.869, 10.388, 10.055, 10.145, 9.95, 9.52, 8.79, 8.58, 8.62, 8.12, 7.63, 7.64, 7.39, 7.885, 8.305, 7.92, 7.42, 7.01, 6.19, 5.79, 5.9, 5.76, 5.96, 5.88, 5.44, 4.09, 4.22, 3.99, 3.919, 3.142, 2.05, 2.0, 2.36, 2.64, 2.63, 2.09, 2.03, 1.69, 2.01, 1.57, 1.33, 1.4], [1.55, 1.17, 1.57, 2.33, 2.54, 2.35, 2.44, 2.71, 2.74, 2.41, 1.97, 1.99, 1.59, 1.78, 2.23, 1.01, 0, 0.8, 1.08, 1.57, 2.28, 2.94, 2.81, 2.89, 3.06, 3.59, 5.03, 6.45, 7.3, 7.94, 7.88, 7.54, 7.49, 6.93, 8.17, 9.63, 10.14, 9.975, 9.99, 10.652, 11.083, 11.26, 11.066, 10.495, 9.981, 9.521, 9.211, 9.318, 9.12, 8.69, 8.0, 7.79, 7.85, 7.33, 6.82, 6.85, 6.6, 7.078, 7.498, 7.11, 6.59, 6.6, 5.6, 5.24, 5.47, 5.35, 5.39, 5.21, 4.73, 3.24, 3.29, 3.12, 3.058, 2.275, 1.78, 2.63, 3.05, 3.31, 3.28, 2.52, 2.34, 2.2, 2.46, 2.32, 1.9, 2.11], [1.77, 1.27, 1.89, 2.67, 2.58, 2.49, 2.52, 2.65, 2.64, 2.83, 2.51, 2.41, 1.89, 2.22, 2.77, 1.51, 0.8, 0, 0.7, 1.27, 1.82, 2.46, 2.29, 2.39, 2.58, 3.07, 4.51, 5.97, 6.82, 7.42, 7.36, 7.06, 6.99, 6.41, 7.65, 9.13, 9.64, 9.492, 9.49, 10.172, 10.557, 10.712, 10.577, 10.009, 9.49, 8.998, 8.691, 8.795, 8.6, 8.17, 7.46, 7.25, 7.29, 6.79, 6.28, 6.29, 6.04, 6.538, 6.958, 6.57, 6.07, 6.1, 5.18, 4.8, 5.05, 4.93, 4.89, 4.75, 4.29, 2.76, 2.85, 2.66, 2.555, 1.8, 1.94, 2.73, 3.19, 3.47, 3.52, 2.64, 2.52, 2.48, 2.88, 2.88, 2.44, 2.55], [2.05, 1.51, 2.23, 3.11, 2.88, 2.61, 2.66, 2.69, 2.76, 3.15, 2.91, 2.83, 2.33, 2.64, 3.19, 1.91, 1.08, 0.7, 0, 1.15, 1.54, 2.08, 1.95, 2.05, 2.24, 2.69, 4.03, 5.49, 6.34, 6.94, 6.88, 6.58, 6.51, 5.93, 7.17, 8.65, 9.16, 9.012, 9.01, 9.709, 10.12, 10.323, 10.122, 9.538, 9.018, 8.524, 8.234, 8.318, 8.12, 7.71, 7.02, 6.81, 6.85, 6.35, 5.84, 5.85, 5.58, 6.08, 6.5, 6.11, 5.61, 5.72, 4.8, 4.44, 4.67, 4.55, 4.49, 4.37, 3.93, 2.38, 2.45, 2.18, 2.12, 1.42, 1.98, 2.97, 3.35, 3.69, 3.76, 2.86, 2.78, 2.9, 3.3, 3.28, 2.88, 2.95], [2.6, 2.08, 2.76, 3.62, 3.35, 3.08, 3.25, 3.36, 3.27, 3.72, 3.44, 3.32, 2.86, 3.17, 3.7, 2.52, 1.57, 1.27, 1.15, 0, 1.15, 1.75, 1.7, 1.78, 1.85, 2.34, 3.64, 5.0, 5.89, 6.59, 6.51, 6.15, 6.06, 5.54, 6.78, 8.2, 8.71, 8.51, 8.56, 9.21, 9.667, 9.917, 9.687, 9.145, 8.608, 8.225, 7.873, 7.93, 7.79, 7.34, 6.69, 6.48, 6.58, 6.08, 5.57, 5.64, 5.35, 5.75, 6.15, 5.8, 5.3, 5.61, 4.73, 4.29, 4.58, 4.44, 4.48, 4.6, 4.08, 2.45, 2.68, 2.33, 2.15, 1.51, 2.41, 3.42, 3.88, 4.24, 4.35, 3.37, 3.25, 3.49, 3.83, 3.81, 3.37, 3.46], [3.35, 2.83, 3.51, 4.29, 4.06, 3.97, 4.02, 4.03, 4.08, 4.47, 4.19, 4.07, 3.47, 3.9, 4.45, 3.25, 2.28, 1.82, 1.54, 1.15, 0, 1.0, 1.03, 1.13, 1.16, 1.53, 2.89, 4.19, 5.08, 5.8, 5.72, 5.4, 5.35, 4.73, 5.93, 7.45, 7.9, 7.76, 7.79, 8.38, 8.865, 9.155, 8.925, 8.414, 7.924, 7.54, 7.17, 7.14, 7.1, 6.57, 6.0, 5.77, 5.89, 5.39, 4.96, 4.99, 4.7, 5.08, 5.46, 5.13, 4.95, 5.46, 4.5, 4.16, 4.43, 4.29, 4.21, 4.49, 3.91, 2.4, 2.23, 2.08, 1.72, 1.54, 3.16, 4.25, 4.71, 4.99, 5.08, 4.02, 3.9, 4.12, 4.56, 4.56, 4.12, 4.21], [3.75, 3.21, 3.93, 4.77, 4.54, 4.41, 4.46, 4.45, 4.52, 4.93, 4.65, 4.57, 3.93, 4.36, 4.93, 3.81, 2.94, 2.46, 2.08, 1.75, 1.0, 0, 0.75, 0.91, 0.92, 1.07, 2.21, 3.63, 4.5, 5.06, 5.0, 4.66, 4.55, 4.05, 5.27, 6.77, 7.28, 7.1, 7.11, 7.9, 8.397, 8.64, 8.38, 7.826, 7.193, 6.84, 6.37, 6.5, 6.3, 5.87, 5.3, 5.03, 5.09, 5.01, 4.72, 4.35, 4.18, 4.48, 4.88, 4.59, 4.71, 5.46, 4.64, 4.18, 4.35, 4.17, 4.21, 4.69, 4.05, 2.62, 2.49, 2.34, 1.94, 2.0, 3.56, 4.65, 5.13, 5.45, 5.5, 4.52, 4.44, 4.58, 5.02, 5.02, 4.64, 4.73], [3.56, 3.06, 3.62, 4.42, 4.15, 4.02, 4.07, 4.12, 4.13, 4.6, 4.28, 4.22, 3.56, 3.99, 4.58, 3.62, 2.81, 2.29, 1.95, 1.7, 1.03, 0.75, 0, 0.66, 0.79, 0.96, 2.36, 4.0, 4.87, 5.33, 5.31, 5.01, 4.94, 4.26, 5.5, 7.08, 7.596, 7.447, 7.48, 8.242, 8.732, 8.96, 8.732, 8.094, 7.488, 7.105, 6.633, 6.722, 6.53, 6.04, 5.25, 5.06, 5.14, 4.72, 4.37, 4.26, 4.11, 4.51, 4.93, 4.58, 4.56, 5.19, 4.39, 3.93, 3.98, 3.86, 3.76, 4.28, 3.6, 2.29, 2.38, 2.17, 1.87, 2.09, 3.25, 4.32, 4.82, 5.14, 5.31, 4.43, 4.33, 4.27, 4.65, 4.67, 4.25, 4.38], [3.72, 3.14, 3.82, 4.66, 4.45, 4.24, 4.31, 4.34, 4.39, 4.82, 4.54, 4.46, 3.82, 4.25, 4.82, 3.72, 2.89, 2.39, 2.05, 1.78, 1.13, 0.91, 0.66, 0, 0.67, 1.04, 2.18, 3.76, 4.63, 5.15, 5.11, 4.81, 4.72, 4.04, 5.3, 6.84, 7.35, 7.19, 7.26, 8.03, 8.51, 8.76, 8.51, 7.833, 7.288, 6.905, 6.47, 6.53, 6.33, 5.88, 5.23, 5.02, 5.1, 4.68, 4.27, 4.18, 3.93, 4.35, 4.77, 4.44, 4.32, 4.99, 4.13, 3.65, 3.84, 3.68, 3.64, 4.06, 3.4, 2.11, 2.24, 1.97, 1.85, 2.17, 3.47, 4.56, 5.02, 5.34, 5.43, 4.47, 4.37, 4.45, 4.91, 4.91, 4.49, 4.62], [3.79, 3.23, 3.95, 4.69, 4.46, 4.35, 4.4, 4.41, 4.52, 5.01, 4.69, 4.57, 3.91, 4.36, 4.93, 3.91, 3.06, 2.58, 2.24, 1.85, 1.16, 0.92, 0.79, 0.67, 0, 0.85, 2.11, 3.627, 4.56, 5.06, 4.94, 4.62, 4.51, 3.89, 5.21, 6.77, 7.3, 7.14, 7.13, 7.94, 8.453, 8.693, 8.443, 7.82, 7.19, 6.835, 6.383, 6.44, 6.26, 5.77, 5.2, 4.87, 4.99, 4.57, 4.2, 4.09, 3.86, 4.2, 4.66, 4.27, 4.25, 5.0, 4.16, 3.76, 3.87, 3.71, 3.75, 4.23, 3.57, 2.1, 2.11, 1.88, 1.74, 2.16, 3.54, 4.63, 5.09, 5.47, 5.52, 4.62, 4.52, 4.58, 4.98, 5.02, 4.68, 4.79], [4.06, 3.6, 4.22, 5.0, 4.77, 4.54, 4.59, 4.66, 4.81, 5.4, 5.1, 4.94, 4.28, 4.75, 5.34, 4.4, 3.59, 3.07, 2.69, 2.34, 1.53, 1.07, 0.96, 1.04, 0.85, 0, 1.66, 3.26, 4.23, 4.65, 4.49, 4.21, 4.14, 3.44, 4.76, 6.44, 6.955, 6.85, 6.8, 7.558, 8.071, 8.325, 8.111, 7.484, 6.897, 6.468, 6.0, 6.07, 5.89, 5.36, 4.73, 4.32, 4.46, 4.3, 3.87, 3.62, 3.43, 3.69, 4.09, 3.86, 3.9, 4.69, 4.07, 3.63, 3.62, 3.42, 3.58, 4.16, 3.48, 2.57, 2.54, 2.39, 2.09, 2.45, 3.79, 4.84, 5.3, 5.72, 5.81, 4.99, 4.89, 4.89, 5.31, 5.43, 5.09, 5.2], [5.56, 5.04, 5.72, 6.48, 6.27, 5.78, 5.87, 6.0, 6.13, 6.88, 6.62, 6.44, 5.82, 6.27, 6.84, 5.86, 5.03, 4.51, 4.03, 3.64, 2.89, 2.21, 2.36, 2.18, 2.11, 1.66, 0, 1.84, 2.71, 3.21, 3.07, 2.79, 2.72, 2.18, 3.24, 4.94, 5.41, 5.29, 5.28, 6.05, 6.6, 6.85, 6.6, 5.98, 5.45, 4.948, 4.54, 4.57, 4.45, 4.06, 3.49, 3.16, 3.1, 3.38, 2.95, 2.5, 2.43, 2.67, 3.09, 2.8, 2.9, 3.63, 3.07, 2.63, 2.62, 2.56, 2.6, 3.22, 2.8, 2.65, 2.72, 2.71, 2.59, 3.43, 5.01, 6.0, 6.48, 6.96, 7.05, 6.19, 6.15, 6.37, 6.85, 6.97, 6.59, 6.7], [7.16, 6.64, 7.36, 8.14, 7.91, 7.42, 7.492, 7.62, 7.73, 8.52, 8.26, 8.06, 7.46, 7.91, 8.48, 7.36, 6.45, 5.97, 5.49, 5.0, 4.19, 3.63, 4.0, 3.76, 3.627, 3.26, 1.84, 0, 1.17, 1.83, 1.79, 1.49, 1.48, 0.98, 1.82, 3.46, 3.87, 3.73, 3.72, 4.41, 4.96, 5.29, 5.04, 4.619, 4.066, 3.53, 3.16, 3.23, 3.21, 2.76, 2.29, 2.2, 2.34, 2.76, 2.43, 2.22, 2.45, 2.43, 2.21, 2.32, 2.58, 2.83, 2.41, 2.23, 2.76, 3.14, 2.7, 3.08, 3.26, 3.65, 3.58, 3.71, 3.67, 4.61, 6.45, 7.46, 7.98, 8.5, 8.53, 7.57, 7.59, 8.07, 8.55, 8.61, 8.23, 8.3], [8.13, 7.61, 8.33, 9.11, 8.88, 8.39, 8.48, 8.59, 8.66, 9.39, 9.15, 9.03, 8.418, 8.86, 9.41, 8.23, 7.3, 6.82, 6.34, 5.89, 5.08, 4.5, 4.87, 4.63, 4.56, 4.23, 2.71, 1.17, 0, 0.86, 1.02, 0.98, 1.09, 1.43, 1.45, 2.55, 2.9, 2.8, 2.71, 3.46, 4.15, 4.34, 4.11, 3.81, 3.16, 2.62, 2.51, 2.6, 2.4, 1.99, 2.08, 2.53, 2.69, 3.09, 2.8, 2.71, 2.9, 2.86, 2.56, 2.71, 2.97, 3.12, 2.82, 2.82, 3.39, 3.73, 3.25, 3.55, 3.75, 4.42, 4.47, 4.64, 4.62, 5.52, 7.28, 8.39, 8.97, 9.49, 9.56, 8.58, 8.56, 9.031, 9.499, 9.517, 9.1, 9.17], [8.57, 8.05, 8.77, 9.57, 9.3, 8.83, 8.92, 9.03, 9.1, 9.87, 9.59, 9.49, 8.85, 9.28, 9.85, 8.77, 7.94, 7.42, 6.94, 6.59, 5.8, 5.06, 5.33, 5.15, 5.06, 4.65, 3.21, 1.83, 0.86, 0, 0.64, 1.04, 1.01, 1.65, 1.49, 2.33, 2.68, 2.62, 2.51, 3.36, 4.13, 4.16, 4.01, 3.51, 2.82, 2.54, 2.47, 2.42, 2.08, 1.81, 2.12, 2.57, 2.75, 3.07, 2.88, 2.95, 3.14, 3.04, 2.72, 2.87, 3.11, 3.3, 3.22, 3.3, 3.77, 4.15, 3.69, 3.91, 4.05, 4.92, 5.05, 5.24, 5.26, 6.1, 7.72, 8.83, 9.35, 9.91, 9.96, 9.1, 9.08, 9.46, 9.94, 9.94, 9.58, 9.69], [8.43, 7.91, 8.65, 9.33, 9.14, 8.65, 8.7, 8.87, 9.06, 9.85, 9.57, 9.41, 8.75, 9.22, 9.81, 8.75, 7.88, 7.36, 6.88, 6.51, 5.72, 5.0, 5.31, 5.11, 4.94, 4.49, 3.07, 1.79, 1.02, 0.64, 0, 0.76, 0.89, 1.63, 1.87, 2.63, 3.02, 2.92, 2.89, 3.76, 4.45, 4.48, 4.33, 3.75, 3.1, 2.9, 2.87, 2.76, 2.42, 2.17, 2.46, 2.69, 2.87, 3.31, 3.02, 2.87, 3.1, 3.06, 2.78, 2.89, 3.15, 3.46, 3.24, 3.42, 3.91, 4.23, 3.77, 4.01, 4.15, 4.86, 4.97, 5.18, 5.18, 6.04, 7.64, 8.61, 9.25, 9.87, 9.8, 9.0, 9.0, 9.36, 9.8, 9.9, 9.56, 9.67], [8.09, 7.55, 8.31, 8.95, 8.84, 8.31, 8.34, 8.53, 8.74, 9.55, 9.27, 9.11, 8.45, 8.92, 9.51, 8.45, 7.54, 7.06, 6.58, 6.15, 5.4, 4.66, 5.01, 4.81, 4.62, 4.21, 2.79, 1.49, 0.98, 1.04, 0.76, 0, 0.47, 1.67, 2.09, 3.09, 3.44, 3.28, 3.27, 4.1, 4.77, 4.88, 4.71, 4.15, 3.4, 3.18, 3.07, 3.12, 2.78, 2.41, 2.7, 2.83, 3.01, 3.45, 3.22, 3.01, 3.2, 3.16, 2.9, 3.07, 3.33, 3.68, 3.42, 3.46, 3.95, 4.29, 3.81, 4.17, 4.33, 4.72, 4.73, 4.92, 4.88, 5.78, 7.44, 8.33, 9.03, 9.63, 9.54, 8.72, 8.72, 9.02, 9.46, 9.6, 9.26, 9.37], [8.02, 7.48, 8.24, 8.88, 8.77, 8.24, 8.29, 8.46, 8.67, 9.46, 9.18, 9.02, 8.36, 8.83, 9.42, 8.36, 7.49, 6.99, 6.51, 6.06, 5.35, 4.55, 4.94, 4.72, 4.51, 4.14, 2.72, 1.48, 1.09, 1.01, 0.89, 0.47, 0, 1.66, 2.06, 2.98, 3.39, 3.27, 3.24, 4.11, 4.82, 4.95, 4.72, 4.18, 3.47, 3.23, 3.12, 3.15, 2.83, 2.46, 2.73, 2.84, 2.98, 3.42, 3.17, 3.04, 3.21, 3.19, 2.93, 3.08, 3.32, 3.69, 3.45, 3.41, 3.9, 4.24, 3.76, 4.18, 4.32, 4.67, 4.68, 4.83, 4.83, 5.69, 7.41, 8.3, 8.96, 9.52, 9.43, 8.61, 8.61, 8.91, 9.37, 9.51, 9.17, 9.28], [7.4, 6.82, 7.58, 8.2, 8.05, 7.52, 7.47, 7.6, 7.97, 8.78, 8.5, 8.38, 7.68, 8.15, 8.74, 7.76, 6.93, 6.41, 5.93, 5.54, 4.73, 4.05, 4.26, 4.04, 3.89, 3.44, 2.18, 0.98, 1.43, 1.65, 1.63, 1.67, 1.66, 0, 1.6, 3.32, 3.81, 3.75, 3.64, 4.43, 5.06, 5.29, 5.04, 4.679, 4.049, 3.49, 3.1, 3.25, 3.11, 2.6, 2.15, 1.78, 1.92, 2.28, 1.89, 1.74, 1.91, 1.91, 1.63, 1.76, 2.12, 2.57, 2.45, 2.49, 2.82, 3.18, 2.68, 3.0, 3.1, 3.91, 3.86, 3.99, 4.13, 4.91, 6.45, 7.34, 7.94, 8.6, 8.59, 7.91, 7.91, 8.21, 8.67, 8.83, 8.51, 8.64], [8.68, 8.14, 8.84, 9.582, 9.37, 8.877, 8.978, 9.1, 9.219, 10.02, 9.76, 9.597, 8.96, 9.399, 9.972, 9.0, 8.17, 7.65, 7.17, 6.78, 5.93, 5.27, 5.5, 5.3, 5.21, 4.76, 3.24, 1.82, 1.45, 1.49, 1.87, 2.09, 2.06, 1.6, 0, 1.86, 2.27, 2.25, 2.14, 2.89, 3.52, 3.77, 3.52, 3.16, 2.59, 2.05, 1.7, 1.71, 1.65, 1.24, 1.15, 1.5, 1.66, 2.1, 2.31, 2.32, 2.33, 2.05, 1.67, 1.88, 2.22, 2.45, 3.21, 3.39, 3.7, 3.92, 3.56, 3.56, 3.76, 5.03, 5.18, 5.29, 5.27, 6.09, 7.77, 8.844, 9.36, 9.8, 9.99, 9.19, 9.21, 9.547, 10.027, 10.096, 9.73, 9.86], [10.38, 9.82, 10.54, 11.285, 11.072, 10.576, 10.655, 10.8, 10.864, 11.58, 11.36, 11.24, 10.64, 11.061, 11.614, 10.48, 9.63, 9.13, 8.65, 8.2, 7.45, 6.77, 7.08, 6.84, 6.77, 6.44, 4.94, 3.46, 2.55, 2.33, 2.63, 3.09, 2.98, 3.32, 1.86, 0, 0.85, 0.99, 1.1, 1.79, 2.3, 2.35, 2.14, 1.96, 1.53, 1.59, 1.32, 1.31, 1.19, 1.38, 2.07, 2.72, 2.86, 3.36, 3.67, 3.759, 3.901, 3.45, 2.95, 3.26, 3.68, 3.83, 4.67, 4.91, 5.32, 5.46, 5.0, 4.74, 5.24, 6.67, 6.78, 6.87, 6.87, 7.69, 9.457, 10.541, 11.027, 11.48, 11.65, 10.83, 10.87, 11.221, 11.709, 11.727, 11.29, 11.4], [10.87, 10.33, 11.05, 11.832, 11.588, 11.115, 11.188, 11.315, 11.397, 12.099, 11.873, 11.767, 11.141, 11.574, 12.127, 10.99, 10.14, 9.64, 9.16, 8.71, 7.9, 7.28, 7.596, 7.35, 7.3, 6.955, 5.41, 3.87, 2.9, 2.68, 3.02, 3.44, 3.39, 3.81, 2.27, 0.85, 0, 0.78, 0.81, 1.44, 1.93, 2.04, 1.85, 1.73, 1.44, 1.6, 1.53, 1.5, 1.46, 1.65, 2.5, 3.209, 3.31, 3.815, 4.131, 4.192, 4.433, 3.98, 3.46, 3.752, 4.175, 4.34, 5.18, 5.42, 5.83, 5.987, 5.516, 5.23, 5.77, 7.18, 7.29, 7.36, 7.36, 8.18, 9.964, 11.074, 11.5, 11.975, 12.16, 11.34, 11.38, 11.733, 12.222, 12.24, 11.809, 11.927], [10.71, 10.19, 10.91, 11.655, 11.431, 10.938, 11.011, 11.118, 11.234, 11.964, 11.724, 11.65, 11.004, 11.434, 12.004, 10.876, 9.975, 9.492, 9.012, 8.51, 7.76, 7.1, 7.447, 7.19, 7.14, 6.85, 5.29, 3.73, 2.8, 2.62, 2.92, 3.28, 3.27, 3.75, 2.25, 0.99, 0.78, 0, 0.61, 1.14, 1.85, 2.06, 1.81, 1.53, 1.22, 1.4, 1.25, 1.44, 1.42, 1.55, 2.36, 3.075, 3.15, 3.658, 3.973, 4.015, 4.256, 3.785, 3.279, 3.581, 4.038, 4.223, 5.012, 5.303, 5.704, 5.87, 5.364, 5.133, 5.607, 6.992, 7.15, 7.24, 7.16, 8.02, 9.827, 10.897, 11.343, 11.858, 11.986, 11.189, 11.229, 11.616, 12.065, 12.094, 11.677, 11.81], [10.68, 10.16, 10.88, 11.642, 11.418, 10.925, 10.998, 11.105, 11.219, 11.992, 11.729, 11.597, 10.986, 11.419, 11.972, 10.88, 9.99, 9.49, 9.01, 8.56, 7.79, 7.11, 7.48, 7.26, 7.13, 6.8, 5.28, 3.72, 2.71, 2.51, 2.89, 3.27, 3.24, 3.64, 2.14, 1.1, 0.81, 0.61, 0, 1.05, 1.92, 2.05, 1.78, 1.6, 1.45, 1.35, 1.26, 1.49, 1.49, 1.56, 2.356, 3.022, 3.108, 3.625, 3.941, 4.002, 4.243, 3.79, 3.289, 3.565, 4.005, 4.17, 4.95, 5.27, 5.672, 5.817, 5.389, 5.14, 5.649, 6.95, 7.06, 7.19, 7.13, 7.97, 9.777, 10.884, 11.33, 11.832, 11.97, 11.13, 11.17, 11.599, 12.072, 12.076, 11.702, 11.797], [11.438, 10.915, 11.658, 12.424, 12.197, 11.695, 11.779, 11.883, 12.003, 12.756, 12.493, 12.385, 11.77, 12.203, 12.756, 11.613, 10.652, 10.172, 9.709, 9.21, 8.38, 7.9, 8.242, 8.03, 7.94, 7.558, 6.05, 4.41, 3.46, 3.36, 3.76, 4.1, 4.11, 4.43, 2.89, 1.79, 1.44, 1.14, 1.05, 0, 1.07, 1.28, 1.21, 1.55, 1.8, 1.84, 1.91, 2.0, 2.12, 2.39, 3.169, 3.777, 3.846, 4.386, 4.71, 4.766, 5.01, 4.531, 4.002, 4.341, 4.803, 4.923, 5.686, 6.003, 6.456, 6.605, 6.153, 5.89, 6.416, 7.734, 7.779, 7.96, 7.9, 8.78, 10.55, 11.666, 12.109, 12.619, 12.711, 11.883, 11.906, 12.386, 12.834, 12.86, 12.469, 12.548], [11.951, 11.428, 12.151, 12.919, 12.687, 12.211, 12.277, 12.393, 12.504, 13.209, 12.98, 12.854, 12.246, 12.681, 13.237, 12.009, 11.083, 10.557, 10.12, 9.667, 8.865, 8.397, 8.732, 8.51, 8.453, 8.071, 6.6, 4.96, 4.15, 4.13, 4.45, 4.77, 4.82, 5.06, 3.52, 2.3, 1.93, 1.85, 1.92, 1.07, 0, 0.57, 0.84, 1.38, 1.97, 2.25, 2.36, 2.17, 2.47, 2.86, 3.642, 4.348, 4.413, 4.902, 5.226, 5.308, 5.506, 5.046, 4.498, 4.847, 5.299, 5.373, 6.179, 6.482, 6.94, 7.083, 6.623, 6.318, 6.866, 8.207, 8.293, 8.457, 8.39, 9.263, 11.046, 12.164, 12.599, 13.065, 13.203, 12.347, 12.386, 12.841, 13.324, 13.344, 12.919, 13.012], [12.141, 11.618, 12.341, 13.109, 12.877, 12.401, 12.467, 12.583, 12.694, 13.399, 13.17, 13.044, 12.436, 12.891, 13.427, 12.197, 11.26, 10.712, 10.323, 9.917, 9.155, 8.64, 8.96, 8.76, 8.693, 8.325, 6.85, 5.29, 4.34, 4.16, 4.48, 4.88, 4.95, 5.29, 3.77, 2.35, 2.04, 2.06, 2.05, 1.28, 0.57, 0, 0.81, 1.41, 2.0, 2.32, 2.49, 2.38, 2.58, 3.07, 3.872, 4.538, 4.623, 5.121, 5.436, 5.498, 5.736, 5.3, 4.728, 5.063, 5.541, 5.563, 6.357, 6.689, 7.13, 7.273, 6.813, 6.508, 7.056, 8.405, 8.463, 8.708, 8.64, 9.53, 11.236, 12.354, 12.789, 13.255, 13.373, 12.537, 12.596, 13.031, 13.514, 13.534, 13.109, 13.202], [11.931, 11.408, 12.131, 12.879, 12.667, 12.171, 12.237, 12.353, 12.464, 13.189, 12.96, 12.837, 12.226, 12.661, 13.217, 12.012, 11.066, 10.577, 10.122, 9.687, 8.925, 8.38, 8.732, 8.51, 8.443, 8.111, 6.6, 5.04, 4.11, 4.01, 4.33, 4.71, 4.72, 5.04, 3.52, 2.14, 1.85, 1.81, 1.78, 1.21, 0.84, 0.81, 0, 1.1, 1.77, 2.05, 2.3, 2.19, 2.41, 2.84, 3.622, 4.328, 4.393, 4.902, 5.226, 5.242, 5.466, 5.046, 4.478, 4.833, 5.311, 5.393, 6.174, 6.479, 6.92, 7.066, 6.603, 6.307, 6.846, 8.195, 8.3, 8.46, 8.39, 9.28, 11.023, 12.124, 12.579, 13.045, 13.19, 12.367, 12.399, 12.821, 13.304, 13.324, 12.899, 13.004], [11.273, 10.744, 11.443, 12.177, 11.959, 11.477, 11.569, 11.689, 11.77, 12.507, 12.281, 12.163, 11.549, 12.007, 12.541, 11.382, 10.495, 10.009, 9.538, 9.145, 8.414, 7.826, 8.094, 7.833, 7.82, 7.484, 5.98, 4.619, 3.81, 3.51, 3.75, 4.15, 4.18, 4.679, 3.16, 1.96, 1.73, 1.53, 1.6, 1.55, 1.38, 1.41, 1.1, 0, 1.03, 1.59, 1.8, 1.61, 1.91, 2.2, 3.029, 3.819, 3.899, 4.334, 4.569, 4.751, 4.892, 4.349, 3.881, 4.276, 4.658, 4.75, 5.566, 5.86, 6.238, 6.399, 5.903, 5.644, 6.184, 7.586, 7.813, 7.88, 7.786, 8.674, 10.335, 11.436, 11.917, 12.38, 12.563, 11.752, 11.8, 12.153, 12.63, 12.639, 12.22, 12.339], [10.62, 10.103, 10.803, 11.573, 11.326, 10.839, 10.943, 11.036, 11.158, 11.937, 11.657, 11.577, 10.917, 11.378, 11.937, 10.869, 9.981, 9.49, 9.018, 8.608, 7.924, 7.193, 7.488, 7.288, 7.19, 6.897, 5.45, 4.066, 3.16, 2.82, 3.1, 3.4, 3.47, 4.049, 2.59, 1.53, 1.44, 1.22, 1.45, 1.8, 1.97, 2.0, 1.77, 1.03, 0, 0.86, 1.23, 1.18, 1.24, 1.69, 2.4, 3.17, 3.206, 3.663, 3.979, 4.101, 4.222, 3.83, 3.287, 3.603, 4.004, 4.164, 4.973, 5.261, 5.637, 5.806, 5.305, 5.111, 5.599, 6.978, 7.22, 7.33, 7.22, 8.127, 9.742, 10.827, 11.264, 11.809, 11.91, 11.151, 11.21, 11.553, 11.998, 12.007, 11.653, 11.766], [10.179, 9.688, 10.382, 11.147, 10.931, 10.424, 10.502, 10.626, 10.726, 11.519, 11.256, 11.108, 10.493, 10.934, 11.479, 10.388, 9.521, 8.998, 8.524, 8.225, 7.54, 6.84, 7.105, 6.905, 6.835, 6.468, 4.948, 3.53, 2.62, 2.54, 2.9, 3.18, 3.23, 3.49, 2.05, 1.59, 1.6, 1.4, 1.35, 1.84, 2.25, 2.32, 2.05, 1.59, 0.86, 0, 0.91, 1.18, 1.32, 1.59, 2.12, 2.69, 2.67, 3.248, 3.536, 3.518, 3.799, 3.4, 2.86, 3.168, 3.63, 3.646, 4.458, 4.778, 5.199, 5.348, 4.916, 4.653, 5.179, 6.555, 6.71, 6.813, 6.82, 7.7, 9.296, 10.389, 10.866, 11.347, 11.433, 10.621, 10.65, 11.109, 11.577, 11.603, 11.232, 11.311], [9.829, 9.315, 10.023, 10.768, 10.544, 10.051, 10.123, 10.231, 10.347, 11.137, 10.857, 10.763, 10.117, 10.567, 11.117, 10.055, 9.211, 8.691, 8.234, 7.873, 7.17, 6.37, 6.633, 6.47, 6.383, 6.0, 4.54, 3.16, 2.51, 2.47, 2.87, 3.07, 3.12, 3.1, 1.7, 1.32, 1.53, 1.25, 1.26, 1.91, 2.36, 2.49, 2.3, 1.8, 1.23, 0.91, 0, 0.97, 0.95, 1.14, 1.67, 2.24, 2.3, 2.82, 3.126, 3.208, 3.429, 2.95, 2.41, 2.76, 3.211, 3.336, 4.148, 4.451, 4.817, 4.983, 4.517, 4.306, 4.78, 6.128, 6.38, 6.48, 6.41, 7.27, 8.946, 10.01, 10.456, 10.98, 11.099, 10.331, 10.377, 10.73, 11.198, 11.207, 10.85, 10.963], [9.93, 9.43, 10.119, 10.875, 10.663, 10.158, 10.231, 10.358, 10.452, 11.244, 10.982, 10.827, 10.219, 10.652, 11.204, 10.145, 9.318, 8.795, 8.318, 7.93, 7.14, 6.5, 6.722, 6.53, 6.44, 6.07, 4.57, 3.23, 2.6, 2.42, 2.76, 3.12, 3.15, 3.25, 1.71, 1.31, 1.5, 1.44, 1.49, 2.0, 2.17, 2.38, 2.19, 1.61, 1.18, 1.18, 0.97, 0, 0.7, 1.09, 1.72, 2.41, 2.51, 2.93, 3.213, 3.37, 3.52, 3.02, 2.52, 2.87, 3.29, 3.383, 4.255, 4.535, 4.924, 5.067, 4.642, 4.373, 4.902, 6.28, 6.49, 6.5, 6.48, 7.34, 9.027, 10.117, 10.603, 11.064, 11.209, 10.398, 10.418, 10.832, 11.306, 11.329, 10.954, 11.03], [9.69, 9.17, 9.887, 10.672, 10.42, 9.935, 10.028, 10.115, 10.252, 11.042, 10.762, 10.665, 10.002, 10.452, 11.022, 9.95, 9.12, 8.6, 8.12, 7.79, 7.1, 6.3, 6.53, 6.33, 6.26, 5.89, 4.45, 3.21, 2.4, 2.08, 2.42, 2.78, 2.83, 3.11, 1.65, 1.19, 1.46, 1.42, 1.49, 2.12, 2.47, 2.58, 2.41, 1.91, 1.24, 1.32, 0.95, 0.7, 0, 0.85, 1.56, 2.23, 2.27, 2.71, 3.02, 3.13, 3.28, 2.84, 2.32, 2.61, 3.07, 3.24, 4.08, 4.34, 4.722, 4.887, 4.422, 4.21, 4.684, 6.06, 6.33, 6.36, 6.38, 7.22, 8.83, 9.914, 10.34, 10.884, 10.98, 10.22, 10.26, 10.634, 11.086, 11.092, 10.754, 10.867], [9.28, 8.72, 9.46, 10.2, 9.97, 9.479, 9.57, 9.68, 9.79, 10.56, 10.28, 10.22, 9.54, 9.99, 10.56, 9.52, 8.69, 8.17, 7.71, 7.34, 6.57, 5.87, 6.04, 5.88, 5.77, 5.36, 4.06, 2.76, 1.99, 1.81, 2.17, 2.41, 2.46, 2.6, 1.24, 1.38, 1.65, 1.55, 1.56, 2.39, 2.86, 3.07, 2.84, 2.2, 1.69, 1.59, 1.14, 1.09, 0.85, 0, 1.03, 1.76, 1.84, 2.28, 2.57, 2.66, 2.83, 2.37, 1.87, 2.2, 2.6, 2.81, 3.71, 3.89, 4.26, 4.44, 3.96, 3.82, 4.2, 5.63, 5.82, 5.95, 5.97, 6.77, 8.37, 9.478, 9.92, 10.42, 10.55, 9.83, 9.87, 10.17, 10.61, 10.63, 10.27, 10.4], [8.53, 8.03, 8.61, 9.35, 9.12, 8.63, 8.74, 8.89, 8.92, 9.69, 9.43, 9.35, 8.69, 9.14, 9.73, 8.79, 8.0, 7.46, 7.02, 6.69, 6.0, 5.3, 5.25, 5.23, 5.2, 4.73, 3.49, 2.29, 2.08, 2.12, 2.46, 2.7, 2.73, 2.15, 1.15, 2.07, 2.5, 2.36, 2.356, 3.169, 3.642, 3.872, 3.622, 3.029, 2.4, 2.12, 1.67, 1.72, 1.56, 1.03, 0, 1.09, 1.21, 1.61, 1.84, 1.99, 2.18, 1.94, 1.44, 1.65, 1.91, 2.18, 3.08, 3.2, 3.41, 3.63, 3.09, 3.05, 3.37, 4.94, 5.29, 5.38, 5.34, 6.22, 7.56, 8.65, 9.15, 9.63, 9.82, 9.14, 9.2, 9.34, 9.78, 9.8, 9.42, 9.55], [8.14, 7.64, 8.24, 8.74, 8.59, 8.06, 8.21, 8.4, 8.57, 9.44, 9.16, 9.0, 8.34, 8.77, 9.4, 8.58, 7.79, 7.25, 6.81, 6.48, 5.77, 5.03, 5.06, 5.02, 4.87, 4.32, 3.16, 2.2, 2.53, 2.57, 2.69, 2.83, 2.84, 1.78, 1.5, 2.72, 3.209, 3.075, 3.022, 3.777, 4.348, 4.538, 4.328, 3.819, 3.17, 2.69, 2.24, 2.41, 2.23, 1.76, 1.09, 0, 0.78, 1.18, 1.43, 1.38, 1.47, 1.25, 0.93, 0.98, 1.42, 2.03, 3.01, 3.17, 3.18, 3.34, 2.76, 2.88, 3.14, 4.57, 4.84, 4.97, 4.97, 5.81, 7.13, 8.1, 8.66, 9.26, 9.35, 8.77, 8.83, 8.95, 9.33, 9.49, 9.19, 9.32], [8.18, 7.68, 8.28, 8.78, 8.65, 8.1, 8.13, 8.34, 8.59, 9.46, 9.18, 9.02, 8.36, 8.83, 9.44, 8.62, 7.85, 7.29, 6.85, 6.58, 5.89, 5.09, 5.14, 5.1, 4.99, 4.46, 3.1, 2.34, 2.69, 2.75, 2.87, 3.01, 2.98, 1.92, 1.66, 2.86, 3.31, 3.15, 3.108, 3.846, 4.413, 4.623, 4.393, 3.899, 3.206, 2.67, 2.3, 2.51, 2.27, 1.84, 1.21, 0.78, 0, 1.06, 1.35, 1.14, 1.39, 1.19, 0.97, 1.0, 1.4, 2.03, 3.09, 3.21, 3.22, 3.38, 2.82, 2.82, 3.18, 4.63, 4.86, 4.95, 5.07, 5.83, 7.05, 8.02, 8.6, 9.2, 9.29, 8.75, 8.81, 8.93, 9.35, 9.53, 9.23, 9.34], [7.68, 7.2, 7.78, 8.26, 8.09, 7.56, 7.75, 7.96, 8.07, 8.94, 8.66, 8.5, 7.86, 8.31, 8.94, 8.12, 7.33, 6.79, 6.35, 6.08, 5.39, 5.01, 4.72, 4.68, 4.57, 4.3, 3.38, 2.76, 3.09, 3.07, 3.31, 3.45, 3.42, 2.28, 2.1, 3.36, 3.815, 3.658, 3.625, 4.386, 4.902, 5.121, 4.902, 4.334, 3.663, 3.248, 2.82, 2.93, 2.71, 2.28, 1.61, 1.18, 1.06, 0, 0.83, 1.22, 1.35, 1.41, 1.37, 1.16, 1.46, 2.01, 2.79, 2.99, 3.08, 3.16, 2.48, 2.36, 2.76, 4.13, 4.5, 4.55, 4.55, 5.43, 6.67, 7.64, 8.22, 8.82, 8.91, 8.33, 8.39, 8.51, 8.85, 9.03, 8.73, 8.84], [7.21, 6.69, 7.31, 7.89, 7.68, 7.13, 7.24, 7.39, 7.64, 8.51, 8.23, 8.07, 7.41, 7.82, 8.47, 7.63, 6.82, 6.28, 5.84, 5.57, 4.96, 4.72, 4.37, 4.27, 4.2, 3.87, 2.95, 2.43, 2.8, 2.88, 3.02, 3.22, 3.17, 1.89, 2.31, 3.67, 4.131, 3.973, 3.941, 4.71, 5.226, 5.436, 5.226, 4.569, 3.979, 3.536, 3.126, 3.213, 3.02, 2.57, 1.84, 1.43, 1.35, 0.83, 0, 0.95, 1.18, 1.36, 1.32, 1.19, 1.41, 1.94, 2.26, 2.42, 2.53, 2.63, 1.99, 1.93, 2.23, 3.64, 4.01, 3.98, 4.14, 4.88, 6.12, 7.13, 7.65, 8.23, 8.34, 7.74, 7.78, 7.96, 8.4, 8.56, 8.26, 8.39], [7.22, 6.7, 7.32, 7.86, 7.69, 7.14, 7.19, 7.36, 7.65, 8.52, 8.24, 8.08, 7.42, 7.83, 8.48, 7.64, 6.85, 6.29, 5.85, 5.64, 4.99, 4.35, 4.26, 4.18, 4.09, 3.62, 2.5, 2.22, 2.71, 2.95, 2.87, 3.01, 3.04, 1.74, 2.32, 3.759, 4.192, 4.015, 4.002, 4.766, 5.308, 5.498, 5.242, 4.751, 4.101, 3.518, 3.208, 3.37, 3.13, 2.66, 1.99, 1.38, 1.14, 1.22, 0.95, 0, 0.77, 1.11, 1.25, 1.1, 1.44, 2.05, 2.37, 2.53, 2.6, 2.54, 2.04, 1.92, 2.22, 3.71, 3.92, 3.95, 4.17, 4.91, 6.07, 7.04, 7.6, 8.2, 8.33, 7.75, 7.83, 7.97, 8.41, 8.57, 8.27, 8.4], [6.99, 6.45, 7.13, 7.69, 7.54, 6.99, 7.04, 7.23, 7.5, 8.35, 8.07, 7.93, 7.25, 7.68, 8.27, 7.39, 6.6, 6.04, 5.58, 5.35, 4.7, 4.18, 4.11, 3.93, 3.86, 3.43, 2.43, 2.45, 2.9, 3.14, 3.1, 3.2, 3.21, 1.91, 2.33, 3.901, 4.433, 4.256, 4.243, 5.01, 5.506, 5.736, 5.466, 4.892, 4.222, 3.799, 3.429, 3.52, 3.28, 2.83, 2.18, 1.47, 1.39, 1.35, 1.18, 0.77, 0, 0.78, 1.24, 0.97, 1.11, 1.94, 2.28, 2.44, 2.51, 2.39, 2.05, 1.93, 2.05, 3.44, 3.77, 3.76, 3.9, 4.68, 5.96, 6.93, 7.47, 8.09, 8.18, 7.5, 7.56, 7.76, 8.22, 8.36, 8.08, 8.21], [7.45, 6.93, 7.63, 8.227, 8.074, 7.524, 7.52, 7.676, 8.017, 8.833, 8.553, 8.43, 7.733, 8.218, 8.799, 7.885, 7.078, 6.538, 6.08, 5.75, 5.08, 4.48, 4.51, 4.35, 4.2, 3.69, 2.67, 2.43, 2.86, 3.04, 3.06, 3.16, 3.19, 1.91, 2.05, 3.45, 3.98, 3.785, 3.79, 4.531, 5.046, 5.3, 5.046, 4.349, 3.83, 3.4, 2.95, 3.02, 2.84, 2.37, 1.94, 1.25, 1.19, 1.41, 1.36, 1.11, 0.78, 0, 0.78, 0.63, 1.01, 1.86, 2.76, 2.88, 2.91, 2.79, 2.51, 2.35, 2.51, 3.88, 4.17, 4.12, 4.26, 5.0, 6.4, 7.427, 7.93, 8.53, 8.62, 8.0, 8.0, 8.269, 8.72, 8.889, 8.563, 8.693], [7.89, 7.35, 8.05, 8.667, 8.494, 7.964, 7.94, 8.07, 8.457, 9.253, 8.973, 8.85, 8.153, 8.638, 9.222, 8.305, 7.498, 6.958, 6.5, 6.15, 5.46, 4.88, 4.93, 4.77, 4.66, 4.09, 3.09, 2.21, 2.56, 2.72, 2.78, 2.9, 2.93, 1.63, 1.67, 2.95, 3.46, 3.279, 3.289, 4.002, 4.498, 4.728, 4.478, 3.881, 3.287, 2.86, 2.41, 2.52, 2.32, 1.87, 1.44, 0.93, 0.97, 1.37, 1.32, 1.25, 1.24, 0.78, 0, 0.63, 1.25, 1.78, 2.74, 2.84, 2.99, 3.15, 2.69, 2.57, 2.922, 4.28, 4.45, 4.52, 4.62, 5.34, 6.76, 7.807, 8.302, 8.89, 9.0, 8.418, 8.42, 8.692, 9.14, 9.312, 8.992, 9.113], [7.5, 6.96, 7.66, 8.28, 8.13, 7.58, 7.55, 7.72, 8.07, 8.88, 8.6, 8.477, 7.78, 8.25, 8.84, 7.92, 7.11, 6.57, 6.11, 5.8, 5.13, 4.59, 4.58, 4.44, 4.27, 3.86, 2.8, 2.32, 2.71, 2.87, 2.89, 3.07, 3.08, 1.76, 1.88, 3.26, 3.752, 3.581, 3.565, 4.341, 4.847, 5.063, 4.833, 4.276, 3.603, 3.168, 2.76, 2.87, 2.61, 2.2, 1.65, 0.98, 1.0, 1.16, 1.19, 1.1, 0.97, 0.63, 0.63, 0, 0.92, 1.67, 2.59, 2.71, 2.76, 2.78, 2.48, 2.34, 2.56, 3.89, 4.14, 4.19, 4.27, 5.07, 6.43, 7.46, 7.94, 8.54, 8.67, 8.03, 8.05, 8.31, 8.77, 8.93, 8.61, 8.74], [7.04, 6.52, 7.18, 7.78, 7.61, 7.08, 7.17, 7.36, 7.57, 8.38, 8.1, 7.96, 7.32, 7.73, 8.32, 7.42, 6.59, 6.07, 5.61, 5.3, 4.95, 4.71, 4.56, 4.32, 4.25, 3.9, 2.9, 2.58, 2.97, 3.11, 3.15, 3.33, 3.32, 2.12, 2.22, 3.68, 4.175, 4.038, 4.005, 4.803, 5.299, 5.541, 5.311, 4.658, 4.004, 3.63, 3.211, 3.29, 3.07, 2.6, 1.91, 1.42, 1.4, 1.46, 1.41, 1.44, 1.11, 1.01, 1.25, 0.92, 0, 1.37, 2.11, 2.25, 2.3, 2.32, 2.0, 1.88, 2.08, 3.47, 4.2, 4.05, 4.23, 4.97, 6.09, 7.08, 7.58, 8.2, 8.29, 7.59, 7.63, 7.87, 8.27, 8.41, 8.11, 8.24], [6.91, 6.43, 6.89, 7.65, 7.44, 6.95, 6.96, 7.07, 7.3, 8.05, 7.79, 7.63, 7.41, 7.74, 8.07, 7.01, 6.6, 6.1, 5.72, 5.61, 5.46, 5.46, 5.19, 4.99, 5.0, 4.69, 3.63, 2.83, 3.12, 3.3, 3.46, 3.68, 3.69, 2.57, 2.45, 3.83, 4.34, 4.223, 4.17, 4.923, 5.373, 5.563, 5.393, 4.75, 4.164, 3.646, 3.336, 3.383, 3.24, 2.81, 2.18, 2.03, 2.03, 2.01, 1.94, 2.05, 1.94, 1.86, 1.78, 1.67, 1.37, 0, 1.4, 1.64, 1.87, 2.05, 1.89, 1.71, 2.15, 3.76, 4.57, 4.4, 4.68, 5.38, 6.1, 6.87, 7.33, 7.79, 7.94, 7.22, 7.34, 7.54, 8.06, 8.14, 7.78, 7.87], [6.21, 5.69, 6.07, 6.87, 6.6, 6.13, 6.22, 6.33, 6.44, 7.19, 6.91, 6.89, 6.73, 6.94, 7.19, 6.19, 5.6, 5.18, 4.8, 4.73, 4.5, 4.64, 4.39, 4.13, 4.16, 4.07, 3.07, 2.41, 2.82, 3.22, 3.24, 3.42, 3.45, 2.45, 3.21, 4.67, 5.18, 5.012, 4.95, 5.686, 6.179, 6.357, 6.174, 5.566, 4.973, 4.458, 4.148, 4.255, 4.08, 3.71, 3.08, 3.01, 3.09, 2.79, 2.26, 2.37, 2.28, 2.76, 2.74, 2.59, 2.11, 1.4, 0, 0.78, 1.23, 1.49, 1.29, 1.53, 1.75, 2.9, 3.73, 3.64, 3.84, 4.64, 5.52, 6.13, 6.67, 7.13, 7.22, 6.3, 6.38, 6.72, 7.2, 7.28, 6.88, 6.95], [5.81, 5.27, 5.75, 6.57, 6.3, 5.81, 5.9, 6.01, 6.08, 6.79, 6.53, 6.53, 6.35, 6.48, 6.79, 5.79, 5.24, 4.8, 4.44, 4.29, 4.16, 4.18, 3.93, 3.65, 3.76, 3.63, 2.63, 2.23, 2.82, 3.3, 3.42, 3.46, 3.41, 2.49, 3.39, 4.91, 5.42, 5.303, 5.27, 6.003, 6.482, 6.689, 6.479, 5.86, 5.261, 4.778, 4.451, 4.535, 4.34, 3.89, 3.2, 3.17, 3.21, 2.99, 2.42, 2.53, 2.44, 2.88, 2.84, 2.71, 2.25, 1.64, 0.78, 0, 0.75, 1.25, 1.09, 1.65, 1.71, 2.62, 3.45, 3.32, 3.56, 4.36, 5.2, 5.83, 6.39, 6.87, 6.96, 6.08, 6.12, 6.4, 6.88, 6.88, 6.48, 6.55], [5.7, 5.26, 5.38, 6.06, 5.79, 5.32, 5.47, 5.62, 5.59, 6.34, 6.1, 6.26, 6.12, 6.37, 6.56, 5.9, 5.47, 5.05, 4.67, 4.58, 4.43, 4.35, 3.98, 3.84, 3.87, 3.62, 2.62, 2.76, 3.39, 3.77, 3.91, 3.95, 3.9, 2.82, 3.7, 5.32, 5.83, 5.704, 5.672, 6.456, 6.94, 7.13, 6.92, 6.238, 5.637, 5.199, 4.817, 4.924, 4.722, 4.26, 3.41, 3.18, 3.22, 3.08, 2.53, 2.6, 2.51, 2.91, 2.99, 2.76, 2.3, 1.87, 1.23, 0.75, 0, 0.72, 0.98, 1.8, 1.62, 2.83, 3.72, 3.57, 3.79, 4.55, 4.99, 5.4, 6.02, 6.6, 6.63, 6.05, 6.13, 6.11, 6.49, 6.53, 6.17, 6.3], [5.52, 5.12, 5.16, 5.88, 5.63, 5.18, 5.29, 5.44, 5.43, 6.2, 5.98, 6.12, 6.06, 6.31, 6.48, 5.76, 5.35, 4.93, 4.55, 4.44, 4.29, 4.17, 3.86, 3.68, 3.71, 3.42, 2.56, 3.14, 3.73, 4.15, 4.23, 4.29, 4.24, 3.18, 3.92, 5.46, 5.987, 5.87, 5.817, 6.605, 7.083, 7.273, 7.066, 6.399, 5.806, 5.348, 4.983, 5.067, 4.887, 4.44, 3.63, 3.34, 3.38, 3.16, 2.63, 2.54, 2.39, 2.79, 3.15, 2.78, 2.32, 2.05, 1.49, 1.25, 0.72, 0, 1.08, 1.72, 1.46, 2.71, 3.58, 3.39, 3.61, 4.31, 4.85, 5.26, 5.94, 6.44, 6.37, 5.91, 6.05, 6.05, 6.43, 6.41, 6.07, 6.14], [5.72, 5.24, 5.72, 6.34, 6.09, 5.64, 5.81, 5.98, 5.91, 6.7, 6.44, 6.38, 6.02, 6.29, 6.8, 5.96, 5.39, 4.89, 4.49, 4.48, 4.21, 4.21, 3.76, 3.64, 3.75, 3.58, 2.6, 2.7, 3.25, 3.69, 3.77, 3.81, 3.76, 2.68, 3.56, 5.0, 5.516, 5.364, 5.389, 6.153, 6.623, 6.813, 6.603, 5.903, 5.305, 4.916, 4.517, 4.642, 4.422, 3.96, 3.09, 2.76, 2.82, 2.48, 1.99, 2.04, 2.05, 2.51, 2.69, 2.48, 2.0, 1.89, 1.29, 1.09, 0.98, 1.08, 0, 1.26, 1.28, 2.63, 3.54, 3.37, 3.57, 4.29, 4.85, 5.7, 6.3, 6.82, 6.89, 6.31, 6.49, 6.47, 6.85, 6.85, 6.51, 6.62], [5.8, 5.3, 5.88, 6.66, 6.41, 5.939, 6.03, 6.14, 6.21, 6.9, 6.68, 6.56, 6.2, 6.51, 6.98, 5.88, 5.21, 4.75, 4.37, 4.6, 4.49, 4.69, 4.28, 4.06, 4.23, 4.16, 3.22, 3.08, 3.55, 3.91, 4.01, 4.17, 4.18, 3.0, 3.56, 4.74, 5.23, 5.133, 5.14, 5.89, 6.318, 6.508, 6.307, 5.644, 5.111, 4.653, 4.306, 4.373, 4.21, 3.82, 3.05, 2.88, 2.82, 2.36, 1.93, 1.92, 1.93, 2.35, 2.57, 2.34, 1.88, 1.71, 1.53, 1.65, 1.8, 1.72, 1.26, 0, 0.92, 2.71, 3.46, 3.31, 3.53, 4.27, 4.99, 5.938, 6.4, 6.88, 6.99, 6.29, 6.45, 6.61, 7.05, 7.07, 6.61, 6.7], [5.3, 4.78, 5.34, 6.1, 5.85, 5.38, 5.47, 5.58, 5.65, 6.36, 6.12, 6.12, 5.62, 5.95, 6.42, 5.44, 4.73, 4.29, 3.93, 4.08, 3.91, 4.05, 3.6, 3.4, 3.57, 3.48, 2.8, 3.26, 3.75, 4.05, 4.15, 4.33, 4.32, 3.1, 3.76, 5.24, 5.77, 5.607, 5.649, 6.416, 6.866, 7.056, 6.846, 6.184, 5.599, 5.179, 4.78, 4.902, 4.684, 4.2, 3.37, 3.14, 3.18, 2.76, 2.23, 2.22, 2.05, 2.51, 2.922, 2.56, 2.08, 2.15, 1.75, 1.71, 1.62, 1.46, 1.28, 0.92, 0, 2.17, 3.0, 2.81, 3.05, 3.77, 4.39, 5.42, 5.84, 6.32, 6.49, 5.81, 5.95, 6.03, 6.49, 6.51, 6.07, 6.22], [3.87, 3.33, 4.07, 4.87, 4.64, 4.13, 4.18, 4.31, 4.48, 5.23, 4.93, 4.75, 4.25, 4.6, 5.15, 4.09, 3.24, 2.76, 2.38, 2.45, 2.4, 2.62, 2.29, 2.11, 2.1, 2.57, 2.65, 3.65, 4.42, 4.92, 4.86, 4.72, 4.67, 3.91, 5.03, 6.67, 7.18, 6.992, 6.95, 7.734, 8.207, 8.405, 8.195, 7.586, 6.978, 6.555, 6.128, 6.28, 6.06, 5.63, 4.94, 4.57, 4.63, 4.13, 3.64, 3.71, 3.44, 3.88, 4.28, 3.89, 3.47, 3.76, 2.9, 2.62, 2.83, 2.71, 2.63, 2.71, 2.17, 0, 1.05, 1.08, 1.2, 1.94, 3.04, 4.13, 4.65, 5.17, 5.26, 4.36, 4.34, 4.66, 5.16, 5.28, 4.9, 5.01], [4.06, 3.52, 4.28, 5.06, 4.83, 4.32, 4.29, 4.4, 4.67, 5.42, 5.12, 4.92, 4.32, 4.77, 5.34, 4.22, 3.29, 2.85, 2.45, 2.68, 2.23, 2.49, 2.38, 2.24, 2.11, 2.54, 2.72, 3.58, 4.47, 5.05, 4.97, 4.73, 4.68, 3.86, 5.18, 6.78, 7.29, 7.15, 7.06, 7.779, 8.293, 8.463, 8.3, 7.813, 7.22, 6.71, 6.38, 6.49, 6.33, 5.82, 5.29, 4.84, 4.86, 4.5, 4.01, 3.92, 3.77, 4.17, 4.45, 4.14, 4.2, 4.57, 3.73, 3.45, 3.72, 3.58, 3.54, 3.46, 3.0, 1.05, 0, 0.69, 1.07, 1.75, 3.21, 4.1, 4.62, 5.28, 5.37, 4.41, 4.31, 4.81, 5.35, 5.47, 5.09, 5.16], [3.75, 3.21, 3.95, 4.75, 4.54, 4.01, 3.98, 4.09, 4.36, 5.15, 4.89, 4.69, 4.09, 4.54, 5.11, 3.99, 3.12, 2.66, 2.18, 2.33, 2.08, 2.34, 2.17, 1.97, 1.88, 2.39, 2.71, 3.71, 4.64, 5.24, 5.18, 4.92, 4.83, 3.99, 5.29, 6.87, 7.36, 7.24, 7.19, 7.96, 8.457, 8.708, 8.46, 7.88, 7.33, 6.813, 6.48, 6.5, 6.36, 5.95, 5.38, 4.97, 4.95, 4.55, 3.98, 3.95, 3.76, 4.12, 4.52, 4.19, 4.05, 4.4, 3.64, 3.32, 3.57, 3.39, 3.37, 3.31, 2.81, 1.08, 0.69, 0, 0.88, 1.46, 2.94, 3.89, 4.43, 4.99, 5.06, 4.12, 4.08, 4.58, 5.12, 5.24, 4.86, 4.93], [3.67, 3.13, 3.87, 4.67, 4.46, 3.95, 3.997, 4.11, 4.3, 5.067, 4.784, 4.59, 4.002, 4.454, 5.007, 3.919, 3.058, 2.555, 2.12, 2.15, 1.72, 1.94, 1.87, 1.85, 1.74, 2.09, 2.59, 3.67, 4.62, 5.26, 5.18, 4.88, 4.83, 4.13, 5.27, 6.87, 7.36, 7.16, 7.13, 7.9, 8.39, 8.64, 8.39, 7.786, 7.22, 6.82, 6.41, 6.48, 6.38, 5.97, 5.34, 4.97, 5.07, 4.55, 4.14, 4.17, 3.9, 4.26, 4.62, 4.27, 4.23, 4.68, 3.84, 3.56, 3.79, 3.61, 3.57, 3.53, 3.05, 1.2, 1.07, 0.88, 0, 1.22, 2.92, 3.95, 4.45, 4.97, 5.04, 4.08, 4.072, 4.514, 5.009, 5.132, 4.757, 4.833], [2.85, 2.31, 3.05, 3.83, 3.64, 3.23, 3.12, 3.23, 3.52, 4.244, 3.982, 3.79, 3.179, 3.632, 4.204, 3.142, 2.275, 1.8, 1.42, 1.51, 1.54, 2.0, 2.09, 2.17, 2.16, 2.45, 3.43, 4.61, 5.52, 6.1, 6.04, 5.78, 5.69, 4.91, 6.09, 7.69, 8.18, 8.02, 7.97, 8.78, 9.263, 9.53, 9.28, 8.674, 8.127, 7.7, 7.27, 7.34, 7.22, 6.77, 6.22, 5.81, 5.83, 5.43, 4.88, 4.91, 4.68, 5.0, 5.34, 5.07, 4.97, 5.38, 4.64, 4.36, 4.55, 4.31, 4.29, 4.27, 3.77, 1.94, 1.75, 1.46, 1.22, 0, 1.9, 3.09, 3.57, 4.05, 4.12, 3.3, 3.26, 3.672, 4.206, 4.329, 3.954, 4.05], [1.63, 1.29, 1.61, 2.53, 2.84, 2.21, 2.22, 2.51, 2.88, 2.87, 2.43, 2.27, 1.77, 2.26, 2.73, 2.05, 1.78, 1.94, 1.98, 2.41, 3.16, 3.56, 3.25, 3.47, 3.54, 3.79, 5.01, 6.45, 7.28, 7.72, 7.64, 7.44, 7.41, 6.45, 7.77, 9.457, 9.964, 9.827, 9.777, 10.55, 11.046, 11.236, 11.023, 10.335, 9.742, 9.296, 8.946, 9.027, 8.83, 8.37, 7.56, 7.13, 7.05, 6.67, 6.12, 6.07, 5.96, 6.4, 6.76, 6.43, 6.09, 6.1, 5.52, 5.2, 4.99, 4.85, 4.85, 4.99, 4.39, 3.04, 3.21, 2.94, 2.92, 1.9, 0, 1.47, 2.13, 2.87, 2.96, 2.72, 2.8, 2.7, 3.04, 2.82, 2.42, 2.49], [1.