[[0, 0.88, 1.16, 1.19, 1.57, 1.37, 2.18, 3.39, 3.87, 4.05, 4.4, 4.33, 3.82, 4.12, 4.47, 4.65, 4.73, 5.12, 5.19, 5.17, 5.07, 5.37, 5.79, 6.34, 6.26, 7.5, 7.88, 7.76, 8.85, 9.85, 8.21, 8.04, 7.99, 7.25, 7.52, 8.15, 7.91, 9.63, 10.93, 10.02, 9.59, 13.69, 15.69, 15.7, 15.37, 15.69, 15.32, 14.74, 14.04, 14.0, 14.95, 15.24, 14.66, 13.61, 13.66, 13.98, 13.36, 12.4, 12.84, 14.05, 14.671, 15.056, 15.164, 15.194, 15.161, 14.784, 14.064, 12.581, 10.97, 10.38, 9.24, 8.12, 8.27, 8.6, 8.4, 5.36, 4.28, 4.84, 4.6, 4.48, 5.1, 6.31, 7.0, 6.98, 6.95, 7.17], [0.88, 0, 1.08, 1.59, 2.03, 1.77, 2.46, 3.59, 4.03, 4.17, 4.56, 4.51, 3.88, 4.16, 4.55, 4.73, 4.77, 5.2, 5.31, 5.33, 5.25, 5.57, 5.91, 6.52, 6.38, 7.8, 8.08, 7.94, 9.09, 10.05, 8.59, 8.3, 8.21, 7.53, 7.74, 8.47, 8.11, 9.97, 11.29, 10.38, 9.95, 14.07, 16.07, 16.08, 15.75, 16.07, 15.7, 15.12, 14.42, 14.38, 15.33, 15.62, 15.04, 13.99, 14.04, 14.36, 13.74, 12.78, 13.2, 14.43, 15.051, 15.436, 15.544, 15.574, 15.541, 15.164, 14.444, 12.961, 11.35, 10.76, 9.62, 8.5, 8.65, 8.96, 8.78, 5.7, 4.66, 5.22, 4.98, 4.76, 5.34, 6.67, 7.38, 7.36, 7.29, 7.51], [1.16, 1.08, 0, 1.17, 1.95, 1.89, 2.74, 3.87, 4.25, 4.47, 4.82, 4.73, 4.2, 4.4, 4.77, 4.97, 5.07, 5.42, 5.51, 5.57, 5.45, 5.81, 6.11, 6.72, 6.64, 8.04, 8.4, 8.16, 9.29, 10.31, 8.87, 8.52, 8.47, 7.75, 7.98, 8.69, 8.39, 10.21, 11.51, 10.6, 10.19, 14.37, 16.31, 16.36, 16.03, 16.41, 16.04, 15.46, 14.76, 14.64, 15.63, 15.9, 15.34, 14.27, 14.32, 14.64, 14.06, 13.06, 13.5, 14.67, 15.325, 15.768, 15.863, 15.848, 15.815, 15.498, 14.738, 13.295, 11.69, 11.1, 9.92, 8.8, 8.95, 9.28, 9.12, 6.04, 4.94, 5.54, 5.28, 5.06, 5.58, 6.91, 7.66, 7.62, 7.55, 7.75], [1.19, 1.59, 1.17, 0, 1.3, 1.76, 2.95, 4.02, 4.58, 4.86, 5.21, 4.98, 4.57, 4.85, 5.14, 5.4, 5.54, 5.79, 5.86, 5.9, 5.74, 5.98, 6.46, 6.99, 6.91, 8.01, 8.51, 8.35, 9.42, 10.42, 8.72, 8.59, 8.54, 7.82, 8.09, 8.72, 8.52, 10.2, 11.48, 10.57, 10.18, 14.3, 16.22, 16.21, 15.9, 16.28, 15.93, 15.33, 14.63, 14.53, 15.52, 15.83, 15.21, 14.12, 14.17, 14.49, 13.93, 12.93, 13.45, 14.58, 15.184, 15.635, 15.757, 15.707, 15.674, 15.377, 14.62, 13.174, 11.56, 10.97, 9.85, 8.73, 8.88, 9.23, 9.01, 6.07, 4.85, 5.43, 5.29, 5.11, 5.91, 6.9, 7.53, 7.53, 7.48, 7.72], [1.57, 2.03, 1.95, 1.3, 0, 1.02, 2.03, 2.98, 3.56, 3.96, 4.29, 4.02, 3.61, 3.93, 4.16, 4.52, 4.72, 4.87, 4.9, 4.88, 4.78, 4.98, 5.46, 5.93, 5.85, 6.89, 7.37, 7.25, 8.3, 9.3, 7.62, 7.49, 7.42, 6.68, 6.97, 7.58, 7.38, 9.02, 10.34, 9.43, 9.02, 13.14, 15.1, 15.11, 14.78, 15.16, 14.79, 14.21, 13.51, 13.41, 14.38, 14.69, 14.09, 13.02, 13.07, 13.39, 12.81, 11.81, 12.29, 13.46, 14.081, 14.518, 14.633, 14.604, 14.571, 14.254, 13.494, 12.051, 10.44, 9.85, 8.69, 7.57, 7.72, 8.07, 7.87, 5.01, 3.75, 4.31, 4.15, 4.05, 4.89, 5.84, 6.41, 6.39, 6.34, 6.56], [1.37, 1.77, 1.89, 1.76, 1.02, 0, 1.47, 2.56, 2.98, 3.22, 3.55, 3.36, 2.87, 3.21, 3.52, 3.76, 3.96, 4.19, 4.26, 4.28, 4.12, 4.44, 4.84, 5.39, 5.31, 6.51, 7.01, 6.77, 7.9, 8.9, 7.4, 7.07, 7.02, 6.28, 6.53, 7.2, 6.96, 8.64, 9.98, 9.09, 8.7, 12.888, 14.84, 14.89, 14.56, 14.94, 14.57, 13.99, 13.29, 13.17, 14.16, 14.43, 13.87, 12.8, 12.85, 13.17, 12.59, 11.59, 12.03, 13.2, 13.846, 14.291, 14.393, 14.369, 14.336, 14.013, 13.259, 11.811, 10.208, 9.63, 8.41, 7.31, 7.46, 7.81, 7.65, 4.63, 3.47, 4.07, 3.83, 3.65, 4.21, 5.42, 6.19, 6.15, 6.0, 6.18], [2.18, 2.46, 2.74, 2.95, 2.03, 1.47, 0, 1.55, 1.87, 2.09, 2.4, 2.31, 1.8, 2.08, 2.43, 2.59, 2.77, 3.1, 3.09, 3.17, 3.03, 3.39, 3.71, 4.3, 4.18, 5.54, 5.96, 5.76, 6.85, 7.85, 6.31, 6.06, 6.01, 5.27, 5.52, 6.21, 5.95, 7.69, 8.93, 8.02, 7.65, 11.81, 13.71, 13.76, 13.45, 13.83, 13.48, 12.88, 12.18, 12.04, 13.05, 13.32, 12.76, 11.67, 11.72, 12.04, 11.48, 10.48, 10.94, 12.07, 12.722, 13.2, 13.281, 13.265, 13.212, 12.915, 12.175, 10.698, 9.109, 8.52, 7.3, 6.2, 6.35, 6.72, 6.56, 3.52, 2.72, 3.18, 3.1, 2.7, 3.14, 4.33, 5.06, 5.04, 5.03, 5.21], [3.39, 3.59, 3.87, 4.02, 2.98, 2.56, 1.55, 0, 0.94, 1.3, 1.47, 1.3, 1.17, 1.31, 1.66, 2.02, 2.2, 2.39, 2.2, 2.08, 2.1, 2.2, 2.56, 3.03, 2.93, 4.21, 4.61, 4.39, 5.52, 6.52, 5.06, 4.73, 4.64, 3.96, 4.19, 4.9, 4.56, 6.38, 7.72, 6.81, 6.4, 10.56, 12.52, 12.55, 12.22, 12.6, 12.23, 11.65, 10.95, 10.83, 11.82, 12.11, 11.53, 10.46, 10.51, 10.83, 10.25, 9.25, 9.69, 10.88, 11.518, 11.958, 12.053, 12.041, 12.008, 11.691, 10.931, 9.488, 7.88, 7.29, 6.13, 5.01, 5.18, 5.47, 5.31, 2.37, 2.47, 2.59, 2.63, 2.15, 2.11, 3.18, 3.85, 4.09, 3.98, 3.92], [3.87, 4.03, 4.25, 4.58, 3.56, 2.98, 1.87, 0.94, 0, 0.9, 1.07, 0.96, 0.79, 0.83, 1.26, 1.66, 1.7, 1.75, 1.62, 1.54, 1.64, 1.86, 2.08, 2.51, 2.55, 4.01, 4.33, 4.03, 5.28, 6.24, 4.88, 4.51, 4.38, 3.74, 3.95, 4.7, 4.28, 6.16, 7.52, 6.61, 6.18, 10.36, 12.32, 12.37, 12.04, 12.4, 12.03, 11.45, 10.75, 10.65, 11.62, 11.89, 11.33, 10.28, 10.33, 10.65, 10.05, 9.07, 9.49, 10.68, 11.335, 11.761, 11.856, 11.858, 11.825, 11.488, 10.728, 9.285, 7.68, 7.09, 5.89, 4.77, 4.92, 5.27, 5.11, 2.13, 2.61, 2.73, 2.67, 2.11, 2.09, 3.08, 3.73, 3.79, 3.76, 3.74], [4.05, 4.17, 4.47, 4.86, 3.96, 3.22, 2.09, 1.3, 0.9, 0, 0.83, 1.04, 0.79, 0.87, 1.2, 1.42, 1.36, 1.59, 1.48, 1.32, 1.52, 1.88, 1.88, 2.45, 2.53, 4.05, 4.37, 4.01, 5.28, 6.239, 4.933, 4.51, 4.4, 3.72, 3.91, 4.68, 4.3, 6.14, 7.48, 6.63, 6.22, 10.411, 12.38, 12.43, 12.1, 12.46, 12.09, 11.51, 10.81, 10.71, 11.68, 11.95, 11.39, 10.34, 10.39, 10.71, 10.11, 9.13, 9.55, 10.733, 11.386, 11.814, 11.916, 11.909, 11.876, 11.536, 10.779, 9.333, 7.74, 7.15, 5.95, 4.85, 5.02, 5.33, 5.17, 2.13, 2.97, 2.93, 2.95, 2.45, 2.05, 3.1, 3.83, 4.11, 3.98, 3.78], [4.4, 4.56, 4.82, 5.21, 4.29, 3.55, 2.4, 1.47, 1.07, 0.83, 0, 0.75, 1.0, 0.88, 1.07, 1.09, 1.07, 1.36, 1.25, 1.35, 1.41, 1.73, 1.55, 1.98, 2.04, 3.56, 3.96, 3.54, 4.83, 5.77, 4.461, 4.04, 3.89, 3.23, 3.44, 4.23, 3.91, 5.65, 7.01, 6.18, 5.83, 10.01, 11.91, 11.96, 11.63, 12.05, 11.68, 11.12, 10.4, 10.28, 11.27, 11.54, 10.98, 9.87, 9.92, 10.24, 9.7, 8.7, 9.14, 10.261, 10.91, 11.392, 11.498, 11.456, 11.4, 11.118, 10.358, 8.935, 7.33, 6.74, 5.58, 4.48, 4.65, 4.96, 4.8, 1.82, 2.78, 2.82, 2.8, 2.26, 1.7, 2.55, 3.28, 3.54, 3.35, 3.25], [4.33, 4.51, 4.73, 4.98, 4.02, 3.36, 2.31, 1.3, 0.96, 1.04, 0.75, 0, 0.89, 0.89, 1.36, 1.48, 1.5, 1.37, 1.22, 1.2, 1.14, 1.42, 1.58, 2.05, 2.03, 3.49, 3.89, 3.51, 4.78, 5.76, 4.411, 3.99, 3.84, 3.18, 3.39, 4.16, 3.84, 5.56, 6.94, 6.11, 5.76, 9.94, 11.86, 11.91, 11.58, 11.98, 11.61, 11.05, 10.33, 10.21, 11.2, 11.47, 10.91, 9.82, 9.87, 10.19, 9.63, 8.63, 9.07, 10.211, 10.857, 11.325, 11.431, 11.386, 11.347, 11.051, 10.291, 8.868, 7.26, 6.67, 5.49, 4.39, 4.56, 4.87, 4.71, 1.89, 2.87, 2.99, 2.91, 2.35, 2.01, 2.56, 3.27, 3.43, 3.26, 3.2], [3.82, 3.88, 4.2, 4.57, 3.61, 2.87, 1.8, 1.17, 0.79, 0.79, 1.0, 0.89, 0, 0.72, 1.23, 1.43, 1.43, 1.54, 1.51, 1.61, 1.59, 1.89, 2.13, 2.66, 2.54, 4.04, 4.44, 4.14, 5.33, 6.29, 4.943, 4.52, 4.45, 3.77, 3.96, 4.75, 4.35, 6.21, 7.53, 6.64, 6.27, 10.455, 12.39, 12.44, 12.11, 12.51, 12.14, 11.56, 10.86, 10.72, 11.73, 12.0, 11.44, 10.35, 10.4, 10.72, 10.16, 9.16, 9.6, 10.75, 11.396, 11.858, 11.961, 11.919, 11.886, 11.581, 10.829, 9.378, 7.775, 7.2, 5.98, 4.88, 5.03, 5.38, 5.22, 2.14, 2.76, 2.9, 2.86, 2.24, 1.96, 3.13, 3.84, 3.98, 3.87, 3.79], [4.12, 4.16, 4.4, 4.85, 3.93, 3.21, 2.08, 1.31, 0.83, 0.87, 0.88, 0.89, 0.72, 0, 0.87, 1.13, 1.23, 1.36, 1.35, 1.55, 1.59, 1.99, 1.89, 2.44, 2.48, 4.1, 4.52, 4.08, 5.39, 6.33, 5.023, 4.6, 4.45, 3.79, 4.0, 4.79, 4.45, 6.19, 7.59, 6.74, 6.37, 10.552, 12.47, 12.52, 12.19, 12.61, 12.24, 11.66, 10.96, 10.82, 11.83, 12.1, 11.54, 10.43, 10.48, 10.8, 10.26, 9.26, 9.7, 10.823, 11.473, 11.955, 12.058, 12.019, 11.963, 11.678, 10.929, 9.475, 7.89, 7.3, 6.1, 5.0, 5.17, 5.48, 5.32, 2.26, 2.94, 3.08, 3.0, 2.4, 2.06, 3.19, 3.9, 4.06, 3.95, 3.85], [4.47, 4.55, 4.77, 5.14, 4.16, 3.52, 2.43, 1.66, 1.26, 1.2, 1.07, 1.36, 1.23, 0.87, 0, 0.74, 1.02, 1.21, 1.2, 1.62, 1.68, 2.08, 1.76, 2.25, 2.23, 3.91, 4.33, 3.87, 5.2, 6.136, 4.828, 4.41, 4.26, 3.6, 3.81, 4.6, 4.26, 6.0, 7.36, 6.55, 6.179, 10.362, 12.28, 12.33, 12.0, 12.42, 12.05, 11.47, 10.77, 10.63, 11.64, 11.91, 11.35, 10.24, 10.29, 10.61, 10.07, 9.07, 9.51, 10.628, 11.277, 11.759, 11.868, 11.823, 11.767, 11.488, 10.728, 9.285, 7.7, 7.11, 5.89, 4.79, 4.96, 5.29, 5.13, 2.11, 2.73, 2.77, 2.75, 2.15, 1.87, 2.84, 3.63, 3.79, 3.6, 3.56], [4.65, 4.73, 4.97, 5.4, 4.52, 3.76, 2.59, 2.02, 1.66, 1.42, 1.09, 1.48, 1.43, 1.13, 0.74, 0, 0.7, 1.11, 1.2, 1.78, 1.68, 2.1, 1.66, 2.07, 2.03, 3.69, 4.15, 3.69, 5.02, 5.896, 4.585, 4.19, 4.04, 3.38, 3.65, 4.44, 4.08, 5.82, 7.16, 6.37, 5.99, 10.173, 12.08, 12.15, 11.78, 12.24, 11.87, 11.29, 10.59, 10.45, 11.46, 11.73, 11.17, 10.02, 10.09, 10.39, 9.89, 8.89, 9.33, 10.405, 11.054, 11.568, 11.679, 11.629, 11.584, 11.299, 10.539, 9.096, 7.513, 6.93, 5.71, 4.61, 4.78, 5.11, 4.95, 1.95, 2.73, 2.81, 2.77, 2.11, 1.69, 2.66, 3.41, 3.51, 3.38, 3.36], [4.73, 4.77, 5.07, 5.54, 4.72, 3.96, 2.77, 2.2, 1.7, 1.36, 1.07, 1.5, 1.43, 1.23, 1.02, 0.7, 0, 0.87, 1.16, 1.62, 1.66, 1.92, 1.56, 2.05, 1.99, 3.57, 4.03, 3.63, 4.9, 5.78, 4.453, 4.07, 3.94, 3.32, 3.57, 4.38, 3.96, 5.76, 7.12, 6.25, 5.88, 10.05, 11.96, 12.03, 11.66, 12.12, 11.75, 11.17, 10.47, 10.33, 11.34, 11.61, 11.05, 9.9, 9.97, 10.27, 9.77, 8.77, 9.21, 10.293, 10.946, 11.454, 11.556, 11.529, 11.476, 11.176, 10.436, 8.973, 7.37, 6.81, 5.59, 4.49, 4.64, 4.99, 4.83, 1.85, 2.97, 2.97, 3.03, 2.37, 1.83, 2.66, 3.33, 3.55, 3.48, 3.34], [5.12, 5.2, 5.42, 5.79, 4.87, 4.19, 3.1, 2.39, 1.75, 1.59, 1.36, 1.37, 1.54, 1.36, 1.21, 1.11, 0.87, 0, 0.81, 1.25, 1.31, 1.57, 1.25, 1.56, 1.66, 3.28, 3.72, 3.28, 4.59, 5.506, 4.192, 3.78, 3.63, 2.99, 3.26, 4.03, 3.65, 5.41, 6.73, 5.94, 5.566, 9.749, 11.649, 11.72, 11.37, 11.81, 11.44, 10.86, 10.16, 10.02, 11.03, 11.3, 10.74, 9.61, 9.66, 9.98, 9.46, 8.46, 8.9, 9.992, 10.641, 11.141, 11.254, 11.205, 11.148, 10.875, 10.115, 8.672, 7.069, 6.5, 5.28, 4.18, 4.33, 4.68, 4.52, 1.8, 3.2, 3.24, 3.26, 2.58, 2.16, 2.59, 3.22, 3.38, 3.29, 3.07], [5.19, 5.31, 5.51, 5.86, 4.9, 4.26, 3.09, 2.2, 1.62, 1.48, 1.25, 1.22, 1.51, 1.35, 1.2, 1.2, 1.16, 0.81, 0, 0.88, 1.0, 1.18, 1.16, 1.53, 1.47, 2.99, 3.37, 2.93, 4.24, 5.216, 3.896, 3.49, 3.34, 2.68, 2.97, 3.68, 3.3, 5.06, 6.46, 5.59, 5.22, 9.416, 11.34, 11.39, 11.06, 11.46, 11.09, 10.51, 9.81, 9.67, 10.68, 10.95, 10.39, 9.3, 9.35, 9.67, 9.11, 8.11, 8.55, 9.696, 10.346, 10.811, 10.911, 10.872, 10.836, 10.531, 9.782, 8.328, 6.725, 6.15, 4.93, 3.85, 3.98, 4.33, 4.17, 1.57, 3.15, 3.11, 3.19, 2.55, 2.11, 2.56, 3.19, 3.35, 3.34, 3.04], [5.17, 5.33, 5.57, 5.9, 4.88, 4.28, 3.17, 2.08, 1.54, 1.32, 1.35, 1.2, 1.61, 1.55, 1.62, 1.78, 1.62, 1.25, 0.88, 0, 0.78, 0.88, 1.1, 1.47, 1.57, 3.01, 3.27, 2.89, 4.18, 5.159, 3.84, 3.47, 3.32, 2.66, 2.89, 3.64, 3.2, 5.0, 6.4, 5.53, 5.12, 9.296, 11.28, 11.33, 11.0, 11.34, 10.97, 10.39, 9.69, 9.61, 10.58, 10.83, 10.29, 9.24, 9.29, 9.61, 8.99, 8.03, 8.43, 9.636, 10.289, 10.7, 10.799, 10.812, 10.779, 10.419, 9.682, 8.216, 6.62, 6.03, 4.83, 3.77, 3.9, 4.21, 4.05, 1.71, 3.09, 2.83, 2.93, 2.49, 2.15, 2.52, 3.17, 3.41, 3.34, 3.0], [5.07, 5.25, 5.45, 5.74, 4.78, 4.12, 3.03, 2.1, 1.64, 1.52, 1.41, 1.14, 1.59, 1.59, 1.68, 1.68, 1.66, 1.31, 1.0, 0.78, 0, 0.84, 1.34, 1.49, 1.65, 2.99, 3.39, 2.99, 4.22, 5.159, 3.86, 3.45, 3.32, 2.72, 2.89, 3.72, 3.3, 5.06, 6.4, 5.57, 5.2, 9.4, 11.3, 11.35, 11.02, 11.44, 11.07, 10.49, 9.79, 9.65, 10.66, 10.93, 10.37, 9.26, 9.31, 9.63, 9.09, 8.09, 8.53, 9.651, 10.303, 10.792, 10.888, 10.846, 10.793, 10.508, 9.748, 8.305, 6.72, 6.13, 4.99, 3.93, 4.06, 4.37, 4.21, 1.89, 3.01, 3.07, 2.99, 2.45, 2.09, 2.6, 3.15, 3.27, 3.16, 2.94], [5.37, 5.57, 5.81, 5.98, 4.98, 4.44, 3.39, 2.2, 1.86, 1.88, 1.73, 1.42, 1.89, 1.99, 2.08, 2.1, 1.92, 1.57, 1.18, 0.88, 0.84, 0, 1.14, 1.33, 1.31, 2.45, 2.83, 2.57, 3.66, 4.62, 3.22, 2.91, 2.86, 2.38, 2.57, 3.24, 2.82, 4.62, 5.88, 4.99, 4.62, 8.78, 10.66, 10.73, 10.38, 10.82, 10.45, 9.89, 9.17, 9.05, 10.04, 10.31, 9.75, 8.62, 8.67, 8.99, 8.47, 7.47, 7.91, 9.02, 9.675, 10.169, 10.265, 10.238, 10.185, 9.908, 9.148, 7.72, 6.1, 5.51, 4.45, 3.35, 3.46, 3.75, 3.59, 1.53, 2.71, 2.47, 2.57, 2.21, 1.89, 2.1, 2.65, 2.89, 2.9, 2.58], [5.79, 5.91, 6.11, 6.46, 5.46, 4.84, 3.71, 2.56, 2.08, 1.88, 1.55, 1.58, 2.13, 1.89, 1.76, 1.66, 1.56, 1.25, 1.16, 1.1, 1.34, 1.14, 0, 0.93, 1.23, 2.75, 3.21, 2.73, 3.92, 4.82, 3.52, 3.19, 3.2, 2.68, 2.91, 3.54, 3.2, 4.84, 6.16, 5.33, 4.96, 9.14, 10.98, 11.05, 10.68, 11.14, 10.79, 10.23, 9.51, 9.39, 10.36, 10.63, 10.07, 8.92, 8.99, 9.31, 8.85, 7.81, 8.25, 9.313, 9.963, 10.476, 10.579, 10.549, 10.496, 10.199, 9.459, 8.036, 6.46, 5.83, 4.79, 3.73, 3.84, 4.07, 3.95, 1.93, 2.97, 2.71, 2.81, 2.43, 1.89, 2.04, 2.65, 2.83, 2.82, 2.6], [6.34, 6.52, 6.72, 6.99, 5.93, 5.39, 4.3, 3.03, 2.51, 2.45, 1.98, 2.05, 2.66, 2.44, 2.25, 2.07, 2.05, 1.56, 1.53, 1.47, 1.49, 1.33, 0.93, 0, 0.74, 2.18, 2.6, 2.16, 3.25, 4.15, 2.95, 2.68, 2.71, 2.27, 2.5, 3.09, 2.69, 4.27, 5.45, 4.66, 4.31, 8.47, 10.31, 10.38, 10.01, 10.49, 10.1, 9.56, 8.82, 8.72, 9.71, 9.96, 9.4, 8.25, 8.32, 8.7, 8.22, 7.12, 7.56, 8.632, 9.285, 9.798, 9.911, 9.862, 9.809, 9.532, 8.792, 7.369, 5.79, 5.28, 4.28, 3.2, 3.29, 3.42, 3.36, 1.9, 2.84, 2.56, 2.64, 2.34, 1.98, 1.83, 2.2, 2.38, 2.31, 2.03], [6.26, 6.38, 6.64, 6.91, 5.85, 5.31, 4.18, 2.93, 2.55, 2.53, 2.04, 2.03, 2.54, 2.48, 2.23, 2.03, 1.99, 1.66, 1.47, 1.57, 1.65, 1.31, 1.23, 0.74, 0, 1.82, 2.22, 1.88, 3.07, 4.01, 2.67, 2.42, 2.39, 1.97, 2.24, 2.75, 2.39, 3.91, 5.21, 4.38, 4.01, 8.21, 10.09, 10.16, 9.81, 10.25, 9.88, 9.3, 8.6, 8.46, 9.47, 9.74, 9.18, 8.05, 8.1, 8.44, 7.92, 6.9, 7.34, 8.438, 9.081, 9.586, 9.695, 9.653, 9.591, 9.315, 8.555, 7.112, 5.53, 4.98, 3.88, 2.78, 2.89, 3.14, 3.0, 1.38, 2.66, 2.36, 2.54, 2.1, 1.62, 1.51, 1.94, 2.18, 2.05, 1.77], [7.5, 7.8, 8.04, 8.01, 6.89, 6.51, 5.54, 4.21, 4.01, 4.05, 3.56, 3.49, 4.04, 4.1, 3.91, 3.69, 3.57, 3.28, 2.99, 3.01, 2.99, 2.45, 2.75, 2.18, 1.82, 0, 1.24, 1.08, 1.65, 2.57, 1.29, 1.74, 1.33, 1.67, 1.84, 1.87, 1.73, 2.53, 3.67, 2.74, 2.39, 6.51, 8.39, 8.46, 8.09, 8.55, 8.18, 7.62, 6.9, 6.78, 7.77, 8.04, 7.48, 6.33, 6.4, 6.7, 6.2, 5.2, 5.64, 6.726, 7.379, 7.916, 7.992, 7.962, 7.909, 7.612, 6.872, 5.429, 3.89, 3.42, 2.38, 1.42, 1.53, 1.64, 1.6, 2.3, 3.38, 2.96, 3.16, 3.14, 2.58, 1.77, 1.38, 1.58, 1.61, 1.59], [7.88, 8.08, 8.4, 8.51, 7.37, 7.01, 5.96, 4.61, 4.33, 4.37, 3.96, 3.89, 4.44, 4.52, 4.33, 4.15, 4.03, 3.72, 3.37, 3.27, 3.39, 2.83, 3.21, 2.6, 2.22, 1.24, 0, 0.9, 1.41, 2.07, 1.71, 1.82, 1.47, 1.93, 1.92, 2.03, 1.81, 2.37, 3.27, 2.42, 2.07, 6.09, 8.07, 8.12, 7.79, 8.09, 7.72, 7.16, 6.44, 6.42, 7.37, 7.62, 7.08, 6.03, 6.08, 6.4, 5.78, 4.82, 5.22, 6.43, 7.082, 7.459, 7.555, 7.605, 7.572, 7.195, 6.475, 4.99, 3.39, 2.9, 1.9, 1.24, 1.39, 1.32, 1.28, 2.64, 3.86, 3.36, 3.62, 3.44, 3.02, 1.95, 1.62, 1.74, 1.71, 1.85], [7.76, 7.94, 8.16, 8.35, 7.25, 6.77, 5.76, 4.39, 4.03, 4.01, 3.54, 3.51, 4.14, 4.08, 3.87, 3.69, 3.63, 3.28, 2.93, 2.89, 2.99, 2.57, 2.73, 2.16, 1.88, 1.08, 0.9, 0, 1.37, 2.33, 1.73, 1.86, 1.35, 1.89, 1.92, 1.95, 1.77, 2.45, 3.59, 2.8, 2.43, 6.53, 8.45, 8.5, 8.17, 8.57, 8.18, 7.64, 6.9, 6.82, 7.79, 8.04, 7.48, 6.41, 6.46, 6.78, 6.2, 5.2, 5.64, 6.803, 7.453, 7.901, 8.003, 7.979, 7.946, 7.623, 6.889, 5.45, 3.83, 3.4, 2.4, 1.58, 1.71, 1.72, 1.64, 2.54, 3.76, 3.3, 3.56, 3.38, 2.82, 1.87, 1.72, 1.82, 1.89, 1.87], [8.85, 9.09, 9.29, 9.42, 8.3, 7.9, 6.85, 5.52, 5.28, 5.28, 4.83, 4.78, 5.33, 5.39, 5.2, 5.02, 4.9, 4.59, 4.24, 4.18, 4.22, 3.66, 3.92, 3.25, 3.07, 1.65, 1.41, 1.37, 0, 1.38, 1.76, 1.97, 1.78, 2.5, 2.31, 2.18, 1.92, 1.98, 2.68, 1.79, 1.8, 5.38, 7.14, 7.15, 6.88, 7.28, 6.91, 6.39, 5.65, 5.53, 6.5, 6.73, 6.17, 5.16, 5.17, 5.67, 5.15, 4.03, 4.45, 5.46, 6.13, 6.59, 6.671, 6.652, 6.619, 6.331, 5.58, 4.22, 2.9, 2.75, 2.15, 2.07, 1.92, 1.63, 1.59, 3.63, 4.75, 4.21, 4.39, 4.39, 3.83, 2.66, 2.31, 2.51, 2.58, 2.62], [9.85, 10.05, 10.31, 10.42, 9.3, 8.9, 7.85, 6.52, 6.24, 6.239, 5.77, 5.76, 6.29, 6.33, 6.136, 5.896, 5.78, 5.506, 5.216, 5.159, 5.159, 4.62, 4.82, 4.15, 4.01, 2.57, 2.07, 2.33, 1.38, 0, 2.02, 1.95, 2.02, 2.74, 2.47, 2.04, 2.02, 1.46, 1.92, 1.31, 1.4, 4.44, 6.24, 6.29, 5.96, 6.44, 6.05, 5.51, 4.77, 4.67, 5.68, 5.89, 5.33, 4.22, 4.29, 4.79, 4.27, 3.19, 3.55, 4.52, 5.19, 5.703, 5.799, 5.79, 5.716, 5.46, 4.7, 3.28, 2.26, 2.43, 1.75, 2.07, 2.08, 1.99, 2.11, 4.63, 5.73, 5.19, 5.37, 5.39, 4.85, 3.66, 3.13, 3.23, 3.3, 3.24], [8.21, 8.59, 8.87, 8.72, 7.62, 7.4, 6.31, 5.06, 4.88, 4.933, 4.461, 4.411, 4.943, 5.023, 4.828, 4.585, 4.453, 4.192, 3.896, 3.84, 3.86, 3.22, 3.52, 2.95, 2.67, 1.29, 1.71, 1.73, 1.76, 2.02, 0, 1.23, 1.14, 1.66, 1.53, 1.42, 1.48, 2.0, 3.08, 2.15, 1.76, 5.8, 7.64, 7.63, 7.36, 7.8, 7.49, 6.87, 6.15, 6.09, 7.06, 7.29, 6.65, 5.52, 5.61, 5.95, 5.47, 4.43, 4.95, 5.92, 6.51, 7.05, 7.16, 7.11, 7.04, 6.78, 6.06, 4.6, 3.02, 2.67, 1.79, 1.19, 1.52, 1.71, 1.59, 2.95, 4.07, 3.61, 3.99, 3.91, 3.41, 2.34, 1.93, 2.09, 2.28, 2.24], [8.04, 8.3, 8.52, 8.59, 7.49, 7.07, 6.06, 4.73, 4.51, 4.51, 4.04, 3.99, 4.52, 4.6, 4.41, 4.19, 4.07, 3.78, 3.49, 3.47, 3.45, 2.91, 3.19, 2.68, 2.42, 1.74, 1.82, 1.86, 1.97, 1.95, 1.23, 0, 1.01, 1.29, 0.9, 0.87, 0.99, 1.93, 3.15, 2.3, 1.95, 6.07, 7.91, 7.98, 7.63, 8.11, 7.74, 7.2, 6.46, 6.36, 7.35, 7.56, 7.0, 5.87, 5.94, 6.24, 5.78, 4.76, 5.2, 6.23, 6.896, 7.396, 7.492, 7.479, 7.406, 7.152, 6.41, 4.97, 3.53, 3.22, 2.06, 1.36, 1.79, 2.18, 1.96, 2.98, 4.18, 3.8, 3.96, 3.72, 3.4, 2.85, 2.5, 2.56, 2.77, 2.65], [7.99, 8.21, 8.47, 8.54, 7.42, 7.02, 6.01, 4.64, 4.38, 4.4, 3.89, 3.84, 4.45, 4.45, 4.26, 4.04, 3.94, 3.63, 3.34, 3.32, 3.32, 2.86, 3.2, 2.71, 2.39, 1.33, 1.47, 1.35, 1.78, 2.02, 1.14, 1.01, 0, 1.14, 1.09, 1.18, 0.88, 1.92, 3.24, 2.39, 2.06, 6.18, 8.04, 8.11, 7.74, 8.22, 7.83, 7.29, 6.55, 6.45, 7.46, 7.69, 7.13, 6.0, 6.07, 6.37, 5.87, 4.87, 5.31, 6.379, 7.032, 7.546, 7.642, 7.615, 7.562, 7.282, 6.56, 5.1, 3.48, 2.97, 1.83, 1.07, 1.44, 1.81, 1.61, 2.79, 4.15, 3.81, 4.01, 3.77, 3.27, 2.68, 2.21, 2.25, 2.5, 2.48], [7.25, 7.53, 7.75, 7.82, 6.68, 6.28, 5.27, 3.96, 3.74, 3.72, 3.23, 3.18, 3.77, 3.79, 3.6, 3.38, 3.32, 2.99, 2.68, 2.66, 2.72, 2.38, 2.68, 2.27, 1.97, 1.67, 1.93, 1.89, 2.5, 2.74, 1.66, 1.29, 1.14, 0, 0.73, 1.18, 1.12, 2.58, 3.88, 3.05, 2.74, 6.86, 8.7, 8.77, 8.4, 8.88, 8.51, 7.97, 7.23, 7.13, 8.1, 8.35, 7.79, 6.64, 6.71, 7.01, 6.55, 5.53, 5.97, 7.036, 7.689, 8.202, 8.302, 8.272, 8.219, 7.922, 7.202, 5.779, 4.18, 3.57, 2.45, 1.47, 1.88, 2.37, 2.07, 2.19, 3.73, 3.39, 3.57, 3.39, 2.95, 2.42, 2.51, 2.65, 2.68, 2.44], [7.52, 7.74, 7.98, 8.09, 6.97, 6.53, 5.52, 4.19, 3.95, 3.91, 3.44, 3.39, 3.96, 4.0, 3.81, 3.65, 3.57, 3.26, 2.97, 2.89, 2.89, 2.57, 2.91, 2.5, 2.24, 1.84, 1.92, 1.92, 2.31, 2.47, 1.53, 0.9, 1.09, 0.73, 0, 0.93, 0.93, 2.41, 3.67, 2.88, 2.55, 6.69, 8.51, 8.54, 8.25, 8.69, 8.32, 7.78, 7.04, 6.94, 7.91, 8.12, 7.54, 6.45, 6.52, 6.86, 6.36, 5.32, 5.76, 6.85, 7.516, 7.98, 8.058, 8.039, 7.99, 7.738, 7.009, 5.57, 4.01, 3.52, 2.34, 1.5, 1.99, 2.46, 2.2, 2.46, 4.04, 3.72, 3.86, 3.66, 3.22, 2.81, 2.72, 2.84, 2.89, 2.65], [8.15, 8.47, 8.69, 8.72, 7.58, 7.2, 6.21, 4.9, 4.7, 4.68, 4.23, 4.16, 4.75, 4.79, 4.6, 4.44, 4.38, 4.03, 3.68, 3.64, 3.72, 3.24, 3.54, 3.09, 2.75, 1.87, 2.03, 1.95, 2.18, 2.04, 1.42, 0.87, 1.18, 1.18, 0.93, 0, 0.98, 1.66, 3.02, 2.23, 2.08, 5.86, 7.74, 7.77, 7.48, 7.88, 7.51, 6.97, 6.23, 6.15, 7.1, 7.31, 6.75, 5.68, 5.75, 6.07, 5.53, 4.55, 4.95, 6.08, 6.749, 7.178, 7.273, 7.252, 7.239, 6.933, 6.2, 4.8, 3.38, 3.07, 1.75, 1.31, 1.68, 2.17, 1.97, 3.05, 4.41, 4.05, 4.27, 4.07, 3.65, 3.04, 2.71, 2.81, 3.02, 2.94], [7.91, 8.11, 8.39, 8.52, 7.38, 6.96, 5.95, 4.56, 4.28, 4.3, 3.91, 3.84, 4.35, 4.45, 4.26, 4.08, 3.96, 3.65, 3.3, 3.2, 3.3, 2.82, 3.2, 2.69, 2.39, 1.73, 1.81, 1.77, 1.92, 2.02, 1.48, 0.99, 0.88, 1.12, 0.93, 0.98, 0, 1.92, 3.24, 2.35, 2.04, 6.12, 8.08, 8.13, 7.8, 8.16, 7.79, 7.23, 6.51, 6.43, 7.38, 7.65, 7.09, 6.04, 6.09, 6.43, 5.85, 4.83, 5.25, 6.44, 7.089, 7.517, 7.616, 7.612, 7.579, 7.236, 6.482, 5.053, 3.46, 2.89, 1.87, 1.27, 1.52, 1.95, 1.77, 2.79, 4.23, 3.81, 3.99, 3.77, 3.33, 3.0, 2.73, 2.83, 3.0, 2.82], [9.63, 9.97, 10.21, 10.2, 9.02, 8.64, 7.69, 6.38, 6.16, 6.14, 5.65, 5.56, 6.21, 6.19, 6.0, 5.82, 5.76, 5.41, 5.06, 5.0, 5.06, 4.62, 4.84, 4.27, 3.91, 2.53, 2.37, 2.45, 1.98, 1.46, 2.0, 1.93, 1.92, 2.58, 2.41, 1.66, 1.92, 0, 1.58, 1.15, 1.3, 4.4, 6.34, 6.39, 6.06, 6.44, 6.07, 5.51, 4.79, 4.69, 5.66, 5.93, 5.37, 4.3, 4.35, 4.67, 4.11, 3.13, 3.53, 4.693, 5.346, 5.798, 5.893, 5.869, 5.83, 5.513, 4.759, 3.46, 2.44, 2.23, 1.55, 1.71, 1.82, 1.99, 2.01, 4.41, 5.57, 5.17, 5.39, 5.29, 4.71, 3.74, 3.23, 3.29, 3.4, 3.5], [10.93, 11.29, 11.51, 11.48, 10.34, 9.98, 8.93, 7.72, 7.52, 7.48, 7.01, 6.94, 7.53, 7.59, 7.36, 7.16, 7.12, 6.73, 6.46, 6.4, 6.4, 5.88, 6.16, 5.45, 5.21, 3.67, 3.27, 3.59, 2.68, 1.92, 3.08, 3.15, 3.24, 3.88, 3.67, 3.02, 3.24, 1.58, 0, 1.21, 1.68, 3.14, 4.96, 5.01, 4.84, 5.14, 4.83, 4.19, 3.45, 3.33, 4.32, 4.57, 4.01, 2.92, 2.97, 3.35, 2.81, 1.89, 2.19, 3.32, 4.01, 4.49, 4.551, 4.55, 4.468, 4.191, 3.46, 2.38, 1.48, 1.65, 1.85, 2.85, 2.74, 2.49, 2.71, 5.67, 6.73, 6.23, 6.49, 6.55, 5.99, 4.76, 4.15, 4.11, 4.08, 4.14], [10.02, 10.38, 10.6, 10.57, 9.43, 9.09, 8.02, 6.81, 6.61, 6.63, 6.18, 6.11, 6.64, 6.74, 6.55, 6.37, 6.25, 5.94, 5.59, 5.53, 5.57, 4.99, 5.33, 4.66, 4.38, 2.74, 2.42, 2.8, 1.79, 1.31, 2.15, 2.3, 2.39, 3.05, 2.88, 2.23, 2.35, 1.15, 1.21, 0, 0.89, 3.89, 5.75, 5.8, 5.55, 5.89, 5.6, 4.94, 4.22, 4.1, 5.09, 5.36, 4.8, 3.73, 3.78, 4.22, 3.64, 2.62, 2.98, 4.11, 4.8, 5.3, 5.321, 5.337, 5.249, 4.941, 4.212, 2.79, 1.73, 1.74, 1.24, 1.94, 1.85, 1.72, 1.82, 4.76, 5.82, 5.3, 5.54, 5.64, 5.1, 3.85, 3.28, 3.28, 3.33, 3.39], [9.59, 9.95, 10.19, 10.18, 9.02, 8.7, 7.65, 6.4, 6.18, 6.22, 5.83, 5.76, 6.27, 6.37, 6.179, 5.99, 5.88, 5.566, 5.22, 5.12, 5.2, 4.62, 4.96, 4.31, 4.01, 2.39, 2.07, 2.43, 1.8, 1.4, 1.76, 1.95, 2.06, 2.74, 2.55, 2.08, 2.04, 1.3, 1.68, 0.89, 0, 4.28, 6.18, 6.29, 6.1, 6.38, 6.05, 5.37, 4.63, 4.61, 5.52, 5.75, 5.19, 4.16, 4.21, 4.63, 4.03, 2.97, 3.39, 4.56, 5.27, 5.67, 5.74, 5.81, 5.7, 5.38, 4.6, 3.24, 2.06, 1.79, 1.29, 1.53, 1.68, 1.53, 1.79, 4.33, 5.43, 4.89, 5.15, 5.21, 4.69, 3.44, 2.83, 2.81, 2.98, 3.0], [13.69, 14.07, 14.37, 14.3, 13.14, 12.888, 11.81, 10.56, 10.36, 10.411, 10.01, 9.94, 10.455, 10.552, 10.362, 10.173, 10.05, 9.749, 9.416, 9.296, 9.4, 8.78, 9.14, 8.47, 8.21, 6.51, 6.09, 6.53, 5.38, 4.44, 5.8, 6.07, 6.18, 6.86, 6.69, 5.86, 6.12, 4.4, 3.14, 3.89, 4.28, 0, 2.12, 2.19, 2.04, 2.24, 1.93, 1.71, 1.41, 1.25, 1.58, 1.71, 1.55, 1.16, 1.23, 1.25, 1.25, 1.97, 1.33, 1.32, 1.91, 1.93, 1.94, 2.01, 2.08, 1.84, 1.74, 1.84, 3.08, 3.69, 4.57, 5.65, 5.56, 5.19, 5.41, 8.43, 9.55, 8.95, 9.17, 9.35, 8.87, 7.6, 6.91, 6.87, 7.0, 6.86], [15.69, 16.07, 16.31, 16.22, 15.1, 14.84, 13.71, 12.52, 12.32, 12.38, 11.91, 11.86, 12.39, 12.47, 12.28, 12.08, 11.96, 11.649, 11.34, 11.28, 11.3, 10.66, 10.98, 10.31, 10.09, 8.39, 8.07, 8.45, 7.14, 6.24, 7.64, 7.91, 8.04, 8.7, 8.51, 7.74, 8.08, 6.34, 4.96, 5.75, 6.18, 2.12, 0, 0.53, 0.9, 0.86, 0.97, 1.33, 1.83, 1.87, 1.28, 1.01, 1.69, 2.24, 2.21, 1.97, 2.83, 3.65, 3.01, 1.86, 1.53, 1.23, 1.22, 1.07, 0.98, 1.3, 1.94, 3.34, 4.86, 5.43, 6.49, 7.61, 7.48, 7.13, 7.37, 10.43, 11.43, 10.89, 11.13, 11.33, 10.83, 9.44, 8.71, 8.75, 8.88, 8.76], [15.7, 16.08, 16.36, 16.21, 15.11, 14.89, 13.76, 12.55, 12.37, 12.43, 11.96, 11.91, 12.44, 12.52, 12.33, 12.15, 12.03, 11.72, 11.39, 11.33, 11.35, 10.73, 11.05, 10.38, 10.16, 8.46, 8.12, 8.5, 7.15, 6.29, 7.63, 7.98, 8.11, 8.77, 8.54, 7.77, 8.13, 6.39, 5.01, 5.8, 6.29, 2.19, 0.53, 0, 0.71, 0.77, 1.02, 1.34, 1.82, 1.88, 1.23, 1.08, 1.58, 2.25, 2.24, 2.04, 2.8, 3.7, 3.08, 1.89, 1.56, 1.2, 1.19, 1.14, 0.99, 1.31, 2.01, 3.29, 4.83, 5.5, 6.54, 7.66, 7.53, 7.16, 7.36, 10.42, 11.42, 10.88, 11.18, 11.38, 10.88, 9.49, 8.76, 8.82, 8.95, 8.83], [15.37, 15.75, 16.03, 15.9, 14.78, 14.56, 13.45, 12.22, 12.04, 12.1, 11.63, 11.58, 12.11, 12.19, 12.0, 11.78, 11.66, 11.37, 11.06, 11.0, 11.02, 10.38, 10.68, 10.01, 9.81, 8.09, 7.79, 8.17, 6.88, 5.96, 7.36, 7.63, 7.74, 8.4, 8.25, 7.48, 7.8, 6.06, 4.84, 5.55, 6.1, 2.04, 0.9, 0.71, 0, 0.66, 0.89, 1.47, 1.79, 1.81, 1.2, 1.25, 1.65, 2.22, 2.15, 2.01, 2.81, 3.73, 3.03, 2.02, 1.71, 1.41, 1.54, 1.35, 1.18, 1.54, 2.08, 3.24, 4.8, 5.41, 6.29, 7.35, 7.24, 6.85, 7.07, 10.11, 11.15, 10.61, 10.87, 11.05, 10.55, 9.16, 8.45, 8.45, 8.62, 8.52], [15.69, 16.07, 16.41, 16.28, 15.16, 14.94, 13.83, 12.6, 12.4, 12.46, 12.05, 11.98, 12.51, 12.61, 12.42, 12.24, 12.12, 11.81, 11.46, 11.34, 11.44, 10.82, 11.14, 10.49, 10.25, 8.55, 8.09, 8.57, 7.28, 6.44, 7.8, 8.11, 8.22, 8.88, 8.69, 7.88, 8.16, 6.44, 5.14, 5.89, 6.38, 2.24, 0.86, 0.77, 0.66, 0, 0.75, 1.39, 1.99, 2.09, 1.28, 1.17, 1.85, 2.54, 2.43, 2.29, 3.03, 3.99, 3.27, 2.32, 1.89, 1.37, 1.52, 1.45, 1.46, 1.62, 2.28, 3.36, 5.04, 5.57, 6.53, 7.63, 7.5, 7.13, 7.33, 10.37, 11.51, 10.91, 11.13, 11.37, 10.91, 9.58, 8.87, 8.91, 9.04, 8.92], [15.32, 15.7, 16.04, 15.93, 14.79, 14.57, 13.48, 12.23, 12.03, 12.09, 11.68, 11.61, 12.14, 12.24, 12.05, 11.87, 11.75, 11.44, 11.09, 10.97, 11.07, 10.45, 10.79, 10.1, 9.88, 8.18, 7.72, 8.18, 6.91, 6.05, 7.49, 7.74, 7.83, 8.51, 8.32, 7.51, 7.79, 6.07, 4.83, 5.6, 6.05, 1.93, 0.97, 1.02, 0.89, 0.75, 0, 1.2, 1.74, 1.82, 1.17, 0.96, 1.58, 2.23, 2.16, 2.0, 2.76, 3.7, 2.96, 2.11, 1.78, 1.42, 1.55, 1.38, 1.57, 1.45, 1.97, 3.09, 4.75, 5.32, 6.22, 7.28, 7.17, 6.78, 6.98, 10.02, 11.18, 10.58, 10.78, 11.0, 10.54, 9.23, 8.54, 8.54, 8.69, 8.59], [14.74, 15.12, 15.46, 15.33, 14.21, 13.99, 12.88, 11.65, 11.45, 11.51, 11.12, 11.05, 11.56, 11.66, 11.47, 11.29, 11.17, 10.86, 10.51, 10.39, 10.49, 9.89, 10.23, 9.56, 9.3, 7.62, 7.16, 7.64, 6.39, 5.51, 6.87, 7.2, 7.29, 7.97, 7.78, 6.97, 7.23, 5.51, 4.19, 4.94, 5.37, 1.71, 1.33, 1.34, 1.47, 1.39, 1.2, 0, 1.0, 1.16, 1.15, 1.12, 1.12, 1.65, 1.5, 1.36, 1.98, 2.82, 2.44, 2.05, 1.42, 1.32, 1.17, 1.24, 1.29, 0.95, 1.33, 2.35, 3.91, 4.52, 5.58, 6.68, 6.53, 6.18, 6.34, 9.42, 10.54, 9.92, 10.18, 10.42, 9.98, 8.67, 7.94, 7.98, 8.11, 7.97], [14.04, 14.42, 14.76, 14.63, 13.51, 13.29, 12.18, 10.95, 10.75, 10.81, 10.4, 10.33, 10.86, 10.96, 10.77, 10.59, 10.47, 10.16, 9.81, 9.69, 9.79, 9.17, 9.51, 8.82, 8.6, 6.9, 6.44, 6.9, 5.65, 4.77, 6.15, 6.46, 6.55, 7.23, 7.04, 6.23, 6.51, 4.79, 3.45, 4.22, 4.63, 1.41, 1.83, 1.82, 1.79, 1.99, 1.74, 1.0, 0, 0.56, 1.09, 1.24, 0.9, 1.21, 1.04, 0.92, 1.44, 2.04, 1.84, 1.61, 1.42, 1.74, 1.55, 1.62, 1.43, 1.11, 0.93, 1.73, 3.21, 3.74, 4.88, 5.98, 5.85, 5.5, 5.68, 8.74, 9.84, 9.24, 9.5, 9.72, 9.26, 7.95, 7.22, 7.26, 7.39, 7.27], [14.0, 14.38, 14.64, 14.53, 13.41, 13.17, 12.04, 10.83, 10.65, 10.71, 10.28, 10.21, 10.72, 10.82, 10.63, 10.45, 10.33, 10.02, 9.67, 9.61, 9.65, 9.05, 9.39, 8.72, 8.46, 6.78, 6.42, 6.82, 5.53, 4.67, 6.09, 6.36, 6.45, 7.13, 6.94, 6.15, 6.43, 4.69, 3.33, 4.1, 4.61, 1.25, 1.87, 1.88, 1.81, 2.09, 1.82, 1.16, 0.56, 0, 1.03, 1.32, 1.02, 1.27, 1.16, 1.0, 1.42, 2.06, 1.72, 1.47, 1.52, 1.9, 1.77, 1.74, 1.57, 1.27, 1.17, 1.83, 3.25, 3.9, 4.84, 5.94, 5.81, 5.44, 5.68, 8.74, 9.74, 9.2, 9.46, 9.66, 9.18, 7.83, 7.1, 7.14, 7.27, 7.13], [14.95, 15.33, 15.63, 15.52, 14.38, 14.16, 13.05, 11.82, 11.62, 11.68, 11.27, 11.2, 11.73, 11.83, 11.64, 11.46, 11.34, 11.03, 10.68, 10.58, 10.66, 10.04, 10.36, 9.71, 9.47, 7.77, 7.37, 7.79, 6.5, 5.68, 7.06, 7.35, 7.46, 8.1, 7.91, 7.1, 7.38, 5.66, 4.32, 5.09, 5.52, 1.58, 1.28, 1.23, 1.2, 1.28, 1.17, 1.15, 1.09, 1.03, 0, 0.69, 0.95, 1.66, 1.57, 1.41, 1.95, 2.83, 2.31, 1.76, 1.63, 1.73, 1.6, 1.61, 1.5, 1.26, 1.48, 2.64, 4.18, 4.69, 5.79, 6.91, 6.78, 6.41, 6.63, 9.69, 10.73, 10.15, 10.43, 10.63, 10.13, 8.8, 8.09, 8.15, 8.28, 8.16], [15.24, 15.62, 15.9, 15.83, 14.69, 14.43, 13.32, 12.11, 11.89, 11.95, 11.54, 11.47, 12.0, 12.1, 11.91, 11.73, 11.61, 11.3, 10.95, 10.83, 10.93, 10.31, 10.63, 9.96, 9.74, 8.04, 7.62, 8.04, 6.73, 5.89, 7.29, 7.56, 7.69, 8.35, 8.12, 7.31, 7.65, 5.93, 4.57, 5.36, 5.75, 1.71, 1.01, 1.08, 1.25, 1.17, 0.96, 1.12, 1.24, 1.32, 0.69, 0, 0.96, 1.81, 1.78, 1.5, 2.12, 3.08, 2.48, 1.73, 1.58, 1.56, 1.37, 1.32, 1.41, 1.17, 1.55, 2.81, 4.41, 4.94, 6.04, 7.16, 7.03, 6.68, 6.92, 9.98, 11.04, 10.44, 10.68, 10.88, 10.4, 9.07, 8.38, 8.42, 8.53, 8.41], [14.66, 15.04, 15.34, 15.21, 14.09, 13.87, 12.76, 11.53, 11.33, 11.39, 10.98, 10.91, 11.44, 11.54, 11.35, 11.17, 11.05, 10.74, 10.39, 10.29, 10.37, 9.75, 10.07, 9.4, 9.18, 7.48, 7.08, 7.48, 6.17, 5.33, 6.65, 7.0, 7.13, 7.79, 7.54, 6.75, 7.09, 5.37, 4.01, 4.8, 5.19, 1.55, 1.69, 1.58, 1.65, 1.85, 1.58, 1.12, 0.9, 1.02, 0.95, 0.96, 0, 1.23, 1.14, 1.0, 1.58, 2.32, 2.16, 1.81, 1.64, 1.76, 1.57, 1.58, 1.49, 1.19, 1.13, 2.19, 3.75, 4.3, 5.5, 6.62, 6.49, 6.12, 6.3, 9.38, 10.42, 9.82, 10.14, 10.34, 9.84, 8.51, 7.78, 7.84, 7.97, 7.85], [13.61, 13.99, 14.27, 14.12, 13.02, 12.8, 11.67, 10.46, 10.28, 10.34, 9.87, 9.82, 10.35, 10.43, 10.24, 10.02, 9.9, 9.61, 9.3, 9.24, 9.26, 8.62, 8.92, 8.25, 8.05, 6.33, 6.03, 6.41, 5.16, 4.22, 5.52, 5.87, 6.0, 6.64, 6.45, 5.68, 6.04, 4.3, 2.92, 3.73, 4.16, 1.16, 2.24, 2.25, 2.22, 2.54, 2.23, 1.65, 1.21, 1.27, 1.66, 1.81, 1.23, 0, 0.53, 0.99, 1.31, 1.69, 1.61, 1.44, 1.69, 1.95, 1.88, 1.93, 1.86, 1.74, 1.22, 1.36, 2.84, 3.41, 4.45, 5.57, 5.46, 5.07, 5.25, 8.33, 9.33, 8.77, 9.09, 9.29, 8.79, 7.4, 6.65, 6.71, 6.88, 6.76], [13.66, 14.04, 14.32, 14.17, 13.07, 12.85, 11.72, 10.51, 10.33, 10.39, 9.92, 9.87, 10.4, 10.48, 10.29, 10.09, 9.97, 9.66, 9.35, 9.29, 9.31, 8.67, 8.99, 8.32, 8.1, 6.4, 6.08, 6.46, 5.17, 4.29, 5.61, 5.94, 6.07, 6.71, 6.52, 5.75, 6.09, 4.35, 2.97, 3.78, 4.21, 1.23, 2.21, 2.24, 2.15, 2.43, 2.16, 1.5, 1.04, 1.16, 1.57, 1.78, 1.14, 0.53, 0, 0.8, 1.28, 1.7, 1.72, 1.75, 1.78, 2.0, 1.91, 1.9, 1.83, 1.55, 1.19, 1.37, 2.89, 3.4, 4.5, 5.62, 5.51, 5.12, 5.3, 8.38, 9.38, 8.82, 9.14, 9.34, 8.84, 7.45, 6.72, 6.78, 6.93, 6.81], [13.98, 14.36, 14.64, 14.49, 13.39, 13.17, 12.04, 10.83, 10.65, 10.71, 10.24, 10.19, 10.72, 10.8, 10.61, 10.39, 10.27, 9.98, 9.67, 9.61, 9.63, 8.99, 9.31, 8.7, 8.44, 6.7, 6.4, 6.78, 5.67, 4.79, 5.95, 6.24, 6.37, 7.01, 6.86, 6.07, 6.43, 4.67, 3.35, 4.22, 4.63, 1.25, 1.97, 2.04, 2.01, 2.29, 2.0, 1.36, 0.92, 1.0, 1.41, 1.5, 1.0, 0.99, 0.8, 0, 1.22, 1.94, 1.68, 1.59, 1.58, 2.02, 1.77, 1.76, 1.65, 1.43, 1.39, 1.87, 3.17, 3.66, 4.84, 5.94, 5.83, 5.56, 5.68, 8.7, 9.7, 9.14, 9.46, 9.66, 9.16, 7.81, 7.06, 7.1, 7.27, 7.15], [13.36, 13.74, 14.06, 13.93, 12.81, 12.59, 11.48, 10.25, 10.05, 10.11, 9.7, 9.63, 10.16, 10.26, 10.07, 9.89, 9.77, 9.46, 9.11, 8.99, 9.09, 8.47, 8.85, 8.22, 7.92, 6.2, 5.78, 6.2, 5.15, 4.27, 5.47, 5.78, 5.87, 6.55, 6.36, 5.53, 5.85, 4.11, 2.81, 3.64, 4.03, 1.25, 2.83, 2.8, 2.81, 3.03, 2.76, 1.98, 1.44, 1.42, 1.95, 2.12, 1.58, 1.31, 1.28, 1.22, 0, 1.3, 1.2, 1.71, 2.16, 2.42, 2.47, 2.46, 2.19, 2.01, 1.69, 1.49, 2.51, 3.06, 4.24, 5.32, 5.21, 4.96, 5.08, 8.08, 9.14, 8.52, 8.84, 9.04, 8.58, 7.31, 6.58, 6.62, 6.73, 6.63], [12.4, 12.78, 13.06, 12.93, 11.81, 11.59, 10.48, 9.25, 9.07, 9.13, 8.7, 8.63, 9.16, 9.26, 9.07, 8.89, 8.77, 8.46, 8.11, 8.03, 8.09, 7.47, 7.81, 7.12, 6.9, 5.2, 4.82, 5.2, 4.03, 3.19, 4.43, 4.76, 4.87, 5.53, 5.32, 4.55, 4.83, 3.13, 1.89, 2.62, 2.97, 1.97, 3.65, 3.7, 3.73, 3.99, 3.7, 2.82, 2.04, 2.06, 2.83, 3.08, 2.32, 1.69, 1.7, 1.94, 1.3, 0, 1.24, 2.11, 2.68, 3.2, 3.15, 3.3, 3.05, 2.69, 2.01, 1.51, 1.69, 2.28, 3.34, 4.36, 4.23, 3.86, 4.04, 7.12, 8.14, 7.56, 7.88, 8.08, 7.58, 6.25, 5.54, 5.58, 5.71, 5.63], [12.84, 13.2, 13.5, 13.45, 12.29, 12.03, 10.94, 9.69, 9.49, 9.55, 9.14, 9.07, 9.6, 9.7, 9.51, 9.33, 9.21, 8.9, 8.55, 8.43, 8.53, 7.91, 8.25, 7.56, 7.34, 5.64, 5.22, 5.64, 4.45, 3.55, 4.95, 5.2, 5.31, 5.97, 5.76, 4.95, 5.25, 3.53, 2.19, 2.98, 3.39, 1.33, 3.01, 3.08, 3.03, 3.27, 2.96, 2.44, 1.84, 1.72, 2.31, 2.48, 2.16, 1.61, 1.72, 1.68, 1.2, 1.24, 0, 1.43, 2.28, 2.66, 2.59, 2.64, 2.53, 2.41, 1.87, 1.67, 2.15, 2.76, 3.66, 4.78, 4.65, 4.26, 4.56, 7.58, 8.68, 8.08, 8.3, 8.5, 8.0, 6.73, 6.06, 6.04, 6.17, 6.07], [14.05, 14.43, 14.67, 14.58, 13.46, 13.2, 12.07, 10.88, 10.68, 10.733, 10.261, 10.211, 10.75, 10.823, 10.628, 10.405, 10.293, 9.992, 9.696, 9.636, 9.651, 9.02, 9.313, 8.632, 8.438, 6.726, 6.43, 6.803, 5.46, 4.52, 5.92, 6.23, 6.379, 7.036, 6.85, 6.08, 6.44, 4.693, 3.32, 4.11, 4.56, 1.32, 1.86, 1.89, 2.02, 2.32, 2.11, 2.05, 1.61, 1.47, 1.76, 1.73, 1.81, 1.44, 1.75, 1.59, 1.71, 2.11, 1.43, 0, 1.27, 1.61, 1.62, 1.59, 1.62, 1.74, 1.58, 1.98, 3.16, 3.95, 4.85, 5.97, 5.84, 5.49, 5.73, 8.79, 9.79, 9.25, 9.49, 9.69, 9.19, 7.8, 7.05, 7.09, 7.24, 7.1], [14.671, 15.051, 15.325, 15.184, 14.081, 13.846, 12.722, 11.518, 11.335, 11.386, 10.91, 10.857, 11.396, 11.473, 11.277, 11.054, 10.946, 10.641, 10.346, 10.289, 10.303, 9.675, 9.963, 9.285, 9.081, 7.379, 7.082, 7.453, 6.13, 5.19, 6.51, 6.896, 7.032, 7.689, 7.516, 6.749, 7.089, 5.346, 4.01, 4.8, 5.27, 1.91, 1.53, 1.56, 1.71, 1.89, 1.78, 1.42, 1.42, 1.52, 1.63, 1.58, 1.64, 1.69, 1.78, 1.58, 2.16, 2.68, 2.28, 1.27, 0, 1.02, 1.11, 0.96, 0.95, 1.15, 1.37, 2.37, 3.79, 4.5, 5.54, 6.625, 6.495, 6.128, 6.317, 9.394, 10.394, 9.837, 10.145, 10.342, 9.839, 8.449, 7.671, 7.728, 7.881, 7.758], [15.056, 15.436, 15.768, 15.635, 14.518, 14.291, 13.2, 11.958, 11.761, 11.814, 11.392, 11.325, 11.858, 11.955, 11.759, 11.568, 11.454, 11.141, 10.811, 10.7, 10.792, 10.169, 10.476, 9.798, 9.586, 7.916, 7.459, 7.901, 6.59, 5.703, 7.05, 7.396, 7.546, 8.202, 7.98, 7.178, 7.517, 5.798, 4.49, 5.3, 5.67, 1.93, 1.23, 1.2, 1.41, 1.37, 1.42, 1.32, 1.74, 1.9, 1.73, 1.56, 1.76, 1.95, 2.0, 2.02, 2.42, 3.2, 2.66, 1.61, 1.02, 0, 0.77, 0.82, 0.99, 1.17, 1.53, 2.73, 4.29, 4.92, 5.94, 7.02, 6.89, 6.5, 6.66, 9.74, 10.86, 10.24, 10.5, 10.736, 10.271, 8.932, 8.2, 8.273, 8.39, 8.27], [15.164, 15.544, 15.863, 15.757, 14.633, 14.393, 13.281, 12.053, 11.856, 11.916, 11.498, 11.431, 11.961, 12.058, 11.868, 11.679, 11.556, 11.254, 10.911, 10.799, 10.888, 10.265, 10.579, 9.911, 9.695, 7.992, 7.555, 8.003, 6.671, 5.799, 7.16, 7.492, 7.642, 8.302, 8.058, 7.273, 7.616, 5.893, 4.551, 5.321, 5.74, 1.94, 1.22, 1.19, 1.54, 1.52, 1.55, 1.17, 1.55, 1.77, 1.6, 1.37, 1.57, 1.88, 1.91, 1.77, 2.47, 3.15, 2.59, 1.62, 1.11, 0.77, 0, 0.73, 0.92, 1.02, 1.44, 2.76, 4.26, 4.87, 5.992, 7.095, 6.968, 6.595, 6.77, 9.847, 10.967, 10.35, 10.598, 10.832, 10.366, 9.028, 8.292, 8.329, 8.468, 8.348], [15.194, 15.574, 15.848, 15.707, 14.604, 14.369, 13.265, 12.041, 11.858, 11.909, 11.456, 11.386, 11.919, 12.019, 11.823, 11.629, 11.529, 11.205, 10.872, 10.812, 10.846, 10.238, 10.549, 9.862, 9.653, 7.962, 7.605, 7.979, 6.652, 5.79, 7.11, 7.479, 7.615, 8.272, 8.039, 7.252, 7.612, 5.869, 4.55, 5.337, 5.81, 2.01, 1.07, 1.14, 1.35, 1.45, 1.38, 1.24, 1.62, 1.74, 1.61, 1.32, 1.58, 1.93, 1.9, 1.76, 2.46, 3.3, 2.64, 1.59, 0.96, 0.82, 0.73, 0, 0.81, 1.19, 1.55, 2.77, 4.39, 5.02, 6.045, 7.166, 7.039, 6.666, 6.843, 9.917, 10.926, 10.366, 10.686, 10.865, 10.362, 8.992, 8.28, 8.331, 8.443, 8.33], [15.161, 15.541, 15.815, 15.674, 14.571, 14.336, 13.212, 12.008, 11.825, 11.876, 11.4, 11.347, 11.886, 11.963, 11.767, 11.584, 11.476, 11.148, 10.836, 10.779, 10.793, 10.185, 10.496, 9.809, 9.591, 7.909, 7.572, 7.946, 6.619, 5.716, 7.04, 7.406, 7.562, 8.219, 7.99, 7.239, 7.579, 5.83, 4.468, 5.249, 5.7, 2.08, 0.98, 0.99, 1.18, 1.46, 1.57, 1.29, 1.43, 1.57, 1.5, 1.41, 1.49, 1.86, 1.83, 1.65, 2.19, 3.05, 2.53, 1.62, 0.95, 0.99, 0.92, 0.81, 0, 1.0, 1.32, 2.64, 4.24, 4.85, 5.992, 7.115, 6.985, 6.618, 6.81, 9.884, 10.89, 10.33, 10.635, 10.832, 10.329, 8.939, 8.21, 8.258, 8.371, 8.228], [14.784, 15.164, 15.498, 15.377, 14.254, 14.013, 12.915, 11.691, 11.488, 11.536, 11.118, 11.051, 11.581, 11.678, 11.488, 11.299, 11.176, 10.875, 10.531, 10.419, 10.508, 9.908, 10.199, 9.532, 9.315, 7.612, 7.195, 7.623, 6.331, 5.46, 6.78, 7.152, 7.282, 7.922, 7.738, 6.933, 7.236, 5.513, 4.191, 4.941, 5.38, 1.84, 1.3, 1.31, 1.54, 1.62, 1.45, 0.95, 1.11, 1.27, 1.26, 1.17, 1.19, 1.74, 1.55, 1.43, 2.01, 2.69, 2.41, 1.74, 1.15, 1.17, 1.02, 1.19, 1.0, 0, 0.9, 2.28, 3.86, 4.47, 5.615, 6.738, 6.628, 6.241, 6.43, 9.507, 10.587, 9.97, 10.258, 10.455, 9.986, 8.648, 7.944, 8.001, 8.108, 7.988], [14.064, 14.444, 14.738, 14.62, 13.494, 13.259, 12.175, 10.931, 10.728, 10.779, 10.358, 10.291, 10.829, 10.929, 10.728, 10.539, 10.436, 10.115, 9.782, 9.682, 9.748, 9.148, 9.459, 8.792, 8.555, 6.872, 6.475, 6.889, 5.58, 4.7, 6.06, 6.41, 6.56, 7.202, 7.009, 6.2, 6.482, 4.759, 3.46, 4.212, 4.6, 1.74, 1.94, 2.01, 2.08, 2.28, 1.97, 1.33, 0.93, 1.17, 1.48, 1.55, 1.13, 1.22, 1.19, 1.39, 1.69, 2.01, 1.87, 1.58, 1.37, 1.53, 1.44, 1.55, 1.32, 0.9, 0, 1.62, 3.22, 3.77, 4.915, 6.036, 5.909, 5.536, 5.733, 8.787, 9.836, 9.256, 9.556, 9.735, 9.232, 7.92, 7.19, 7.25, 7.368, 7.24], [12.581, 12.961, 13.295, 13.174, 12.051, 11.811, 10.698, 9.488, 9.285, 9.333, 8.935, 8.868, 9.378, 9.475, 9.285, 9.096, 8.973, 8.672, 8.328, 8.216, 8.305, 7.72, 8.036, 7.369, 7.112, 5.429, 4.99, 5.45, 4.22, 3.28, 4.6, 4.97, 5.1, 5.779, 5.57, 4.8, 5.053, 3.46, 2.38, 2.79, 3.24, 1.84, 3.34, 3.29, 3.24, 3.36, 3.09, 2.35, 1.73, 1.83, 2.64, 2.81, 2.19, 1.36, 1.37, 1.87, 1.49, 1.51, 1.67, 1.98, 2.37, 2.73, 2.76, 2.77, 2.64, 2.28, 1.62, 0, 1.76, 2.43, 3.43, 4.53, 4.42, 4.03, 4.21, 7.284, 8.39, 7.77, 8.05, 8.249, 7.803, 6.485, 5.73, 5.79, 5.92, 5.84], [10.97, 11.35, 11.69, 11.56, 10.44, 10.208, 9.109, 7.88, 7.68, 7.74, 7.33, 7.26, 7.775, 7.89, 7.7, 7.513, 7.37, 7.069, 6.725, 6.62, 6.72, 6.1, 6.46, 5.79, 5.53, 3.89, 3.39, 3.83, 2.9, 2.26, 3.02, 3.53, 3.48, 4.18, 4.01, 3.38, 3.46, 2.44, 1.48, 1.73, 2.06, 3.08, 4.86, 4.83, 4.8, 5.04, 4.75, 3.91, 3.21, 3.25, 4.18, 4.41, 3.75, 2.84, 2.89, 3.17, 2.51, 1.69, 2.15, 3.16, 3.79, 4.29, 4.26, 4.39, 4.24, 3.86, 3.22, 1.76, 0, 1.09, 1.93, 2.93, 2.8, 2.51, 2.65, 5.69, 6.77, 6.17, 6.51, 6.65, 6.21, 4.9, 4.17, 4.21, 4.3, 4.34], [10.38, 10.76, 11.1, 10.97, 9.85, 9.63, 8.52, 7.29, 7.09, 7.15, 6.74, 6.67, 7.2, 7.3, 7.11, 6.93, 6.81, 6.5, 6.15, 6.03, 6.13, 5.51, 5.83, 5.28, 4.98, 3.42, 2.9, 3.4, 2.75, 2.43, 2.67, 3.22, 2.97, 3.57, 3.52, 3.07, 2.89, 2.23, 1.65, 1.74, 1.79, 3.69, 5.43, 5.5, 5.41, 5.57, 5.32, 4.52, 3.74, 3.9, 4.69, 4.94, 4.3, 3.41, 3.4, 3.66, 3.06, 2.28, 2.76, 3.95, 4.5, 4.92, 4.87, 5.02, 4.85, 4.47, 3.77, 2.43, 1.09, 0, 1.6, 2.34, 2.23, 2.04, 2.14, 5.08, 6.26, 5.76, 6.08, 6.08, 5.62, 4.43, 3.8, 3.72, 3.95, 4.11], [9.24, 9.62, 9.92, 9.85, 8.69, 8.41, 7.3, 6.13, 5.89, 5.95, 5.58, 5.49, 5.98, 6.1, 5.89, 5.71, 5.59, 5.28, 4.93, 4.83, 4.99, 4.45, 4.79, 4.28, 3.88, 2.38, 1.9, 2.4, 2.15, 1.75, 1.79, 2.06, 1.83, 2.45, 2.34, 1.75, 1.87, 1.55, 1.85, 1.24, 1.29, 4.57, 6.49, 6.54, 6.29, 6.53, 6.22, 5.58, 4.88, 4.84, 5.79, 6.04, 5.5, 4.45, 4.5, 4.84, 4.24, 3.34, 3.66, 4.85, 5.54, 5.94, 5.992, 6.045, 5.992, 5.615, 4.915, 3.43, 1.93, 1.6, 0, 1.24, 1.19, 1.42, 1.36, 4.0, 5.26, 4.82, 5.04, 5.0, 4.58, 3.45, 2.88, 2.84, 2.99, 3.19], [8.12, 8.5, 8.8, 8.73, 7.57, 7.31, 6.2, 5.01, 4.77, 4.85, 4.48, 4.39, 4.88, 5.0, 4.79, 4.61, 4.49, 4.18, 3.85, 3.77, 3.93, 3.35, 3.73, 3.2, 2.78, 1.42, 1.24, 1.58, 2.07, 2.07, 1.19, 1.36, 1.07, 1.47, 1.5, 1.31, 1.27, 1.71, 2.85, 1.94, 1.53, 5.65, 7.61, 7.66, 7.35, 7.63, 7.28, 6.68, 5.98, 5.94, 6.91, 7.16, 6.62, 5.57, 5.62, 5.94, 5.32, 4.36, 4.78, 5.97, 6.625, 7.02, 7.095, 7.166, 7.115, 6.738, 6.036, 4.53, 2.93, 2.34, 1.24, 0, 0.69, 1.18, 1.14, 2.86, 4.16, 3.72, 3.96, 3.92, 3.52, 2.59, 2.04, 1.98, 2.29, 2.35], [8.27, 8.65, 8.95, 8.88, 7.72, 7.46, 6.35, 5.18, 4.92, 5.02, 4.65, 4.56, 5.03, 5.17, 4.96, 4.78, 4.64, 4.33, 3.98, 3.9, 4.06, 3.46, 3.84, 3.29, 2.89, 1.53, 1.39, 1.71, 1.92, 2.08, 1.52, 1.79, 1.44, 1.88, 1.99, 1.68, 1.52, 1.82, 2.74, 1.85, 1.68, 5.56, 7.48, 7.53, 7.24, 7.5, 7.17, 6.53, 5.85, 5.81, 6.78, 7.03, 6.49, 5.46, 5.51, 5.83, 5.21, 4.23, 4.65, 5.84, 6.495, 6.89, 6.968, 7.039, 6.985, 6.628, 5.909, 4.42, 2.8, 2.23, 1.19, 0.69, 0, 0.85, 0.87, 2.99, 4.29, 3.83, 4.05, 4.03, 3.63, 2.66, 2.09, 2.11, 2.38, 2.46], [8.6, 8.96, 9.28, 9.23, 8.07, 7.81, 6.72, 5.47, 5.27, 5.33, 4.96, 4.87, 5.38, 5.48, 5.29, 5.11, 4.99, 4.68, 4.33, 4.21, 4.37, 3.75, 4.07, 3.42, 3.14, 1.64, 1.32, 1.72, 1.63, 1.99, 1.71, 2.18, 1.81, 2.37, 2.46, 2.17, 1.95, 1.99, 2.49, 1.72, 1.53, 5.19, 7.13, 7.16, 6.85, 7.13, 6.78, 6.18, 5.5, 5.44, 6.41, 6.68, 6.12, 5.07, 5.12, 5.56, 4.96, 3.86, 4.26, 5.49, 6.128, 6.5, 6.595, 6.666, 6.618, 6.241, 5.536, 4.03, 2.51, 2.04, 1.42, 1.18, 0.85, 0, 0.82, 3.34, 4.54, 4.0, 4.26, 4.32, 3.86, 2.65, 2.06, 2.1, 2.29, 2.39], [8.4, 8.78, 9.12, 9.01, 7.87, 7.65, 6.56, 5.31, 5.11, 5.17, 4.8, 4.71, 5.22, 5.32, 5.13, 4.95, 4.83, 4.52, 4.17, 4.05, 4.21, 3.59, 3.95, 3.36, 3.0, 1.6, 1.28, 1.64, 1.59, 2.11, 1.59, 1.96, 1.61, 2.07, 2.2, 1.97, 1.77, 2.01, 2.71, 1.82, 1.79, 5.41, 7.37, 7.36, 7.07, 7.33, 6.98, 6.34, 5.68, 5.68, 6.63, 6.92, 6.3, 5.25, 5.3, 5.68, 5.08, 4.04, 4.56, 5.73, 6.317, 6.66, 6.77, 6.843, 6.81, 6.43, 5.733, 4.21, 2.65, 2.14, 1.36, 1.14, 0.87, 0.82, 0, 3.14, 4.38, 3.78, 4.16, 4.14, 3.7