[[0, 0.82, 1.19, 0.98, 1.31, 1.98, 2.37, 2.55, 2.81, 3.82, 3.54, 2.4, 3.84, 4.68, 4.62, 4.79, 4.83, 4.84, 5.26, 5.22, 5.05, 5.31, 6.3, 6.55, 7.51, 8.86, 9.27, 10.1, 11.26, 12.15, 13.0, 14.03, 14.44, 13.64, 12.82, 12.6, 12.42, 12.25, 12.55, 12.57, 13.23, 13.35, 12.67, 12.33, 12.83, 13.61, 14.54, 14.5, 13.17, 13.53, 15.02, 15.16, 15.91, 16.57, 16.41, 16.7, 16.05, 11.73, 8.07, 7.9, 7.53, 4.02, 2.63, 3.62, 4.0, 3.9, 4.05, 3.39, 2.86, 2.74, 2.43, 2.45, 2.53, 2.26, 2.05, 2.24, 2.5, 2.25, 1.86, 1.51, 1.95, 1.87, 1.54, 2.1, 1.48, 1.44], [0.82, 0, 0.95, 0.88, 1.21, 1.74, 2.21, 2.31, 2.61, 3.66, 3.38, 2.18, 3.56, 4.38, 4.34, 4.47, 4.55, 4.62, 5.0, 4.88, 4.77, 5.05, 6.14, 6.31, 7.25, 8.58, 8.99, 9.82, 10.96, 11.81, 12.68, 13.75, 14.16, 13.34, 12.52, 12.3, 12.14, 11.95, 12.19, 12.33, 12.97, 13.05, 12.41, 12.05, 12.53, 13.31, 14.28, 14.28, 12.91, 13.25, 14.72, 14.84, 15.57, 16.25, 16.11, 16.36, 15.69, 11.39, 7.79, 7.64, 7.19, 3.7, 2.47, 3.36, 3.7, 3.68, 3.77, 3.21, 2.76, 2.7, 2.45, 2.65, 2.69, 2.3, 2.13, 2.34, 2.34, 2.27, 1.66, 1.63, 2.11, 2.01, 1.6, 1.92, 1.48, 1.54], [1.19, 0.95, 0, 0.85, 1.04, 1.19, 1.5, 1.78, 2.06, 3.53, 3.47, 2.13, 3.09, 4.05, 3.97, 4.08, 4.06, 4.03, 4.49, 4.41, 4.3, 4.52, 5.59, 5.74, 6.64, 7.97, 8.38, 9.21, 10.37, 11.22, 12.11, 13.14, 13.55, 12.75, 11.87, 11.65, 11.53, 11.36, 11.62, 11.7, 12.34, 12.38, 11.72, 11.38, 11.88, 12.66, 13.63, 13.63, 12.26, 12.6, 14.09, 14.25, 15.0, 15.68, 15.5, 15.79, 15.12, 10.78, 7.1, 6.99, 6.6, 3.19, 2.14, 2.91, 3.17, 3.11, 3.14, 2.68, 2.45, 2.29, 2.24, 2.76, 3.06, 2.75, 2.32, 2.31, 2.15, 1.86, 1.61, 2.04, 2.78, 2.58, 1.87, 1.59, 1.49, 1.83], [0.98, 0.88, 0.85, 0, 0.67, 1.36, 1.85, 2.11, 2.45, 3.58, 3.42, 2.18, 3.36, 4.24, 4.24, 4.33, 4.45, 4.46, 4.9, 4.72, 4.63, 4.93, 5.98, 6.13, 7.03, 8.32, 8.73, 9.56, 10.76, 11.59, 12.5, 13.53, 13.94, 13.14, 12.28, 12.04, 11.88, 11.73, 12.01, 12.05, 12.77, 12.81, 12.09, 11.79, 12.29, 13.07, 14.04, 14.06, 12.67, 13.01, 14.42, 14.62, 15.37, 16.07, 15.87, 16.16, 15.49, 11.17, 7.53, 7.38, 6.97, 3.58, 2.45, 3.3, 3.68, 3.54, 3.51, 3.03, 2.5, 2.4, 2.09, 2.49, 2.65, 2.22, 1.97, 2.06, 2.18, 1.93, 1.6, 1.71, 2.29, 2.25, 1.68, 1.88, 1.32, 1.42], [1.31, 1.21, 1.04, 0.67, 0, 0.93, 1.42, 1.76, 2.1, 3.61, 3.61, 2.21, 3.15, 4.09, 4.03, 4.06, 4.3, 4.37, 4.81, 4.57, 4.2, 4.48, 5.53, 5.7, 6.74, 8.05, 8.48, 9.33, 10.49, 11.4, 12.25, 13.28, 13.69, 12.87, 12.11, 11.85, 11.61, 11.46, 11.8, 11.92, 12.62, 12.66, 11.94, 11.58, 12.16, 12.88, 13.93, 13.95, 12.56, 12.86, 14.21, 14.41, 15.16, 15.82, 15.68, 15.97, 15.36, 10.98, 7.32, 7.17, 6.78, 3.23, 2.4, 2.93, 3.29, 3.17, 3.34, 2.78, 2.29, 2.09, 1.9, 2.5, 2.7, 2.31, 2.0, 2.03, 2.17, 1.82, 1.57, 1.86, 2.44, 2.44, 1.59, 1.53, 1.25, 1.41], [1.98, 1.74, 1.19, 1.36, 0.93, 0, 0.79, 1.13, 1.95, 3.9, 3.92, 2.44, 2.94, 4.12, 3.96, 3.79, 3.85, 4.02, 4.46, 4.42, 3.71, 3.85, 4.82, 5.01, 5.99, 7.38, 7.79, 8.62, 9.84, 10.75, 11.58, 12.61, 13.02, 12.22, 11.42, 11.14, 10.94, 10.79, 11.13, 11.23, 11.93, 11.97, 11.27, 10.95, 11.47, 12.25, 13.24, 13.26, 11.87, 12.19, 13.56, 13.76, 14.49, 15.15, 15.05, 15.28, 14.63, 10.33, 6.69, 6.52, 6.11, 2.64, 2.27, 2.58, 2.58, 2.46, 2.71, 2.11, 1.82, 1.6, 1.99, 2.99, 3.19, 2.9, 2.57, 2.4, 2.14, 1.93, 1.84, 2.39, 3.15, 3.07, 2.16, 1.42, 1.58, 2.06], [2.37, 2.21, 1.5, 1.85, 1.42, 0.79, 0, 0.88, 1.78, 3.99, 4.09, 2.65, 3.03, 4.09, 3.97, 3.78, 3.78, 3.93, 4.37, 4.43, 3.58, 3.64, 4.35, 4.5, 5.62, 6.91, 7.36, 8.17, 9.41, 10.36, 11.21, 12.24, 12.63, 11.79, 11.01, 10.75, 10.55, 10.42, 10.76, 10.78, 11.5, 11.56, 10.84, 10.52, 11.04, 11.82, 12.77, 12.75, 11.4, 11.74, 13.17, 13.37, 14.12, 14.78, 14.62, 14.91, 14.26, 9.94, 6.28, 6.09, 5.74, 2.29, 2.2, 2.29, 2.25, 2.17, 2.4, 1.86, 1.79, 1.61, 2.1, 3.22, 3.46, 3.27, 2.78, 2.57, 2.11, 2.02, 1.95, 2.66, 3.616, 3.48, 2.49, 1.61, 1.91, 2.47], [2.55, 2.31, 1.78, 2.11, 1.76, 1.13, 0.88, 0, 1.5, 3.71, 3.83, 2.45, 2.71, 3.77, 3.63, 3.4, 3.42, 3.63, 4.01, 4.13, 3.16, 3.16, 4.01, 4.2, 5.22, 6.57, 7.0, 7.83, 9.07, 9.96, 10.83, 11.86, 12.25, 11.45, 10.61, 10.35, 10.17, 10.04, 10.36, 10.38, 11.1, 11.16, 10.44, 10.12, 10.64, 11.42, 12.37, 12.39, 11.0, 11.34, 12.77, 12.97, 13.72, 14.4, 14.22, 14.51, 13.86, 9.54, 5.88, 5.69, 5.34, 2.09, 2.06, 2.19, 2.17, 1.91, 2.1, 1.62, 1.71, 1.81, 2.32, 3.58, 3.82, 3.63, 3.12, 2.65, 2.19, 2.18, 2.09, 2.859, 3.836, 3.46, 2.49, 1.55, 1.95, 2.71], [2.81, 2.61, 2.06, 2.45, 2.1, 1.95, 1.78, 1.5, 0, 2.55, 2.67, 1.45, 1.83, 2.77, 2.73, 2.64, 2.7, 2.73, 3.15, 3.19, 2.7, 2.78, 3.75, 3.9, 4.8, 6.15, 6.6, 7.41, 8.65, 9.6, 10.45, 11.48, 11.87, 11.03, 10.25, 9.99, 9.79, 9.66, 10.0, 10.0, 10.7, 10.8, 10.08, 9.76, 10.28, 11.06, 12.01, 12.01, 10.64, 10.98, 12.41, 12.61, 13.36, 14.02, 13.86, 14.15, 13.5, 9.18, 5.52, 5.33, 4.98, 2.01, 1.84, 2.11, 2.03, 1.97, 2.12, 2.48, 2.91, 2.87, 3.0, 4.06, 4.32, 4.09, 3.58, 3.23, 2.91, 2.82, 2.69, 3.353, 4.191, 3.631, 2.621, 1.77, 2.25, 2.972], [3.82, 3.66, 3.53, 3.58, 3.61, 3.9, 3.99, 3.71, 2.55, 0, 1.62, 1.86, 1.74, 1.84, 1.94, 2.31, 2.33, 1.88, 2.16, 2.04, 2.59, 2.95, 3.84, 3.83, 4.53, 5.54, 5.91, 6.74, 7.82, 8.69, 9.56, 10.69, 11.02, 10.28, 9.4, 9.28, 8.98, 8.91, 9.31, 9.21, 9.89, 9.99, 9.21, 9.09, 9.39, 10.146, 11.131, 11.139, 9.761, 10.13, 11.52, 11.7, 12.55, 13.19, 13.01, 13.24, 12.61, 8.27, 5.03, 5.06, 4.75, 3.76, 3.89, 3.92, 4.4, 4.34, 4.15, 4.79, 5.22, 5.28, 5.25, 5.77, 5.81, 5.44, 5.23, 5.3, 5.1, 4.93, 4.36, 4.47, 5.129, 4.569, 3.9, 3.58, 3.64, 4.04], [3.54, 3.38, 3.47, 3.42, 3.61, 3.92, 4.09, 3.83, 2.67, 1.62, 0, 1.68, 2.3, 2.68, 2.5, 2.81, 2.83, 2.7, 3.08, 3.02, 3.29, 3.61, 4.58, 4.73, 5.53, 6.76, 7.17, 8.0, 9.06, 9.89, 10.8, 11.89, 12.28, 11.46, 10.66, 10.48, 10.3, 10.15, 10.39, 10.41, 11.09, 11.21, 10.51, 10.23, 10.57, 11.35, 12.3, 12.3, 10.93, 11.29, 12.84, 12.92, 13.67, 14.37, 14.21, 14.46, 13.79, 9.47, 5.87, 5.82, 5.81, 3.98, 3.95, 4.24, 4.54, 4.5, 4.23, 4.85, 5.38, 5.44, 5.41, 5.77, 5.73, 5.26, 5.19, 5.32, 5.14, 5.07, 4.42, 4.21, 4.27, 3.97, 4.02, 3.72, 3.5, 3.68], [2.4, 2.18, 2.13, 2.18, 2.21, 2.44, 2.65, 2.45, 1.45, 1.86, 1.68, 0, 1.88, 2.7, 2.68, 2.85, 2.99, 3.0, 3.38, 3.2, 3.21, 3.49, 4.56, 4.73, 5.65, 6.92, 7.33, 8.16, 9.3, 10.13, 11.04, 12.07, 12.48, 11.68, 10.82, 10.64, 10.48, 10.31, 10.57, 10.65, 11.35, 11.37, 10.69, 10.37, 10.83, 11.61, 12.6, 12.62, 11.23, 11.55, 13.0, 13.16, 13.89, 14.61, 14.43, 14.68, 14.01, 9.69, 6.09, 5.94, 5.49, 2.66, 2.65, 2.96, 3.1, 3.1, 2.87, 3.41, 3.86, 3.88, 3.89, 4.41, 4.47, 4.06, 3.93, 4.0, 3.82, 3.63, 3.08, 3.13, 3.626, 3.066, 2.54, 2.18, 2.22, 2.62], [3.84, 3.56, 3.09, 3.36, 3.15, 2.94, 3.03, 2.71, 1.83, 1.74, 2.3, 1.88, 0, 1.4, 1.26, 1.41, 1.45, 1.42, 1.8, 1.68, 1.67, 2.05, 3.02, 3.07, 3.93, 5.16, 5.59, 6.44, 7.54, 8.39, 9.28, 10.31, 10.72, 9.94, 9.16, 8.96, 8.66, 8.55, 8.83, 8.95, 9.67, 9.73, 8.99, 8.65, 9.19, 9.89, 10.96, 10.98, 9.59, 9.89, 11.28, 11.42, 12.15, 12.87, 12.73, 13.0, 12.39, 7.97, 4.39, 4.34, 3.85, 2.7, 3.27, 3.22, 3.5, 3.36, 3.09, 3.75, 4.16, 4.24, 4.47, 5.27, 5.59, 5.26, 4.91, 4.8, 4.5, 4.39, 4.1, 4.57, 5.241, 4.681, 3.72, 2.86, 3.34, 4.088], [4.68, 4.38, 4.05, 4.24, 4.09, 4.12, 4.09, 3.77, 2.77, 1.84, 2.68, 2.7, 1.4, 0, 0.8, 0.95, 1.13, 1.12, 1.44, 1.2, 1.27, 1.63, 2.38, 2.37, 3.23, 4.52, 4.95, 5.8, 6.88, 7.69, 8.6, 9.65, 10.06, 9.28, 8.46, 8.22, 8.02, 7.83, 8.07, 8.27, 9.01, 8.89, 8.21, 7.81, 8.35, 9.05, 10.12, 10.14, 8.75, 9.05, 10.56, 10.74, 11.43, 12.19, 11.93, 12.26, 11.61, 7.17, 3.95, 4.16, 4.43, 3.7, 4.27, 4.24, 4.56, 4.42, 4.09, 4.71, 5.24, 5.3, 5.51, 6.15, 6.41, 6.08, 5.73, 5.66, 5.48, 5.35, 4.84, 5.35, 6.101, 5.521, 4.56, 3.8, 4.32, 4.928], [4.62, 4.34, 3.97, 4.24, 4.03, 3.96, 3.97, 3.63, 2.73, 1.94, 2.5, 2.68, 1.26, 0.8, 0, 0.77, 0.91, 1.18, 1.6, 1.24, 1.27, 1.63, 2.36, 2.47, 3.21, 4.44, 4.87, 5.72, 6.76, 7.59, 8.48, 9.55, 9.96, 9.16, 8.36, 8.16, 7.94, 7.77, 7.99, 8.23, 8.91, 8.91, 8.25, 7.87, 8.39, 9.09, 10.16, 10.18, 8.79, 9.09, 10.54, 10.64, 11.37, 12.07, 11.93, 12.22, 11.59, 7.15, 3.87, 4.02, 4.27, 3.56, 4.17, 4.12, 4.42, 4.28, 3.95, 4.65, 5.1, 5.16, 5.41, 6.15, 6.37, 6.08, 5.69, 5.58, 5.38, 5.27, 4.84, 5.29, 6.061, 5.461, 4.52, 3.7, 4.22, 4.971], [4.79, 4.47, 4.08, 4.33, 4.06, 3.79, 3.78, 3.4, 2.64, 2.31, 2.81, 2.85, 1.41, 0.95, 0.77, 0, 0.8, 1.33, 1.69, 1.35, 1.08, 1.28, 2.01, 2.14, 3.0, 4.29, 4.72, 5.57, 6.65, 7.46, 8.37, 9.42, 9.83, 9.05, 8.23, 7.99, 7.79, 7.6, 7.84, 8.06, 8.8, 8.72, 8.06, 7.64, 8.22, 8.92, 9.99, 10.01, 8.62, 8.92, 10.33, 10.51, 11.2, 11.96, 11.76, 12.05, 11.42, 6.98, 3.84, 4.05, 4.3, 3.33, 4.04, 3.99, 4.21, 4.07, 3.72, 4.4, 4.83, 4.95, 5.22, 6.12, 6.38, 6.09, 5.68, 5.53, 5.29, 5.2, 4.87, 5.44, 6.211, 5.631, 4.621, 3.71, 4.25, 5.061], [4.83, 4.55, 4.06, 4.45, 4.3, 3.85, 3.78, 3.42, 2.7, 2.33, 2.83, 2.99, 1.45, 1.13, 0.91, 0.8, 0, 0.89, 1.31, 1.51, 1.4, 1.66, 2.31, 2.4, 3.22, 4.53, 4.94, 5.77, 6.91, 7.7, 8.61, 9.7, 10.11, 9.29, 8.43, 8.21, 8.09, 7.9, 8.08, 8.2, 8.92, 8.82, 8.12, 7.82, 8.18, 8.86, 9.81, 9.79, 8.5, 8.8, 10.61, 10.75, 11.44, 12.2, 11.86, 12.19, 11.48, 7.08, 3.98, 4.11, 4.22, 3.49, 4.16, 4.03, 4.29, 4.13, 3.78, 4.36, 4.89, 5.09, 5.4, 6.34, 6.64, 6.41, 5.98, 5.75, 5.43, 5.38, 5.09, 5.68, 6.476, 5.876, 4.906, 3.91, 4.446, 5.272], [4.84, 4.62, 4.03, 4.46, 4.37, 4.02, 3.93, 3.63, 2.73, 1.88, 2.7, 3.0, 1.42, 1.12, 1.18, 1.33, 0.89, 0, 0.84, 1.26, 1.63, 1.91, 2.56, 2.59, 3.31, 4.5, 4.91, 5.74, 6.84, 7.63, 8.54, 9.65, 10.04, 9.22, 8.38, 8.2, 8.04, 7.87, 8.07, 8.13, 8.85, 8.81, 8.09, 7.83, 8.11, 8.79, 9.74, 9.72, 8.41, 8.73, 10.56, 10.68, 11.37, 12.13, 11.81, 12.12, 11.41, 7.01, 3.99, 4.16, 4.13, 3.68, 4.15, 4.1, 4.44, 4.3, 3.97, 4.47, 5.1, 5.24, 5.51, 6.47, 6.79, 6.5, 6.03, 5.82, 5.42, 5.33, 5.22, 5.73, 6.546, 5.966, 5.0, 4.0, 4.54, 5.333], [5.26, 5.0, 4.49, 4.9, 4.81, 4.46, 4.37, 4.01, 3.15, 2.16, 3.08, 3.38, 1.8, 1.44, 1.6, 1.69, 1.31, 0.84, 0, 0.9, 1.75, 2.13, 2.72, 2.75, 3.25, 4.24, 4.65, 5.46, 6.5, 7.29, 8.2, 9.35, 9.72, 8.9, 8.1, 7.94, 7.76, 7.61, 7.81, 7.83, 8.51, 8.53, 7.81, 7.59, 7.77, 8.47, 9.38, 9.38, 8.05, 8.41, 10.28, 10.34, 11.03, 11.79, 11.53, 11.78, 11.07, 6.69, 4.31, 4.5, 4.41, 4.08, 4.61, 4.54, 4.84, 4.7, 4.37, 4.87, 5.52, 5.66, 5.95, 6.89, 7.23, 6.94, 6.45, 6.26, 5.92, 5.83, 5.66, 6.17, 6.883, 6.363, 5.4, 4.42, 4.96, 5.7], [5.22, 4.88, 4.41, 4.72, 4.57, 4.42, 4.43, 4.13, 3.19, 2.04, 3.02, 3.2, 1.68, 1.2, 1.24, 1.35, 1.51, 1.26, 0.9, 0, 1.53, 1.87, 2.44, 2.41, 2.95, 3.92, 4.37, 5.2, 6.22, 7.03, 7.94, 9.05, 9.4, 8.6, 7.84, 7.7, 7.42, 7.29, 7.53, 7.63, 8.33, 8.37, 7.71, 7.37, 7.77, 8.49, 9.54, 9.56, 8.17, 8.49, 9.94, 10.06, 10.79, 11.51, 11.33, 11.58, 10.95, 6.59, 4.15, 4.32, 4.35, 4.06, 4.59, 4.56, 4.86, 4.76, 4.39, 5.11, 5.6, 5.62, 5.91, 6.63, 6.93, 6.64, 6.27, 6.14, 5.86, 5.75, 5.42, 5.91, 6.695, 6.115, 5.18, 4.32, 4.78, 5.511], [5.05, 4.77, 4.3, 4.63, 4.2, 3.71, 3.58, 3.16, 2.7, 2.59, 3.29, 3.21, 1.67, 1.27, 1.27, 1.08, 1.4, 1.63, 1.75, 1.53, 0, 0.76, 1.61, 1.7, 2.72, 3.99, 4.44, 5.33, 6.43, 7.42, 8.19, 9.26, 9.67, 8.89, 8.15, 7.91, 7.57, 7.46, 7.8, 8.0, 8.7, 8.74, 8.02, 7.66, 8.24, 8.94, 10.01, 10.03, 8.64, 8.94, 10.27, 10.45, 11.14, 11.8, 11.76, 12.01, 11.4, 7.0, 3.78, 3.91, 4.16, 3.25, 3.84, 3.69, 3.91, 3.77, 3.8, 4.26, 4.57, 4.57, 4.88, 5.96, 6.26, 5.99, 5.54, 5.29, 4.91, 4.86, 4.65, 5.294, 6.211, 5.611, 4.581, 3.541, 4.231, 5.082], [5.31, 5.05, 4.52, 4.93, 4.48, 3.85, 3.64, 3.16, 2.78, 2.95, 3.61, 3.49, 2.05, 1.63, 1.63, 1.28, 1.66, 1.91, 2.13, 1.87, 0.76, 0, 1.31, 1.64, 2.72, 3.95, 4.42, 5.29, 6.39, 7.44, 8.21, 9.28, 9.69, 8.85, 8.15, 7.91, 7.59, 7.46, 7.82, 8.0, 8.7, 8.74, 8.02, 7.66, 8.24, 8.94, 10.01, 10.03, 8.64, 8.94, 10.27, 10.45, 11.16, 11.8, 11.76, 12.01, 11.4, 7.02, 3.74, 3.87, 4.2, 3.41, 3.88, 3.71, 3.87, 3.73, 3.9, 4.32, 4.51, 4.39, 4.8, 5.94, 6.24, 6.01, 5.5, 5.19, 4.77, 4.7, 4.59, 5.26, 6.258, 5.628, 4.638, 3.57, 4.37, 5.205], [6.3, 6.14, 5.59, 5.98, 5.53, 4.82, 4.35, 4.01, 3.75, 3.84, 4.58, 4.56, 3.02, 2.38, 2.36, 2.01, 2.31, 2.56, 2.72, 2.44, 1.61, 1.31, 0, 0.97, 1.85, 3.08, 3.43, 4.26, 5.46, 6.41, 7.26, 8.29, 8.68, 7.84, 7.08, 6.84, 6.6, 6.47, 6.81, 6.87, 7.59, 7.65, 6.91, 6.57, 7.13, 7.89, 8.86, 8.88, 7.49, 7.81, 9.22, 9.42, 10.17, 10.83, 10.67, 10.96, 10.35, 5.99, 3.41, 3.52, 3.95, 4.04, 4.65, 4.3, 4.36, 4.22, 4.43, 4.73, 4.96, 5.02, 5.83, 7.09, 7.31, 7.1, 6.65, 6.24, 5.58, 5.63, 5.62, 6.408, 7.428, 6.808, 5.755, 4.778, 5.561, 6.395], [6.55, 6.31, 5.74, 6.13, 5.7, 5.01, 4.5, 4.2, 3.9, 3.83, 4.73, 4.73, 3.07, 2.37, 2.47, 2.14, 2.4, 2.59, 2.75, 2.41, 1.7, 1.64, 0.97, 0, 1.52, 2.61, 2.94, 3.77, 4.97, 5.92, 6.77, 7.8, 8.19, 7.35, 6.59, 6.35, 6.11, 6.0, 6.32, 6.44, 7.12, 7.16, 6.46, 6.1, 6.7, 7.46, 8.45, 8.47, 7.1, 7.36, 8.73, 8.97, 9.72, 10.36, 10.2, 10.47, 9.86, 5.5, 2.92, 3.13, 3.78, 3.87, 4.6, 4.17, 4.33, 4.19, 4.24, 4.74, 5.07, 5.33, 6.22, 7.52, 7.74, 7.53, 7.06, 6.53, 5.87, 5.94, 5.915, 6.765, 7.782, 7.182, 6.132, 5.052, 5.785, 6.622], [7.51, 7.25, 6.64, 7.03, 6.74, 5.99, 5.62, 5.22, 4.8, 4.53, 5.53, 5.65, 3.93, 3.23, 3.21, 3.0, 3.22, 3.31, 3.25, 2.95, 2.72, 2.72, 1.85, 1.52, 0, 1.63, 1.88, 2.69, 3.93, 4.84, 5.69, 6.72, 7.11, 6.31, 5.49, 5.23, 5.03, 4.94, 5.26, 5.34, 5.98, 6.06, 5.4, 5.06, 5.62, 6.42, 7.35, 7.35, 6.0, 6.3, 7.67, 7.91, 8.66, 9.3, 9.16, 9.41, 8.74, 4.42, 3.14, 3.35, 3.82, 4.53, 5.24, 4.69, 4.87, 4.79, 4.6, 5.1, 5.69, 6.19, 7.14, 8.66, 8.88, 8.67, 8.179, 7.395, 6.79, 6.928, 6.983, 7.873, 8.891, 8.311, 7.261, 6.141, 6.844, 7.713], [8.86, 8.58, 7.97, 8.32, 8.05, 7.38, 6.91, 6.57, 6.15, 5.54, 6.76, 6.92, 5.16, 4.52, 4.44, 4.29, 4.53, 4.5, 4.24, 3.92, 3.99, 3.95, 3.08, 2.61, 1.63, 0, 0.83, 1.44, 2.6, 3.53, 4.3, 5.39, 5.78, 4.98, 4.2, 4.06, 3.68, 3.69, 4.07, 4.11, 4.77, 4.81, 4.09, 3.89, 4.33, 5.09, 6.08, 6.12, 4.75, 4.99, 6.36, 6.58, 7.33, 7.93, 7.85, 8.06, 7.45, 3.39, 3.13, 3.4, 3.81, 5.16, 6.41, 5.54, 5.44, 5.44, 5.17, 5.85, 6.66, 7.26, 8.33, 9.89, 10.11, 9.9, 9.421, 8.636, 7.856, 8.069, 8.225, 9.115, 10.132, 9.552, 8.502, 7.382, 8.066, 8.943], [9.27, 8.99, 8.38, 8.73, 8.48, 7.79, 7.36, 7.0, 6.6, 5.91, 7.17, 7.33, 5.59, 4.95, 4.87, 4.72, 4.94, 4.91, 4.65, 4.37, 4.44, 4.42, 3.43, 2.94, 1.88, 0.83, 0, 1.03, 2.17, 3.1, 3.87, 4.92, 5.35, 4.53, 3.73, 3.59, 3.25, 3.26, 3.66, 3.68, 4.32, 4.34, 3.66, 3.48, 3.96, 4.68, 5.65, 5.69, 4.32, 4.58, 5.95, 6.19, 6.92, 7.52, 7.42, 7.65, 6.98, 3.02, 2.9, 3.21, 3.72, 5.43, 6.82, 5.87, 5.67, 5.67, 5.38, 6.16, 7.01, 7.73, 8.8, 10.36, 10.58, 10.37, 9.888, 9.103, 8.323, 8.536, 8.692, 9.582, 10.599, 10.019, 8.969, 7.849, 8.536, 9.393], [10.1, 9.82, 9.21, 9.56, 9.33, 8.62, 8.17, 7.83, 7.41, 6.74, 8.0, 8.16, 6.44, 5.8, 5.72, 5.57, 5.77, 5.74, 5.46, 5.2, 5.33, 5.29, 4.26, 3.77, 2.69, 1.44, 1.03, 0, 1.32, 2.23, 3.04, 4.07, 4.48, 3.66, 2.88, 2.72, 2.38, 2.39, 2.81, 2.77, 3.43, 3.47, 2.87, 2.59, 3.07, 3.85, 4.76, 4.8, 3.45, 3.71, 5.08, 5.3, 6.03, 6.67, 6.55, 6.78, 6.11, 2.57, 2.85, 3.04, 3.59, 6.28, 7.65, 6.68, 6.44, 6.42, 6.23, 6.97, 7.86, 8.6, 9.67, 11.23, 11.45, 11.24, 10.755, 9.971, 9.191, 9.403, 9.559, 10.449, 11.466, 10.886, 9.836, 8.716, 9.4, 10.257], [11.26, 10.96, 10.37, 10.76, 10.49, 9.84, 9.41, 9.07, 8.65, 7.82, 9.06, 9.3, 7.54, 6.88, 6.76, 6.65, 6.91, 6.84, 6.5, 6.22, 6.43, 6.39, 5.46, 4.97, 3.93, 2.6, 2.17, 1.32, 0, 1.33, 2.08, 3.21, 3.6, 2.8, 2.22, 2.18, 1.9, 1.77, 2.19, 2.23, 2.59, 2.71, 2.47, 2.01, 2.39, 2.93, 3.82, 3.76, 2.87, 3.23, 4.3, 4.3, 5.17, 5.69, 5.75, 5.68, 5.03, 2.09, 3.33, 3.58, 3.89, 7.36, 8.89, 7.92, 7.68, 7.64, 7.35, 8.19, 9.06, 9.72, 10.75, 12.31, 12.53, 12.32, 11.849, 11.065, 10.285, 10.498, 10.654, 11.544, 12.561, 11.981, 10.931, 9.811, 10.529, 11.426], [12.15, 11.81, 11.22, 11.59, 11.4, 10.75, 10.36, 9.96, 9.6, 8.69, 9.89, 10.13, 8.39, 7.69, 7.59, 7.46, 7.7, 7.63, 7.29, 7.03, 7.42, 7.44, 6.41, 5.92, 4.84, 3.53, 3.1, 2.23, 1.33, 0, 1.23, 2.24, 2.67, 1.95, 1.53, 1.41, 1.23, 1.18, 1.42, 1.26, 1.54, 1.8, 1.74, 1.3, 1.6, 2.24, 2.99, 2.93, 2.26, 2.42, 3.33, 3.27, 4.12, 4.74, 4.6, 4.75, 4.08, 1.48, 4.14, 4.31, 4.74, 8.21, 9.84, 8.87, 8.65, 8.59, 8.14, 9.02, 9.95, 10.77, 11.78, 13.34, 13.56, 13.35, 12.88, 12.098, 11.318, 11.531, 11.687, 12.577, 13.594, 13.014, 11.964, 10.844, 11.564, 12.461], [13.0, 12.68, 12.11, 12.5, 12.25, 11.58, 11.21, 10.83, 10.45, 9.56, 10.8, 11.04, 9.28, 8.6, 8.48, 8.37, 8.61, 8.54, 8.2, 7.94, 8.19, 8.21, 7.26, 6.77, 5.69, 4.3, 3.87, 3.04, 2.08, 1.23, 0, 1.33, 1.78, 1.1, 1.0, 0.98, 0.82, 0.99, 1.03, 0.93, 0.99, 1.19, 1.37, 1.49, 1.39, 1.75, 2.42, 2.34, 2.01, 2.01, 2.52, 2.5, 3.19, 3.83, 3.83, 3.92, 3.29, 2.07, 5.03, 5.16, 5.67, 9.08, 10.67, 9.72, 9.48, 9.44, 9.05, 9.93, 10.8, 11.54, 12.49, 14.05, 14.27, 14.06, 13.59, 12.817, 12.037, 12.25, 12.406, 13.296, 14.313, 13.733, 12.683, 11.563, 12.346, 13.243], [14.03, 13.75, 13.14, 13.53, 13.28, 12.61, 12.24, 11.86, 11.48, 10.69, 11.89, 12.07, 10.31, 9.65, 9.55, 9.42, 9.7, 9.65, 9.35, 9.05, 9.26, 9.28, 8.29, 7.8, 6.72, 5.39, 4.92, 4.07, 3.21, 2.24, 1.33, 0, 0.99, 0.77, 1.47, 1.59, 1.75, 1.84, 1.62, 1.64, 1.16, 1.02, 1.74, 1.96, 1.92, 1.92, 2.23, 2.35, 2.32, 1.8, 1.81, 1.77, 2.14, 2.76, 2.74, 2.93, 2.28, 2.98, 6.1, 6.27, 6.88, 10.13, 11.7, 10.75, 10.51, 10.47, 10.1, 10.96, 11.83, 12.61, 13.58, 15.14, 15.36, 15.15, 14.68, 13.904, 13.124, 13.337, 13.493, 14.383, 15.4, 14.82, 13.77, 12.65, 13.41, 14.307], [14.44, 14.16, 13.55, 13.94, 13.69, 13.02, 12.63, 12.25, 11.87, 11.02, 12.28, 12.48, 10.72, 10.06, 9.96, 9.83, 10.11, 10.04, 9.72, 9.4, 9.67, 9.69, 8.68, 8.19, 7.11, 5.78, 5.35, 4.48, 3.6, 2.67, 1.78, 0.99, 0, 1.06, 1.86, 2.04, 2.14, 2.35, 2.13, 2.11, 1.59, 1.55, 2.09, 2.39, 2.17, 1.93, 2.06, 2.28, 2.37, 1.67, 1.2, 1.16, 1.91, 2.41, 2.35, 2.46, 1.81, 3.23, 6.47, 6.58, 7.15, 10.54, 12.09, 11.14, 10.9, 10.86, 10.51, 11.37, 12.24, 13.02, 14.05, 15.61, 15.83, 15.62, 15.149, 14.365, 13.585, 13.798, 13.954, 14.844, 15.861, 15.281, 14.231, 13.111, 13.817, 14.714], [13.64, 13.34, 12.75, 13.14, 12.87, 12.22, 11.79, 11.45, 11.03, 10.28, 11.46, 11.68, 9.94, 9.28, 9.16, 9.05, 9.29, 9.22, 8.9, 8.6, 8.89, 8.85, 7.84, 7.35, 6.31, 4.98, 4.53, 3.66, 2.8, 1.95, 1.1, 0.77, 1.06, 0, 1.14, 1.26, 1.38, 1.49, 1.33, 1.35, 1.07, 0.89, 1.49, 1.77, 1.69, 1.75, 2.24, 2.3, 2.17, 1.65, 1.92, 1.94, 2.57, 3.15, 3.09, 3.26, 2.63, 2.57, 5.69, 5.8, 6.45, 9.76, 11.27, 10.3, 10.06, 10.02, 9.71, 10.57, 11.44, 12.18, 13.23, 14.79, 15.01, 14.8, 14.326, 13.542, 12.762, 12.975, 13.131, 14.021, 15.038, 14.458, 13.408, 12.288, 12.977, 13.874], [12.82, 12.52, 11.87, 12.28, 12.11, 11.42, 11.01, 10.61, 10.25, 9.4, 10.66, 10.82, 9.16, 8.46, 8.36, 8.23, 8.43, 8.38, 8.1, 7.84, 8.15, 8.15, 7.08, 6.59, 5.49, 4.2, 3.73, 2.88, 2.22, 1.53, 1.0, 1.47, 1.86, 1.14, 0, 0.72, 0.88, 1.05, 1.27, 1.25, 1.09, 0.95, 1.19, 1.57, 1.71, 1.89, 2.42, 2.42, 2.23, 1.95, 2.54, 2.72, 3.43, 4.03, 3.89, 4.02, 3.35, 2.29, 4.93, 5.06, 5.69, 9.0, 10.49, 9.52, 9.3, 9.24, 8.89, 9.69, 10.62, 11.46, 12.53, 14.09, 14.31, 14.1, 13.618, 12.833, 12.053, 12.266, 12.422, 13.312, 14.329, 13.749, 12.699, 11.579, 12.254, 13.111], [12.6, 12.3, 11.65, 12.04, 11.85, 11.14, 10.75, 10.35, 9.99, 9.28, 10.48, 10.64, 8.96, 8.22, 8.16, 7.99, 8.21, 8.2, 7.94, 7.7, 7.91, 7.91, 6.84, 6.35, 5.23, 4.06, 3.59, 2.72, 2.18, 1.41, 0.98, 1.59, 2.04, 1.26, 0.72, 0, 0.76, 0.75, 0.99, 1.03, 1.07, 0.91, 1.03, 1.27, 1.47, 1.87, 2.52, 2.56, 2.19, 1.85, 2.54, 2.84, 3.55, 4.21, 4.01, 4.28, 3.57, 2.19, 4.79, 4.94, 5.65, 8.76, 10.23, 9.26, 9.04, 9.0, 8.67, 9.41, 10.36, 11.22, 12.29, 13.85, 14.07, 13.86, 13.375, 12.591, 11.811, 12.023, 12.179, 13.069, 14.086, 13.506, 12.456, 11.336, 12.014, 12.871], [12.42, 12.14, 11.53, 11.88, 11.61, 10.94, 10.55, 10.17, 9.79, 8.98, 10.3, 10.48, 8.66, 8.02, 7.94, 7.79, 8.09, 8.04, 7.76, 7.42, 7.57, 7.59, 6.6, 6.11, 5.03, 3.68, 3.25, 2.38, 1.9, 1.23, 0.82, 1.75, 2.14, 1.38, 0.88, 0.76, 0, 0.77, 1.19, 1.17, 1.25, 1.35, 1.27, 1.53, 1.71, 2.03, 2.78, 2.76, 2.35, 2.21, 2.82, 3.0, 3.73, 4.33, 4.25, 4.48, 3.83, 2.05, 4.53, 4.64, 5.29, 8.5, 10.01, 9.06, 8.82, 8.78, 8.47, 9.29, 10.16, 10.92, 11.95, 13.51, 13.73, 13.52, 13.049, 12.265, 11.485, 11.698, 11.854, 12.744, 13.761, 13.181, 12.131, 11.011, 11.72, 12.617], [12.25, 11.95, 11.36, 11.73, 11.46, 10.79, 10.42, 10.04, 9.66, 8.91, 10.15, 10.31, 8.55, 7.83, 7.77, 7.6, 7.9, 7.87, 7.61, 7.29, 7.46, 7.46, 6.47, 6.0, 4.94, 3.69, 3.26, 2.39, 1.77, 1.18, 0.99, 1.84, 2.35, 1.49, 1.05, 0.75, 0.77, 0, 0.78, 0.94, 1.34, 1.32, 1.16, 1.2, 1.52, 1.86, 2.73, 2.63, 2.04, 1.96, 2.91, 3.07, 3.76, 4.36, 4.32, 4.57, 3.94, 1.94, 4.44, 4.55, 5.2, 8.33, 9.9, 8.95, 8.71, 8.67, 8.32, 9.16, 10.01, 10.79, 11.84, 13.4, 13.62, 13.41, 12.936, 12.152, 11.372, 11.585, 11.741, 12.631, 13.648, 13.068, 12.018, 10.898, 11.59, 12.487], [12.55, 12.19, 11.62, 12.01, 11.8, 11.13, 10.76, 10.36, 10.0, 9.31, 10.39, 10.57, 8.83, 8.07, 7.99, 7.84, 8.08, 8.07, 7.81, 7.53, 7.8, 7.82, 6.81, 6.32, 5.26, 4.07, 3.66, 2.81, 2.19, 1.42, 1.03, 1.62, 2.13, 1.33, 1.27, 0.99, 1.19, 0.78, 0, 0.8, 1.3, 1.04, 1.02, 1.14, 1.22, 1.48, 2.35, 2.33, 1.5, 1.5, 2.65, 2.85, 3.44, 4.18, 3.98, 4.23, 3.6, 1.76, 4.7, 4.87, 5.48, 8.59, 10.22, 9.27, 9.03, 8.99, 8.56, 9.44, 10.35, 11.15, 12.18, 13.74, 13.96, 13.75, 13.279, 12.495, 11.715, 11.928, 12.084, 12.974, 13.991, 13.411, 12.361, 11.241, 11.947, 12.844], [12.57, 12.33, 11.7, 12.05, 11.92, 11.23, 10.78, 10.38, 10.0, 9.21, 10.41, 10.65, 8.95, 8.27, 8.23, 8.06, 8.2, 8.13, 7.83, 7.63, 8.0, 8.0, 6.87, 6.44, 5.34, 4.11, 3.68, 2.77, 2.23, 1.26, 0.93, 1.64, 2.11, 1.35, 1.25, 1.03, 1.17, 0.94, 0.8, 0, 1.06, 1.08, 1.06, 1.16, 1.2, 1.56, 2.09, 2.25, 1.64, 1.76, 2.59, 2.75, 3.48, 4.08, 3.9, 4.21, 3.54, 1.88, 4.82, 4.87, 5.58, 8.81, 10.32, 9.35, 9.13, 9.07, 8.7, 9.44, 10.41, 11.31, 12.38, 13.94, 14.16, 13.95, 13.462, 12.678, 11.898, 12.111, 12.266, 13.156, 14.173, 13.593, 12.543, 11.423, 12.083, 12.952], [13.23, 12.97, 12.34, 12.77, 12.62, 11.93, 11.5, 11.1, 10.7, 9.89, 11.09, 11.35, 9.67, 9.01, 8.91, 8.8, 8.92, 8.85, 8.51, 8.33, 8.7, 8.7, 7.59, 7.12, 5.98, 4.77, 4.32, 3.43, 2.59, 1.54, 0.99, 1.16, 1.59, 1.07, 1.09, 1.07, 1.25, 1.34, 1.3, 1.06, 0, 0.98, 1.38, 1.44, 1.28, 1.58, 2.09, 2.03, 1.94, 1.8, 2.39, 2.31, 3.02, 3.52, 3.38, 3.53, 2.9, 2.34, 5.42, 5.49, 6.14, 9.53, 10.96, 9.99, 9.77, 9.75, 9.4, 10.18, 11.11, 12.01, 13.08, 14.64, 14.86, 14.65, 14.156, 13.372, 12.592, 12.805, 12.961, 13.851, 14.868, 14.288, 13.238, 12.118, 12.798, 13.655], [13.35, 13.05, 12.38, 12.81, 12.66, 11.97, 11.56, 11.16, 10.8, 9.99, 11.21, 11.37, 9.73, 8.89, 8.91, 8.72, 8.82, 8.81, 8.53, 8.37, 8.74, 8.74, 7.65, 7.16, 6.06, 4.81, 4.34, 3.47, 2.71, 1.8, 1.19, 1.02, 1.55, 0.89, 0.95, 0.91, 1.35, 1.32, 1.04, 1.08, 0.98, 0, 1.06, 1.38, 1.26, 1.36, 1.87, 1.89, 1.8, 1.34, 2.01, 2.21, 2.98, 3.6, 3.36, 3.57, 2.82, 2.3, 5.5, 5.67, 6.28, 9.53, 11.06, 10.09, 9.87, 9.81, 9.38, 10.16, 11.17, 12.05, 13.12, 14.68, 14.9, 14.69, 14.205, 13.421, 12.641, 12.853, 13.009, 13.899, 14.916, 14.336, 13.286, 12.166, 12.841, 13.698], [12.67, 12.41, 11.72, 12.09, 11.94, 11.27, 10.84, 10.44, 10.08, 9.21, 10.51, 10.69, 8.99, 8.21, 8.25, 8.06, 8.12, 8.09, 7.81, 7.71, 8.02, 8.02, 6.91, 6.46, 5.4, 4.09, 3.66, 2.87, 2.47, 1.74, 1.37, 1.74, 2.09, 1.49, 1.19, 1.03, 1.27, 1.16, 1.02, 1.06, 1.38, 1.06, 0, 1.24, 1.1, 1.14, 2.09, 2.21, 1.6, 1.32, 2.53, 2.79, 3.6, 4.24, 3.98, 4.23, 3.56, 1.74, 4.84, 4.97, 5.56, 8.87, 10.38, 9.41, 9.19, 9.09, 8.72, 9.4, 10.43, 11.33, 12.4, 13.96, 14.18, 13.97, 13.488, 12.703, 11.923, 12.136, 12.292, 13.182, 14.199, 13.619, 12.569, 11.449, 12.118, 12.975], [12.33, 12.05, 11.38, 11.79, 11.58, 10.95, 10.52, 10.12, 9.76, 9.09, 10.23, 10.37, 8.65, 7.81, 7.87, 7.64, 7.82, 7.83, 7.59, 7.37, 7.66, 7.66, 6.57, 6.1, 5.06, 3.89, 3.48, 2.59, 2.01, 1.3, 1.49, 1.96, 2.39, 1.77, 1.57, 1.27, 1.53, 1.2, 1.14, 1.16, 1.44, 1.38, 1.24, 0, 1.04, 1.82, 2.59, 2.61, 2.06, 1.96, 2.89, 3.11, 3.8, 4.48, 4.18, 4.51, 3.88, 1.82, 4.54, 4.71, 5.38, 8.45, 10.04, 9.07, 8.85, 8.75, 8.3, 9.1, 10.11, 10.97, 12.04, 13.6, 13.82, 13.61, 13.133, 12.349, 11.569, 11.782, 11.938, 12.828, 13.845, 13.265, 12.215, 11.095, 11.758, 12.655], [12.83, 12.53, 11.88, 12.29, 12.16, 11.47, 11.04, 10.64, 10.28, 9.39, 10.57, 10.83, 9.19, 8.35, 8.39, 8.22, 8.18, 8.11, 7.77, 7.77, 8.24, 8.24, 7.13, 6.7, 5.62, 4.33, 3.96, 3.07, 2.39, 1.6, 1.39, 1.92, 2.17, 1.69, 1.71, 1.47, 1.71, 1.52, 1.22, 1.2, 1.28, 1.26, 1.1, 1.04, 0, 1.14, 1.91, 1.97, 1.38, 1.42, 2.75, 2.77, 3.54, 4.24, 3.98, 4.05, 3.3, 1.5, 4.94, 5.03, 5.5, 9.07, 10.6, 9.63, 9.41, 9.33, 8.92, 9.62, 10.65, 11.57, 12.62, 14.18, 14.4, 14.19, 13.705, 12.921, 12.141, 12.353, 12.509, 13.399, 14.416, 13.836, 12.786, 11.666, 12.338, 13.195], [13.61, 13.31, 12.66, 13.07, 12.88, 12.25, 11.82, 11.42, 11.06, 10.146, 11.35, 11.61, 9.89, 9.05, 9.09, 8.92, 8.86, 8.79, 8.47, 8.49, 8.94, 8.94, 7.89, 7.46, 6.42, 5.09, 4.68, 3.85, 2.93, 2.24, 1.75, 1.92, 1.93, 1.75, 1.89, 1.87, 2.03, 1.86, 1.48, 1.56, 1.58, 1.36, 1.14, 1.82, 1.14, 0, 1.23, 1.37, 1.18, 1.18, 2.51, 2.45, 3.32, 3.92, 3.74, 3.63, 2.78, 2.06, 5.66, 5.79, 6.18, 9.79, 11.4, 10.43, 10.21, 10.11, 9.66, 10.4, 11.41, 12.31, 13.34, 14.88, 15.1, 14.91, 14.42, 13.632, 12.852, 13.065, 13.221, 14.111, 15.128, 14.548, 13.498, 12.378, 13.058, 13.955], [14.54, 14.28, 13.63, 14.04, 13.93, 13.24, 12.77, 12.37, 12.01, 11.131, 12.3, 12.6, 10.96, 10.12, 10.16, 9.99, 9.81, 9.74, 9.38, 9.54, 10.01, 10.01, 8.86, 8.45, 7.35, 6.08, 5.65, 4.76, 3.82, 2.99, 2.42, 2.23, 2.06, 2.24, 2.42, 2.52, 2.78, 2.73, 2.35, 2.09, 2.09, 1.87, 2.09, 2.59, 1.91, 1.23, 0, 0.84, 1.61, 1.63, 2.52, 2.48, 3.35, 3.77, 3.61, 3.28, 2.39, 3.09, 6.69, 6.78, 7.23, 10.82, 12.33, 11.36, 11.14, 11.08, 10.67, 11.31, 12.42, 13.32, 14.39, 15.95, 16.17, 15.96, 15.472, 14.688, 13.908, 14.121, 14.276, 15.166, 16.183, 15.603, 14.553, 13.433, 14.093, 14.959], [14.5, 14.28, 13.63, 14.06, 13.95, 13.26, 12.75, 12.39, 12.01, 11.139, 12.3, 12.62, 10.98, 10.14, 10.18, 10.01, 9.79, 9.72, 9.38, 9.56, 10.03, 10.03, 8.88, 8.47, 7.35, 6.12, 5.69, 4.8, 3.76, 2.93, 2.34, 2.35, 2.28, 2.3, 2.42, 2.56, 2.76, 2.63, 2.33, 2.25, 2.03, 1.89, 2.21, 2.61, 1.97, 1.37, 0.84, 0, 1.53, 1.63, 2.78, 2.64, 3.47, 3.89, 3.73, 3.36, 2.53, 3.13, 6.71, 6.8, 7.25, 10.84, 12.33, 11.36, 11.14, 11.1, 10.69, 11.29, 12.44, 13.34, 14.41, 15.97, 16.19, 15.98, 15.489, 14.705, 13.925, 14.138, 14.293, 15.183, 16.201, 15.621, 14.571, 13.451, 14.111, 14.968], [13.17, 12.91, 12.26, 12.67, 12.56, 11.87, 11.4, 11.0, 10.64, 9.761, 10.93, 11.23, 9.59, 8.75, 8.79, 8.62, 8.5, 8.41, 8.05, 8.17, 8.64, 8.64, 7.49, 7.1, 6.0, 4.75, 4.32, 3.45, 2.87, 2.26, 2.01, 2.32, 2.37, 2.17, 2.23, 2.19, 2.35, 2.04, 1.5, 1.64, 1.94, 1.8, 1.6, 2.06, 1.38, 1.18, 1.61, 1.53, 0, 1.32, 3.05, 2.97, 3.78, 4.34, 4.14, 3.91, 3.16, 1.98, 5.34, 5.43, 5.86, 9.47, 10.98, 10.01, 9.79, 9.73, 9.32, 9.94, 11.05, 11.97, 13.02, 14.58, 14.8, 14.59, 14.102, 13.318, 12.538, 12.751, 12.906, 13.796, 14.813, 14.233, 13.183, 12.063, 12.723, 13.589], [13.53, 13.25, 12.6, 13.01, 12.86, 12.19, 11.74, 11.34, 10.98, 10.13, 11.29, 11.55, 9.89, 9.05, 9.09, 8.92, 8.8, 8.73, 8.41, 8.49, 8.94, 8.94, 7.81, 7.36, 6.3, 4.99, 4.58, 3.71, 3.23, 2.42, 2.01, 1.8, 1.67, 1.65, 1.95, 1.85, 2.21, 1.96, 1.5, 1.76, 1.8, 1.34, 1.32, 1.96, 1.42, 1.18, 1.63, 1.63, 1.32, 0, 1.97, 2.11, 2.72, 3.5, 3.2, 3.41, 2.74, 2.42, 5.62, 5.77, 6.38, 9.73, 11.28, 10.31, 10.09, 9.99, 9.58, 10.3, 11.35, 12.25, 13.32, 14.88, 15.1, 14.89, 14.408, 13.623, 12.843, 13.056, 13.212, 14.102, 15.119, 14.539, 13.489, 12.369, 13.029, 13.892], [15.02, 14.72, 14.09, 14.42, 14.21, 13.56, 13.17, 12.77, 12.41, 11.52, 12.84, 13.0, 11.28, 10.56, 10.54, 10.33, 10.61, 10.56, 10.28, 9.94, 10.27, 10.27, 9.22, 8.73, 7.67, 6.36, 5.95, 5.08, 4.3, 3.33, 2.52, 1.81, 1.2, 1.92, 2.54, 2.54, 2.82, 2.91, 2.65, 2.59, 2.39, 2.01, 2.53, 2.89, 2.75, 2.51, 2.52, 2.78, 3.05, 1.97, 0, 0.74, 1.21, 1.83, 1.65, 1.9, 1.51, 3.93, 7.13, 7.24, 7.81, 11.1, 12.65, 11.68, 11.46, 11.4, 11.01, 11.81, 12.76, 13.58, 14.65, 16.21, 16.43, 16.22, 15.743, 14.959, 14.179, 14.392, 14.548, 15.438, 16.455, 15.875, 14.825, 13.705, 14.374, 15.271], [15.16, 14.84, 14.25, 14.62, 14.41, 13.76, 13.37, 12.97, 12.61, 11.7, 12.92, 13.16, 11.42, 10.74, 10.64, 10.51, 10.75, 10.68, 10.34, 10.06, 10.45, 10.45, 9.42, 8.97, 7.91, 6.58, 6.19, 5.3, 4.3, 3.27, 2.5, 1.77, 1.16, 1.94, 2.72, 2.84, 3.0, 3.07, 2.85, 2.75, 2.31, 2.21, 2.79, 3.11, 2.77, 2.45, 2.48, 2.64, 2.97, 2.11, 0.74, 0, 1.09, 1.69, 1.69, 1.74, 1.25, 3.91, 7.25, 7.34, 7.79, 11.28, 12.89, 11.92, 11.7, 11.64, 11.23, 12.05, 12.96, 13.8, 14.83, 16.39, 16.61, 16.4, 15.926, 15.142, 14.362, 14.575, 14.731, 15.621, 16.638, 16.058, 15.008, 13.888, 14.574, 15.471], [15.91, 15.57, 15.0, 15.37, 15.16, 14.49, 14.12, 13.72, 13.36, 12.55, 13.67, 13.89, 12.15, 11.43, 11.37, 11.2, 11.44, 11.37, 11.03, 10.79, 11.14, 11.16, 10.17, 9.72, 8.66, 7.33, 6.92, 6.03, 5.17, 4.12, 3.19, 2.14, 1.91, 2.57, 3.43, 3.55, 3.73, 3.76, 3.44, 3.48, 3.02, 2.98, 3.6, 3.8, 3.54, 3.32, 3.35, 3.47, 3.78, 2.72, 1.21, 1.09, 0, 0.94, 1.02, 1.33, 1.36, 4.78, 7.98, 8.11, 8.64, 11.99, 13.62, 12.67, 12.43, 12.39, 11.96, 12.78, 13.71, 14.51, 15.46, 17.02, 17.24, 17.03, 16.56, 15.784, 15.004, 15.217, 15.373, 16.263, 17.28, 16.7, 15.65, 14.53, 15.29, 16.187], [16.57, 16.25, 15.68, 16.07, 15.82, 15.15, 14.78, 14.4, 14.02, 13.19, 14.37, 14.61, 12.87, 12.19, 12.07, 11.96, 12.2, 12.13, 11.79, 11.51, 11.8, 11.8, 10.83, 10.36, 9.3, 7.93, 7.52, 6.67, 5.69, 4.74, 3.83, 2.76, 2.41, 3.15, 4.03, 4.21, 4.33, 4.36, 4.18, 4.08, 3.52, 3.6, 4.24, 4.48, 4.24, 3.92, 3.77, 3.89, 4.34, 3.5, 1.83, 1.69, 0.94, 0, 0.74, 1.09, 1.6, 5.46, 8.64, 8.73, 9.32, 12.69, 14.26, 13.31, 13.07, 13.03, 12.66, 13.5, 14.37, 15.13, 16.18, 17.74, 17.96, 17.75, 17.276, 16.492, 15.712, 15.925, 16.081, 16.971, 17.988, 17.408, 16.358, 15.238, 15.933, 16.83], [16.41, 16.11, 15.5, 15.87, 15.68, 15.05, 14.62, 14.22, 13.86, 13.01, 14.21, 14.43, 12.73, 11.93, 11.93, 11.76, 11.86, 11.81, 11.53, 11.33, 11.76, 11.76, 10.67, 10.2, 9.16, 7.85, 7.42, 6.55, 5.75, 4.6, 3.83, 2.74, 2.35, 3.09, 3.89, 4.01, 4.25, 4.32, 3.98, 3.9, 3.38, 3.36, 3.98, 4.18, 3.98, 3.74, 3.61, 3.73, 4.14, 3.2, 1.65, 1.69, 1.02, 0.74, 0, 0.99, 1.5, 5.26, 8.54, 8.65, 9.26, 12.55, 14.14, 13.17, 12.95, 12.85, 12.4, 13.26, 14.21, 15.07, 16.14, 17.7, 17.92, 17.71, 17.233, 16.449, 15.669, 15.882, 16.038, 16.928, 17.945, 17.365, 16.315, 15.195, 15.858, 16.755], [16.7, 16.36, 15.79, 16.16, 15.97, 15.28, 14.91, 14.51, 14.15, 13.24, 14.46, 14.68, 13.0, 12.26, 12.22, 12.05, 12.19, 12.12, 11.78, 11.58, 12.01, 12.01, 10.96, 10.47, 9.41, 8.06, 7.65, 6.78, 5.68, 4.75, 3.92, 2.93, 2.46, 3.26, 4.02, 4.28, 4.48, 4.57, 4.23, 4.21, 3.53, 3.57, 4.23, 4.51, 4.05, 3.63, 3.28, 3.36, 3.91, 3.41, 1.9, 1.74, 1.33, 1.09, 0.99, 0, 1.15, 5.27, 8.77, 8.82, 9.27, 12.8, 14.37, 13.42, 13.18, 13.14, 12.73, 13.57, 14.5, 15.32, 16.39, 17.95, 18.17, 17.96, 17.481, 16.696, 15.916, 16.129, 16.285, 17.175, 18.192, 17.612, 16.562, 15.442, 16.117, 16.994], [16.05, 15.69, 15.12, 15.49, 15.36, 14.63, 14.26, 13.86, 13.5, 12.61, 13.79, 14.01, 12.39, 11.61, 11.59, 11.42, 11.48, 11.41, 11.07, 10.95, 11.4, 11.4, 10.35, 9.86, 8.74, 7.45, 6.98, 6.11, 5.03, 4.08, 3.29, 2.28, 1.81, 2.63, 3.35, 3.57, 3.83, 3.94, 3.6, 3.54, 2.9, 2.82, 3.56, 3.88, 3.3, 2.78, 2.39, 2.53, 3.16, 2.74, 1.51, 1.25, 1.36, 1.6, 1.5, 1.15, 0, 4.52, 8.12, 8.21, 8.62, 12.19, 13.72, 12.77, 12.53, 12.51, 12.08, 12.9, 13.87, 14.71, 15.78, 17.34, 17.56, 17.35, 16.865, 16.081, 15.301, 15.513, 15.669, 16.559, 17.576, 16.996, 15.946, 14.826, 15.507, 16.364], [11.73, 11.39, 10.78, 11.17, 10.98, 10.33, 9.94, 9.54, 9.18, 8.27, 9.47, 9.69, 7.97, 7.17, 7.15, 6.98, 7.08, 7.01, 6.69, 6.59, 7.0, 7.02, 5.99, 5.5, 4.42, 3.39, 3.02, 2.57, 2.09, 1.48, 2.07, 2.98, 3.23, 2.57, 2.29, 2.19, 2.05, 1.94, 1.76, 1.88, 2.34, 2.3, 1.74, 1.82, 1.5, 2.06, 3.09, 3.13, 1.98, 2.42, 3.93, 3.91, 4.78, 5.46, 5.26, 5.27, 4.52, 0, 3.68, 3.85, 4.22, 7.79, 9.42, 8.45, 8.23, 8.17, 7.7, 8.56, 9.53, 10.35, 11.38, 12.94, 13.16, 12.95, 12.479, 11.695, 10.915, 11.128, 11.284, 12.174, 13.191, 12.611, 11.561, 10.441, 11.144, 12.041], [8.07, 7.79, 7.1, 7.53, 7.32, 6.69, 6.28, 5.88, 5.52, 5.03, 5.87, 6.09, 4.39, 3.95, 3.87, 3.84, 3.98, 3.99, 4.31, 4.15, 3.78, 3.74, 3.41, 2.92, 3.14, 3.13, 2.9, 2.85, 3.33, 4.14, 5.03, 6.1, 6.47, 5.69, 4.93, 4.79, 4.53, 4.44, 4.7, 4.82, 5.42, 5.5, 4.84, 4.54, 4.94, 5.66, 6.69, 6.71, 5.34, 5.62, 7.13, 7.25, 7.98, 8.64, 8.54, 8.77, 8.12, 3.68, 0, 0.73, 1.46, 4.21, 5.78, 4.85, 4.61, 4.53, 4.14, 4.98, 5.87, 6.71, 7.74, 9.3, 9.52, 9.31, 8.839, 8.055, 7.295, 7.488, 7.644, 8.534, 9.551, 8.971, 7.921, 6.801, 7.501, 8.398], [7.9, 7.64, 6.99, 7.38, 7.17, 6.52, 6.09, 5.69, 5.33, 5.06, 5.82, 5.94, 4.34, 4.16, 4.02, 4.05, 4.11, 4.16, 4.5, 4.32, 3.91, 3.87, 3.52, 3.13, 3.35, 3.4, 3.21, 3.04, 3.58, 4.31, 5.16, 6.27, 6.58, 5.8, 5.06, 4.94, 4.64, 4.55, 4.87, 4.87, 5.49, 5.67, 4.97, 4.71, 5.03, 5.79, 6.78, 6.8, 5.43, 5.77, 7.24, 7.34, 8.11, 8.73, 8.65, 8.82, 8.21, 3.85, 0.73, 0, 1.37, 4.1, 5.61, 4.64, 4.42, 4.34, 4.01, 4.83, 5.7, 6.54, 7.61, 9.17, 9.39, 9.18, 8.701, 7.916, 7.136, 7.349, 7.505, 8.395, 9.412, 8.832, 7.782, 6.662, 7.331, 8.208], [7.53, 7.19, 6.6, 6.97, 6.78, 6.11, 5.74, 5.34, 4.98, 4.75, 5.81, 5.49, 3.85, 4.43, 4.27, 4.3, 4.22, 4.13, 4.41, 4.35, 4.16, 4.2, 3.95, 3.78, 3.82, 3.81, 3.72, 3.59, 3.89, 4.74, 5.67, 6.88, 7.15, 6.45, 5.69, 5.65, 5.29, 5.2, 5.48, 5.58, 6.14, 6.28, 5.56, 5.38, 5.5, 6.18, 7.23, 7.25, 5.86, 6.38, 7.81, 7.79, 8.64, 9.32, 9.26, 9.27, 8.62, 4.22, 1.46, 1.37, 0, 3.63, 5.24, 4.33, 4.05, 4.01, 3.66, 4.46, 5.33, 6.15, 7.16, 8.72, 8.94, 8.73, 8.259, 7.475, 6.695, 6.908, 7.064, 7.954, 8.971, 8.391, 7.341, 6.221, 6.927, 7.824], [4.02, 3.7, 3.19, 3.58, 3.23, 2.64, 2.29, 2.09, 2.01, 3.76, 3.98, 2.66, 2.7, 3.7, 3.56, 3.33, 3.49, 3.68, 4.08, 4.06, 3.25, 3.41, 4.04, 3.87, 4.53, 5.16, 5.43, 6.28, 7.36, 8.21, 9.08, 10.13, 10.54, 9.76, 9.0, 8.76, 8.5, 8.33, 8.59, 8.81, 9.53, 9.53, 8.87, 8.45, 9.07, 9.79, 10.82, 10.84, 9.47, 9.73, 11.1, 11.28, 11.99, 12.69, 12.55, 12.8, 12.19, 7.79, 4.21, 4.1, 3.63, 0, 1.77, 1.06, 1.04, 1.06, 0.91, 1.49, 2.2, 2.74, 3.59, 5.15, 5.37, 5.16, 4.689, 3.98, 3.165, 3.378, 3.554, 4.384, 5.421, 4.821, 3.771, 2.711, 3.458, 4.292], [2.63, 2.47, 2.14, 2.45, 2.4, 2.27, 2.2, 2.06, 1.84, 3.89, 3.95, 2.65, 3.27, 4.27, 4.17, 4.04, 4.16, 4.15, 4.61, 4.59, 3.84, 3.88, 4.65, 4.6, 5.24, 6.41, 6.82, 7.65, 8.89, 9.84, 10.67, 11.7, 12.09, 11.27, 10.49, 10.23, 10.01, 9.9, 10.22, 10.32, 10.96, 11.06, 10.38, 10.04, 10.6, 11.4, 12.33, 12.33, 10.98, 11.28, 12.65, 12.89, 13.62, 14.26, 14.14, 14.37, 13.72, 9.42, 5.78, 5.61, 5.24, 1.77, 0, 1.11, 1.63, 1.63, 1.96, 1.92, 2.15, 2.37, 2.5, 3.76, 3.98, 3.81, 3.284, 2.57, 2.09, 2.2, 2.37, 3.019, 4.016, 3.436, 2.63, 2.19, 2.53, 2.99], [3.62, 3.36, 2.91, 3.3, 2.93, 2.58, 2.29, 2.19, 2.11, 3.92, 4.24, 2.96, 3.22, 4.24, 4.12, 3.99, 4.03, 4.1, 4.54, 4.56, 3.69, 3.71, 4.3, 4.17, 4.69, 5.54, 5.87, 6.68, 7.92, 8.87, 9.72, 10.75, 11.14, 10.3, 9.52, 9.26, 9.06, 8.95, 9.27, 9.35, 9.99, 10.09, 9.41, 9.07, 9.63, 10.43, 11.36, 11.36, 10.01, 10.31, 11.68, 11.92, 12.67, 13.31, 13.17, 13.42, 12.77, 8.45, 4.85, 4.64, 4.33, 1.06, 1.11, 0, 1.02, 1.14, 1.31, 1.53, 2.06, 2.64, 3.17, 4.69, 4.91, 4.7, 4.2, 3.436, 2.656, 2.889, 3.105, 3.935, 4.952, 4.332, 3.362, 2.62, 3.16, 3.88], [4.0, 3.7, 3.17, 3.68, 3.29, 2.58, 2.25, 2.17, 2.03, 4.4, 4.54, 3.1, 3.5, 4.56, 4.42, 4.21, 4.29, 4.44, 4.84, 4.86, 3.91, 3.87, 4.36, 4.33, 4.87, 5.44, 5.67, 6.44, 7.68, 8.65, 9.48, 10.51, 10.9, 10.06, 9.3, 9.04, 8.82, 8.71, 9.03, 9.13, 9.77, 9.87, 9.19, 8.85, 9.41, 10.21, 11.14, 11.14, 9.79, 10.09, 11.46, 11.7, 12.43, 13.07, 12.95, 13.18, 12.53, 8.23, 4.61, 4.42, 4.05, 1.04, 1.63, 1.02, 0, 0.74, 1.19, 1.41, 2.06, 2.52, 3.39, 4.95, 5.17, 4.96, 4.454, 3.67, 2.89, 3.103, 3.259, 4.222, 5.206, 4.586, 3.556, 2.6, 3.32, 4.095], [3.9, 3.68, 3.11, 3.54, 3.17, 2.46, 2.17, 1.91, 1.97, 4.34, 4.5, 3.1, 3.36, 4.42, 4.28, 4.07, 4.13, 4.3, 4.7, 4.76, 3.77, 3.73, 4.22, 4.19, 4.79, 5.44, 5.67, 6.42, 7.64, 8.59, 9.44, 10.47, 10.86, 10.02, 9.24, 9.0, 8.78, 8.67, 8.99, 9.07, 9.75, 9.81, 9.09, 8.75, 9.33, 10.11, 11.08, 11.1, 9.73, 9.99, 11.4, 11.64, 12.39, 13.03, 12.85, 13.14, 12.51, 8.17, 4.53, 4.34, 4.01, 1.06, 1.63, 1.14, 0.74, 0, 0.89, 1.09, 1.72, 2.34, 3.33, 4.89, 5.11, 4.9, 4.418, 3.653, 2.92, 3.106, 3.222, 4.112, 5.149, 4.549, 3.499, 2.46, 3.178, 3.995], [4.05, 3.77, 3.14, 3.51, 3.34, 2.71, 2.4, 2.1, 2.12, 4.15, 4.23, 2.87, 3.09, 4.09, 3.95, 3.72, 3.78, 3.97, 4.37, 4.39, 3.8, 3.9, 4.43, 4.24, 4.6, 5.17, 5.38, 6.23, 7.35, 8.14, 9.05, 10.1, 10.51, 9.71, 8.89, 8.67, 8.47, 8.32, 8.56, 8.7, 9.4, 9.38, 8.72, 8.3, 8.92, 9.66, 10.67, 10.69, 9.32, 9.58, 11.01, 11.23, 11.96, 12.66, 12.4, 12.73, 12.08, 7.7, 4.14, 4.01, 3.66, 0.91, 1.96, 1.31, 1.19, 0.89, 0, 1.16, 2.01, 2.75, 3.76, 5.32, 5.54, 5.33, 4.853, 4.069, 3.289, 3.502, 3.678, 4.548, 5.565, 4.985, 3.935, 2.835, 3.478, 4.375], [3.39, 3.21, 2.68, 3.03, 2.78, 2.11, 1.86, 1.62, 2.48, 4.79, 4.85, 3.41, 3.75, 4.71, 4.65, 4.4, 4.36, 4.47, 4.87, 5.11, 4.26, 4.32, 4.73, 4.74, 5.1, 5.85, 6.16, 6.97, 8.19, 9.02, 9.93, 10.96, 11.37, 10.57, 9.69, 9.41, 9.29, 9.16, 9.44, 9.44, 10.18, 10.16, 9.4, 9.1, 9.62, 10.4, 11.31, 11.29, 9.94, 10.3, 11.81, 12.05, 12.78, 13.5, 13.26, 13.57, 12.9, 8.56, 4.98, 4.83, 4.46, 1.49, 1.92, 1.53, 1.41, 1.09, 1.16, 0, 1.31, 2.09, 3.12, 4.68, 4.9, 4.69, 4.202, 3.418, 2.678, 2.871, 3.066, 3.896, 4.933, 4.373, 3.343, 2.45, 2.97, 3.745], [2.86, 2.76, 2.45, 2.5, 2.29, 1.82, 1.79, 1.71, 2.91, 5.22, 5.38, 3.86, 4.16, 5.24, 5.1, 4.83, 4.89, 5.1, 5.52, 5.6, 4.57, 4.51, 4.96, 5.07, 5.69, 6.66, 7.01, 7.86, 9.06, 9.95, 10.8, 11.83, 12.24, 11.44, 10.62, 10.36, 10.16, 10.01, 10.35, 10.41, 11.11, 11.17, 10.43, 10.11, 10.65, 11.41, 12.42, 12.44, 11.05, 11.35, 12.76, 12.96, 13.71, 14.37, 14.21, 14.5, 13.87, 9.53, 5.87, 5.7, 5.33, 2.2, 2.15, 2.06, 2.06, 1.72, 2.01, 1.31, 0, 1.0, 2.01, 3.53, 3.75, 3.56, 3.07, 2.34, 1.72, 1.93, 2.32, 3.07, 4.03, 3.79, 2.82, 2.44, 2.74, 3.16], [2.74, 2.7, 2.29, 2.4, 2.09, 1.6, 1.61, 1.81, 2.87, 5.28, 5.44, 3.88, 4.24, 5.3, 5.16, 4.95, 5.09, 5.24, 5.66, 5.62, 4.57, 4.39, 5.02, 5.33, 6.19, 7.26, 7.73, 8.6, 9.72, 10.77, 11.54, 12.61, 13.02, 12.18, 11.46, 11.22, 10.92, 10.79, 11.15, 11.31, 12.01, 12.05, 11.33, 10.97, 11.57, 12.31, 13.32, 13.34, 11.97, 12.25, 13.58, 13.8, 14.51, 15.13, 15.07, 15.32, 14.71, 10.35, 6.71, 6.54, 6.15, 2.74, 2.37, 2.64, 2.52, 2.34, 2.75, 2.09, 1.0, 0, 1.17, 2.63, 2.85, 2.64, 2.23, 1.68, 1.3, 1.35, 1.84, 2.49, 3.39, 3.31, 2.42, 2.12, 2.38, 2.76], [2.43, 2.45, 2.24, 2.09, 1.9, 1.99, 2.1, 2.32, 3.0, 5.25, 5.41, 3.89, 4.47, 5.51, 5.41, 5.22, 5.4, 5.51, 5.95, 5.91, 4.88, 4.8, 5.83, 6.22, 7.14, 8.33, 8.8, 9.67, 10.75, 11.78, 12.49, 13.58, 14.05, 13.23, 12.53, 12.29, 11.95, 11.84, 12.18, 12.38, 13.08, 13.12, 12.4, 12.04, 12.62, 13.34, 14.39, 14.41, 13.02, 13.32, 14.65, 14.83, 15.46, 16.18, 16.14, 16.39, 15.78, 11.38, 7.74, 7.61, 7.16, 3.59, 2.5, 3.17, 3.39, 3.33, 3.76, 3.12, 2.01, 1.17, 0, 1.58, 1.92, 1.73, 1.2, 1.05, 1.21, 1.06, 1.41, 1.84, 2.56, 2.46, 1.73, 2.01, 2.13, 2.25], [2.45, 2.65, 2.76, 2.49, 2.5, 2.99, 3.22, 3.58, 4.06, 5.77, 5.77, 4.41, 5.27, 6.15, 6.15, 6.12, 6.34, 6.47, 6.89, 6.63, 5.96, 5.94, 7.09, 7.52, 8.66, 9.89, 10.36, 11.23, 12.31, 13.34, 14.05, 15.14, 15.61, 14.79, 14.09, 13.85, 13.51, 13.4, 13.74, 13.94, 14.64, 14.68, 13.96, 13.6, 14.18, 14.88, 15.95, 15.97, 14.58, 14.88, 16.21, 16.39, 17.02, 17.74, 17.7, 17.95, 17.34, 12.94, 9.3, 9.17, 8.72, 5.15, 3.76, 4.69, 4.95, 4.89, 5.32, 4.68, 3.53, 2.63, 1.58, 0, 0.64, 0.81, 0.88, 1.55, 2.19, 1.96, 1.97, 1.88, 2.2, 2.28, 2.19, 2.83, 2.81, 2.67], [2.53, 2.69, 3.06, 2.65, 2.7, 3.19, 3.46, 3.82, 4.32, 5.81, 5.73, 4.47, 5.59, 6.41, 6.37, 6.38, 6.64, 6.79, 7.23, 6.93, 6.26, 6.24, 7.31, 7.74, 8.88, 10.11, 10.58, 11.45, 12.53, 13.56, 14.27, 15.36, 15.83, 15.01, 14.31, 14.07, 13.73, 13.62, 13.96, 14.16, 14.86, 14.9, 14.18, 13.82, 14.4, 15.1, 16.17, 16.19, 14.8, 15.1, 16.43, 16.61, 17.24, 17.96, 17.92, 18.17, 17.56, 13.16, 9.52, 9.39, 8.94, 5.37, 3.98, 4.91, 5.17, 5.11, 5.54, 4.9, 3.75, 2.85, 1.92, 0.64, 0, 0.71, 1.06, 1.83, 2.49, 2.24, 2.15, 1.9, 2.22, 2.3, 2.37, 3.11, 3.01, 2.77], [2.26, 2.3, 2.75, 2.22, 2.31, 2.9, 3.27, 3.63, 4.09, 5.44, 5.26, 4.06, 5.26, 6.08, 6.08, 6.09, 6.41, 6.5, 6.94, 6.64, 5.99, 6.01, 7.1, 7.53, 8.67, 9.9, 10.37, 11.24, 12.32, 13.35, 14.06, 15.15, 15.62, 14.8, 14.1, 13.86, 13.52, 13.41, 13.75, 13.95, 14.65, 14.69, 13.97, 13.61, 14.19, 14.91, 15.96, 15.98, 14.59, 14.89, 16.22, 16.4, 17.03, 17.75, 17.71, 17.96, 17.35, 12.95, 9.31, 9.18, 8.73, 5.16, 3.81, 4.7, 4.96, 4.9, 5.33, 4.69, 3.56, 2.64, 1.73, 0.81, 0.71, 0, 0.83, 1.64, 2.3, 2.05, 1.92, 1.79, 2.03, 2.09, 2.04, 2.78, 2.54, 2.42], [2.05, 2.13, 2.32, 1.97, 2.0, 2.57, 2.78, 3.12, 3.58, 5.23, 5.19, 3.93, 4.91, 5.73, 5.69, 5.68, 5.98, 6.03, 6.45, 6.27, 5.54, 5.5, 6.