[[0, 0.92, 1.23, 1.64, 1.79, 1.6, 2.3, 2.3, 2.09, 2.26, 2.84, 3.308, 3.318, 3.568, 3.778, 4.153, 3.633, 3.31, 3.03, 3.08, 3.14, 2.57, 2.27, 2.43, 2.52, 2.35, 3.08, 3.19, 3.16, 3.45, 3.66, 3.76, 3.86, 3.62, 4.09, 4.04, 3.09, 2.9, 2.6, 2.81, 2.68, 2.5, 2.36, 2.68, 2.47, 2.48, 2.74, 2.43, 2.77, 4.28, 4.73, 4.48, 3.95, 3.88, 4.53, 5.56, 5.67, 5.8, 6.77, 7.31, 6.92, 7.11, 6.88, 6.96, 7.76, 7.53, 6.66, 5.21, 4.25, 4.43, 5.36, 6.57, 7.19, 8.07, 9.15, 7.22, 4.02, 3.2, 2.88, 2.75, 3.04, 2.67, 2.56, 2.46, 3.0, 3.61], [0.92, 0, 1.07, 1.52, 1.73, 1.58, 2.26, 2.24, 2.11, 2.18, 2.6, 3.22, 3.19, 3.5, 3.71, 4.09, 3.67, 3.45, 3.15, 2.98, 3.04, 2.47, 2.25, 2.59, 2.68, 2.81, 3.36, 3.65, 3.54, 3.83, 3.92, 4.06, 3.92, 3.78, 4.35, 4.34, 3.47, 3.1, 2.88, 2.91, 2.76, 2.72, 2.52, 2.9, 2.65, 2.52, 2.88, 2.55, 2.89, 4.44, 4.89, 4.62, 4.19, 4.18, 4.85, 5.88, 5.99, 6.08, 7.07, 7.51, 7.12, 7.37, 7.08, 7.18, 8.02, 7.63, 6.82, 5.41, 4.49, 4.65, 5.5, 6.67, 7.29, 8.23, 9.29, 7.38, 4.02, 3.36, 3.18, 3.09, 3.22, 2.77, 2.68, 2.72, 3.22, 3.49], [1.23, 1.07, 0, 1.05, 1.16, 1.15, 1.67, 1.53, 1.4, 1.61, 2.03, 2.55, 2.56, 2.87, 3.02, 3.44, 3.02, 2.8, 2.5, 2.41, 2.37, 2.16, 2.14, 2.44, 2.51, 2.6, 3.13, 3.5, 3.41, 3.66, 3.65, 3.87, 3.59, 3.41, 3.98, 3.99, 3.24, 2.71, 2.85, 2.82, 2.55, 2.67, 2.61, 2.89, 2.78, 2.61, 3.01, 2.62, 3.02, 4.804, 5.123, 4.902, 4.472, 4.487, 5.306, 6.359, 6.483, 6.616, 7.569, 8.069, 7.739, 7.909, 7.659, 7.704, 8.575, 8.282, 7.302, 5.814, 4.854, 5.123, 5.81, 6.935, 7.532, 8.443, 9.503, 7.593, 4.33, 3.53, 3.33, 3.24, 3.45, 2.98, 2.69, 2.37, 2.79, 2.88], [1.64, 1.52, 1.05, 0, 0.77, 1.0, 1.24, 1.28, 1.43, 1.66, 1.76, 1.98, 2.13, 2.44, 2.71, 2.97, 2.43, 2.43, 2.25, 2.08, 1.9, 1.75, 1.75, 2.19, 2.32, 2.63, 3.26, 3.55, 3.52, 3.81, 3.7, 3.92, 3.58, 3.62, 4.07, 3.78, 3.27, 2.82, 2.96, 2.65, 2.44, 2.38, 2.44, 3.04, 3.05, 2.38, 2.72, 2.59, 3.57, 5.474, 5.876, 5.506, 5.016, 5.077, 5.976, 6.989, 7.176, 7.286, 8.202, 8.659, 8.292, 8.502, 8.246, 8.266, 9.2, 8.97, 7.986, 6.459, 5.519, 5.776, 6.386, 7.439, 8.139, 9.116, 10.196, 8.406, 4.584, 3.14, 2.94, 3.01, 3.42, 2.85, 2.54, 2.38, 2.46, 2.57], [1.79, 1.73, 1.16, 0.77, 0, 0.83, 1.19, 1.25, 1.4, 1.57, 1.59, 1.89, 1.8, 2.11, 2.4, 2.7, 2.38, 2.36, 1.98, 1.75, 1.71, 1.5, 1.82, 2.22, 2.23, 2.52, 3.19, 3.5, 3.47, 3.86, 3.55, 3.81, 3.53, 3.51, 3.9, 3.65, 3.04, 2.69, 2.93, 2.66, 2.41, 2.49, 2.67, 3.15, 3.14, 2.47, 2.83, 2.66, 3.66, 5.627, 5.977, 5.63, 5.123, 5.167, 6.066, 7.11, 7.283, 7.376, 8.303, 8.86, 8.443, 8.609, 8.423, 8.461, 9.347, 9.177, 8.156, 6.609, 5.646, 5.963, 6.536, 7.555, 8.249, 9.226, 10.303, 8.553, 4.754, 3.23, 3.01, 3.04, 3.57, 3.02, 2.49, 2.17, 2.29, 2.34], [1.6, 1.58, 1.15, 1.0, 0.83, 0, 1.18, 1.1, 1.15, 1.24, 1.5, 2.06, 2.05, 2.42, 2.65, 2.97, 2.53, 2.37, 2.15, 1.9, 1.94, 1.31, 1.43, 1.79, 1.86, 1.97, 2.82, 3.01, 2.84, 3.37, 3.14, 3.4, 3.14, 3.1, 3.45, 3.26, 2.67, 2.2, 2.44, 2.21, 2.24, 2.12, 2.18, 2.68, 2.71, 2.2, 2.58, 2.47, 3.35, 5.314, 5.682, 5.34, 4.813, 4.857, 5.776, 6.82, 6.993, 7.086, 8.022, 8.55, 8.168, 8.322, 8.113, 8.151, 9.057, 8.867, 7.846, 6.299, 5.336, 5.653, 6.2, 7.248, 7.919, 8.896, 10.01, 8.226, 4.647, 3.06, 2.76, 2.77, 3.32, 2.91, 2.06, 1.8, 2.2, 2.31], [2.3, 2.26, 1.67, 1.24, 1.19, 1.18, 0, 0.7, 0.73, 0.92, 1.08, 1.64, 1.71, 1.86, 2.07, 2.33, 1.87, 1.73, 1.45, 1.46, 1.56, 1.67, 1.65, 1.83, 1.88, 2.09, 2.54, 2.97, 2.98, 3.33, 3.14, 3.22, 2.88, 2.72, 3.21, 3.02, 2.43, 2.02, 2.3, 2.09, 1.94, 2.16, 2.38, 2.82, 2.85, 2.56, 2.9, 3.023, 4.053, 6.057, 6.427, 6.1, 5.613, 5.657, 6.556, 7.6, 7.773, 7.866, 8.802, 9.27, 8.928, 9.062, 8.877, 8.914, 9.837, 9.607, 8.566, 7.019, 6.096, 6.373, 6.966, 8.065, 8.716, 9.696, 10.773, 8.983, 5.327, 3.54, 2.92, 3.07, 3.893, 3.563, 2.22, 1.86, 1.7, 1.99], [2.3, 2.24, 1.53, 1.28, 1.25, 1.1, 0.7, 0, 0.67, 0.94, 1.06, 1.52, 1.53, 1.82, 2.03, 2.37, 1.85, 1.81, 1.49, 1.42, 1.4, 1.49, 1.49, 1.75, 1.84, 2.03, 2.64, 3.07, 2.96, 3.31, 3.04, 3.32, 2.94, 2.76, 3.19, 2.98, 2.53, 1.98, 2.3, 2.13, 2.02, 2.22, 2.38, 2.88, 2.95, 2.52, 2.9, 2.985, 3.984, 6.017, 6.364, 6.023, 5.573, 5.66, 6.559, 7.632, 7.779, 7.909, 8.824, 9.342, 8.994, 9.164, 8.936, 8.953, 9.86, 9.59, 8.589, 7.082, 6.122, 6.419, 6.929, 7.908, 8.579, 9.559, 10.69, 8.909, 5.25, 3.518, 3.0, 3.11, 3.86, 3.505, 2.14, 1.64, 1.7, 1.91], [2.09, 2.11, 1.4, 1.43, 1.4, 1.15, 0.73, 0.67, 0, 0.67, 1.03, 1.63, 1.7, 1.99, 2.1, 2.62, 2.12, 1.98, 1.6, 1.61, 1.59, 1.56, 1.54, 1.72, 1.79, 1.92, 2.39, 2.88, 2.67, 2.96, 3.01, 3.25, 2.89, 2.49, 3.08, 3.07, 2.32, 1.81, 1.97, 2.06, 1.75, 2.19, 2.31, 2.61, 2.52, 2.35, 2.79, 2.833, 3.781, 5.75, 6.009, 5.802, 5.369, 5.382, 6.268, 7.309, 7.459, 7.598, 8.528, 9.039, 8.701, 8.851, 8.646, 8.703, 9.561, 9.308, 8.298, 6.777, 5.819, 6.122, 6.745, 7.841, 8.418, 9.329, 10.392, 8.599, 5.2, 3.55, 2.93, 3.02, 3.803, 3.495, 2.09, 1.69, 1.85, 1.96], [2.26, 2.18, 1.61, 1.66, 1.57, 1.24, 0.92, 0.94, 0.67, 0, 0.9, 1.66, 1.67, 1.98, 2.11, 2.53, 2.03, 1.87, 1.47, 1.54, 1.7, 1.59, 1.49, 1.67, 1.7, 1.71, 2.0, 2.57, 2.4, 2.87, 2.66, 2.88, 2.54, 2.2, 2.79, 2.84, 1.91, 1.52, 1.94, 1.91, 1.68, 2.14, 2.3, 2.62, 2.53, 2.48, 2.84, 2.985, 3.874, 5.723, 6.099, 5.795, 5.391, 5.395, 6.299, 7.34, 7.513, 7.609, 8.53, 9.029, 8.671, 8.841, 8.636, 8.693, 9.58, 9.31, 8.289, 6.785, 5.833, 6.147, 6.787, 7.911, 8.511, 9.419, 10.479, 8.709, 5.35, 3.66, 2.96, 3.01, 3.895, 3.605, 2.1, 1.58, 1.76, 1.91], [2.84, 2.6, 2.03, 1.76, 1.59, 1.5, 1.08, 1.06, 1.03, 0.9, 0, 1.24, 1.25, 1.54, 1.65, 2.01, 1.69, 1.67, 1.43, 1.32, 1.52, 1.47, 1.63, 1.89, 2.0, 2.23, 2.42, 2.85, 2.9, 3.31, 2.9, 3.02, 2.54, 2.34, 2.97, 2.84, 2.17, 1.82, 2.3, 1.99, 1.94, 2.34, 2.64, 3.12, 3.11, 2.68, 3.04, 3.145, 4.322, 6.4, 6.659, 6.389, 5.959, 6.02, 6.899, 7.979, 8.149, 8.248, 9.178, 9.689, 9.331, 9.481, 9.296, 9.353, 10.231, 9.97, 8.948, 7.427, 6.487, 6.772, 7.349, 8.288, 8.982, 9.959, 11.019, 9.269, 5.487, 3.818, 3.16, 3.25, 4.135, 3.745, 2.32, 1.66, 1.62, 1.59], [3.308, 3.22, 2.55, 1.98, 1.89, 2.06, 1.64, 1.52, 1.63, 1.66, 1.24, 0, 0.73, 0.98, 1.13, 1.53, 1.33, 1.75, 1.57, 1.36, 1.3, 1.67, 2.13, 2.45, 2.64, 3.11, 3.14, 3.33, 3.58, 3.97, 3.36, 3.26, 2.74, 2.84, 3.43, 3.28, 2.71, 2.48, 3.12, 2.75, 2.7, 3.08, 3.48, 3.92, 3.91, 3.24, 3.4, 3.608, 4.979, 7.051, 7.282, 6.983, 6.536, 6.66, 7.558, 8.639, 8.789, 8.908, 9.838, 10.369, 10.011, 10.141, 9.976, 9.993, 10.891, 10.638, 9.608, 8.075, 7.129, 7.452, 7.963, 8.828, 9.459, 10.439, 11.573, 9.883, 5.961, 4.18, 3.68, 3.77, 4.561, 3.98, 2.9, 2.18, 1.86, 1.57], [3.318, 3.19, 2.56, 2.13, 1.8, 2.05, 1.71, 1.53, 1.7, 1.67, 1.25, 0.73, 0, 0.83, 1.04, 1.52, 1.26, 1.64, 1.44, 1.25, 1.19, 1.56, 2.08, 2.32, 2.47, 2.9, 2.93, 3.24, 3.43, 3.74, 3.17, 3.17, 2.69, 2.75, 3.3, 3.17, 2.62, 2.33, 2.93, 2.58, 2.49, 2.89, 3.25, 3.67, 3.7, 3.03, 3.35, 3.521, 4.954, 7.001, 7.24, 6.913, 6.466, 6.595, 7.508, 8.609, 8.759, 8.878, 9.808, 10.339, 9.981, 10.111, 9.946, 9.963, 10.861, 10.608, 9.578, 8.045, 7.099, 7.422, 7.913, 8.758, 9.349, 10.329, 11.52, 9.853, 5.934, 4.11, 3.53, 3.62, 4.551, 3.99, 2.73, 1.81, 1.79, 1.4], [3.568, 3.5, 2.87, 2.44, 2.11, 2.42, 1.86, 1.82, 1.99, 1.98, 1.54, 0.98, 0.83, 0, 1.01, 1.21, 1.11, 1.37, 1.21, 1.12, 1.52, 1.99, 2.45, 2.61, 2.74, 3.03, 2.94, 3.35, 3.74, 3.87, 3.16, 2.94, 2.54, 2.62, 3.19, 3.06, 2.47, 2.24, 3.0, 2.61, 2.64, 3.12, 3.44, 3.78, 3.79, 3.247, 3.727, 3.877, 5.239, 7.311, 7.544, 7.263, 6.816, 6.92, 7.818, 8.899, 9.049, 9.168, 10.098, 10.629, 10.271, 10.401, 10.236, 10.253, 11.151, 10.898, 9.868, 8.335, 7.389, 7.712, 8.229, 9.128, 9.759, 10.739, 11.833, 10.143, 6.287, 4.435, 3.747, 3.954, 4.901, 4.4, 3.018, 1.94, 1.6, 1.43], [3.778, 3.71, 3.02, 2.71, 2.4, 2.65, 2.07, 2.03, 2.1, 2.11, 1.65, 1.13, 1.04, 1.01, 0, 0.82, 1.04, 1.5, 1.48, 1.53, 1.73, 2.4, 2.82, 2.98, 3.01, 3.2, 3.11, 3.58, 3.93, 4.16, 3.61, 3.21, 2.51, 2.65, 3.38, 3.27, 2.5, 2.49, 2.99, 2.72, 2.57, 3.17, 3.67, 3.985, 3.952, 3.625, 4.1, 4.261, 5.515, 7.57, 7.829, 7.579, 7.149, 7.19, 8.048, 9.129, 9.279, 9.398, 10.348, 10.859, 10.521, 10.671, 10.466, 10.523, 11.381, 11.128, 10.118, 8.597, 7.639, 7.942, 8.519, 9.518, 10.115, 11.089, 12.149, 10.399, 6.674, 4.825, 4.174, 4.361, 5.331, 4.795, 3.428, 2.33, 1.91, 1.54], [4.153, 4.09, 3.44, 2.97, 2.7, 2.97, 2.33, 2.37, 2.62, 2.53, 2.01, 1.53, 1.52, 1.21, 0.82, 0, 1.0, 1.56, 1.66, 1.71, 2.11, 2.76, 3.3, 3.5, 3.45, 3.6, 3.45, 3.88, 4.39, 4.643, 3.81, 3.29, 2.63, 2.77, 3.38, 3.29, 2.48, 2.81, 3.33, 2.94, 2.93, 3.51, 3.982, 4.442, 4.432, 4.131, 4.557, 4.801, 6.012, 8.01, 8.389, 8.079, 7.609, 7.67, 8.529, 9.562, 9.729, 9.839, 10.754, 11.252, 10.904, 11.074, 10.859, 10.89, 11.79, 11.52, 10.507, 8.997, 8.077, 8.329, 8.959, 10.018, 10.692, 11.669, 12.749, 10.919, 7.174, 5.225, 4.554, 4.801, 5.771, 5.193, 3.968, 2.788, 2.11, 1.82], [3.633, 3.67, 3.02, 2.43, 2.38, 2.53, 1.87, 1.85, 2.12, 2.03, 1.69, 1.33, 1.26, 1.11, 1.04, 1.0, 0, 0.82, 1.26, 1.47, 1.81, 2.52, 2.64, 2.84, 2.802, 2.96, 2.842, 3.26, 3.787, 4.12, 3.25, 2.97, 2.37, 2.43, 2.88, 2.71, 2.26, 2.21, 2.85, 2.42, 2.47, 2.95, 3.43, 3.902, 3.932, 3.554, 3.94, 4.198, 5.512, 7.487, 7.874, 7.513, 7.006, 7.09, 7.989, 9.022, 9.189, 9.299, 10.214, 10.712, 10.364, 10.534, 10.319, 10.339, 11.25, 11.02, 9.999, 8.472, 7.532, 7.789, 8.373, 9.398, 10.092, 11.069, 12.2, 10.399, 6.574, 4.608, 3.874, 4.138, 5.131, 4.595, 3.368, 2.25, 1.49, 1.36], [3.31, 3.45, 2.8, 2.43, 2.36, 2.37, 1.73, 1.81, 1.98, 1.87, 1.67, 1.75, 1.64, 1.37, 1.5, 1.56, 0.82, 0, 0.96, 1.39, 1.93, 2.54, 2.56, 2.6, 2.57, 2.62, 2.53, 2.98, 3.47, 3.78, 2.79, 2.69, 2.17, 2.13, 2.7, 2.51, 1.94, 1.97, 2.63, 2.34, 2.39, 2.83, 3.13, 3.59, 3.7, 3.51, 3.79, 4.04, 5.22, 7.159, 7.546, 7.19, 6.657, 6.722, 7.62, 8.633, 8.82, 8.93, 9.846, 10.363, 9.996, 10.186, 9.95, 9.97, 10.861, 10.671, 9.69, 8.163, 7.183, 7.48, 8.05, 9.14, 9.8, 10.76, 11.872, 10.07, 6.33, 4.57, 3.69, 3.86, 5.01, 4.58, 3.21, 2.05, 1.37, 1.48], [3.03, 3.15, 2.5, 2.25, 1.98, 2.15, 1.45, 1.49, 1.6, 1.47, 1.43, 1.57, 1.44, 1.21, 1.48, 1.66, 1.26, 0.96, 0, 0.93, 1.71, 2.22, 2.3, 2.4, 2.35, 2.34, 2.39, 2.88, 3.15, 3.42, 2.73, 2.93, 2.49, 2.27, 2.8, 2.55, 1.92, 1.81, 2.49, 2.38, 2.35, 2.85, 3.07, 3.47, 3.46, 3.27, 3.63, 3.8, 4.98, 6.93, 7.24, 6.87, 6.3, 6.39, 7.3, 8.41, 8.56, 8.69, 9.6, 10.191, 9.772, 9.92, 9.772, 9.789, 10.67, 10.52, 9.49, 7.94, 6.96, 7.3, 7.85, 8.9, 9.52, 10.42, 11.56, 9.85, 6.21, 4.37, 3.41, 3.64, 4.75, 4.38, 2.93, 1.73, 1.25, 1.44], [3.08, 2.98, 2.41, 2.08, 1.75, 1.9, 1.46, 1.42, 1.61, 1.54, 1.32, 1.36, 1.25, 1.12, 1.53, 1.71, 1.47, 1.39, 0.93, 0, 1.34, 1.69, 1.95, 2.13, 2.14, 2.49, 2.48, 2.95, 3.16, 3.35, 2.68, 3.06, 2.66, 2.56, 2.99, 2.84, 2.31, 1.9, 2.56, 2.23, 2.22, 2.68, 2.94, 3.42, 3.45, 2.96, 3.18, 3.39, 4.81, 6.84, 7.13, 6.64, 6.23, 6.44, 7.37, 8.48, 8.63, 8.74, 9.67, 10.19, 9.833, 9.963, 9.799, 9.82, 10.72, 10.45, 9.42, 7.89, 6.95, 7.27, 7.72, 8.53, 9.19, 10.17, 11.43, 9.76, 5.84, 4.02, 3.18, 3.33, 4.3, 3.91, 2.6, 1.56, 1.34, 1.39], [3.14, 3.04, 2.37, 1.9, 1.71, 1.94, 1.56, 1.4, 1.59, 1.7, 1.52, 1.3, 1.19, 1.52, 1.73, 2.11, 1.81, 1.93, 1.71, 1.34, 0, 1.09, 1.71, 1.95, 2.44, 2.73, 3.24, 3.71, 3.56, 3.83, 3.54, 3.84, 3.42, 3.38, 3.91, 3.68, 3.15, 2.6, 3.06, 2.61, 2.54, 2.74, 3.12, 3.6, 3.63, 2.88, 2.82, 3.31, 4.83, 6.9, 7.13, 6.7, 6.29, 6.487, 7.42, 8.521, 8.671, 8.79, 9.72, 10.25, 9.893, 10.023, 9.859, 9.876, 10.773, 10.51, 9.48, 7.95, 7.01, 7.33, 7.78, 8.51, 9.09, 10.07, 11.39, 9.74, 5.7, 3.62, 3.18, 3.45, 4.18, 3.51, 2.36, 1.98, 1.96, 1.91], [2.57, 2.47, 2.16, 1.75, 1.5, 1.31, 1.67, 1.49, 1.56, 1.59, 1.47, 1.67, 1.56, 1.99, 2.4, 2.76, 2.52, 2.54, 2.22, 1.69, 1.09, 0, 1.06, 1.44, 1.91, 2.24, 3.01, 3.22, 2.99, 3.38, 3.07, 3.39, 3.23, 3.17, 3.52, 3.33, 2.82, 2.27, 2.55, 2.18, 2.21, 2.21, 2.55, 3.01, 2.98, 2.23, 2.29, 2.64, 4.08, 6.15, 6.4, 6.05, 5.6, 5.75, 6.68, 7.79, 7.94, 8.05, 8.98, 9.5, 9.15, 9.28, 9.11, 9.13, 10.03, 9.76, 8.73, 7.2, 6.26, 6.58, 7.03, 7.86, 8.5, 9.48, 10.66, 8.99, 4.97, 2.91, 2.65, 2.86, 3.57, 2.9, 1.93, 1.59, 1.85, 1.84], [2.27, 2.25, 2.14, 1.75, 1.82, 1.43, 1.65, 1.49, 1.54, 1.49, 1.63, 2.13, 2.08, 2.45, 2.82, 3.3, 2.64, 2.56, 2.3, 1.95, 1.71, 1.06, 0, 0.88, 1.41, 1.72, 2.75, 2.86, 2.33, 2.8, 2.71, 2.99, 2.95, 2.89, 3.18, 2.99, 2.48, 1.95, 2.05, 1.68, 1.95, 1.77, 1.79, 2.25, 2.2, 1.55, 1.65, 1.92, 3.34, 5.41, 5.66, 5.25, 4.82, 5.01, 5.94, 7.05, 7.2, 7.31, 8.24, 8.76, 8.41, 8.54, 8.37, 8.39, 9.29, 9.02, 7.99, 6.46, 5.52, 5.84, 6.29, 7.06, 7.74, 8.74, 9.96, 8.29, 4.27, 2.33, 1.83, 2.08, 2.75, 2.26, 1.13, 1.33, 1.69, 2.12], [2.43, 2.59, 2.44, 2.19, 2.22, 1.79, 1.83, 1.75, 1.72, 1.67, 1.89, 2.45, 2.32, 2.61, 2.98, 3.5, 2.84, 2.6, 2.4, 2.13, 1.95, 1.44, 0.88, 0, 0.79, 1.3, 2.15, 2.2, 1.97, 2.12, 2.09, 2.35, 2.39, 2.31, 2.54, 2.39, 2.0, 1.39, 1.39, 1.22, 1.41, 1.29, 1.43, 1.83, 1.82, 1.57, 1.39, 1.82, 3.16, 5.23, 5.46, 5.07, 4.62, 4.83, 5.76, 6.87, 7.02, 7.13, 8.06, 8.58, 8.23, 8.36, 8.19, 8.21, 9.11, 8.84, 7.81, 6.28, 5.34, 5.66, 6.11, 6.88, 7.52, 8.52, 9.74, 8.07, 4.11, 2.41, 1.59, 1.78, 2.65, 2.26, 1.07, 1.25, 1.63, 2.3], [2.52, 2.68, 2.51, 2.32, 2.23, 1.86, 1.88, 1.84, 1.79, 1.7, 2.0, 2.64, 2.47, 2.74, 3.01, 3.45, 2.802, 2.57, 2.35, 2.14, 2.44, 1.91, 1.41, 0.79, 0, 1.23, 1.86, 1.79, 1.6, 1.85, 1.66, 2.0, 2.06, 1.98, 2.09, 2.18, 1.81, 1.28, 1.02, 1.27, 1.34, 1.18, 1.22, 1.58, 1.55, 1.42, 1.62, 1.67, 2.77, 4.82, 5.13, 4.76, 4.29, 4.4, 5.33, 6.44, 6.59, 6.7, 7.63, 8.15, 7.8, 7.93, 7.76, 7.78, 8.68, 8.41, 7.38, 5.85, 4.91, 5.23, 5.7, 6.67, 7.33, 8.31, 9.45, 7.74, 3.96, 2.34, 1.52, 1.51, 2.54, 2.19, 1.26, 1.36, 1.84, 2.45], [2.35, 2.81, 2.6, 2.63, 2.52, 1.97, 2.09, 2.03, 1.92, 1.71, 2.23, 3.11, 2.9, 3.03, 3.2, 3.6, 2.96, 2.62, 2.34, 2.49, 2.73, 2.24, 1.72, 1.3, 1.23, 0, 1.51, 1.74, 1.59, 1.9, 1.89, 2.15, 2.11, 1.95, 1.98, 2.07, 1.72, 1.25, 1.31, 1.4, 1.47, 1.25, 1.35, 1.71, 1.66, 1.97, 2.05, 2.16, 3.0, 4.79, 5.06, 4.79, 4.26, 4.35, 5.26, 6.31, 6.46, 6.59, 7.5, 8.04, 7.69, 7.8, 7.63, 7.65, 8.55, 8.36, 7.37, 5.84, 4.8, 5.14, 5.79, 6.92, 7.52, 8.28, 9.38, 7.69, 4.37, 2.79, 2.03, 2.12, 3.07, 2.76, 1.73, 1.57, 1.95, 2.56], [3.08, 3.36, 3.13, 3.26, 3.19, 2.82, 2.54, 2.64, 2.39, 2.0, 2.42, 3.14, 2.93, 2.94, 3.11, 3.45, 2.842, 2.53, 2.39, 2.48, 3.24, 3.01, 2.75, 2.15, 1.86, 1.51, 0, 1.11, 1.38, 1.63, 1.32, 1.54, 1.56, 1.62, 1.73, 1.78, 1.77, 1.48, 1.7, 1.87, 1.64, 2.08, 2.06, 2.06, 2.35, 3.04, 3.06, 3.23, 3.55, 4.92, 5.33, 5.1, 4.81, 4.64, 5.27, 6.3, 6.47, 6.54, 7.49, 8.01, 7.66, 7.85, 7.62, 7.7, 8.52, 8.29, 7.34, 6.09, 5.09, 5.31, 6.18, 7.29, 7.87, 8.67, 9.73, 7.84, 5.26, 3.9, 3.0, 2.95, 4.14, 3.93, 2.78, 2.28, 2.36, 2.67], [3.19, 3.65, 3.5, 3.55, 3.5, 3.01, 2.97, 3.07, 2.88, 2.57, 2.85, 3.33, 3.24, 3.35, 3.58, 3.88, 3.26, 2.98, 2.88, 2.95, 3.71, 3.22, 2.86, 2.2, 1.79, 1.74, 1.11, 0, 1.25, 1.72, 1.33, 1.37, 1.85, 2.03, 1.82, 2.05, 2.1, 1.91, 1.93, 2.24, 2.41, 2.31, 2.15, 2.15, 2.44, 2.99, 3.07, 3.12, 3.44, 4.73, 5.22, 5.07, 4.7, 4.57, 5.12, 5.99, 6.16, 6.35, 7.22, 7.66, 7.31, 7.46, 7.23, 7.33, 8.21, 8.04, 7.29, 6.16, 4.92, 5.02, 6.15, 7.22, 7.82, 8.32, 9.42, 7.57, 5.17, 3.73, 2.79, 2.74, 3.99, 3.78, 2.73, 2.41, 2.71, 3.16], [3.16, 3.54, 3.41, 3.52, 3.47, 2.84, 2.98, 2.96, 2.67, 2.4, 2.9, 3.58, 3.43, 3.74, 3.93, 4.39, 3.787, 3.47, 3.15, 3.16, 3.56, 2.99, 2.33, 1.97, 1.6, 1.59, 1.38, 1.25, 0, 1.03, 1.44, 1.82, 2.36, 2.4, 2.03, 2.28, 2.41, 2.0, 1.8, 2.11, 2.26, 1.94, 1.82, 1.64, 2.01, 2.36, 2.4, 2.57, 2.83, 3.9, 4.37, 4.22, 3.99, 3.86, 4.45, 5.42, 5.59, 5.76, 6.61, 7.13, 6.78, 6.91, 6.74, 6.76, 7.7, 7.43, 6.56, 5.49, 4.31, 4.57, 5.44, 6.37, 6.97, 7.47, 8.55, 6.9, 4.42, 3.2, 2.54, 2.25, 3.38, 3.25, 2.3, 2.2, 2.84, 3.45], [3.45, 3.83, 3.66, 3.81, 3.86, 3.37, 3.33, 3.31, 2.96, 2.87, 3.31, 3.97, 3.74, 3.87, 4.16, 4.643, 4.12, 3.78, 3.42, 3.35, 3.83, 3.38, 2.8, 2.12, 1.85, 1.9, 1.63, 1.72, 1.03, 0, 1.45, 2.05, 2.63, 2.61, 2.08, 2.47, 2.7, 2.07, 1.91, 2.3, 2.35, 2.09, 1.93, 1.75, 2.14, 2.59, 2.59, 2.66, 3.06, 3.83, 4.1, 3.83, 3.9, 3.89, 4.44, 5.37, 5.52, 5.65, 6.56, 7.08, 6.73, 6.86, 6.69, 6.71, 7.63, 7.34, 6.41, 5.42, 4.42, 4.8, 5.39, 6.04, 6.5, 7.12, 8.28, 6.69, 4.29, 3.19, 2.45, 2.34, 3.35, 3.32, 2.47, 2.29, 2.93, 3.54], [3.66, 3.92, 3.65, 3.7, 3.55, 3.14, 3.14, 3.04, 3.01, 2.66, 2.9, 3.36, 3.17, 3.16, 3.61, 3.81, 3.25, 2.79, 2.73, 2.68, 3.54, 3.07, 2.71, 2.09, 1.66, 1.89, 1.32, 1.33, 1.44, 1.45, 0, 1.1, 1.54, 1.74, 1.21, 1.68, 1.95, 1.64, 2.02, 2.19, 2.42, 2.18, 2.12, 2.04, 2.51, 2.78, 2.76, 2.85, 3.15, 4.64, 5.05, 4.64, 4.37, 4.42, 5.23, 6.28, 6.43, 6.54, 7.47, 7.99, 7.64, 7.77, 7.6, 7.62, 8.52, 8.25, 7.26, 5.95, 4.89, 5.19, 5.72, 6.67, 7.23, 8.09, 9.29, 7.6, 4.62, 3.28, 2.56, 2.41, 3.46, 3.37, 2.5, 2.24, 2.26, 2.77], [3.76, 4.06, 3.87, 3.92, 3.81, 3.4, 3.22, 3.32, 3.25, 2.88, 3.02, 3.26, 3.17, 2.94, 3.21, 3.29, 2.97, 2.69, 2.93, 3.06, 3.84, 3.39, 2.99, 2.35, 2.0, 2.15, 1.54, 1.37, 1.82, 2.05, 1.1, 0, 1.04, 1.34, 1.37, 1.36, 1.63, 1.76, 2.24, 2.29, 2.52, 2.42, 2.36, 2.38, 2.73, 3.08, 3.12, 3.21, 3.55, 5.2, 5.59, 5.28, 4.99, 4.96, 5.75, 6.8, 6.97, 7.06, 7.99, 8.47, 8.12, 8.25, 8.08, 8.1, 9.04, 8.77, 7.74, 6.51, 5.55, 5.79, 6.34, 7.23, 7.89, 8.81, 9.91, 8.1, 5.2, 3.86, 3.0, 2.91, 4.0, 3.85, 2.86, 2.48, 2.36, 2.69], [3.86, 3.92, 3.59, 3.58, 3.53, 3.14, 2.88, 2.94, 2.89, 2.54, 2.54, 2.74, 2.69, 2.54, 2.51, 2.63, 2.37, 2.17, 2.49, 2.66, 3.42, 3.23, 2.95, 2.39, 2.06, 2.11, 1.56, 1.85, 2.36, 2.63, 1.54, 1.04, 0, 0.94, 1.31, 1.28, 1.47, 1.6, 2.16, 2.03, 2.1, 2.36, 2.4, 2.58, 2.97, 3.22, 3.32, 3.47, 4.05, 5.96, 6.33, 6.02, 5.61, 5.66, 6.49, 7.5, 7.69, 7.8, 8.73, 9.21, 8.88, 9.07, 8.82, 8.84, 9.74, 9.47, 8.48, 7.07, 6.05, 6.33, 6.98, 7.95, 8.61, 9.59, 10.69, 8.84, 5.56, 4.2, 3.3, 3.25, 4.32, 4.09, 3.08, 2.52, 2.06, 2.13], [3.62, 3.78, 3.41, 3.62, 3.51, 3.1, 2.72, 2.76, 2.49, 2.2, 2.34, 2.84, 2.75, 2.62, 2.65, 2.77, 2.43, 2.13, 2.27, 2.56, 3.38, 3.17, 2.89, 2.31, 1.98, 1.95, 1.62, 2.03, 2.4, 2.61, 1.74, 1.34, 0.94, 0, 1.15, 1.18, 1.05, 1.26, 1.76, 1.73, 1.9, 2.32, 2.52, 2.7, 2.75, 3.2, 3.36, 3.53, 4.11, 6.06, 6.39, 6.14, 5.73, 5.72, 6.55, 7.6, 7.77, 7.86, 8.81, 9.31, 8.98, 9.11, 8.92, 8.98, 9.84, 9.57, 8.56, 7.07, 6.11, 6.39, 7.04, 8.19, 8.79, 9.73, 10.79, 8.92, 5.7, 4.24, 3.32, 3.37, 4.42, 4.11, 3.0, 2.38, 1.8, 1.81], [4.09, 4.35, 3.98, 4.07, 3.9, 3.45, 3.21, 3.19, 3.08, 2.79, 2.97, 3.43, 3.3, 3.19, 3.38, 3.38, 2.88, 2.7, 2.8, 2.99, 3.91, 3.52, 3.18, 2.54, 2.09, 1.98, 1.73, 1.82, 2.03, 2.08, 1.21, 1.37, 1.31, 1.15, 0, 1.09, 1.48, 1.49, 1.87, 1.86, 2.19, 2.27, 2.47, 2.31, 2.78, 3.25, 3.33, 3.42, 3.86, 5.51, 5.84, 5.51, 5.1, 5.19, 6.08, 7.13, 7.3, 7.39, 8.32, 8.84, 8.49, 8.62, 8.45, 8.47, 9.37, 9.1, 8.07, 6.64, 5.66, 5.96, 6.47, 7.54, 8.12, 9.04, 10.14, 8.41, 5.21, 3.97, 3.23, 3.12, 4.19, 4.08, 3.07, 2.55, 2.11, 2.22], [4.04, 4.34, 3.99, 3.78, 3.65, 3.26, 3.02, 2.98, 3.07, 2.84, 2.84, 3.28, 3.17, 3.06, 3.27, 3.29, 2.71, 2.51, 2.55, 2.84, 3.68, 3.33, 2.99, 2.39, 2.18, 2.07, 1.78, 2.05, 2.28, 2.47, 1.68, 1.36, 1.28, 1.18, 1.09, 0, 1.41, 1.66, 2.24, 1.87, 2.16, 2.3, 2.54, 2.66, 3.13, 3.32, 3.28, 3.53, 4.15, 6.02, 6.35, 5.94, 5.43, 5.46, 6.41, 7.48, 7.63, 7.76, 8.69, 9.29, 8.88, 9.01, 8.88, 8.88, 9.76, 9.61, 8.58, 7.17, 6.17, 6.47, 6.98, 7.81, 8.51, 9.49, 10.65, 8.94, 5.56, 4.06, 3.1, 3.09, 4.32, 4.11, 3.08, 2.54, 1.94, 1.97], [3.09, 3.47, 3.24, 3.27, 3.04, 2.67, 2.43, 2.53, 2.32, 1.91, 2.17, 2.71, 2.62, 2.47, 2.5, 2.48, 2.26, 1.94, 1.92, 2.31, 3.15, 2.82, 2.48, 2.0, 1.81, 1.72, 1.77, 2.1, 2.41, 2.7, 1.95, 1.63, 1.47, 1.05, 1.48, 1.41, 0, 1.05, 1.51, 1.54, 1.71, 2.13, 2.37, 2.63, 2.68, 2.85, 3.13, 3.34, 4.16, 6.09, 6.46, 6.17, 5.68, 5.63, 6.5, 7.57, 7.72, 7.83, 8.76, 9.34, 8.93, 9.06, 8.93, 8.93, 9.81, 9.66, 8.63, 7.08, 6.1, 6.44, 7.11, 8.2, 8.84, 9.8, 10.86, 9.05, 5.63, 3.91, 2.99, 3.1, 4.25, 3.92, 2.59, 1.89, 1.57, 1.74], [2.9, 3.1, 2.71, 2.82, 2.69, 2.2, 2.02, 1.98, 1.81, 1.52, 1.82, 2.48, 2.33, 2.24, 2.49, 2.81, 2.21, 1.97, 1.81, 1.9, 2.6, 2.27, 1.95, 1.39, 1.28, 1.25, 1.48, 1.91, 2.0, 2.07, 1.64, 1.76, 1.6, 1.26, 1.49, 1.66, 1.05, 0, 1.12, 1.11, 1.34, 1.6, 1.84, 2.08, 2.11, 2.22, 2.52, 2.71, 3.65, 5.62, 5.91, 5.6, 5.15, 5.24, 6.19, 7.26, 7.41, 7.52, 8.45, 8.97, 8.62, 8.75, 8.58, 8.6, 9.5, 9.23, 8.2, 6.67, 5.73, 6.05, 6.54, 7.57, 8.15, 9.09, 10.23, 8.48, 5.02, 3.42, 2.54, 2.63, 3.66, 3.35, 1.96, 1.36, 1.28, 1.67], [2.6, 2.88, 2.85, 2.96, 2.93, 2.44, 2.3, 2.3, 1.97, 1.94, 2.3, 3.12, 2.93, 3.0, 2.99, 3.33, 2.85, 2.63, 2.49, 2.56, 3.06, 2.55, 2.05, 1.39, 1.02, 1.31, 1.7, 1.93, 1.8, 1.91, 2.02, 2.24, 2.16, 1.76, 1.87, 2.24, 1.51, 1.12, 0, 0.95, 1.0, 1.28, 1.48, 1.62, 1.49, 1.88, 2.18, 2.23, 3.11, 4.98, 5.37, 5.16, 4.73, 4.72, 5.51, 6.54, 6.69, 6.82, 7.73, 8.25, 7.9, 8.07, 7.86, 7.9, 8.78, 8.51, 7.5, 6.03, 5.05, 5.35, 6.06, 7.19, 7.77, 8.69, 9.75, 7.88, 4.48, 2.94, 2.04, 2.17, 3.16, 2.87, 1.6, 1.52, 1.84, 2.39], [2.81, 2.91, 2.82, 2.65, 2.66, 2.21, 2.09, 2.13, 2.06, 1.91, 1.99, 2.75, 2.58, 2.61, 2.72, 2.94, 2.42, 2.34, 2.38, 2.23, 2.61, 2.18, 1.68, 1.22, 1.27, 1.4, 1.87, 2.24, 2.11, 2.3, 2.19, 2.29, 2.03, 1.73, 1.86, 1.87, 1.54, 1.11, 0.95, 0, 0.89, 1.27, 1.61, 1.97, 2.04, 2.07, 2.19, 2.52, 3.56, 5.59, 5.94, 5.67, 5.24, 5.27, 6.14, 7.21, 7.36, 7.47, 8.4, 8.92, 8.57, 8.72, 8.53, 8.57, 9.45, 9.18, 8.15, 6.64, 5.68, 6.0, 6.55, 7.54, 8.24, 9.22, 10.3, 8.45, 4.69, 3.13, 2.23, 2.42, 3.41, 2.98, 1.81, 1.55, 1.45, 1.92], [2.68, 2.76, 2.55, 2.44, 2.41, 2.24, 1.94, 2.02, 1.75, 1.68, 1.94, 2.7, 2.49, 2.64, 2.57, 2.93, 2.47, 2.39, 2.35, 2.22, 2.54, 2.21, 1.95, 1.41, 1.34, 1.47, 1.64, 2.41, 2.26, 2.35, 2.42, 2.52, 2.1, 1.9, 2.19, 2.16, 1.71, 1.34, 1.0, 0.89, 0, 1.08, 1.54, 1.9, 1.83, 2.0, 2.1, 2.31, 3.49, 5.44, 5.79, 5.56, 5.15, 5.14, 5.95, 7.02, 7.19, 7.3, 8.21, 8.73, 8.38, 8.55, 8.34, 8.36, 9.26, 8.99, 7.98, 6.47, 5.53, 5.83, 6.5, 7.51, 8.17, 9.13, 10.19, 8.36, 4.66, 3.06, 2.2, 2.35, 3.36, 3.03, 2.02, 1.74, 1.7, 1.97], [2.5, 2.72, 2.67, 2.38, 2.49, 2.12, 2.16, 2.22, 2.19, 2.14, 2.34, 3.08, 2.89, 3.12, 3.17, 3.51, 2.95, 2.83, 2.85, 2.68, 2.74, 2.21, 1.77, 1.29, 1.18, 1.25, 2.08, 2.31, 1.94, 2.09, 2.18, 2.42, 2.36, 2.32, 2.27, 2.3, 2.13, 1.6, 1.28, 1.27, 1.08, 0, 0.86, 1.2, 1.33, 1.32, 1.4, 1.61, 2.65, 4.66, 5.03, 4.68, 4.23, 4.32, 5.23, 6.26, 6.43, 6.54, 7.45, 7.97, 7.62, 7.79, 7.58, 7.6, 8.5, 8.23, 7.22, 5.71, 4.77, 5.05, 5.54, 6.55, 7.25, 8.23, 9.35, 7.56, 3.72, 2.14, 1.46, 1.55, 2.52, 2.25, 1.64, 1.78, 2.04, 2.61], [2.36, 2.52, 2.61, 2.44, 2.67, 2.18, 2.38, 2.38, 2.31, 2.3, 2.64, 3.48, 3.25, 3.44, 3.67, 3.982, 3.43, 3.13, 3.07, 2.94, 3.12, 2.55, 1.79, 1.43, 1.22, 1.35, 2.06, 2.15, 1.82, 1.93, 2.12, 2.36, 2.4, 2.52, 2.47, 2.54, 2.37, 1.84, 1.48, 1.61, 1.54, 0.86, 0, 0.74, 1.23, 1.18, 1.34, 1.41, 2.19, 4.2, 4.57, 4.22, 3.77, 3.86, 4.77, 5.78, 5.97, 6.08, 6.99, 7.47, 7.08, 7.31, 7.06, 7.06, 8.0, 7.73, 6.74, 5.25, 4.31, 4.57, 5.08, 6.13, 6.79, 7.77, 8.89, 7.1, 3.54, 2.2, 1.46, 1.49, 2.38, 2.15, 1.56, 1.76, 2.5, 3.15], [2.68, 2.9, 2.89, 3.04, 3.15, 2.68, 2.82, 2.88, 2.61, 2.62, 3.12, 3.92, 3.67, 3.78, 3.985, 4.442, 3.902, 3.59, 3.47, 3.42, 3.6, 3.01, 2.25, 1.83, 1.58, 1.71, 2.06, 2.15, 1.64, 1.75, 2.04, 2.38, 2.58, 2.7, 2.31, 2.66, 2.63, 2.08, 1.62, 1.97, 1.9, 1.2, 0.74, 0, 0.89, 1.26, 1.48, 1.49, 1.87, 3.72, 4.05, 3.8, 3.37, 3.42, 4.29, 5.32, 5.49, 5.62, 6.53, 7.03, 6.68, 6.87, 6.64, 6.66, 7.56, 7.29, 6.3, 4.85, 3.85, 4.15, 4.7, 5.73, 6.33, 7.31, 8.39, 6.56, 3.3, 2.16, 1.54, 1.45, 2.36, 2.29, 1.84, 2.02, 2.92, 3.55], [2.47, 2.65, 2.78, 3.05, 3.14, 2.71, 2.85, 2.95, 2.52, 2.53, 3.11, 3.91, 3.7, 3.79, 3.952, 4.432, 3.932, 3.7, 3.46, 3.45, 3.63, 2.98, 2.2, 1.82, 1.55, 1.66, 2.35, 2.44, 2.01, 2.14, 2.51, 2.73, 2.97, 2.75, 2.78, 3.13, 2.68, 2.11, 1.49, 2.04, 1.83, 1.33, 1.23, 0.89, 0, 1.03, 1.31, 1.3, 1.92, 3.75, 4.1, 3.89, 3.46, 3.45, 4.24, 5.29, 5.44, 5.55, 6.5, 7.0, 6.67, 6.8, 6.61, 6.69, 7.53, 7.26, 6.25, 4.76, 3.8, 4.08, 4.81, 5.98, 6.56, 7.44, 8.5, 6.63, 3.31, 1.83, 1.39, 1.32, 2.07, 2.0, 1.67, 2.15, 2.95, 3.58], [2.48, 2.52, 2.61, 2.38, 2.47, 2.2, 2.56, 2.52, 2.35, 2.48, 2.68, 3.24, 3.03, 3.247, 3.625, 4.131, 3.554, 3.51, 3.27, 2.96, 2.88, 2.23, 1.55, 1.57, 1.42, 1.97, 3.04, 2.99, 2.36, 2.59, 2.78, 3.08, 3.22, 3.2, 3.25, 3.32, 2.85, 2.22, 1.88, 2.07, 2.0, 1.32, 1.18, 1.26, 1.03, 0, 0.96, 1.01, 2.07, 4.14, 4.39, 4.08, 3.63, 3.74, 4.67, 5.78, 5.93, 6.04, 6.97, 7.49, 7.14, 7.27, 7.1, 7.12, 8.02, 7.75, 6.72, 5.19, 4.25, 4.57, 5.02, 5.91, 6.59, 7.57, 8.71, 7.0, 3.12, 1.4, 1.12, 1.17, 1.78, 1.37, 1.26, 1.9, 2.76, 3.11], [2.74, 2.88, 3.01, 2.72, 2.83, 2.58, 2.9, 2.9, 2.79, 2.84, 3.04, 3.4, 3.35, 3.727, 4.1, 4.557, 3.94, 3.79, 3.63, 3.18, 2.82, 2.29, 1.65, 1.39, 1.62, 2.05, 3.06, 3.07, 2.4, 2.59, 2.76, 3.12, 3.32, 3.36, 3.33, 3.28, 3.13, 2.52, 2.18, 2.19, 2.1, 1.4, 1.34, 1.48, 1.31, 0.96, 0, 0.95, 2.11, 4.18, 4.45, 3.98, 3.57, 3.78, 4.71, 5.82, 5.97, 6.08, 7.01, 7.55, 7.2, 7.33, 7.16, 7.18, 8.06, 7.79, 6.76, 5.23, 4.29, 4.61, 5.06, 5.81, 6.47, 7.47, 8.75, 7.08, 3.02, 1.4, 0.94, 1.05, 1.56, 1.25, 1.32, 2.2, 2.84, 3.47], [2.43, 2.55, 2.62, 2.59, 2.66, 2.47, 3.023, 2.985, 2.833, 2.985, 3.145, 3.608, 3.521, 3.877, 4.261, 4.801, 4.198, 4.04, 3.8, 3.39, 3.31, 2.64, 1.92, 1.82, 1.67, 2.16, 3.23, 3.12, 2.57, 2.66, 2.85, 3.21, 3.47, 3.53, 3.42, 3.53, 3.34, 2.71, 2.23, 2.52, 2.31, 1.61, 1.41, 1.49, 1.3, 1.01, 0.95, 0, 1.54, 3.59, 3.82, 3.41, 2.98, 3.19, 4.12, 5.23, 5.38, 5.49, 6.48, 7.04, 6.69, 6.82, 6.65, 6.65, 7.49, 7.2, 6.17, 4.64, 3.74, 4.02, 4.47, 5.26, 5.92, 6.9, 8.12, 6.51, 2.59, 1.41, 1.17, 0.86, 1.33, 1.2, 1.47, 2.35, 3.13, 3.68], [2.77, 2.89, 3.02, 3.57, 3.66, 3.35, 4.053, 3.984, 3.781, 3.874, 4.322, 4.979, 4.954, 5.239, 5.515, 6.012, 5.512, 5.22, 4.98, 4.81, 4.83, 4.08, 3.34, 3.16, 2.77, 3.0, 3.55, 3.44, 2.83, 3.06, 3.15, 3.55, 4.05, 4.11, 3.86, 4.15, 4.16, 3.65, 3.11, 3.56, 3.49, 2.65, 2.19, 1.87, 1.92, 2.07, 2.11, 1.54, 0, 2.11, 2.44, 2.17, 1.74, 1.73, 2.6, 3.71, 3.86, 3.97, 5.04, 5.6, 5.25, 5.38, 5.25, 5.21, 5.99, 5.7, 4.65, 3.2, 2.32, 2.56, 3.11, 4.1, 4.74, 5.72, 6.82, 5.11, 1.93, 1.89, 2.23, 1.66, 1.53, 1.64, 2.69, 3.59, 4.51, 5.16], [4.28, 4.44, 4.804, 5.474, 5.627, 5.314, 6.057, 6.017, 5.75, 5.723, 6.4, 7.051, 7.001, 7.311, 7.57, 8.01, 7.487, 7.159, 6.93, 6.84, 6.9, 6.15, 5.41, 5.23, 4.82, 4.79, 4.92, 4.73, 3.9, 3.83, 4.64, 5.2, 5.96, 6.06, 5.51, 6.02, 6.09, 5.62, 4.98, 5.59, 5.44, 4.66, 4.2, 3.72, 3.75, 4.14, 4.18, 3.59, 2.11, 0, 0.93, 1.0, 1.15, 1.04, 1.09, 1.7, 1.87, 2.16, 3.07, 3.59, 3.26, 3.35, 3.2, 3.14, 3.92, 3.81, 3.0, 2.17, 1.57, 1.89, 2.38, 3.05, 3.47, 3.87, 4.99, 3.3, 1.86, 3.52, 4.22, 3.71, 2.84, 3.45, 4.76, 5.66, 6.58, 7.23], [4.73, 4.89, 5.123, 5.876, 5.977, 5.682, 6.427, 6.364, 6.009, 6.099, 6.659, 7.282, 7.24, 7.544, 7.829, 8.389, 7.874, 7.546, 7.24, 7.13, 7.13, 6.4, 5.66, 5.46, 5.13, 5.06, 5.33, 5.22, 4.37, 4.1, 5.05, 5.59, 6.33, 6.39, 5.84, 6.35, 6.46, 5.91, 5.37, 5.94, 5.79, 5.03, 4.57, 4.05, 4.1, 4.39, 4.45, 3.82, 2.44, 0.93, 0, 0.73, 1.1, 1.17, 1.12, 1.53, 1.64, 1.81, 2.78, 3.4, 3.05, 3.12, 2.95, 2.93, 3.67, 3.42, 2.51, 1.7, 1.46, 1.86, 1.93, 2.4, 2.74, 3.34, 4.44, 2.79, 1.75, 3.87, 4.51, 4.0, 3.13, 3.74, 4.99, 5.89, 6.81, 7.46], [4.48, 4.62, 4.902, 5.506, 5.63, 5.34, 6.1, 6.023, 5.802, 5.795, 6.389, 6.983, 6.913, 7.263, 7.579, 8.079, 7.513, 7.19, 6.87, 6.64, 6.7, 6.05, 5.25, 5.07, 4.76, 4.79, 5.1, 5.07, 4.22, 3.83, 4.64, 5.28, 6.02, 6.14, 5.51, 5.94, 6.17, 5.6, 5.16, 5.67, 5.56, 4.68, 4.22, 3.8, 3.89, 4.08, 3.98, 3.41, 2.17, 1.0, 0.73, 0, 0.75, 0.96, 1.13, 1.84, 2.07, 2.12, 3.19, 3.77, 3.38, 3.51, 3.36, 3.32, 4.1, 3.81, 2.8, 1.81, 1.47, 1.89, 1.86, 2.37, 2.79, 3.63, 4.83, 3.26, 1.38, 3.42, 4.02, 3.51, 2.68, 3.27, 4.56, 5.52, 6.44, 7.09], [3.95, 4.19, 4.472, 5.016, 5.123, 4.813, 5.613, 5.573, 5.369, 5.391, 5.959, 6.536, 6.466, 6.816, 7.149, 7.609, 7.006, 6.657, 6.3, 6.23, 6.29, 5.6, 4.82, 4.62, 4.29, 4.26, 4.81, 4.7, 3.99, 3.9, 4.37, 4.99, 5.61, 5.73, 5.1, 5.43, 5.68, 5.15, 4.73, 5.24, 5.15, 4.23, 3.77, 3.37, 3.46, 3.63, 3.57, 2.98, 1.74, 1.15, 1.1, 0.75, 0, 0.81, 1.22, 2.25, 2.42, 2.57, 3.6, 4.2, 3.81, 3.92, 3.77, 3.73, 4.51, 4.28, 3.27, 1.88, 1.2, 1.62, 1.81, 2.68, 3.28, 4.14, 5.34, 3.73, 1.13, 2.91, 3.53, 3.02, 2.25, 2.82, 4.15, 5.07, 6.01, 6.64], [3.88, 4.18, 4.487, 5.077, 5.167, 4.857, 5.657, 5.66, 5.382, 5.395, 6.02, 6.66, 6.595, 6.92, 7.19, 7.67, 7.09, 6.722, 6.39, 6.44, 6.487, 5.75, 5.01, 4.83, 4.4, 4.35, 4.64, 4.57, 3.86, 3.89, 4.42, 4.96, 5.66, 5.72, 5.19, 5.46, 5.63, 5.24, 4.72, 5.27, 5.14, 4.32, 3.86, 3.42, 3.45, 3.74, 3.78, 3.19, 1.73, 1.04, 1.17, 0.96, 0.81, 0, 1.03, 2.06, 2.21, 2.4, 3.51, 4.15, 3.7, 3.79, 3.74, 3.62, 4.38, 4.21, 3.16, 1.93, 1.29, 1.65, 1.86, 2.81, 3.39, 4.23, 5.35, 3.7, 1.48, 3.06, 3.64, 3.17, 2.4, 3.03, 4.36, 5.26, 6.18, 6.817], [4.53, 4.85, 5.306, 5.976, 6.066, 5.776, 6.556, 6.559, 6.268, 6.299, 6.899, 7.558, 7.508, 7.818, 8.048, 8.529, 7.989, 7.62, 7.3, 7.37, 7.42, 6.68, 5.94, 5.76, 5.33, 5.26, 5.27, 5.12, 4.45, 4.44, 5.23, 5.75, 6.49, 6.55, 6.08, 6.41, 6.5, 6.19, 5.51, 6.14, 5.95, 5.23, 4.77, 4.29, 4.24, 4.67, 4.71, 4.12, 2.6, 1.09, 1.12, 1.13, 1.22, 1.03, 0, 1.19, 1.48, 1.65, 2.7, 3.38, 2.93, 3.02, 2.97, 3.03, 3.45, 3.34, 2.45, 1.6, 1.2, 1.48, 1.81, 2.42, 2.96, 3.56, 4.7, 2.97, 1.85, 3.97, 4.59, 4.1, 3.35, 3.96, 5.29, 6.19, 7.11, 7.75], [5.56, 5.88, 6.359, 6.989, 7.11, 6.82, 7.6, 7.632, 7.309, 7.34, 7.979, 8.639, 8.609, 8.899, 9.129, 9.562, 9.022, 8.633, 8.41, 8.48, 8.521, 7.79, 7.05, 6.87, 6.44, 6.31, 6.3, 5.99, 5.42, 5.37, 6.28, 6.8, 7.5, 7.6, 7.13, 7.48, 7.57, 7.26, 6.54, 7.21, 7.02, 6.26, 5.78, 5.32, 5.29, 5.78, 5.82, 5.23, 3.71, 1.7, 1.53, 1.84, 2.25, 2.06, 1.19, 0, 0.79, 0.98, 1.89, 2.39, 2.06, 2.07, 2.0, 2.08, 2.46, 2.41, 2.08, 1.77, 1.77, 1.79, 2.1, 2.43, 2.53, 2.71, 3.79, 2.34, 2.86, 5.06, 5.66, 5.21, 4.42, 5.07, 6.4, 7.298, 8.218, 8.851], [5.67, 5.99, 6.483, 7.176, 7.283, 6.993, 7.773, 7.779, 7.459, 7.513, 8.149, 8.789, 8.759, 9.049, 9.279, 9.729, 9.189, 8.82, 8.56, 8.63, 8.671, 7.94, 7.2, 7.02, 6.59, 6.46, 6.47, 6.16, 5.59, 5.52, 6.43, 6.97, 7.69, 7.77, 7.3, 7.63, 7.72, 7.41, 6.69, 7.36, 7.19, 6.43, 5.97, 5.49, 5.44, 5.93, 5.97, 5.38, 3.86, 1.87, 1.64, 2.07, 2.42, 2.21, 1.48, 0.79, 0, 0.87, 1.72, 2.3, 1.95, 1.98, 1.81, 1.85, 2.43, 2.44, 2.05, 1.74, 2.04, 2.16, 2.25, 2.4, 2.48, 2.5, 3.62, 2.13, 2.99, 5.21, 5.81, 5.36, 4.55, 5.22, 6.55, 7.448, 8.37, 9.001], [5.8, 6.08, 6.616, 7.286, 7.376, 7.086, 7.866, 7.909, 7.598, 7.609, 8.248, 8.908, 8.878, 9.168, 9.398, 9.839, 9.299, 8.93, 8.69, 8.74, 8.79, 8.05, 7.31, 7.13, 6.7, 6.59, 6.54, 6.35, 5.76, 5.65, 6.54, 7.06, 7.8, 7.86, 7.39, 7.76, 7.83, 7.52, 6.82, 7.47, 7.3, 6.54, 6.08, 5.62, 5.55, 6.04, 6.08, 5.49, 3.97, 2.16, 1.81, 2.12, 2.57, 2.4, 1.65, 0.98, 0.87, 0, 1.43, 2.07, 1.68, 1.79, 1.78, 1.86, 2.14, 1.93, 1.44, 1.29, 1.95, 1.95, 1.74, 1.85, 1.91, 2.31, 3.41, 1.84, 3.14, 5.32, 5.96, 5.47, 4.7, 5.33, 6.66, 7.56, 8.48, 9.12], [6.77, 7.07, 7.569, 8.202, 8.303, 8.022, 8.802, 8.824, 8.528, 8.53, 9.178, 9.838, 9.808, 10.098, 10.348, 10.754, 10.214, 9.846, 9.6, 9.67, 9.72, 8.98, 8.24, 8.06, 7.63, 7.5, 7.49, 7.22, 6.61, 6.56, 7.47, 7.99, 8.73, 8.81, 8.32, 8.69, 8.76, 8.45, 7.73, 8.4, 8.21, 7.45, 6.99, 6.53, 6.5, 6.97, 7.01, 6.48, 5.04, 3.07, 2.78, 3.19, 3.6, 3.51, 2.7, 1.89, 1.72, 1.43, 0, 0.96, 0.83, 0.98, 1.47, 1.45, 1.35, 1.24, 1.35, 2.12, 3.06, 2.88, 2.69, 2.36, 2.14, 1.72, 2.56, 1.75, 4.11, 6.27, 6.91, 6.42, 5.65, 6.26, 7.59, 8.49, 9.41, 10.05], [7.31, 7.51, 8.069, 8.659, 8.86, 8.55, 9.27, 9.342, 9.039, 9.029, 9.689, 10.369, 10.339, 10.629, 10.859, 11.252, 10.712, 10.363, 10.191, 10.19, 10.25, 9.5, 8.76, 8.58, 8.15, 8.04, 8.01, 7.66, 7.13, 7.08, 7.99, 8.47, 9.21, 9.31, 8.84, 9.29, 9.34, 8.97, 8.25, 8.92, 8.73, 7.97, 7.47, 7.03, 7.0, 7.49, 7.55, 7.04, 5.6, 3.59, 3.4, 3.77, 4.2, 4.15, 3.38, 2.39, 2.3, 2.07, 0.96, 0, 0.71, 0.86, 1.31, 1.19, 1.27, 1.4, 1.85, 2.72, 3.66, 3.38, 3.27, 2.88, 2.62, 2.02, 2.44, 2.17, 4.67, 6.83, 7.55, 7.06, 6.21, 6.78, 8.11, 9.01, 9.93, 10.58], [6.92, 7.12, 7.739, 8.292, 8.443, 8.168, 8.928, 8.994, 8.701, 8.671, 9.331, 10.011, 9.981, 10.271, 10.521, 10.904, 10.364, 9.996, 9.772, 9.833, 9.893, 9.15, 8.41, 8.23, 7.8, 7.69, 7.66, 7.31, 6.78, 6.73, 7.64, 8.12, 8.88, 8.98, 8.49, 8.88, 8.93, 8.62, 7.9, 8.57, 8.38, 7.62, 7.08, 6.68, 6.67, 7.14, 7.2, 6.69, 5.25, 3.26, 3.05, 3.38, 3.81, 3.7, 2.93, 2.06, 1.95, 1.68, 0.83, 0.71, 0, 0.95, 1.34, 1.26, 1.6, 1.45, 1.7, 2.37, 3.33, 3.17, 2.96, 2.51, 2.25, 1.91, 2.67, 1.94, 4.3, 6.46, 7.14, 6.65, 5.84, 6.43, 7.76, 8.66, 9.58, 10.223], [7.11, 7.37, 7.909, 8.502, 8.609, 8.322, 9.062, 9.164, 8.851, 8.841, 9.481, 10.141, 10.111, 10.401, 10.671, 11.074, 10.534, 10.186, 9.92, 9.963, 10.023, 9.28, 8.54, 8.36, 7.93, 7.8, 7.85, 7.46, 6.91, 6.86, 7.77, 8.25, 9.07, 9.11, 8.62, 9.01, 9.06, 8.75, 8.07, 8.72, 8.55, 7.79, 7.31, 6.87, 6.8, 7.27, 7.33, 6.82, 5.38, 3.35, 3.12, 3.51, 3.92, 3.79, 3.02, 2.07, 1.98, 1.79, 0.98, 0.86, 0.95, 0, 0.97, 1.15, 1.49, 1.8, 1.93, 2.44, 3.36, 3.22, 3.07, 2.84, 2.68, 2.02, 2.66, 2.23, 4.39, 6.61, 7.29, 6.76, 5.91, 6.56, 7.89, 8.79, 9.71, 10.353], [6.88, 7.08, 7.659, 8.246, 8.423, 8.113, 8.877, 8.936, 8.646, 8.636, 9.296, 9.976, 9.946, 10.236, 10.466, 10.859, 10.319, 9.95, 9.772, 9.799, 9.859, 9.11, 8.37, 8.19, 7.76, 7.63, 7.62, 7.23, 6.74, 6.69, 7.6, 8.08, 8.82, 8.92, 8.45, 8.88, 8.93, 8.58, 7.86, 8.53, 8.34, 7.58, 7.06, 6.64, 6.61, 7.1, 7.16, 6.65, 5.25, 3.2, 2.95, 3.36, 3.77, 3.74, 2.97, 2.0, 1.81, 1.78, 1.47, 1.31, 1.34, 0.97, 0, 0.94, 1.72, 2.15, 2.26, 2.61, 3.23, 3.15, 3.12, 3.21, 3.05, 2.41, 3.03, 2.54, 4.28, 6.42, 7.12, 6.63, 5.74, 6.39, 7.72, 8.62, 9.54, 10.189], [6.96, 7.18, 7.704, 8.266, 8.461, 8.151, 8.914, 8.953, 8.703, 8.693, 9.353, 9.993, 9.963, 10.253, 10.523, 10.89, 10.339, 9.97, 9.789, 9.82, 9.876, 9.13, 8.39, 8.21, 7.78, 7.65, 7.7, 7.33, 6.76, 6.71, 7.62, 8.1, 8.84, 8.98, 8.47, 8.88, 8.93, 8.6, 7.9, 8.57, 8.36, 7.6, 7.06, 6.66, 6.69, 7.12, 7.18, 6.65, 5.21, 3.14, 2.93, 3.32, 3.73, 3.62, 3.03, 2.08, 1.85, 1.86, 1.45, 1.19, 1.26, 1.15, 0.94, 0, 1.32, 1.89, 1.9, 2.57, 3.25, 3.25, 3.04, 2.95, 2.77, 2.23, 2.77, 2.24, 4.2, 6.44, 7.14, 6.63, 5.72, 6.41, 7.74, 8.64, 9.56, 10.206], [7.76, 8.02, 8.575, 9.2, 9.347, 9.057, 9.837, 9.86, 9.561, 9.58, 10.231, 10.891, 10.861, 11.151, 11.381, 11.79, 11.25, 10.861, 10.67, 10.72, 10.773, 10.03, 9.29, 9.11, 8.68, 8.55, 8.52, 8.21, 7.7, 7.63, 8.52, 9.04, 9.74, 9.84, 9.37, 9.76, 9.81, 9.5, 8.78, 9.45, 9.26, 8.5, 8.0, 7.56, 7.53, 8.02, 8.06, 7.49, 5.99, 3.92, 3.67, 4.1, 4.51, 4.38, 3.45, 2.46, 2.43, 2.14, 1.35, 1.27, 1.6, 1.49, 1.72, 1.32, 0, 1.35, 1.68, 2.91, 3.77, 3.61, 3.24, 2.79, 2.49, 1.89, 2.35, 2.08, 5.08, 7.3, 7.96, 7.45, 6.62, 7.31, 8.64, 9.54, 10.46, 11.103], [7.53, 7.63, 8.282, 8.97, 9.177, 8.867, 9.607, 9.59, 9.308, 9.31, 9.97, 10.638, 10.608, 10.898, 11.128, 11.52, 11.02, 10.671, 10.52, 10.45, 10.51, 9.76, 9.02, 8.84, 8.41, 8.36, 8.29, 8.04, 7.43, 7.34, 8.25, 8.77, 9.47, 9.57, 9.1, 9.61, 9.66, 9.23, 8.51, 9.18, 8.99, 8.23, 7.73, 7.29, 7.26, 7.75, 7.79, 7.2, 5.7, 3.81, 3.42, 3.81, 4.28, 4.21, 3.34, 2.41, 2.44, 1.93, 1.24, 1.4, 1.45, 1.8, 2.15, 1.89, 1.35, 0, 1.25, 2.6, 3.56, 3.28, 2.91, 2.24, 1.8, 1.62, 2.1, 1.77, 4.81, 7.11, 7.81, 7.3, 6.35, 7.04, 8.37, 9.27, 10.19, 10.84], [6.66, 6.82, 7.302, 7.986, 8.156, 7.846, 8.566, 8.589, 8.298, 8.289, 8.948, 9.608, 9.578, 9.868, 10.118, 10.507, 9.999, 9.69, 9.49, 9.42, 9.48, 8.73, 7.99, 7.81, 7.38, 7.37, 7.34, 7.29, 6.56, 6.41, 7.26, 7.74, 8.48, 8.56, 8.07, 8.58, 8.63, 8.2, 7.5, 8.15, 7.98, 7.22, 6.74, 6.3, 6.25, 6.72, 6.76, 6.17, 4.65, 3.0, 2.51, 2.8, 3.27, 3.16, 2.45, 2.08, 2.05, 1.44, 1.35, 1.85, 1.7, 1.93, 2.26, 1.9, 1.68, 1.25, 0, 1.57, 2.63, 2.53, 1.8, 1.37, 1.51, 1.75, 2.59, 1.34, 3.78, 6.08, 6.78, 6.27, 5.32, 6.01, 7.34, 8.24, 9.16, 9.81], [5.21, 5.41, 5.814, 6.459, 6.609, 6.299, 7.019, 7.082, 6.777, 6.785, 7.427, 8.075, 8.045, 8.335, 8.597, 8.997, 8.472, 8.163, 7.94, 7.89, 7.95, 7.2, 6.46, 6.28, 5.85, 5.84, 6.09, 6.16, 5.49, 5.42, 5.95, 6.51, 7.07, 7.07, 6.64, 7.17, 7.08, 6.67, 6.03, 6.64, 6.47, 5.71, 5.25, 4.85, 4.76, 5.19, 5.23, 4.64, 3.2, 2.17, 1.7, 1.81, 1.88, 1.93, 1.6, 1.77, 1.74, 1.29, 2.12, 2.72, 2.37, 2.44, 2.61, 2.57, 2.91, 2.6, 1.57, 0, 1.46, 1.5, 1.09, 1.46, 2.04, 2.86, 3.96, 2.19, 2.27, 4.53, 5.23, 4.72, 3.79, 4.48, 5.81, 6.71, 7.63, 8.28], [4.25, 4.49, 4.854, 5.519, 5.646, 5.336, 6.096, 6.122, 5.819, 5.833, 6.487, 7.129, 7.099, 7.389, 7.639, 8.077, 7.532, 7.183, 6.96, 6.95, 7.01, 6.26, 5.52, 5.34, 4.91, 4.8, 5.09, 4.92, 4.31, 4.42, 4.89, 5.55, 6.05, 6.11, 5.66, 6.17, 6.1, 5.73, 5.05, 5.68, 5.53, 4.77, 4.31, 3.85, 3.8, 4.25, 4.29, 3.74, 2.32, 1.57, 1.46, 1.47, 1.2, 1.29, 1.2, 1.77, 2.04, 1.95, 3.06, 3.66, 3.33, 3.36, 3.23, 3.25, 3.77, 3.56, 2.63, 1.46, 0, 0.76, 1.55, 2.6, 3.2, 3.84, 4.92, 3.11, 1.91, 3.55, 4.27, 3.76, 2.87, 3.54, 4.87, 5.77, 6.69, 7.34], [4.43, 4.65, 5.123, 5.776, 5.963, 5.653, 6.373, 6.419, 6.122, 6.147, 6.772, 7.452, 7.422, 7.712, 7.942, 8.329, 7.789, 7.48, 7.3, 7.27, 7.33, 6.58, 5.84, 5.66, 5.23, 5.14, 5.31, 5.02, 4.57, 4.8, 5.19, 5.79, 6.33, 6.39, 5.96, 6.47, 6.44, 6.05, 5.35, 6.0, 5.83, 5.05, 4.57, 4.15, 4.08, 4.57, 4.61, 4.02, 2.56, 1.89, 1.86, 1.89, 1.62, 1.65, 1.48, 1.79, 2.16, 1.95, 2.88, 3.38, 3.17, 3.22, 3.15, 3.25, 3.61, 3.28, 2.53, 1.5, 0.76, 0, 1.49, 2.6, 3.2, 3.72, 4.82, 3.07, 2.45, 3.93, 4.59, 4.08, 3.29, 3.86, 5.19, 6.09, 7.01, 7.66], [5.36, 5.5, 5.81, 6.386, 6.536, 6.2, 6.966, 6.929, 6.745, 6.787, 7.349, 7.963, 7.913, 8.229, 8.519, 8.959, 8.373, 8.05, 7.85, 7.72, 7.78, 7.03, 6.29, 6.11, 5.7, 5.79, 6.18, 6.15, 5.44, 5.39, 5.72, 6.34, 6.98, 7.04, 6.47, 6.98, 7.11, 6.54, 6.06, 6.55, 6.5, 5.54, 5.08, 4.7, 4.81, 5.02, 5.06, 4.47, 3.11, 2.38, 1.93, 1.86, 1.81, 1.86, 1.81, 2.1, 2.25, 1.74, 2.69, 3.27, 2.96, 3.07, 3.12, 3.04, 3.24, 2.91, 1.8, 1.09, 1.55, 1.49, 0, 1.39, 1.89, 2.75, 3.89, 2.22, 2.28, 4.4, 5.1, 4.59, 3.64, 4.33, 5.64, 6.54, 7.46, 8.11], [6.57, 6.67, 6.935, 7.439, 7.555, 7.248, 8.065, 7.908, 7.841, 7.911, 8.288, 8.828, 8.758, 9.128, 9.518, 10.018, 9.398, 9.14, 8.9, 8.53, 8.51, 7.86, 7.06, 6.88, 6.67, 6.92, 7.29, 7.22, 6.37, 6.04, 6.67, 7.23, 7.95, 8.19, 7.54, 7.81, 8.2, 7.57, 7.19, 7.54, 7.51, 6.55, 6.13, 5.73, 5.98, 5.91, 5.81, 5.26, 4.1, 3.05, 2.4, 2.37, 2.68, 2.81, 2.42, 2.43, 2.4, 1.85, 2.36, 2.88, 2.51, 2.84, 3.21, 2.95, 2.79, 2.24, 1.37, 1.46, 2.6, 2.6, 1.39, 0, 0.86, 1.76, 3.06, 1.65, 2.95, 5.27, 5.85, 5.36, 4.39, 5.12, 6.35, 7.39, 8.27, 8.94], [7.19, 7.29, 7.532, 8.139, 8.249, 7.919, 8.716, 8.579, 8.418, 8.511, 8.982, 9.459, 9.349, 9.759, 10.115, 10.692, 10.092, 9.8, 9.52, 9.19, 9.09, 8.5, 7.74, 7.52, 7.33, 7.52, 7.87, 7.82, 6.97, 6.5, 7.23, 7.89, 8.61, 8.79, 8.12, 8.51, 8.84, 8.15, 7.77, 8.24, 8.17, 7.25, 6.79, 6.33, 6.56, 6.59, 6.47, 5.92, 4.74, 3.47, 2.74, 2.79, 3.28, 3.39, 2.96, 2.53, 2.48, 1.91, 2.14, 2.62, 2.25, 2.68, 3.05, 2.77, 2.49, 1.8, 1.51, 2.04, 3.2, 3.2, 1.89, 0.86, 0, 1.26, 2.44, 1.43, 3.63, 5.93, 6.51, 6.06, 5.05, 5.78, 6.91, 7.97, 8.95, 9.54], [8.07, 8.23, 8.443, 9.116, 9.226, 8.896, 9.696, 9.559, 9.329, 9.419, 9.959, 10.439, 10.329, 10.739, 11.089, 11.669, 11.069, 10.76, 10.42, 10.17, 10.07, 9.48, 8.74, 8.52, 8.31, 8.28, 8.67, 8.32, 7.47, 7.12, 8.09, 8.81, 9.59, 9.73, 9.04, 9.49, 9.8, 9.09, 8.69, 9.22, 9.13, 8.23, 7.77, 7.31, 7.44, 7.57, 7.47, 6.9, 5.72, 3.87, 3.34, 3.63, 4.14, 4.23, 3.56, 2.71, 2.5, 2.31, 1.72, 2.02, 1.91, 2.02, 2.41, 2.23, 1.89, 1.62, 1.75, 2.86, 3.84, 3.72, 2.75, 1.76, 1.26, 0, 1.52, 1.21, 4.61, 6.93, 7.51, 7.04, 6.05, 6.78, 7.89, 8.93, 9.93, 10.52], [9.15, 9.29, 9.503, 10.196, 10.303, 10.01, 10.773, 10.69, 10.392, 10.479, 11.019, 11.573, 11.52, 11.833, 12.149, 12.749, 12.2, 11.872, 11.56, 11.43, 11.39, 10.66, 9.96, 9.74, 9.45, 9.38, 9.73, 9.42, 8.55, 8.28, 9.29, 9.91, 10.69, 10.79, 10.14, 10.65, 10.86, 10.23, 9.75, 10.3, 10.19, 9.35, 8.89, 8.39, 8.5, 8.71, 8.75, 8.12, 6.82, 4.99, 4.44, 4.83, 5.34, 5.35, 4.7, 3.79, 3.62, 3.41, 2.56, 2.44, 2.67, 2.66, 3.03, 2.77, 2.35, 2.1, 2.59, 3.96, 4.92, 4.82, 3.89, 3.06, 2.44, 1.52, 0, 1.97, 5.73, 8.15, 8.81, 8.3, 7.33, 8.04, 9.25, 10.15, 11.11, 11.72], [7.22, 7.38, 7.593, 8.406, 8.553, 8.226, 8.983, 8.909, 8.599, 8.709, 9.269, 9.883, 9.853, 10.143, 10.399, 10.919, 10.399, 10.07, 9.85, 9.76, 9.74, 8.99, 8.29, 8.07, 7.74, 7.69, 7.84, 7.57, 6.9, 6.69, 7.6, 8.1, 8.84, 8.92, 8.41, 8.94, 9.05, 8.48, 7.88, 8.45, 8.36, 7.56, 7.1, 6.56, 6.63, 7.0, 7.08, 6.51, 5.11, 3.3, 2.79, 3.26, 3.73, 3.7, 2.97, 2.34, 2.13, 1.84, 1.75, 2.17, 1.94, 2.23, 2.54, 2.24, 2.08, 1.77, 1.34, 2.19, 3.11, 3.07, 2.22, 1.65, 1.43, 1.21, 1.97, 0, 4.08, 6.48, 7.2, 6.67, 5.66, 6.37, 7.6, 8.5, 9.44, 10.07], [4.02, 4.02, 4.33, 4.584, 4.754, 4.647, 5.327, 5.25, 5.2, 5.35, 5.487, 5.961, 5.934, 6.287, 6.674, 7.174, 6.574, 6.33, 6.21, 5.84, 5.7, 4.97, 4.27, 4.11, 3.96, 4.37, 5.26, 5.17, 4.42, 4.29, 4.62, 5.2, 5.56, 5.7, 5.21, 5.56, 5.63, 5.02, 4.48, 4.69, 