[[0, 0.58, 0.91, 1.41, 2.935, 5.652, 5.855, 4.792, 5.541, 4.28, 1.75, 3.568, 4.891, 5.703, 5.341, 5.594, 6.124, 6.281, 6.511, 6.261, 5.53, 5.28, 5.08, 4.57, 4.82, 4.73, 4.53, 4.51, 4.68, 4.14, 3.52, 4.248, 4.694, 4.958, 5.178, 5.264, 5.184, 4.83, 4.908, 4.96, 4.61, 4.36, 4.27, 4.27, 4.17, 5.816, 6.806, 6.36, 5.82, 5.58, 5.349, 5.05, 5.1, 5.234, 5.438, 5.596, 5.49, 4.716, 3.83, 4.309, 4.752, 4.231, 4.129, 4.01, 4.608, 6.718, 9.604, 10.684, 11.008, 10.451, 9.453, 8.78, 8.578, 7.806, 7.702, 6.032, 4.584, 4.579, 5.987, 9.016, 13.101, 14.15, 14.433, 15.148, 14.357, 12.967], [0.58, 0, 0.65, 1.27, 2.803, 5.531, 5.748, 4.655, 5.421, 4.052, 1.59, 3.606, 5.041, 5.811, 5.421, 5.737, 6.207, 6.364, 6.594, 6.344, 5.57, 5.3, 5.14, 4.69, 4.88, 4.83, 4.63, 4.63, 4.8, 4.32, 3.62, 4.288, 4.92, 5.152, 5.358, 5.384, 5.384, 4.95, 5.005, 5.06, 4.79, 4.54, 4.45, 4.23, 4.09, 5.719, 6.706, 6.22, 5.694, 5.42, 5.243, 4.933, 4.986, 5.157, 5.309, 5.476, 5.37, 4.62, 3.71, 4.23, 4.632, 4.128, 4.021, 3.881, 4.488, 6.598, 9.487, 10.584, 10.902, 10.345, 9.338, 8.665, 8.446, 7.697, 7.588, 5.915, 4.424, 4.459, 5.878, 8.91, 13.001, 14.05, 14.333, 15.048, 14.259, 12.847], [0.91, 0.65, 0, 0.78, 2.31, 5.078, 5.258, 4.201, 4.991, 3.55, 1.78, 4.128, 5.558, 6.333, 5.928, 6.241, 6.731, 6.888, 7.078, 6.848, 6.048, 5.79, 5.63, 5.18, 5.37, 5.3, 5.1, 5.14, 5.25, 4.79, 3.93, 4.495, 5.127, 5.416, 5.516, 5.571, 5.551, 5.08, 5.235, 5.25, 5.0, 4.73, 4.64, 4.38, 3.92, 5.232, 6.196, 5.73, 5.204, 4.909, 4.733, 4.463, 4.516, 4.69, 4.848, 5.006, 4.9, 4.13, 3.28, 3.76, 4.162, 3.624, 3.571, 3.42, 3.972, 6.128, 9.02, 10.074, 10.406, 9.855, 8.822, 8.155, 7.957, 7.204, 7.074, 5.425, 4.13, 4.05, 5.366, 8.406, 12.497, 13.54, 13.826, 14.538, 13.749, 12.377], [1.41, 1.27, 0.78, 0, 1.69, 4.444, 4.63, 3.556, 4.34, 3.11, 2.26, 4.773, 6.234, 6.993, 6.603, 6.881, 7.351, 7.508, 7.738, 7.468, 6.688, 6.396, 6.273, 5.8, 5.97, 5.92, 5.7, 5.66, 5.81, 5.29, 4.41, 4.904, 5.678, 5.992, 5.868, 5.959, 5.788, 5.36, 5.652, 5.57, 5.26, 4.97, 4.86, 4.52, 3.84, 4.61, 5.536, 5.09, 4.55, 4.25, 4.079, 3.82, 3.89, 4.09, 4.22, 4.37, 4.32, 3.63, 2.88, 3.24, 3.52, 2.99, 2.888, 2.76, 3.35, 5.465, 8.348, 9.412, 9.749, 9.198, 8.186, 7.492, 7.309, 6.553, 6.441, 4.97, 3.77, 3.67, 4.712, 7.743, 11.834, 12.877, 13.163, 13.876, 13.084, 11.714], [2.935, 2.803, 2.31, 1.69, 0, 2.94, 3.06, 2.04, 2.95, 2.36, 3.59, 6.294, 7.732, 8.514, 8.169, 8.462, 8.921, 9.038, 9.314, 9.007, 8.178, 7.908, 7.785, 7.284, 7.534, 7.464, 7.198, 6.965, 7.177, 6.74, 5.72, 6.035, 6.857, 7.16, 6.93, 6.888, 6.481, 6.218, 6.471, 6.111, 5.601, 5.348, 5.25, 5.049, 3.29, 3.28, 4.07, 3.7, 3.08, 2.94, 2.65, 2.61, 2.82, 2.9, 2.75, 2.88, 3.05, 2.52, 2.13, 2.21, 2.17, 1.7, 1.73, 1.63, 2.12, 3.915, 6.822, 7.853, 8.194, 7.651, 6.642, 5.963, 5.782, 5.032, 4.976, 3.69, 2.9, 2.74, 3.291, 6.223, 10.31, 11.339, 11.616, 12.335, 11.563, 10.159], [5.652, 5.531, 5.078, 4.444, 2.94, 0, 0.96, 1.18, 1.19, 2.12, 6.249, 9.034, 10.472, 11.248, 10.89, 11.165, 11.598, 11.695, 12.005, 11.735, 10.886, 10.525, 10.433, 9.875, 10.128, 10.038, 9.821, 9.605, 9.818, 9.206, 8.212, 8.648, 9.499, 9.734, 9.487, 9.25, 8.718, 8.514, 8.773, 8.524, 7.809, 7.479, 7.509, 6.959, 4.15, 2.66, 2.31, 1.64, 1.78, 1.92, 1.39, 1.27, 1.76, 1.84, 1.83, 1.48, 1.55, 2.0, 2.361, 2.17, 1.75, 2.16, 2.61, 2.51, 1.76, 1.39, 4.09, 5.16, 5.489, 4.953, 3.96, 3.276, 3.097, 2.48, 2.42, 1.67, 2.22, 1.98, 1.47, 3.57, 7.582, 8.622, 8.914, 9.639, 8.826, 7.414], [5.855, 5.748, 5.258, 4.63, 3.06, 0.96, 0, 1.3, 1.47, 2.6, 6.509, 9.256, 10.714, 11.497, 11.129, 11.394, 11.866, 11.958, 12.259, 11.998, 11.149, 10.779, 10.699, 10.121, 10.348, 10.278, 10.075, 9.817, 10.004, 9.452, 8.475, 8.856, 9.716, 9.991, 9.749, 9.509, 8.944, 8.785, 9.004, 8.767, 8.08, 7.782, 7.752, 7.134, 4.41, 2.56, 2.29, 1.8, 1.96, 2.06, 1.71, 1.33, 1.959, 1.98, 1.95, 1.76, 1.95, 2.304, 2.771, 2.29, 1.97, 2.3, 2.79, 2.69, 1.96, 1.53, 3.81, 4.98, 5.243, 4.713, 3.74, 3.06, 2.89, 2.36, 2.4, 2.09, 2.42, 2.18, 1.51, 3.281, 7.328, 8.347, 8.663, 9.37, 8.566, 7.182], [4.792, 4.655, 4.201, 3.556, 2.04, 1.18, 1.3, 0, 1.39, 2.1, 5.362, 8.117, 9.549, 10.357, 9.981, 10.26, 10.747, 10.841, 11.134, 10.844, 10.032, 9.677, 9.594, 9.004, 9.274, 9.164, 8.933, 8.679, 8.964, 8.437, 7.435, 7.78, 8.778, 9.015, 8.792, 8.579, 8.029, 7.889, 8.035, 7.769, 7.164, 6.834, 6.784, 6.2, 3.69, 2.26, 2.53, 2.02, 1.7, 1.78, 1.27, 1.27, 1.76, 1.62, 1.59, 1.48, 1.81, 1.96, 2.108, 1.75, 1.19, 1.52, 1.89, 1.81, 1.38, 2.07, 4.873, 6.002, 6.345, 5.809, 4.831, 4.159, 3.963, 3.28, 3.24, 2.23, 2.06, 1.84, 1.79, 4.374, 8.462, 9.479, 9.779, 10.483, 9.716, 8.276], [5.541, 5.421, 4.991, 4.34, 2.95, 1.19, 1.47, 1.39, 0, 1.83, 6.052, 8.819, 10.244, 11.084, 10.712, 11.004, 11.46, 11.552, 11.85, 11.574, 10.731, 10.387, 10.284, 9.714, 9.964, 9.914, 9.677, 9.403, 9.73, 9.207, 8.19, 8.453, 9.379, 9.675, 9.451, 9.233, 8.658, 8.558, 8.754, 8.505, 7.821, 7.473, 7.403, 6.855, 3.9, 2.89, 3.04, 2.19, 2.43, 2.63, 1.82, 1.14, 1.53, 1.55, 1.58, 1.39, 1.48, 1.73, 2.315, 1.76, 1.58, 2.05, 2.38, 2.1, 1.47, 1.72, 4.18, 5.429, 5.708, 5.212, 4.239, 3.55, 3.36, 2.63, 2.57, 1.7, 2.19, 1.95, 1.58, 3.9, 7.801, 8.809, 9.112, 9.781, 9.009, 7.565], [4.28, 4.052, 3.55, 3.11, 2.36, 2.12, 2.6, 2.1, 1.83, 0, 4.502, 7.358, 8.796, 9.538, 9.208, 9.48, 9.93, 10.047, 10.317, 10.007, 9.227, 8.92, 8.8, 8.29, 8.5, 8.45, 8.27, 8.35, 8.544, 8.024, 7.004, 7.14, 8.25, 8.648, 8.37, 8.138, 7.74, 7.274, 7.476, 7.327, 6.737, 6.467, 6.34, 5.537, 3.09, 2.84, 3.99, 2.8, 2.68, 2.82, 2.47, 1.95, 2.06, 2.34, 2.35, 2.22, 2.23, 1.96, 1.85, 1.81, 2.09, 2.12, 2.29, 2.05, 1.78, 3.01, 5.718, 6.885, 7.257, 6.725, 5.772, 5.052, 4.892, 4.068, 3.944, 2.57, 2.24, 2.06, 2.77, 5.392, 9.29, 10.298, 10.598, 11.305, 10.507, 9.101], [1.75, 1.59, 1.78, 2.26, 3.59, 6.249, 6.509, 5.362, 6.052, 4.502, 0, 3.248, 4.751, 5.24, 4.847, 5.24, 5.68, 5.78, 5.91, 5.66, 4.84, 4.59, 4.51, 4.22, 4.35, 4.42, 4.32, 4.5, 4.79, 4.51, 4.15, 4.761, 5.427, 5.656, 5.788, 5.917, 5.934, 5.42, 5.401, 5.57, 5.36, 5.07, 4.96, 4.66, 4.0, 6.368, 7.372, 6.77, 6.258, 6.04, 5.913, 5.659, 5.61, 5.91, 6.005, 6.138, 6.08, 5.39, 4.54, 5.0, 5.339, 4.841, 4.8, 4.611, 5.209, 7.276, 10.122, 11.257, 11.586, 11.038, 10.025, 9.341, 9.156, 8.401, 8.278, 6.625, 5.18, 5.235, 6.648, 9.594, 13.682, 14.728, 15.02, 15.727, 14.937, 13.528], [3.568, 3.606, 4.128, 4.773, 6.294, 9.034, 9.256, 8.117, 8.819, 7.358, 3.248, 0, 1.86, 2.52, 2.29, 2.5, 2.87, 2.97, 3.14, 2.87, 2.29, 2.18, 1.9, 1.71, 2.08, 2.15, 2.09, 2.03, 2.4, 2.6, 3.68, 4.08, 3.959, 4.499, 5.147, 5.287, 5.31, 4.93, 4.72, 4.86, 4.67, 4.56, 4.61, 4.49, 5.732, 9.221, 10.219, 9.634, 9.137, 8.937, 8.763, 8.449, 8.397, 8.579, 8.791, 8.941, 8.835, 8.09, 7.186, 7.717, 8.163, 7.647, 7.552, 7.401, 8.01, 10.129, 12.964, 14.11, 14.43, 13.873, 12.854, 12.167, 11.977, 11.228, 11.107, 9.431, 7.814, 7.871, 9.395, 12.441, 16.529, 17.575, 17.861, 18.571, 17.776, 16.378], [4.891, 5.041, 5.558, 6.234, 7.732, 10.472, 10.714, 9.549, 10.244, 8.796, 4.751, 1.86, 0, 1.06, 1.09, 1.24, 1.57, 1.65, 1.82, 1.85, 1.57, 1.48, 1.04, 1.31, 1.36, 1.35, 1.57, 1.81, 1.8, 2.5, 3.6, 3.9, 3.75, 4.236, 4.959, 5.15, 5.25, 4.97, 4.66, 4.72, 4.77, 4.86, 4.91, 4.95, 7.046, 10.635, 11.651, 11.055, 10.543, 10.377, 10.171, 9.867, 9.806, 9.985, 10.194, 10.359, 10.252, 9.507, 8.597, 9.12, 9.566, 9.053, 8.946, 8.792, 9.413, 11.54, 14.384, 15.521, 15.841, 15.285, 14.266, 13.594, 13.386, 12.634, 12.513, 10.849, 9.232, 9.3, 10.818, 13.853, 17.941, 18.987, 19.272, 19.982, 19.19, 17.79], [5.703, 5.811, 6.333, 6.993, 8.514, 11.248, 11.497, 10.357, 11.084, 9.538, 5.24, 2.52, 1.06, 0, 0.75, 0.98, 0.91, 1.03, 1.28, 1.41, 1.25, 1.3, 1.18, 1.77, 1.52, 1.57, 2.01, 2.23, 2.22, 2.96, 3.98, 4.26, 4.07, 4.539, 5.265, 5.49, 5.61, 5.31, 5.0, 5.12, 5.29, 5.36, 5.41, 5.35, 7.875, 11.461, 12.462, 11.857, 11.342, 11.11, 10.997, 10.692, 10.631, 10.805, 11.017, 11.179, 11.066, 10.33, 9.423, 9.937, 10.377, 9.876, 9.76, 9.621, 10.233, 12.366, 15.21, 16.344, 16.658, 16.108, 15.092, 14.393, 14.197, 13.454, 13.338, 11.663, 10.04, 10.12, 11.621, 14.673, 18.767, 19.812, 20.095, 20.805, 20.019, 18.613], [5.341, 5.421, 5.928, 6.603, 8.169, 10.89, 11.129, 9.981, 10.712, 9.208, 4.847, 2.29, 1.09, 0.75, 0, 0.67, 1.04, 1.2, 1.29, 1.22, 1.02, 0.99, 0.97, 1.42, 1.17, 1.32, 1.62, 1.86, 1.75, 2.43, 3.49, 3.75, 3.626, 4.129, 4.835, 5.1, 5.22, 4.88, 4.59, 4.63, 4.76, 4.81, 4.86, 4.8, 7.513, 11.068, 12.096, 11.493, 10.981, 10.74, 10.61, 10.322, 10.264, 10.438, 10.63, 10.795, 10.679, 9.96, 9.073, 9.553, 10.01, 9.506, 9.393, 9.228, 9.863, 11.973, 14.831, 15.954, 16.271, 15.715, 14.696, 14.009, 13.827, 13.081, 12.945, 11.27, 9.652, 9.747, 11.256, 14.28, 18.377, 19.425, 19.702, 20.412, 19.632, 18.223], [5.594, 5.737, 6.241, 6.881, 8.462, 11.165, 11.394, 10.26, 11.004, 9.48, 5.24, 2.5, 1.24, 0.98, 0.67, 0, 0.75, 0.95, 1.06, 1.15, 1.11, 1.18, 1.14, 1.61, 1.44, 1.53, 1.81, 2.03, 1.98, 2.66, 3.6, 3.86, 3.67, 4.142, 4.865, 5.09, 5.23, 4.85, 4.6, 4.62, 4.77, 4.86, 4.91, 4.85, 7.778, 11.338, 12.354, 11.751, 11.239, 11.018, 10.877, 10.59, 10.554, 10.722, 10.918, 11.048, 10.972, 10.253, 9.366, 9.826, 10.272, 9.779, 9.652, 9.521, 10.156, 12.24, 15.098, 16.221, 16.544, 15.988, 14.989, 14.282, 14.109, 13.357, 13.238, 11.563, 9.943, 10.04, 11.535, 14.544, 18.644, 19.678, 19.955, 20.665, 19.885, 18.476], [6.124, 6.207, 6.731, 7.351, 8.921, 11.598, 11.866, 10.747, 11.46, 9.93, 5.68, 2.87, 1.57, 0.91, 1.04, 0.75, 0, 0.46, 0.85, 1.14, 1.32, 1.43, 1.47, 1.94, 1.71, 1.84, 2.12, 2.36, 2.23, 2.87, 3.85, 4.11, 4.0, 4.44, 5.121, 5.318, 5.46, 5.0, 4.83, 4.81, 5.0, 5.03, 5.12, 5.12, 8.256, 11.854, 12.861, 12.236, 11.741, 11.5, 11.398, 11.097, 11.044, 11.229, 11.45, 11.601, 11.503, 10.784, 9.897, 10.374, 10.816, 10.289, 10.185, 10.04, 10.658, 12.756, 15.585, 16.737, 17.063, 16.506, 15.508, 14.809, 14.619, 13.864, 13.76, 12.088, 10.453, 10.539, 12.022, 15.068, 19.156, 20.202, 20.488, 21.204, 20.403, 19.005], [6.281, 6.364, 6.888, 7.508, 9.038, 11.695, 11.958, 10.841, 11.552, 10.047, 5.78, 2.97, 1.65, 1.03, 1.2, 0.95, 0.46, 0, 0.71, 0.98, 1.24, 1.43, 1.49, 1.94, 1.69, 1.76, 2.1, 2.34, 2.19, 2.89, 3.87, 4.27, 4.158, 4.561, 5.261, 5.418, 5.6, 5.14, 4.99, 4.97, 5.1, 5.09, 5.18, 5.2, 8.353, 11.963, 12.961, 12.333, 11.847, 11.612, 11.522, 11.213, 11.13, 11.33, 11.559, 11.73, 11.619, 10.91, 10.02, 10.511, 10.953, 10.415, 10.314, 10.157, 10.775, 12.859, 15.679, 16.831, 17.172, 16.63, 15.62, 14.936, 14.742, 13.99, 13.872, 12.202, 10.567, 10.631, 12.119, 15.186, 19.257, 20.296, 20.597, 21.313, 20.497, 19.1], [6.511, 6.594, 7.078, 7.738, 9.314, 12.005, 12.259, 11.134, 11.85, 10.317, 5.91, 3.14, 1.82, 1.28, 1.29, 1.06, 0.85, 0.71, 0, 0.83, 1.23, 1.6, 1.66, 2.242, 2.02, 2.09, 2.39, 2.67, 2.56, 3.22, 4.16, 4.5, 4.328, 4.731, 5.431, 5.588, 5.81, 5.37, 5.16, 5.16, 5.37, 5.44, 5.49, 5.49, 8.652, 12.244, 13.251, 12.626, 12.131, 11.89, 11.786, 11.484, 11.417, 11.602, 11.82, 11.988, 11.872, 11.151, 10.243, 10.757, 11.203, 10.676, 10.572, 10.418, 11.027, 13.146, 15.978, 17.127, 17.453, 16.896, 15.883, 15.199, 15.009, 14.254, 14.133, 12.458, 10.828, 10.889, 12.403, 15.458, 19.546, 20.592, 20.878, 21.594, 20.793, 19.395], [6.261, 6.344, 6.848, 7.468, 9.007, 11.735, 11.998, 10.844, 11.574, 10.007, 5.66, 2.87, 1.85, 1.41, 1.22, 1.15, 1.14, 0.98, 0.83, 0, 0.98, 1.35, 1.53, 1.952, 1.79, 1.88, 2.1, 2.36, 2.25, 2.93, 3.89, 4.33, 4.215, 4.655, 5.398, 5.535, 5.72, 5.28, 5.11, 5.07, 5.2, 5.25, 5.32, 5.36, 8.359, 11.954, 12.961, 12.336, 11.841, 11.6, 11.496, 11.194, 11.127, 11.312, 11.53, 11.698, 11.6, 10.881, 9.98, 10.471, 10.913, 10.386, 10.282, 10.137, 10.755, 12.859, 15.688, 16.837, 17.163, 16.606, 15.611, 14.912, 14.716, 13.964, 13.86, 12.188, 10.553, 10.636, 12.125, 15.168, 19.256, 20.302, 20.588, 21.304, 20.503, 19.105], [5.53, 5.57, 6.048, 6.688, 8.178, 10.886, 11.149, 10.032, 10.731, 9.227, 4.84, 2.29, 1.57, 1.25, 1.02, 1.11, 1.32, 1.24, 1.23, 0.98, 0, 0.55, 0.85, 1.22, 1.17, 1.3, 1.56, 1.8, 1.77, 2.51, 3.61, 4.15, 4.055, 4.552, 5.258, 5.452, 5.54, 5.12, 4.97, 4.93, 5.04, 4.97, 5.02, 4.84, 7.53, 11.154, 12.158, 11.533, 11.038, 10.812, 10.705, 10.394, 10.324, 10.53, 10.742, 10.913, 10.8, 10.09, 9.2, 9.711, 10.133, 9.595, 9.494, 9.337, 9.955, 12.047, 14.871, 16.022, 16.354, 15.807, 14.796, 14.112, 13.922, 13.173, 13.055, 11.385, 9.75, 9.83, 11.31, 14.362, 18.442, 19.487, 19.774, 20.495, 19.688, 18.291], [5.28, 5.3, 5.79, 6.396, 7.908, 10.525, 10.779, 9.677, 10.387, 8.92, 4.59, 2.18, 1.48, 1.3, 0.99, 1.18, 1.43, 1.43, 1.6, 1.35, 0.55, 0, 0.64, 1.09, 0.98, 1.15, 1.41, 1.71, 1.7, 2.4, 3.54, 4.14, 4.025, 4.522, 5.248, 5.422, 5.53, 5.09, 4.96, 4.92, 5.03, 4.94, 4.95, 4.71, 7.23, 10.81, 11.808, 11.169, 10.686, 10.459, 10.372, 10.07, 9.98, 10.18, 10.409, 10.58, 10.47, 9.78, 8.91, 9.39, 9.804, 9.265, 9.164, 9.027, 9.645, 11.686, 14.501, 15.656, 16.005, 15.466, 14.458, 13.774, 13.586, 12.837, 12.728, 11.062, 9.424, 9.491, 10.955, 14.024, 18.087, 19.121, 19.432, 20.14, 19.324, 17.924], [5.08, 5.14, 5.63, 6.273, 7.785, 10.433, 10.699, 9.594, 10.284, 8.8, 4.51, 1.9, 1.04, 1.18, 0.97, 1.14, 1.47, 1.49, 1.66, 1.53, 0.85, 0.64, 0, 0.81, 0.74, 0.93, 1.25, 1.51, 1.54, 2.32, 3.46, 3.98, 3.956, 4.459, 5.159, 5.359, 5.396, 5.03, 4.82, 4.8, 4.89, 4.8, 4.83, 4.71, 7.13, 10.71, 11.694, 11.071, 10.594, 10.359, 10.269, 9.95, 9.88, 10.08, 10.309, 10.46, 10.349, 9.64, 8.73, 9.258, 9.7, 9.162, 9.061, 8.904, 9.522, 11.597, 14.421, 15.572, 15.91, 15.369, 14.358, 13.674, 13.486, 12.737, 12.618, 10.946, 9.314, 9.375, 10.858, 13.924, 17.995, 19.041, 19.335, 20.051, 19.244, 17.844], [4.57, 4.69, 5.18, 5.8, 7.284, 9.875, 10.121, 9.004, 9.714, 8.29, 4.22, 1.71, 1.31, 1.77, 1.42, 1.61, 1.94, 1.94, 2.242, 1.952, 1.22, 1.09, 0.81, 0, 0.71, 0.84, 0.82, 1.0, 1.11, 1.67, 2.97, 3.59, 3.523, 4.006, 4.729, 4.886, 4.923, 4.56, 4.33, 4.31, 4.32, 4.23, 4.24, 4.16, 6.58, 10.137, 11.133, 10.49, 10.013, 9.792, 9.702, 9.38, 9.33, 9.51, 9.739, 9.89, 9.78, 9.13, 8.24, 8.72, 9.14, 8.592, 8.491, 8.38, 8.99, 11.013, 13.84, 14.991, 15.332, 14.793, 13.785, 13.101, 12.913, 12.164, 12.055, 10.389, 8.763, 8.818, 10.302, 13.351, 17.417, 18.451, 18.762, 19.47, 18.666, 17.254], [4.82, 4.88, 5.37, 5.97, 7.534, 10.128, 10.348, 9.274, 9.964, 8.5, 4.35, 2.08, 1.36, 1.52, 1.17, 1.44, 1.71, 1.69, 2.02, 1.79, 1.17, 0.98, 0.74, 0.71, 0, 0.61, 0.97, 1.27, 1.32, 1.76, 2.96, 3.6, 3.576, 4.079, 4.762, 4.979, 5.016, 4.65, 4.42, 4.42, 4.47, 4.38, 4.41, 4.25, 6.77, 10.35, 11.36, 10.714, 10.234, 9.999, 9.912, 9.61, 9.56, 9.72, 9.95, 10.1, 10.01, 9.36, 8.49, 8.95, 9.37, 8.82, 8.721, 8.61, 9.22, 11.252, 14.072, 15.227, 15.556, 15.014, 13.998, 13.314, 13.127, 12.377, 12.288, 10.622, 9.004, 9.068, 10.552, 13.57, 17.644, 18.692, 18.978, 19.694, 18.887, 17.493], [4.73, 4.83, 5.3, 5.92, 7.464, 10.038, 10.278, 9.164, 9.914, 8.45, 4.42, 2.15, 1.35, 1.57, 1.32, 1.53, 1.84, 1.76, 2.09, 1.88, 1.3, 1.15, 0.93, 0.84, 0.61, 0, 0.86, 1.18, 1.27, 1.57, 2.77, 3.41, 3.363, 3.846, 4.575, 4.729, 4.78, 4.4, 4.21, 4.19, 4.26, 4.19, 4.2, 4.06, 6.72, 10.277, 11.273, 10.624, 10.153, 9.932, 9.842, 9.52, 9.49, 9.65, 9.88, 10.03, 9.94, 9.29, 8.42, 8.88, 9.28, 8.75, 8.631, 8.54, 9.15, 11.165, 13.985, 15.137, 15.478, 14.939, 13.929, 13.244, 13.057, 12.314, 12.212, 10.546, 8.903, 8.978, 10.452, 13.497, 17.563, 18.605, 18.908, 19.616, 18.8, 17.406], [4.53, 4.63, 5.1, 5.7, 7.198, 9.821, 10.075, 8.933, 9.677, 8.27, 4.32, 2.09, 1.57, 2.01, 1.62, 1.81, 2.12, 2.1, 2.39, 2.1, 1.56, 1.41, 1.25, 0.82, 0.97, 0.86, 0, 0.78, 0.87, 1.17, 2.57, 3.15, 3.0, 3.52, 4.243, 4.389, 4.44, 4.06, 3.83, 3.83, 3.82, 3.77, 3.76, 3.74, 6.493, 10.04, 11.038, 10.428, 9.916, 9.715, 9.605, 9.3, 9.23, 9.41, 9.64, 9.81, 9.72, 9.05, 8.2, 8.66, 9.054, 8.515, 8.394, 8.297, 8.895, 10.919, 13.748, 14.894, 15.244, 14.705, 13.695, 13.01, 12.826, 12.082, 11.978, 10.309, 8.666, 8.754, 10.211, 13.263, 17.329, 18.362, 18.674, 19.382, 18.566, 17.166], [4.51, 4.63, 5.14, 5.66, 6.965, 9.605, 9.817, 8.679, 9.403, 8.35, 4.5, 2.03, 1.81, 2.23, 1.86, 2.03, 2.36, 2.34, 2.67, 2.36, 1.8, 1.71, 1.51, 1.0, 1.27, 1.18, 0.78, 0, 0.71, 1.21, 2.55, 3.37, 2.917, 3.34, 4.083, 4.22, 4.26, 4.1, 3.93, 3.75, 3.64, 3.65, 3.68, 3.66, 6.28, 9.701, 10.809, 10.308, 9.648, 9.534, 9.329, 9.08, 9.09, 9.07, 9.28, 9.45, 9.4, 8.75, 7.88, 8.3, 8.7, 8.17, 8.014, 7.917, 8.55, 10.591, 13.45, 14.575, 14.875, 14.333, 13.34, 12.639, 12.446, 11.702, 11.604, 9.935, 8.306, 8.456, 9.936, 12.939, 17.024, 18.046, 18.341, 19.025, 18.284, 16.829], [4.68, 4.8, 5.25, 5.81, 7.177, 9.818, 10.004, 8.964, 9.73, 8.544, 4.79, 2.4, 1.8, 2.22, 1.75, 1.98, 2.23, 2.19, 2.56, 2.25, 1.77, 1.7, 1.54, 1.11, 1.32, 1.27, 0.87, 0.71, 0, 1.12, 2.44, 3.12, 2.75, 3.279, 4.013, 4.17, 4.17, 3.91, 3.74, 3.66, 3.61, 3.56, 3.59, 3.65, 6.45, 9.974, 10.999, 10.518, 9.949, 9.704, 9.536, 9.27, 9.32, 9.4, 9.57, 9.76, 9.65, 8.96, 8.13, 8.59, 8.97, 8.417, 8.336, 8.25, 8.82, 10.864, 13.756, 14.831, 15.145, 14.598, 13.587, 12.915, 12.73, 11.964, 11.846, 10.179, 8.581, 8.651, 10.116, 13.171, 17.251, 18.302, 18.597, 19.292, 18.512, 17.111], [4.14, 4.32, 4.79, 5.29, 6.74, 9.206, 9.452, 8.437, 9.207, 8.024, 4.51, 2.6, 2.5, 2.96, 2.43, 2.66, 2.87, 2.89, 3.22, 2.93, 2.51, 2.4, 2.32, 1.67, 1.76, 1.57, 1.17, 1.21, 1.12, 0, 1.72, 2.38, 2.11, 2.57, 3.333, 3.49, 3.45, 3.19, 3.08, 2.94, 2.89, 2.84, 2.83, 2.93, 5.93, 9.429, 10.424, 9.9, 9.36, 9.16, 8.995, 8.75, 8.78, 8.84, 9.03, 9.18, 9.09, 8.44, 7.59, 8.07, 8.43, 7.92, 7.799, 7.73, 8.32, 10.293, 13.119, 14.24, 14.586, 14.047, 13.04, 12.349, 12.168, 11.444, 11.34, 9.679, 8.056, 8.131, 9.556, 12.603, 16.668, 17.714, 18.008, 18.733, 17.917, 16.508], [3.52, 3.62, 3.93, 4.41, 5.72, 8.212, 8.475, 7.435, 8.19, 7.004, 4.15, 3.68, 3.6, 3.98, 3.49, 3.6, 3.85, 3.87, 4.16, 3.89, 3.61, 3.54, 3.46, 2.97, 2.96, 2.77, 2.57, 2.55, 2.44, 1.72, 0, 1.48, 1.91, 2.099, 2.325, 2.339, 2.31, 1.95, 2.08, 2.04, 1.99, 1.98, 1.99, 2.13, 4.967, 8.467, 9.501, 8.98, 8.418, 8.204, 8.015, 7.77, 7.82, 7.86, 8.038, 8.223, 8.11, 7.4, 6.53, 6.99, 7.41, 6.892, 6.796, 6.682, 7.292, 9.37, 12.219, 13.337, 13.659, 13.109, 12.104, 11.4, 11.213, 10.466, 10.363, 8.687, 7.058, 7.151, 8.619, 11.668, 15.765, 16.811, 17.088, 17.809, 17.023, 15.605], [4.248, 4.288, 4.495, 4.904, 6.035, 8.648, 8.856, 7.78, 8.453, 7.14, 4.761, 4.08, 3.9, 4.26, 3.75, 3.86, 4.11, 4.27, 4.5, 4.33, 4.15, 4.14, 3.98, 3.59, 3.6, 3.41, 3.15, 3.37, 3.12, 2.38, 1.48, 0, 1.57, 1.79, 1.85, 1.73, 1.75, 1.51, 1.52, 1.38, 1.37, 1.44, 1.55, 1.89, 5.122, 8.728, 9.741, 9.264, 8.772, 8.565, 8.29, 7.97, 8.012, 8.12, 8.312, 8.477, 8.341, 7.533, 6.667, 7.181, 7.636, 7.1, 7.064, 6.89, 7.434, 9.647, 12.536, 13.562, 13.874, 13.301, 12.345, 11.681, 11.468, 10.641, 10.508, 8.94, 7.375, 7.45, 8.845, 11.974, 15.999, 17.076, 17.311, 18.004, 17.206, 15.865], [4.694, 4.92, 5.127, 5.678, 6.857, 9.499, 9.716, 8.778, 9.379, 8.25, 5.427, 3.959, 3.75, 4.07, 3.626, 3.67, 4.0, 4.158, 4.328, 4.215, 4.055, 4.025, 3.956, 3.523, 3.576, 3.363, 3.0, 2.917, 2.75, 2.11, 1.91, 1.57, 0, 0.82, 1.6, 1.76, 1.92, 1.92, 1.85, 1.71, 2.08, 2.405, 2.458, 2.964, 6.016, 9.561, 10.536, 10.227, 9.603, 9.422, 9.136, 8.913, 8.991, 8.954, 9.112, 9.308, 9.199, 8.409, 7.507, 7.981, 8.492, 7.965, 7.887, 7.678, 8.303, 10.501, 13.391, 14.4, 14.639, 14.098, 13.056, 12.406, 12.169, 11.383, 11.26, 9.619, 8.105, 8.201, 9.703, 12.814, 16.837, 17.905, 18.18, 18.838, 18.007, 16.691], [4.958, 5.152, 5.416, 5.992, 7.16, 9.734, 9.991, 9.015, 9.675, 8.648, 5.656, 4.499, 4.236, 4.539, 4.129, 4.142, 4.44, 4.561, 4.731, 4.655, 4.552, 4.522, 4.459, 4.006, 4.079, 3.846, 3.52, 3.34, 3.279, 2.57, 2.099, 1.79, 0.82, 0, 1.14, 1.34, 1.64, 1.82, 1.89, 1.81, 2.17, 2.491, 2.63, 3.27, 6.3, 9.662, 10.751, 10.61, 9.884, 9.565, 9.317, 9.239, 9.334, 9.263, 9.324, 9.497, 9.385, 8.495, 7.593, 8.153, 8.633, 8.191, 8.015, 7.924, 8.484, 10.683, 13.655, 14.538, 14.689, 14.079, 13.04, 12.422, 12.16, 11.408, 11.267, 9.644, 8.07, 8.197, 9.656, 12.807, 16.833, 18.018, 18.19, 18.874, 18.068, 16.869], [5.178, 5.358, 5.516, 5.868, 6.93, 9.487, 9.749, 8.792, 9.451, 8.37, 5.788, 5.147, 4.959, 5.265, 4.835, 4.865, 5.121, 5.261, 5.431, 5.398, 5.258, 5.248, 5.159, 4.729, 4.762, 4.575, 4.243, 4.083, 4.013, 3.333, 2.325, 1.85, 1.6, 1.14, 0, 0.8, 1.3, 1.48, 1.51, 1.606, 2.03, 2.354, 2.464, 3.073, 6.096, 9.451, 10.493, 10.387, 9.658, 9.302, 9.079, 9.024, 9.134, 9.068, 9.129, 9.306, 9.19, 8.28, 7.396, 7.941, 8.433, 7.991, 7.747, 7.71, 8.275, 10.433, 13.442, 14.318, 14.378, 13.739, 12.666, 12.021, 11.803, 11.076, 10.922, 9.27, 7.783, 7.867, 9.362, 12.405, 16.462, 17.712, 17.822, 18.568, 17.779, 16.612], [5.264, 5.384, 5.571, 5.959, 6.888, 9.25, 9.509, 8.579, 9.233, 8.138, 5.917, 5.287, 5.15, 5.49, 5.1, 5.09, 5.318, 5.418, 5.588, 5.535, 5.452, 5.422, 5.359, 4.886, 4.979, 4.729, 4.389, 4.22, 4.17, 3.49, 2.339, 1.73, 1.76, 1.34, 0.8, 0, 0.96, 1.32, 1.63, 1.67, 1.82, 2.19, 2.32, 2.817, 5.918, 9.268, 10.339, 10.155, 9.432, 9.09, 8.898, 8.827, 8.928, 8.868, 8.938, 9.108, 8.99, 8.08, 7.193, 7.758, 8.235, 7.834, 7.569, 7.549, 8.06, 10.227, 13.231, 14.109, 14.175, 13.579, 12.434, 11.784, 11.571, 10.813, 10.61, 8.977, 7.559, 7.666, 9.093, 12.158, 16.19, 17.494, 17.595, 18.322, 17.533, 16.405], [5.184, 5.384, 5.551, 5.788, 6.481, 8.718, 8.944, 8.029, 8.658, 7.74, 5.934, 5.31, 5.25, 5.61, 5.22, 5.23, 5.46, 5.6, 5.81, 5.72, 5.54, 5.53, 5.396, 4.923, 5.016, 4.78, 4.44, 4.26, 4.17, 3.45, 2.31, 1.75, 1.92, 1.64, 1.3, 0.96, 0, 1.04, 1.49, 1.53, 1.52, 1.83, 1.92, 2.42, 5.318, 8.642, 9.796, 9.694, 8.974, 8.648, 8.418, 8.315, 8.43, 8.362, 8.426, 8.582, 8.518, 7.648, 6.721, 7.255, 7.729, 7.305, 7.146, 7.086, 7.545, 9.695, 12.659, 13.565, 13.754, 13.152, 12.039, 11.375, 11.091, 10.352, 10.172, 8.506, 7.037, 7.194, 8.561, 11.803, 15.806, 17.03, 17.231, 17.904, 17.081, 15.913], [4.83, 4.95, 5.08, 5.36, 6.218, 8.514, 8.785, 7.889, 8.558, 7.274, 5.42, 4.93, 4.97, 5.31, 4.88, 4.85, 5.0, 5.14, 5.37, 5.28, 5.12, 5.09, 5.03, 4.56, 4.65, 4.4, 4.06, 4.1, 3.91, 3.19, 1.95, 1.51, 1.92, 1.82, 1.48, 1.32, 1.04, 0, 0.87, 1.07, 1.18, 1.39, 1.54, 2.04, 5.146, 8.607, 9.58, 9.331, 8.71, 8.288, 8.183, 8.126, 8.21, 8.23, 8.36, 8.507, 8.354, 7.479, 6.6, 7.197, 7.62, 7.15, 7.092, 6.969, 7.465, 9.64, 12.569, 13.528, 13.722, 13.12, 12.001, 11.337, 11.087, 10.386, 10.248, 8.545, 6.987, 7.084, 8.514, 11.736, 15.777, 16.99, 17.19, 17.866, 17.023, 15.879], [4.908, 5.005, 5.235, 5.652, 6.471, 8.773, 9.004, 8.035, 8.754, 7.476, 5.401, 4.72, 4.66, 5.0, 4.59, 4.6, 4.83, 4.99, 5.16, 5.11, 4.97, 4.96, 4.82, 4.33, 4.42, 4.21, 3.83, 3.93, 3.74, 3.08, 2.08, 1.52, 1.85, 1.89, 1.51, 1.63, 1.49, 0.87, 0, 0.84, 1.33, 1.76, 1.79, 2.15, 5.391, 8.82, 9.89, 9.53, 8.92, 8.641, 8.453, 8.296, 8.386, 8.403, 8.55, 8.717, 8.584, 7.777, 6.884, 7.447, 7.87, 7.34, 7.279, 7.167, 7.695, 9.888, 12.791, 13.809, 14.04, 13.464, 12.402, 11.763, 11.527, 10.818, 10.677, 8.971, 7.382, 7.483, 8.958, 12.126, 16.203, 17.277, 17.557, 18.236, 17.39, 16.103], [4.96, 5.06, 5.25, 5.57, 6.111, 8.524, 8.767, 7.769, 8.505, 7.327, 5.57, 4.86, 4.72, 5.12, 4.63, 4.62, 4.81, 4.97, 5.16, 5.07, 4.93, 4.92, 4.8, 4.31, 4.42, 4.19, 3.83, 3.75, 3.66, 2.94, 2.04, 1.38, 1.71, 1.81, 1.606, 1.67, 1.53, 1.07, 0.84, 0, 0.99, 1.48, 1.53, 1.95, 5.162, 8.557, 9.642, 9.381, 8.678, 8.415, 8.159, 8.057, 8.172, 8.138, 8.25, 8.426, 8.322, 7.532, 6.63, 7.147, 7.576, 7.086, 7.002, 6.907, 7.398, 9.585, 12.514, 13.512, 13.734, 13.179, 12.145, 11.475, 11.279, 10.518, 10.391, 8.719, 7.163, 7.234, 8.748, 11.849, 15.917, 16.995, 17.272, 17.941, 17.092, 15.803], [4.61, 4.79, 5.0, 5.26, 5.601, 7.809, 8.08, 7.164, 7.821, 6.737, 5.36, 4.67, 4.77, 5.29, 4.76, 4.77, 5.0, 5.1, 5.37, 5.2, 5.04, 5.03, 4.89, 4.32, 4.47, 4.26, 3.82, 3.64, 3.61, 2.89, 1.99, 1.37, 2.08, 2.17, 2.03, 1.82, 1.52, 1.18, 1.33, 0.99, 0, 0.77, 0.86, 1.42, 4.572, 7.987, 8.94, 8.714, 7.985, 7.811, 7.447, 7.372, 7.482, 7.456, 7.56, 7.716, 7.592, 6.75, 5.84, 6.397, 6.826, 6.416, 6.272, 6.197, 6.693, 8.843, 11.807, 12.733, 13.022, 12.475, 11.461, 10.78, 10.567, 9.815, 9.685, 8.016, 6.429, 6.528, 8.042, 11.045, 15.125, 16.23, 16.45, 17.152, 16.389, 15.084], [4.36, 4.54, 4.73, 4.97, 5.348, 7.479, 7.782, 6.834, 7.473, 6.467, 5.07, 4.56, 4.86, 5.36, 4.81, 4.86, 5.03, 5.09, 5.44, 5.25, 4.97, 4.94, 4.8, 4.23, 4.38, 4.19, 3.77, 3.65, 3.56, 2.84, 1.98, 1.44, 2.405, 2.491, 2.354, 2.19, 1.83, 1.39, 1.76, 1.48, 0.77, 0, 0.53, 1.25, 4.17, 7.638, 8.55, 8.39, 7.735, 7.581, 7.12, 7.03, 7.08, 7.1, 7.23, 7.397, 7.244, 6.42, 5.55, 6.127, 6.53, 6.06, 5.982, 5.867, 6.36, 8.499, 11.445, 12.392, 12.655, 12.102, 11.132, 10.494, 10.275, 9.453, 9.323, 7.715, 6.17, 6.23, 7.632, 10.761, 14.746, 15.894, 16.112, 16.81, 16.016, 14.746], [4.27, 4.45, 4.64, 4.86, 5.25, 7.509, 7.752, 6.784, 7.403, 6.34, 4.96, 4.61, 4.91, 5.41, 4.86, 4.91, 5.12, 5.18, 5.49, 5.32, 5.02, 4.95, 4.83, 4.24, 4.41, 4.2, 3.76, 3.68, 3.59, 2.83, 1.99, 1.55, 2.458, 2.63, 2.464, 2.32, 1.92, 1.54, 1.79, 1.53, 0.86, 0.53, 0, 1.22, 4.12, 7.668, 8.52, 8.223, 7.665, 7.571, 7.11, 6.92, 6.97, 6.99, 7.14, 7.29, 7.18, 6.39, 5.54, 6.04, 6.48, 6.01, 5.912, 5.814, 6.36, 8.418, 11.323, 12.333, 12.682, 12.101, 11.145, 10.524, 10.305, 9.463, 9.336, 7.785, 6.189, 6.323, 7.636, 10.779, 14.738, 15.818, 16.033, 16.757, 15.994, 14.653], [4.27, 4.23, 4.38, 4.52, 5.049, 6.959, 7.134, 6.2, 6.855, 5.537, 4.66, 4.49, 4.95, 5.35, 4.8, 4.85, 5.12, 5.2, 5.49, 5.36, 4.84, 4.71, 4.71, 4.16, 4.25, 4.06, 3.74, 3.66, 3.65, 2.93, 2.13, 1.89, 2.964, 3.27, 3.073, 2.817, 2.42, 2.04, 2.15, 1.95, 1.42, 1.25, 1.22, 0, 3.503, 7.04, 8.12, 7.571, 7.045, 6.938, 6.64, 6.36, 6.41, 6.47, 6.66, 6.836, 6.74, 6.01, 5.16, 5.62, 6.04, 5.55, 5.46, 5.42, 5.844, 7.943, 10.826, 11.884, 12.165, 11.614, 10.638, 9.923, 9.724, 8.957, 8.873, 7.225, 5.621, 5.701, 7.152, 10.267, 14.27, 15.352, 15.638, 16.325, 15.505, 14.187], [4.17, 4.09, 3.92, 3.84, 3.29, 4.15, 4.41, 3.69, 3.9, 3.09, 4.0, 5.732, 7.046, 7.875, 7.513, 7.778, 8.256, 8.353, 8.652, 8.359, 7.53, 7.23, 7.13, 6.58, 6.77, 6.72, 6.493, 6.28, 6.45, 5.93, 4.967, 5.122, 6.016, 6.3, 6.096, 5.918, 5.318, 5.146, 5.391, 5.162, 4.572, 4.17, 4.12, 3.503, 0, 4.19, 5.4, 4.83, 4.37, 4.43, 4.0, 3.68, 3.97, 4.05, 3.96, 3.99, 4.08, 3.59, 3.06, 3.34, 3.68, 3.39, 3.4, 3.22, 3.31, 4.78, 7.563, 8.621, 8.945, 8.332, 7.385, 6.729, 6.473, 5.723, 5.603, 4.14, 3.13, 3.15, 4.2, 7.128, 11.041, 12.104, 12.384, 13.073, 12.207, 10.92], [5.816, 5.719, 5.232, 4.61, 3.28, 2.66, 2.56, 2.26, 2.89, 2.84, 6.368, 9.221, 10.635, 11.461, 11.068, 11.338, 11.854, 11.963, 12.244, 11.954, 11.154, 10.81, 10.71, 10.137, 10.35, 10.277, 10.04, 9.701, 9.974, 9.429, 8.467, 8.728, 9.561, 9.662, 9.451, 9.268, 8.642, 8.607, 8.82, 8.557, 7.987, 7.638, 7.668, 7.04, 4.19, 0, 2.05, 1.96, 1.56, 1.68, 2.03, 2.89, 3.54, 3.38, 2.99, 2.92, 3.39, 3.12, 3.13, 2.55, 2.41, 2.58, 2.73, 2.75, 2.54, 2.17, 4.21, 5.032, 5.307, 4.725, 4.029, 3.68, 3.55, 3.3, 3.36, 2.93, 2.98, 2.9, 2.69, 3.612, 7.449, 8.506, 8.78, 9.444, 8.625, 7.337], [6.806, 6.706, 6.196, 5.536, 4.07, 2.31, 2.29, 2.53, 3.04, 3.99, 7.372, 10.219, 11.651, 12.462, 12.096, 12.354, 12.861, 12.961, 13.251, 12.961, 12.158, 11.808, 11.694, 11.133, 11.36, 11.273, 11.038, 10.809, 10.999, 10.424, 9.501, 9.741, 10.536, 10.751, 10.493, 10.339, 9.796, 9.58, 9.89, 9.642, 8.94, 8.55, 8.52, 8.12, 5.4, 2.05, 0, 1.45, 1.71, 1.85, 1.74, 2.74, 3.272, 3.289, 3.196, 3.066, 3.276, 3.659, 3.963, 3.563, 2.88, 3.23, 3.86, 3.8, 3.33, 1.92, 3.177, 4.084, 4.34, 3.744, 3.12, 2.81, 2.78, 2.73, 2.97, 3.0, 3.67, 3.49, 2.7, 2.8, 6.402, 7.567, 7.796, 8.461, 7.609, 6.404], [6.36, 6.22, 5.73, 5.09, 3.7, 1.64, 1.8, 2.02, 2.19, 2.8, 6.77, 9.634, 11.055, 11.857, 11.493, 11.751, 12.236, 12.333, 12.626, 12.336, 11.533, 11.169, 11.071, 10.49, 10.714, 10.624, 10.428, 10.308, 10.518, 9.9, 8.98, 9.264, 10.227, 10.61, 10.387, 10.155, 9.694, 9.331, 9.53, 9.381, 8.714, 8.39, 8.223, 7.571, 4.83, 1.96, 1.45, 0, 0.98, 1.26, 1.47, 1.95, 2.44, 2.7, 2.79, 2.44, 2.67, 3.06, 3.417, 3.03, 2.57, 2.92, 3.448, 3.33, 2.82, 1.69, 3.493, 4.574, 4.909, 4.373, 3.635, 3.211, 3.03, 2.66, 2.76, 2.57, 3.24, 3.0, 2.55, 3.23, 6.988, 7.99, 8.306, 9.01, 8.191, 6.791], [5.82, 5.694, 5.204, 4.55, 3.08, 1.78, 1.96, 1.7, 2.43, 2.68, 6.258, 9.137, 10.543, 11.342, 10.981, 11.239, 11.741, 11.847, 12.131, 11.841, 11.038, 10.686, 10.594, 10.013, 10.234, 10.153, 9.916, 9.648, 9.949, 9.36, 8.418, 8.772, 9.603, 9.884, 9.658, 9.432, 8.974, 8.71, 8.92, 8.678, 7.985, 7.735, 7.665, 7.045, 4.37, 1.56, 1.71, 0.98, 0, 0.8, 1.09, 2.13, 2.66, 2.58, 2.47, 2.26, 2.65, 2.78, 2.855, 2.67, 1.99, 2.28, 2.77, 2.71, 2.28, 1.79, 4.002, 5.1, 5.406, 4.87, 4.071, 3.568, 3.49, 2.96, 3.08, 2.71, 2.88, 2.72, 2.61, 3.552, 7.506, 8.528, 8.803, 9.487, 8.706, 7.297], [5.58, 5.42, 4.909, 4.25, 2.94, 1.92, 2.06, 1.78, 2.63, 2.82, 6.04, 8.937, 10.377, 11.11, 10.74, 11.018, 11.5, 11.612, 11.89, 11.6, 10.812, 10.459, 10.359, 9.792, 9.999, 9.932, 9.715, 9.534, 9.704, 9.16, 8.204, 8.565, 9.422, 9.565, 9.302, 9.09, 8.648, 8.288, 8.641, 8.415, 7.811, 7.581, 7.571, 6.938, 4.43, 1.68, 1.85, 1.26, 0.8, 0, 1.13, 2.31, 2.9, 2.88, 2.67, 2.48, 2.79, 2.84, 2.93, 2.73, 2.07, 2.34, 2.87, 2.87, 2.36, 1.93, 4.39, 5.314, 5.607, 5.065, 4.169, 3.68, 3.55, 3.04, 3.1, 2.69, 2.86, 2.7, 2.55, 3.689, 7.68, 8.762, 9.017, 9.728, 8.955, 7.651], [5.349, 5.243, 4.733, 4.079, 2.65, 1.39, 1.71, 1.27, 1.82, 2.47, 5.913, 8.763, 10.171, 10.997, 10.61, 10.877, 11.398, 11.522, 11.786, 11.496, 10.705, 10.372, 10.269, 9.702, 9.912, 9.842, 9.605, 9.329, 9.536, 8.995, 8.015, 8.29, 9.136, 9.317, 9.079, 8.898, 8.418, 8.183, 8.453, 8.159, 7.447, 7.12, 7.11, 6.64, 4.0, 2.03, 1.74, 1.47, 1.09, 1.13, 0, 1.52, 2.21, 2.21, 2.12, 1.87, 2.14, 2.35, 2.439, 2.18, 1.5, 1.77, 2.26, 2.24, 1.77, 1.78, 4.423, 5.373, 5.734, 5.198, 4.213, 3.609, 3.382, 2.77, 2.75, 2.1, 2.41, 2.27, 2.0, 3.862, 7.798, 8.875, 9.127, 9.832, 9.057, 7.727], [5.05, 4.933, 4.463, 3.82, 2.61, 1.27, 1.33, 1.27, 1.14, 1.95, 5.659, 8.449, 9.867, 10.692, 10.322, 10.59, 11.097, 11.213, 11.484, 11.194, 10.394, 10.07, 9.95, 9.38, 9.61, 9.52, 9.3, 9.08, 9.27, 8.75, 7.77, 7.97, 8.913, 9.239, 9.024, 8.827, 8.315, 8.126, 8.296, 8.057, 7.372, 7.03, 6.92, 6.36, 3.68, 2.89, 2.74, 1.95, 2.13, 2.31, 1.52, 0, 1.03, 1.29, 1.44, 1.21, 1.32, 1.51, 1.88, 1.58, 1.3, 1.65, 2.02, 1.8, 1.37, 2.048, 4.653, 5.689, 6.144, 5.614, 4.648, 3.931, 3.772, 2.868, 2.918, 1.88, 1.93, 1.63, 1.7, 4.335, 8.156, 9.202, 9.475, 10.148, 9.359, 7.935], [5.1, 4.986, 4.516, 3.89, 2.82, 1.76, 1.959, 1.76, 1.53, 2.06, 5.61, 8.397, 9.806, 10.631, 10.264, 10.554, 11.044, 11.13, 11.417, 11.127, 10.324, 9.98, 9.88, 9.33, 9.56, 9.49, 9.23, 9.09, 9.32, 8.78, 7.82, 8.012, 8.991, 9.334, 9.134, 8.928, 8.43, 8.21, 8.386, 8.172, 7.482, 7.08, 6.97, 6.41, 3.97, 3.54, 3.272, 2.44, 2.66, 2.9, 2.21, 1.03, 0, 1.0, 1.33, 1.12, 1.01, 1.32, 1.85, 1.87, 1.89, 2.0, 2.25, 1.93, 1.5, 2.421, 4.808, 5.843, 6.439, 5.919, 4.997, 4.321, 4.178, 3.273, 3.151, 2.33, 2.26, 1.94, 2.03, 4.719, 8.404, 9.295, 9.528, 10.215, 9.4, 8.057], [5.234, 5.157, 4.69, 4.09, 2.9, 1.84, 1.98, 1.62, 1.55, 2.34, 5.91, 8.579, 9.985, 10.805, 10.438, 10.722, 11.229, 11.33, 11.602, 11.312, 10.53, 10.18, 10.08, 9.51, 9.72, 9.65, 9.41, 9.07, 9.4, 8.84, 7.86, 8.12, 8.954, 9.263, 9.068, 8.868, 8.362, 8.23, 8.403, 8.138, 7.456, 7.1, 6.99, 6.47, 4.05, 3.38, 3.289, 2.7, 2.58, 2.88, 2.21, 1.29, 1.0, 0, 0.87, 0.92, 1.05, 1.26, 1.91, 1.71, 1.43, 1.68, 1.99, 1.79, 1.38, 2.23, 4.668, 5.664, 6.206, 5.746, 4.768, 4.188, 4.045, 3.115, 3.08, 2.39, 2.28, 2.02, 2.11, 4.499, 8.209, 9.206, 9.433, 10.051, 9.263, 7.887], [5.438, 5.309, 4.848, 4.22, 2.75, 1.83, 1.95, 1.59, 1.58, 2.35, 6.005, 8.791, 10.194, 11.017, 10.63, 10.918, 11.45, 11.559, 11.82, 11.53, 10.742, 10.409, 10.309, 9.739, 9.95, 9.88, 9.64, 9.28, 9.57, 9.03, 8.038, 8.312, 9.112, 9.324, 9.129, 8.938, 8.426, 8.36, 8.55, 8.25, 7.56, 7.23, 7.14, 6.66, 3.96, 2.99, 3.196, 2.79, 2.47, 2.67, 2.12, 1.44, 1.33, 0.87, 0, 0.65, 1.08, 1.23, 1.9, 1.54, 1.18, 1.61, 1.78, 1.6, 1.19, 2.14, 4.615, 5.485, 6.016, 5.518, 4.595, 4.045, 3.895, 2.91, 2.91, 2.32, 2.15, 1.95, 1.92, 4.324, 8.054, 9.031, 9.265, 9.894, 9.112, 7.726], [5.596, 5.476, 5.006, 4.37, 2.88, 1.48, 1.76, 1.48, 1.39, 2.22, 6.138, 8.941, 10.359, 11.179, 10.795, 11.048, 11.601, 11.73, 11.988, 11.698, 10.913, 10.58, 10.46, 9.89, 10.1, 10.03, 9.81, 9.45, 9.76, 9.18, 8.223, 8.477, 9.308, 9.497, 9.306, 9.108, 8.582, 8.507, 8.717, 8.426, 7.716, 7.397, 7.29, 6.836, 3.99, 2.92, 3.066, 2.44, 2.26, 2.48, 1.87, 1.21, 1.12, 0.92, 0.65, 0, 0.75, 1.32, 2.01, 1.59, 1.27, 1.68, 1.99, 1.81, 1.28, 1.87, 4.416, 5.356, 5.876, 5.338, 4.439, 3.812, 3.655, 2.69, 2.64, 1.95, 2.08, 1.86, 1.69, 4.124, 7.885, 8.881, 9.115, 9.741, 8.951, 7.594], [5.49, 5.37, 4.9, 4.32, 3.05, 1.55, 1.95, 1.81, 1.48, 2.23, 6.08, 8.835, 10.252, 11.066, 10.679, 10.972, 11.503, 11.619, 11.872, 11.6, 10.8, 10.47, 10.349, 9.78, 10.01, 9.94, 9.72, 9.4, 9.65, 9.09, 8.11, 8.341, 9.199, 9.385, 9.19, 8.99, 8.518, 8.354, 8.584, 8.322, 7.592, 7.244, 7.18, 6.74, 4.08, 3.39, 3.276, 2.67, 2.65, 2.79, 2.14, 1.32, 1.01, 1.05, 1.08, 0.75, 0, 1.03, 1.84, 1.6, 1.58, 1.95, 2.36, 2.04, 1.53, 2.08, 4.57, 5.594, 5.97, 5.429, 4.586, 3.965, 3.765, 2.868, 2.77, 2.12, 2.17, 1.89, 1.86, 4.303, 8.076, 9.034, 9.221, 9.885, 9.096, 7.75], [4.716, 4.62, 4.13, 3.63, 2.52, 2.0, 2.304, 1.96, 1.73, 1.96, 5.39, 8.09, 9.507, 10.33, 9.96, 10.253, 10.784, 10.91, 11.151, 10.881, 10.09, 9.78, 9.64, 9.13, 9.36, 9.29, 9.05, 8.75, 8.96, 8.44, 7.4, 7.533, 8.409, 8.495, 8.28, 8.08, 7.648, 7.479, 7.777, 7.532, 6.75, 6.42, 6.39, 6.01, 3.59, 3.12, 3.659, 3.06, 2.78, 2.84, 2.35, 1.51, 1.32, 1.26, 1.23, 1.32, 1.03, 0, 0.97, 0.97, 1.39, 1.62, 1.83, 1.53, 1.22, 2.683, 5.339, 6.329, 6.598, 6.117, 5.046, 4.415, 4.275, 3.399, 3.258, 2.33, 1.74, 1.44, 2.09, 4.752, 8.614, 9.686, 9.874, 10.569, 9.799, 8.516], [3.83, 3.71, 3.28, 2.88, 2.13, 2.361, 2.771, 2.108, 2.315, 1.85, 4.54, 7.186, 8.597, 9.423, 9.073, 9.366, 9.897, 10.02, 10.243, 9.98, 9.2, 8.91, 8.73, 8.24, 8.49, 8.42, 8.2, 7.88, 8.13, 7.59, 6.53, 6.667, 7.507, 7.593, 7.396, 7.193, 6.721, 6.6, 6.884, 6.63, 5.84, 5.55, 5.54, 5.16, 3.06, 3.13, 3.963, 3.417, 2.855, 2.93, 2.439, 1.88, 1.85, 1.91, 1.9, 2.01, 1.84, 0.97, 0, 0.94, 1.58, 1.67, 1.62, 1.32, 1.29, 3.326, 6.145, 7.071, 7.418, 6.935, 5.872, 5.231, 5.022, 4.192, 4.068, 2.78, 1.77, 1.65, 2.651, 5.532, 9.485, 10.543, 10.774, 11.47, 10.727, 9.348], [4.309, 4.23, 3.76, 3.24, 2.21, 2.17, 2.29, 1.75, 1.76, 1.81, 5.0, 7.717, 9.12, 9.937, 9.553, 9.826, 10.374, 10.511, 10.757, 10.471, 9.711, 9.39, 9.258, 8.72, 8.95, 8.88, 8.66, 8.3, 8.59, 8.07, 6.99, 7.181, 7.981, 8.153, 7.941, 7.758, 7.255, 7.197, 7.447, 7.147, 6.397, 6.127, 6.04, 5.62, 3.34, 2.55, 3.563, 3.03, 2.67, 2.73, 2.18, 1.58, 1.87, 1.71, 1.54, 1.59, 1.6, 0.97, 0.94, 0, 1.04, 1.23, 1.44, 1.18, 1.01, 2.73, 5.583, 6.545, 6.883, 6.318, 5.346, 4.706, 4.489, 3.654, 3.596, 2.42, 1.71, 1.61, 2.24, 4.988, 8.981, 10.038, 10.269, 10.964, 10.204, 8.819], [4.752, 4.632, 4.162, 3.52, 2.17, 1.75, 1.97, 1.19, 1.58, 2.09, 5.339, 8.163, 9.566, 10.377, 10.01, 10.272, 10.816, 10.953, 11.203, 10.913, 10.133, 9.804, 9.7, 9.14, 9.37, 9.28, 9.054, 8.7, 8.97, 8.43, 7.41, 7.636, 8.492, 8.633, 8.433, 8.235, 7.729, 7.62, 7.87, 7.576, 6.826, 6.53, 6.48, 6.04, 3.68, 2.41, 2.88, 2.57, 1.99, 2.07, 1.5, 1.3, 1.89, 1.43, 1.18, 1.27, 1.58, 1.39, 1.58, 1.04, 0, 0.79, 1.28, 1.28, 0.87, 2.238, 5.088, 6.023, 6.395, 5.792, 4.886, 4.29, 4.063, 3.225, 3.255, 2.26, 1.89, 1.79, 1.9, 4.518, 8.506, 9.566, 9.806, 10.489, 9.721, 8.319], [4.231, 4.128, 3.624, 2.99, 1.7, 2.16, 2.3, 1.52, 2.05, 2.12, 4.841, 7.647, 9.053, 9.876, 9.506, 9.779, 10.289, 10.415, 10.676, 10.386, 9.595, 9.265, 9.162, 8.592, 8.82, 8.75, 8.515, 8.17, 8.417, 7.92, 6.892, 7.1, 7.965, 8.191, 7.991, 7.834, 7.305, 7.15, 7.34, 7.086, 6.416, 6.06, 6.01, 5.55, 3.39, 2.58, 3.23, 2.92, 2.28, 2.34, 1.77, 1.65, 2.0, 1.68, 1.61, 1.68, 1.95, 1.62, 1.67, 1.23, 0.79, 0, 1.01, 1.01, 1.02, 2.712, 5.544, 6.558, 6.893, 6.313, 5.396, 4.8, 4.533, 3.713, 3.685, 2.63, 2.1, 2.0, 2.23, 5.041, 9.022, 10.093, 10.329, 10.947, 10.181, 8.826], [4.129, 4.021, 3.571, 2.888, 1.73, 2.61, 2.79, 1.89, 2.38, 2.29, 4.8, 7.552, 8.946, 9.76, 9.393, 9.652, 10.185, 10.314, 10.572, 10.282, 9.494, 9.164, 9.061, 8.491, 8.721, 8.631, 8.394, 8.014, 8.336, 7.799, 6.796, 7.064, 7.887, 8.015, 7.747, 7.569, 7.146, 7.092, 7.279, 7.002, 6.272, 5.982, 5.912, 5.46, 3.4, 2.73, 3.86, 3.448, 2.77, 2.87, 2.26, 2.02, 2.25, 1.99, 1.78, 1.99, 2.36, 1.83, 1.62, 1.44, 1.28, 1.01, 0, 0.72, 1.25, 3.039, 6.03, 6.843, 7.006, 6.492, 5.604, 4.904, 4.736, 3.853, 3.833, 2.58, 2.13, 2.13, 2.5, 5.288, 9.274, 10.309, 10.579, 11.193, 10.444, 8.94], [4.01, 3.881, 3.42, 2.76, 1.63, 2.51, 2.69, 1.81, 2.1, 2.05, 4.611, 7.401, 8.792, 9.621, 9.228, 9.521, 10.04, 10.157, 10.418, 10.137, 9.337, 9.027, 8.904, 8.38, 8.61, 8.54, 8.297, 7.917, 8.25, 7.73, 6.682, 6.89, 7.678, 7.924, 7.71, 7.549, 7.086, 6.969, 7.167, 6.907, 6.197, 5.867, 5.814, 5.42, 3.22, 2.75, 3.8, 3.33, 2.71, 2.87, 2.24, 1.8, 1.93, 1.79, 1.6, 1.81, 2.04, 1.53, 1.32, 1.18, 1.28, 1.01, 0.72, 0, 1.05, 2.973, 5.919, 6.82, 7.162, 6.643, 5.683, 5.013, 4.819, 3.936, 3.892, 2.66, 2.03, 1.95, 2.51, 5.35, 9.338, 10.338, 10.623, 11.287, 10.534, 9.05], [4.608, 4.488, 3.972, 3.35, 2.12, 1.76, 1.96, 1.38, 1.47, 1.78, 5.209, 8.01, 9.413, 10.233, 9.863, 10.156, 10.658, 10.775, 11.027, 10.755, 9.955, 9.645, 9.522, 8.99, 9.22, 9.15, 8.895, 8.55, 8.82, 8.32, 7.292, 7.434, 8.303, 8.484, 8.275, 8.06, 7.545, 7.465, 7.695, 7.398, 6.693, 6.36, 6.36, 5.844, 3.31, 2.54, 3.33, 2.82, 2.28, 2.36, 1.77, 1.37, 1.5, 1.38, 1.19, 1.28, 1.53, 1.22, 1.29, 1.01, 0.87, 1.02, 1.25, 1.05, 0, 2.34, 5.194, 6.149, 6.521, 6.052, 5.009, 4.345, 4.149, 3.285, 3.221, 1.97, 1.56, 1.38, 1.81, 4.689, 8.626, 9.666, 9.935, 10.578, 9.844, 8.477], [6.718, 6.598, 6.128, 5.465, 3.915, 1.39, 1.53, 2.07, 1.72, 3.01, 7.276, 10.129, 11.54, 12.366, 11.973, 12.24, 12.756, 12.859, 13.146, 12.859, 12.047, 11.686, 11.597, 11.013, 11.252, 11.165, 10.919, 10.591, 10.864, 10.293, 9.37, 9.647, 10.501, 10.683, 10.433, 10.227, 9.695, 9.64, 9.888, 9.585, 8.843, 8.499, 8.418, 7.943, 4.78, 2.17, 1.92, 1.69, 1.79, 1.93, 1.78, 2.048, 2.421, 2.23, 2.14, 1.87, 2.08, 2.683, 3.326, 2.73, 2.238, 2.712, 3.039, 2.973, 2.34, 0, 3.066, 4.016, 4.345, 3.789, 2.88, 2.41, 2.28, 1.81, 1.95, 2.0, 2.87, 2.71, 1.7, 2.54, 6.471, 7.536, 7.799, 8.472, 7.72, 6.287], [9.604, 9.487, 9.02, 8.348, 6.822, 4.09, 3.81, 4.873, 4.18, 5.718, 10.122, 12.964, 14.384, 15.21, 14.831, 15.098, 15.585, 15.679, 15.978, 15.688, 14.871, 14.501, 14.421, 13.84, 14.072, 13.985, 13.748, 13.45, 13.756, 13.119, 12.219, 12.536, 13.391, 13.655, 13.442, 13.231, 12.659, 12.569, 12.791, 12.514, 11.807, 11.445, 11.323, 10.826, 7.563, 4.21, 3.177, 3.493, 4.002, 4.39, 4.423, 4.653, 4.808, 4.668, 4.615, 4.416, 4.57, 5.339, 6.145, 5.583, 5.088, 5.544, 6.03, 5.919, 5.194, 3.066, 0, 1.77, 2.04, 1.71, 2.04, 2.25, 2.44, 3.09, 3.37, 4.724, 5.891, 5.619, 4.412, 1.96, 3.74, 4.71, 5.02, 5.695, 4.873, 3.45], [10.684, 10.584, 10.074, 9.412, 7.853, 5.16, 4.98, 6.002, 5.429, 6.885, 11.257, 14.11, 15.521, 16.344, 15.954, 16.221, 16.737, 16.831, 17.127, 16.837, 16.022, 15.656, 15.572, 14.991, 15.227, 15.137, 14.894, 14.575, 14.831, 14.24, 13.337, 13.562, 14.4, 14.538, 14.318, 14.109, 13.565, 13.528, 13.809, 13.512, 12.733, 12.392, 12.333, 11.884, 8.621, 5.032, 4.084, 4.574, 5.1, 5.314, 5.373, 5.689, 5.843, 5.664, 5.485, 5.356, 5.594, 6.329, 7.071, 6.545, 6.023, 6.558, 6.843, 6.82, 6.149, 4.016, 1.77, 0, 1.11, 1.6, 2.57, 2.98, 3.41, 3.84, 4.08, 5.485, 6.706, 6.548, 5.29, 2.29, 2.93, 3.86, 4.09, 4.6, 3.77, 2.46], [11.008, 10.902, 10.406, 9.749, 8.194, 5.489, 5.243, 6.345, 5.708, 7.257, 11.586, 14.43, 15.841, 16.658, 16.271, 16.544, 17.063, 17.172, 17.453, 17.163, 16.354, 16.005, 15.91, 15.332, 15.556, 15.478, 15.244, 14.875, 15.145, 14.586, 13.659, 13.874, 14.639, 14.689, 14.378, 14.175, 13.754, 13.722, 14.04, 13.734, 13.022, 12.655, 12.682, 12.165, 8.945, 5.307, 4.34, 4.909, 5.406, 5.607, 5.734, 6.144, 6.439, 6.206, 6.016, 5.876, 5.97, 6.598, 7.418, 6.883, 6.395, 6.893, 7.006, 7.162, 6.521, 4.345, 2.04, 1.11, 0, 1.17, 2.2, 2.63, 3.0, 3.59, 3.93, 5.434, 6.853, 6.704, 5.38, 2.24, 2.78, 4.01, 4.1, 4.39, 3.74, 2.57], [10.451, 10.345, 9.855, 9.198, 7.651, 4.953, 4.713, 5.809, 5.212, 6.725, 11.038, 13.873, 15.285, 16.108, 15.715, 15.988, 16.506, 16.63, 16.896, 16.606, 15.807, 15.466, 15.369, 14.793, 15.014, 14.939, 14.705, 14.333, 14.598, 14.047, 13.109, 13.301, 14.098, 14.079, 13.739, 13.579, 13.152, 13.12, 13.464, 13.179, 12.475, 12.102, 12.101, 11.614