[[0, 0.64, 0.83, 1.01, 1.22, 1.45, 1.61, 1.89, 2.1, 2.19, 2.09, 2.27, 2.91, 2.62, 2.28, 2.28, 2.76, 2.92, 3.94, 5.93, 6.11, 5.72, 4.79, 5.46, 6.13, 4.43, 4.0, 4.59, 5.54, 7.4, 7.18, 7.0, 7.14, 7.19, 7.42, 7.3, 6.69, 7.11, 7.13, 6.73, 7.0, 6.98, 6.51, 5.94, 5.82, 4.83, 5.36, 4.38, 3.36, 2.54, 2.61, 3.61, 3.59, 3.81, 3.83, 3.93, 4.55, 4.4, 4.2, 4.29, 4.13, 4.54, 4.8, 5.04, 4.86, 4.94, 5.07, 4.45, 2.9, 2.89, 3.91, 4.3, 4.14, 4.34, 4.76, 4.44, 4.38, 4.56, 5.447, 6.045, 6.095, 5.978, 5.196, 4.25, 4.2, 5.426], [0.64, 0, 0.75, 1.11, 1.34, 1.59, 1.71, 1.85, 2.2, 2.19, 2.09, 2.25, 2.79, 2.58, 2.32, 2.24, 2.82, 2.9, 3.98, 5.93, 6.11, 5.74, 4.83, 5.48, 6.13, 4.45, 4.04, 4.63, 5.58, 7.4, 7.16, 7.04, 7.18, 7.17, 7.44, 7.32, 6.71, 7.13, 7.13, 6.75, 7.02, 6.98, 6.55, 5.94, 5.86, 4.73, 5.36, 4.42, 3.34, 2.6, 2.77, 3.49, 3.49, 3.73, 3.71, 3.85, 4.45, 4.3, 4.1, 4.01, 3.75, 4.16, 4.46, 4.74, 4.82, 4.9, 4.99, 4.39, 2.86, 2.91, 4.05, 4.44, 4.24, 4.54, 4.92, 4.5, 4.44, 4.79, 5.687, 6.239, 6.279, 6.144, 5.433, 4.47, 4.46, 5.651], [0.83, 0.75, 0, 0.8, 1.17, 1.46, 1.46, 1.62, 2.01, 2.12, 1.92, 1.98, 2.44, 2.37, 2.27, 2.11, 2.55, 2.67, 3.79, 5.78, 5.96, 5.59, 4.72, 5.35, 5.98, 4.28, 3.87, 4.46, 5.41, 7.23, 6.99, 6.87, 7.01, 7.0, 7.27, 7.17, 6.54, 7.0, 6.98, 6.6, 6.87, 6.83, 6.38, 5.77, 5.71, 4.58, 5.19, 4.27, 3.35, 2.93, 3.04, 3.68, 3.76, 4.02, 4.2, 4.32, 4.68, 4.51, 4.33, 4.14, 3.98, 4.31, 4.67, 4.91, 4.93, 4.99, 5.14, 4.58, 3.01, 3.08, 4.32, 4.69, 4.49, 4.75, 5.11, 4.75, 4.69, 4.97, 5.857, 6.34, 6.449, 6.32, 5.497, 4.66, 4.47, 5.68], [1.01, 1.11, 0.8, 0, 0.77, 1.34, 1.48, 1.42, 1.67, 1.96, 1.88, 2.08, 2.74, 2.29, 2.05, 2.23, 2.77, 2.97, 3.97, 5.88, 6.06, 5.67, 4.78, 5.39, 6.04, 4.38, 3.95, 4.54, 5.49, 7.31, 7.07, 6.95, 7.09, 7.08, 7.37, 7.25, 6.66, 7.04, 7.06, 6.68, 6.95, 6.93, 6.46, 5.85, 5.75, 4.68, 5.27, 4.33, 3.29, 2.83, 3.02, 3.8, 3.78, 4.04, 4.16, 4.28, 4.8, 4.63, 4.45, 4.24, 4.06, 4.35, 4.71, 4.97, 5.01, 5.11, 5.24, 4.68, 3.09, 3.16, 4.32, 4.71, 4.63, 4.73, 5.21, 5.03, 4.89, 4.96, 5.926, 6.432, 6.526, 6.337, 5.59, 4.74, 4.55, 5.66], [1.22, 1.34, 1.17, 0.77, 0, 1.09, 1.27, 1.39, 1.66, 1.95, 1.99, 2.25, 3.03, 2.34, 2.02, 2.36, 3.0, 3.22, 4.1, 5.91, 6.09, 5.7, 4.87, 5.48, 6.11, 4.41, 4.08, 4.61, 5.56, 7.4, 7.24, 7.04, 7.22, 7.15, 7.5, 7.28, 6.73, 7.11, 7.11, 6.73, 6.98, 7.0, 6.53, 5.94, 5.84, 4.81, 5.4, 4.4, 3.34, 2.76, 2.97, 3.83, 3.85, 4.15, 4.17, 4.29, 4.87, 4.68, 4.52, 4.39, 4.17, 4.32, 4.78, 5.06, 5.12, 5.18, 5.35, 4.73, 3.24, 3.17, 4.17, 4.64, 4.56, 4.68, 5.16, 5.02, 4.82, 4.949, 5.859, 6.428, 6.468, 6.164, 5.54, 4.69, 4.52, 5.562], [1.45, 1.59, 1.46, 1.34, 1.09, 0, 0.62, 1.2, 1.89, 2.12, 2.26, 2.56, 3.32, 2.49, 2.23, 2.69, 3.29, 3.57, 4.43, 6.36, 6.56, 6.187, 5.422, 6.018, 6.611, 4.88, 4.51, 5.04, 5.97, 7.79, 7.61, 7.43, 7.61, 7.56, 7.97, 7.79, 7.26, 7.668, 7.631, 7.26, 7.47, 7.47, 6.94, 6.33, 6.31, 5.2, 5.81, 4.85, 3.77, 2.95, 3.18, 4.2, 4.34, 4.6, 4.64, 4.76, 5.24, 4.99, 4.89, 4.7, 4.52, 4.75, 5.19, 5.45, 5.45, 5.53, 5.66, 5.08, 3.63, 3.56, 4.26, 4.71, 4.65, 4.63, 5.19, 4.95, 4.79, 4.86, 5.49, 6.06, 6.02, 5.63, 5.09, 4.3, 4.07, 4.98], [1.61, 1.71, 1.46, 1.48, 1.27, 0.62, 0, 1.2, 1.95, 2.02, 2.14, 2.58, 3.24, 2.47, 2.19, 2.59, 3.09, 3.47, 4.43, 6.36, 6.56, 6.204, 5.44, 6.018, 6.62, 4.88, 4.51, 5.06, 5.99, 7.83, 7.63, 7.47, 7.63, 7.58, 7.93, 7.784, 7.26, 7.668, 7.631, 7.26, 7.47, 7.45, 6.96, 6.37, 6.31, 5.24, 5.81, 4.91, 3.97, 3.17, 3.36, 4.38, 4.56, 4.82, 4.8, 4.92, 5.46, 5.21, 5.09, 4.94, 4.72, 4.89, 5.35, 5.61, 5.65, 5.69, 5.84, 5.28, 3.81, 3.66, 4.46, 4.85, 4.67, 4.73, 5.23, 4.91, 4.83, 4.86, 5.43, 6.08, 5.96, 5.71, 5.03, 4.18, 3.97, 4.98], [1.89, 1.85, 1.62, 1.42, 1.39, 1.2, 1.2, 0, 1.07, 1.36, 1.54, 1.68, 2.34, 1.63, 1.35, 1.77, 2.37, 2.63, 3.63, 5.6, 5.78, 5.47, 4.74, 5.29, 5.88, 4.2, 3.71, 4.34, 5.23, 7.05, 6.85, 6.69, 6.85, 6.84, 7.17, 7.05, 6.54, 6.94, 6.9, 6.52, 6.73, 6.65, 6.2, 5.59, 5.55, 4.44, 5.05, 4.11, 3.55, 3.47, 3.88, 4.38, 4.46, 4.68, 4.92, 5.04, 5.36, 5.09, 4.95, 4.92, 4.58, 4.57, 5.09, 5.49, 5.79, 5.91, 5.92, 5.3, 3.97, 4.04, 5.04, 5.51, 5.27, 5.35, 5.87, 5.61, 5.49, 5.56, 6.25, 6.76, 6.74, 6.39, 5.77, 5.06, 4.77, 5.72], [2.1, 2.2, 2.01, 1.67, 1.66, 1.89, 1.95, 1.07, 0, 1.11, 1.15, 1.17, 1.87, 1.22, 1.18, 1.34, 1.8, 1.98, 2.9, 5.05, 5.25, 4.96, 4.23, 4.74, 5.33, 3.65, 3.04, 3.67, 4.56, 6.36, 6.1, 6.0, 6.14, 6.17, 6.5, 6.5, 5.97, 6.41, 6.41, 5.97, 6.18, 6.1, 5.55, 4.94, 4.94, 3.81, 4.34, 3.58, 3.0, 3.66, 4.11, 4.21, 4.45, 4.65, 4.99, 5.19, 5.05, 4.82, 4.72, 4.73, 4.29, 4.38, 4.82, 5.42, 5.52, 5.68, 5.63, 5.03, 3.8, 4.19, 5.27, 5.64, 5.36, 5.46, 5.92, 5.78, 5.6, 5.69, 6.56, 7.09, 7.089, 6.74, 6.18, 5.37, 5.16, 6.13], [2.19, 2.19, 2.12, 1.96, 1.95, 2.12, 2.02, 1.36, 1.11, 0, 0.68, 1.06, 1.76, 1.09, 1.07, 1.25, 1.53, 1.87, 2.89, 5.1, 5.28, 5.03, 4.48, 4.91, 5.48, 3.82, 2.99, 3.8, 4.75, 6.41, 6.19, 6.17, 6.25, 6.26, 6.61, 6.67, 6.14, 6.64, 6.62, 6.1, 6.33, 6.23, 5.56, 5.05, 5.15, 4.12, 4.49, 3.69, 3.07, 3.69, 4.12, 4.38, 4.72, 4.88, 5.12, 5.34, 5.36, 4.93, 4.93, 4.96, 4.48, 4.53, 5.07, 5.69, 5.83, 5.93, 5.88, 5.24, 4.13, 4.34, 5.16, 5.55, 5.19, 5.09, 5.55, 5.33, 5.15, 5.2, 6.05, 6.676, 6.598, 6.389, 5.79, 4.82, 4.91, 6.0], [2.09, 2.09, 1.92, 1.88, 1.99, 2.26, 2.14, 1.54, 1.15, 0.68, 0, 0.84, 1.64, 1.05, 1.15, 1.09, 1.35, 1.73, 2.73, 4.94, 5.14, 4.89, 4.26, 4.73, 5.3, 3.6, 2.71, 3.56, 4.57, 6.23, 6.01, 5.99, 6.07, 6.08, 6.43, 6.49, 5.96, 6.46, 6.44, 5.92, 6.15, 6.05, 5.4, 4.87, 4.97, 3.86, 4.31, 3.53, 2.99, 3.55, 4.0, 4.2, 4.52, 4.7, 5.0, 5.2, 5.24, 4.83, 4.79, 4.8, 4.34, 4.43, 4.95, 5.53, 5.67, 5.79, 5.74, 5.1, 3.99, 4.16, 5.06, 5.45, 5.05, 5.01, 5.33, 5.29, 4.99, 5.12, 6.086, 6.735, 6.718, 6.626, 5.823, 4.92, 5.01, 6.18], [2.27, 2.25, 1.98, 2.08, 2.25, 2.56, 2.58, 1.68, 1.17, 1.06, 0.84, 0, 0.98, 0.81, 1.17, 1.05, 1.29, 1.45, 2.45, 4.64, 4.88, 4.63, 4.06, 4.43, 5.0, 3.44, 2.59, 3.32, 4.27, 5.93, 5.71, 5.69, 5.77, 5.78, 6.13, 6.19, 5.66, 6.18, 6.14, 5.62, 5.85, 5.75, 5.08, 4.57, 4.67, 3.64, 4.05, 3.21, 3.01, 3.91, 4.32, 4.28, 4.66, 4.84, 5.3, 5.46, 5.3, 4.85, 4.85, 4.88, 4.38, 4.47, 4.93, 5.61, 5.75, 5.87, 5.82, 5.18, 4.07, 4.32, 5.38, 5.67, 5.33, 5.37, 5.81, 5.57, 5.429, 5.553, 6.463, 7.146, 7.12, 6.946, 6.27, 5.34, 5.43, 6.54], [2.91, 2.79, 2.44, 2.74, 3.03, 3.32, 3.24, 2.34, 1.87, 1.76, 1.64, 0.98, 0, 1.03, 1.63, 1.31, 1.05, 0.93, 2.07, 4.28, 4.58, 4.35, 4.06, 4.21, 4.6, 3.5, 2.85, 3.3, 3.87, 5.53, 5.33, 5.29, 5.37, 5.38, 5.73, 5.79, 5.28, 5.76, 5.74, 5.22, 5.45, 5.35, 4.68, 4.25, 4.39, 3.64, 3.65, 3.03, 3.43, 4.51, 4.88, 4.76, 5.08, 5.32, 5.86, 5.96, 5.52, 5.11, 5.19, 5.08, 4.64, 4.63, 5.11, 5.83, 5.99, 6.09, 6.04, 5.4, 4.29, 4.88, 5.94, 6.19, 5.87, 6.03, 6.39, 5.97, 5.886, 6.15, 7.04, 7.591, 7.634, 7.51, 6.71, 5.98, 5.91, 7.04], [2.62, 2.58, 2.37, 2.29, 2.34, 2.49, 2.47, 1.63, 1.22, 1.09, 1.05, 0.81, 1.03, 0, 0.96, 1.0, 1.1, 1.52, 2.64, 4.85, 5.11, 4.88, 4.33, 4.66, 5.23, 3.69, 3.0, 3.63, 4.5, 6.16, 5.94, 5.92, 6.0, 6.01, 6.38, 6.42, 5.89, 6.41, 6.37, 5.85, 6.08, 5.98, 5.31, 4.8, 4.9, 3.95, 4.24, 3.34, 3.26, 4.06, 4.51, 4.59, 4.91, 5.15, 5.49, 5.71, 5.49, 5.08, 5.1, 5.03, 4.57, 4.62, 5.08, 5.8, 5.96, 6.06, 6.01, 5.37, 4.26, 4.63, 5.57, 5.94, 5.56, 5.44, 5.94, 5.7, 5.62, 5.53, 6.359, 6.948, 6.962, 6.71, 6.04, 5.23, 5.24, 6.37], [2.28, 2.32, 2.27, 2.05, 2.02, 2.23, 2.19, 1.35, 1.18, 1.07, 1.15, 1.17, 1.63, 0.96, 0, 0.86, 1.34, 1.64, 2.76, 4.93, 5.19, 4.88, 4.25, 4.68, 5.23, 3.71, 3.08, 3.63, 4.48, 6.26, 6.02, 5.9, 6.04, 6.07, 6.4, 6.4, 5.89, 6.37, 6.35, 5.87, 6.08, 6.0, 5.43, 4.84, 4.88, 3.85, 4.26, 3.56, 3.08, 3.58, 4.01, 4.29, 4.61, 4.77, 5.01, 5.19, 5.29, 4.92, 4.84, 4.89, 4.45, 4.52, 5.02, 5.64, 5.74, 5.88, 5.83, 5.25, 4.06, 4.21, 5.13, 5.5, 5.22, 5.3, 5.72, 5.5, 5.36, 5.45, 6.336, 6.948, 6.888, 6.679, 6.076, 5.07, 5.12, 6.21], [2.28, 2.24, 2.11, 2.23, 2.36, 2.69, 2.59, 1.77, 1.34, 1.25, 1.09, 1.05, 1.31, 1.0, 0.86, 0, 0.88, 1.28, 2.46, 4.77, 5.03, 4.74, 4.17, 4.46, 4.99, 3.57, 2.78, 3.47, 4.24, 5.86, 5.62, 5.68, 5.8, 5.83, 6.16, 6.18, 5.67, 6.15, 6.05, 5.65, 5.86, 5.74, 5.17, 4.56, 4.66, 3.45, 4.0, 3.52, 2.98, 3.74, 4.15, 4.25, 4.53, 4.73, 5.05, 5.25, 5.21, 4.88, 4.8, 4.79, 4.33, 4.4, 4.92, 5.48, 5.66, 5.8, 5.75, 5.15, 3.94, 4.23, 5.21, 5.6, 5.24, 5.38, 5.62, 5.3, 5.2, 5.46, 6.365, 7.036, 7.022, 7.0, 6.199, 5.25, 5.26, 6.43], [2.76, 2.82, 2.55, 2.77, 3.0, 3.29, 3.09, 2.37, 1.8, 1.53, 1.35, 1.29, 1.05, 1.1, 1.34, 0.88, 0, 0.9, 2.1, 4.47, 4.69, 4.44, 4.13, 4.32, 4.63, 3.61, 2.86, 3.39, 3.88, 5.5, 5.26, 5.32, 5.44, 5.45, 5.78, 5.82, 5.35, 5.77, 5.69, 5.31, 5.5, 5.36, 4.77, 4.32, 4.42, 3.57, 3.6, 3.32, 3.46, 4.38, 4.79, 4.77, 5.07, 5.29, 5.71, 5.91, 5.63, 5.26, 5.26, 5.27, 4.75, 4.82, 5.28, 5.96, 6.1, 6.24, 6.19, 5.57, 4.38, 4.81, 5.85, 6.22, 5.84, 5.92, 6.06, 5.82, 5.7, 5.8, 6.836, 7.441, 7.348, 7.346, 6.6, 5.65, 5.78, 6.75], [2.92, 2.9, 2.67, 2.97, 3.22, 3.57, 3.47, 2.63, 1.98, 1.87, 1.73, 1.45, 0.93, 1.52, 1.64, 1.28, 0.9, 0, 1.64, 3.95, 4.11, 3.96, 3.81, 3.98, 4.05, 3.31, 2.66, 3.07, 3.34, 5.02, 4.8, 4.68, 4.8, 4.91, 5.16, 5.18, 4.85, 5.23, 5.23, 4.85, 4.94, 4.76, 4.21, 4.02, 4.12, 3.41, 3.18, 3.0, 3.48, 4.54, 4.91, 4.75, 5.11, 5.33, 5.83, 5.93, 5.47, 5.14, 5.2, 5.27, 4.79, 4.8, 5.28, 5.96, 5.98, 6.08, 6.01, 5.39, 4.26, 4.85, 5.99, 6.22, 5.96, 6.22, 6.48, 6.02, 5.939, 6.36, 7.287, 7.853, 7.924, 7.838, 7.002, 6.13, 6.08, 7.27], [3.94, 3.98, 3.79, 3.97, 4.1, 4.43, 4.43, 3.63, 2.9, 2.89, 2.73, 2.45, 2.07, 2.64, 2.76, 2.46, 2.1, 1.64, 0, 2.41, 2.67, 2.6, 2.93, 2.62, 2.75, 2.37, 2.12, 2.43, 2.02, 3.64, 3.5, 3.3, 3.44, 3.55, 3.82, 3.8, 3.39, 3.89, 3.89, 3.43, 3.54, 3.38, 2.83, 2.82, 3.2, 2.81, 2.52, 2.7, 3.54, 4.66, 5.03, 4.75, 5.11, 5.43, 5.93, 5.97, 5.19, 4.86, 4.94, 4.89, 4.19, 4.18, 4.44, 5.2, 5.52, 5.7, 5.29, 4.59, 4.02, 4.99, 6.05, 6.3, 6.16, 6.56, 7.08, 6.64, 6.45, 7.201, 8.36, 9.039, 9.01, 8.954, 8.291, 7.07, 7.3, 8.65], [5.93, 5.93, 5.78, 5.88, 5.91, 6.36, 6.36, 5.6, 5.05, 5.1, 4.94, 4.64, 4.28, 4.85, 4.93, 4.77, 4.47, 3.95, 2.41, 0, 0.94, 1.09, 1.78, 1.33, 1.26, 1.6, 2.33, 1.74, 1.25, 2.11, 1.97, 1.67, 1.71, 1.7, 2.17, 1.99, 1.5, 1.84, 1.82, 1.28, 1.37, 1.65, 1.5, 1.57, 1.91, 2.2, 1.57, 2.23, 3.55, 4.85, 5.46, 4.42, 4.66, 5.06, 5.52, 5.32, 4.3, 4.07, 4.19, 4.0, 3.52, 3.31, 3.33, 4.27, 4.71, 4.93, 4.42, 3.74, 4.75, 5.972, 7.214, 7.413, 7.627, 8.326, 9.109, 8.661, 8.421, 9.267, 10.48, 11.151, 11.159, 11.121, 10.481, 9.268, 9.584, 10.94], [6.11, 6.11, 5.96, 6.06, 6.09, 6.56, 6.56, 5.78, 5.25, 5.28, 5.14, 4.88, 4.58, 5.11, 5.19, 5.03, 4.69, 4.11, 2.67, 0.94, 0, 0.61, 1.58, 1.25, 1.18, 1.76, 2.51, 1.98, 1.41, 2.21, 2.13, 1.99, 2.01, 2.06, 2.29, 2.09, 1.7, 1.92, 1.64, 1.36, 1.49, 1.77, 1.44, 1.59, 1.63, 2.14, 1.51, 2.15, 3.59, 5.05, 5.46, 4.38, 4.44, 4.86, 5.38, 5.22, 4.02, 3.87, 4.13, 3.76, 3.5, 3.17, 3.13, 3.87, 4.49, 4.83, 4.22, 3.84, 4.93, 6.163, 7.409, 7.598, 7.787, 8.512, 9.272, 8.824, 8.584, 9.453, 10.663, 11.331, 11.342, 11.301, 10.658, 9.465, 9.764, 11.12], [5.72, 5.74, 5.59, 5.67, 5.7, 6.187, 6.204, 5.47, 4.96, 5.03, 4.89, 4.63, 4.35, 4.88, 4.88, 4.74, 4.44, 3.96, 2.6, 1.09, 0.61, 0, 1.11, 0.86, 1.17, 1.49, 2.24, 1.73, 1.42, 2.66, 2.56, 2.28, 2.4, 2.37, 2.8, 2.46, 2.03, 2.27, 1.89, 1.57, 1.88, 2.24, 1.83, 1.78, 1.8, 2.23, 1.44, 2.0, 3.34, 4.72, 5.09, 4.13, 4.01, 4.33, 4.95, 4.81, 3.73, 3.62, 3.8, 3.61, 3.23, 3.02, 3.08, 3.9, 4.34, 4.5, 4.15, 3.67, 4.557, 5.827, 7.081, 7.311, 7.551, 8.264, 9.007, 8.556, 8.324, 9.2, 10.416, 11.08, 11.094, 11.059, 10.413, 9.189, 9.471, 10.83], [4.79, 4.83, 4.72, 4.78, 4.87, 5.422, 5.44, 4.74, 4.23, 4.48, 4.26, 4.06, 4.06, 4.33, 4.25, 4.17, 4.13, 3.81, 2.93, 1.78, 1.58, 1.11, 0, 1.05, 1.78, 1.04, 1.79, 1.36, 1.87, 3.53, 3.43, 3.17, 3.33, 3.24, 3.71, 3.29, 2.7, 2.96, 2.66, 2.3, 2.65, 3.01, 2.58, 2.17, 1.81, 1.94, 1.55, 1.53, 2.67, 4.01, 4.38, 3.34, 3.08, 3.44, 4.02, 3.86, 2.92, 2.97, 2.99, 2.9, 2.52, 2.31, 2.53, 3.41, 3.67, 3.89, 3.6, 3.16, 3.692, 5.082, 6.422, 6.626, 6.877, 7.588, 8.305, 7.859, 7.636, 8.518, 9.733, 10.395, 10.412, 10.382, 9.74, 8.522, 8.769, 10.119], [5.46, 5.48, 5.35, 5.39, 5.48, 6.018, 6.018, 5.29, 4.74, 4.91, 4.73, 4.43, 4.21, 4.66, 4.68, 4.46, 4.32, 3.98, 2.62, 1.33, 1.25, 0.86, 1.05, 0, 1.19, 1.39, 2.08, 1.57, 1.56, 3.08, 2.96, 2.68, 2.76, 2.69, 3.12, 2.64, 2.21, 2.47, 2.17, 1.63, 2.08, 2.48, 2.01, 1.74, 1.56, 2.07, 1.56, 1.84, 3.26, 4.56, 4.95, 3.95, 3.75, 4.07, 4.71, 4.57, 3.59, 3.62, 3.72, 3.55, 3.09, 2.9, 2.94, 3.9, 4.3, 4.5, 4.07, 3.55, 4.34, 5.621, 6.964, 7.199, 7.439, 8.127, 8.838, 8.387, 8.164, 9.045, 10.261, 10.923, 10.94, 10.91, 10.264, 9.08, 9.345, 10.71], [6.13, 6.13, 5.98, 6.04, 6.11, 6.611, 6.62, 5.88, 5.33, 5.48, 5.3, 5.0, 4.6, 5.23, 5.23, 4.99, 4.63, 4.05, 2.75, 1.26, 1.18, 1.17, 1.78, 1.19, 0, 1.98, 2.67, 2.0, 1.37, 2.19, 2.19, 1.99, 2.09, 1.92, 2.51, 2.15, 1.86, 2.0, 1.58, 1.16, 1.45, 1.67, 1.78, 1.81, 1.59, 2.26, 1.39, 2.19, 3.67, 5.19, 5.56, 4.36, 4.32, 4.7, 5.34, 5.2, 4.18, 4.17, 4.31, 3.9, 3.7, 3.21, 3.37, 4.21, 4.73, 5.13, 4.8, 4.22, 4.964, 6.352, 7.669, 7.832, 8.077, 8.794, 9.545, 9.097, 8.848, 9.729, 10.945, 11.607, 11.624, 11.588, 10.948, 9.713, 9.961, 11.3], [4.43, 4.45, 4.28, 4.38, 4.41, 4.88, 4.88, 4.2, 3.65, 3.82, 3.6, 3.44, 3.5, 3.69, 3.71, 3.57, 3.61, 3.31, 2.37, 1.6, 1.76, 1.49, 1.04, 1.39, 1.98, 0, 1.27, 1.14, 1.65, 3.41, 3.25, 2.95, 3.11, 3.12, 3.59, 3.33, 2.78, 3.14, 3.12, 2.62, 2.77, 2.99, 2.22, 1.87, 1.77, 1.54, 1.53, 1.39, 2.25, 3.51, 4.06, 3.12, 3.36, 3.72, 4.24, 4.1, 3.14, 2.93, 2.93, 2.78, 2.36, 2.11, 2.37, 3.27, 3.47, 3.69, 3.32, 2.8, 3.25, 4.46, 5.777, 5.996, 6.178, 6.891, 7.644, 7.201, 6.978, 7.836, 9.046, 9.731, 9.724, 9.683, 9.04, 7.839, 8.087, 9.44], [4.0, 4.04, 3.87, 3.95, 4.08, 4.51, 4.51, 3.71, 3.04, 2.99, 2.71, 2.59, 2.85, 3.0, 3.08, 2.78, 2.86, 2.66, 2.12, 2.33, 2.51, 2.24, 1.79, 2.08, 2.67, 1.27, 0, 0.99, 1.98, 3.64, 3.44, 3.28, 3.44, 3.51, 3.82, 3.86, 3.45, 3.91, 3.89, 3.35, 3.52, 3.4, 2.81, 2.38, 2.44, 1.57, 1.74, 1.7, 1.98, 3.28, 3.77, 3.13, 3.55, 3.91, 4.33, 4.23, 3.51, 3.18, 3.16, 3.21, 2.71, 2.78, 3.24, 3.92, 3.94, 4.04, 3.93, 3.29, 3.18, 4.17, 5.482, 5.512, 5.58, 6.223, 6.949, 6.521, 6.278, 7.126, 8.369, 9.051, 9.045, 8.979, 8.302, 7.075, 7.36, 8.69], [4.59, 4.63, 4.46, 4.54, 4.61, 5.04, 5.06, 4.34, 3.67, 3.8, 3.56, 3.32, 3.3, 3.63, 3.63, 3.47, 3.39, 3.07, 2.43, 1.74, 1.98, 1.73, 1.36, 1.57, 2.0, 1.14, 0.99, 0, 1.49, 3.21, 3.13, 2.77, 2.89, 2.86, 3.41, 3.35, 2.86, 3.32, 3.24, 2.56, 2.73, 2.95, 2.3, 1.91, 1.83, 1.48, 1.37, 1.43, 2.19, 3.57, 4.22, 3.2, 3.54, 3.9, 4.44, 4.24, 3.4, 3.17, 3.23, 3.16, 2.68, 2.71, 3.07, 3.89, 3.81, 4.03, 3.96, 3.28, 3.49, 4.634, 5.929, 6.122, 6.276, 6.966, 7.715, 7.287, 7.041, 7.907, 9.15, 9.82, 9.829, 9.769, 9.106, 7.919, 8.201, 9.56], [5.54, 5.58, 5.41, 5.49, 5.56, 5.97, 5.99, 5.23, 4.56, 4.75, 4.57, 4.27, 3.87, 4.5, 4.48, 4.24, 3.88, 3.34, 2.02, 1.25, 1.41, 1.42, 1.87, 1.56, 1.37, 1.65, 1.98, 1.49, 0, 2.0, 1.9, 1.62, 1.74, 1.79, 2.4, 2.4, 1.99, 2.49, 2.29, 1.75, 1.9, 1.92, 1.39, 1.4, 1.58, 1.61, 1.14, 2.46, 3.38, 4.7, 5.23, 4.47, 4.79, 5.13, 5.61, 5.37, 4.47, 4.24, 4.28, 3.87, 3.33, 3.32, 3.4, 4.24, 4.66, 4.94, 4.37, 3.81, 4.36, 5.687, 6.993, 7.132, 7.348, 8.033, 8.782, 8.36, 8.125, 8.98, 10.213, 10.884, 10.875, 10.833, 10.176, 8.937, 9.188, 10.51], [7.4, 7.4, 7.23, 7.31, 7.4, 7.79, 7.83, 7.05, 6.36, 6.41, 6.23, 5.93, 5.53, 6.16, 6.26, 5.86, 5.5, 5.02, 3.64, 2.11, 2.21, 2.66, 3.53, 3.08, 2.19, 3.41, 3.64, 3.21, 2.0, 0, 0.62, 0.8, 0.82, 0.87, 1.3, 1.62, 1.51, 1.93, 1.71, 1.67, 1.4, 1.62, 1.91, 2.0, 2.4, 2.73, 2.34, 3.92, 4.92, 6.52, 7.11, 6.07, 6.35, 6.75, 7.25, 6.97, 5.89, 5.78, 5.98, 5.15, 4.73, 4.64, 4.56, 5.32, 6.1, 6.74, 5.83, 5.37, 6.26, 7.627, 8.842, 8.992, 9.129, 9.758, 10.537, 10.121, 9.889, 10.712, 11.96, 12.633, 12.623, 12.562, 11.916, 10.675, 10.92, 12.19], [7.18, 7.16, 6.99, 7.07, 7.24, 7.61, 7.63, 6.85, 6.1, 6.19, 6.01, 5.71, 5.33, 5.94, 6.02, 5.62, 5.26, 4.8, 3.5, 1.97, 2.13, 2.56, 3.43, 2.96, 2.19, 3.25, 3.44, 3.13, 1.9, 0.62, 0, 0.72, 0.8, 0.85, 1.44, 1.74, 1.53, 2.09, 1.79, 1.65, 1.5, 1.62, 1.95, 2.02, 2.42, 2.53, 2.18, 3.92, 4.82, 6.4, 6.87, 6.01, 6.27, 6.67, 7.15, 6.89, 5.87, 5.74, 5.86, 5.11, 4.61, 4.52, 4.46, 5.18, 6.02, 6.58, 5.69, 5.21, 6.12, 7.49, 8.762, 8.832, 8.963, 9.608, 10.319, 9.934, 9.677, 10.508, 11.756, 12.429, 12.409, 12.356, 11.681, 10.452, 10.72, 11.99], [7.0, 7.04, 6.87, 6.95, 7.04, 7.43, 7.47, 6.69, 6.0, 6.17, 5.99, 5.69, 5.29, 5.92, 5.9, 5.68, 5.32, 4.68, 3.3, 1.67, 1.99, 2.28, 3.17, 2.68, 1.99, 2.95, 3.28, 2.77, 1.62, 0.8, 0.72, 0, 0.64, 0.79, 1.28, 1.52, 1.43, 2.01, 1.81, 1.57, 1.4, 1.58, 1.93, 2.08, 2.42, 2.65, 2.18, 3.66, 4.58, 6.1, 6.69, 5.73, 6.07, 6.45, 6.95, 6.65, 5.69, 5.46, 5.56, 5.03, 4.49, 4.54, 4.52, 5.3, 5.92, 6.3, 5.41, 4.91, 5.88, 7.107, 8.442, 8.552, 8.737, 9.421, 10.168, 9.749, 9.514, 10.369, 11.605, 12.275, 12.266, 12.222, 11.564, 10.34, 10.588, 11.95], [7.14, 7.18, 7.01, 7.09, 7.22, 7.61, 7.63, 6.85, 6.14, 6.25, 6.07, 5.77, 5.37, 6.0, 6.04, 5.8, 5.44, 4.8, 3.44, 1.71, 2.01, 2.4, 3.33, 2.76, 2.09, 3.11, 3.44, 2.89, 1.74, 0.82, 0.8, 0.64, 0, 0.69, 1.2, 1.54, 1.47, 1.97, 1.85, 1.49, 1.38, 1.58, 1.87, 2.0, 2.38, 2.61, 2.24, 3.7, 4.7, 6.2, 6.77, 5.85, 6.21, 6.63, 7.11, 6.79, 5.81, 5.58, 5.78, 5.17, 4.73, 4.66, 4.64, 5.38, 6.06, 6.5, 5.57, 4.97, 6.0, 7.27, 8.562, 8.675, 8.823, 9.539, 10.239, 9.84, 9.58, 10.437, 11.668, 12.335, 12.343, 12.282, 11.636, 10.438, 10.711, 12.07], [7.19, 7.17, 7.0, 7.08, 7.15, 7.56, 7.58, 6.84, 6.17, 6.26, 6.08, 5.78, 5.38, 6.01, 6.07, 5.83, 5.45, 4.91, 3.55, 1.7, 2.06, 2.37, 3.24, 2.69, 1.92, 3.12, 3.51, 2.86, 1.79, 0.87, 0.85, 0.79, 0.69, 0, 1.19, 1.73, 1.62, 2.16, 1.86, 1.56, 1.55, 1.73, 2.06, 2.07, 2.41, 2.8, 2.27, 3.63, 4.63, 6.17, 6.78, 5.78, 6.08, 6.46, 6.98, 6.72, 5.78, 5.55, 5.73, 5.0, 4.52, 4.55, 4.51, 5.33, 5.95, 6.45, 5.62, 4.94, 6.01, 7.337, 8.612, 8.742, 8.941, 9.626, 10.389, 9.962, 9.718, 10.564, 11.792, 12.462, 12.471, 12.414, 11.768, 10.542, 10.824, 12.16], [7.42, 7.44, 7.27, 7.37, 7.5, 7.97, 7.93, 7.17, 6.5, 6.61, 6.43, 6.13, 5.73, 6.38, 6.4, 6.16, 5.78, 5.16, 3.82, 2.17, 2.29, 2.8, 3.71, 3.12, 2.51, 3.59, 3.82, 3.41, 2.4, 1.3, 1.44, 1.28, 1.2, 1.19, 0, 1.28, 1.49, 1.83, 2.09, 2.15, 1.78, 1.78, 2.27, 2.5, 2.76, 3.09, 2.76, 4.0, 5.04, 6.74, 7.21, 6.25, 6.55, 6.97, 7.45, 7.15, 5.99, 5.94, 6.18, 5.43, 5.05, 4.88, 4.74, 5.46, 6.32, 6.84, 6.03, 5.39, 6.48, 7.61, 9.082, 9.152, 9.189, 9.911, 10.576, 10.183, 9.922, 10.812, 12.017, 12.725, 12.666, 12.697, 11.982, 10.795, 11.06, 12.41], [7.3, 7.32, 7.17, 7.25, 7.28, 7.79, 7.784, 7.05, 6.5, 6.67, 6.49, 6.19, 5.79, 6.42, 6.4, 6.18, 5.82, 5.18, 3.8, 1.99, 2.09, 2.46, 3.29, 2.64, 2.15, 3.33, 3.86, 3.35, 2.4, 1.62, 1.74, 1.52, 1.54, 1.73, 1.28, 0, 0.89, 0.83, 1.23, 1.61, 1.2, 1.2, 1.53, 2.06, 2.2, 2.97, 2.6, 3.72, 4.88, 6.5, 7.01, 5.97, 6.03, 6.43, 6.93, 6.59, 5.57, 5.64, 5.84, 5.11, 4.73, 4.52, 4.24, 4.7, 6.02, 6.56, 5.81, 5.25, 6.22, 7.43, 8.882, 9.088, 9.196, 9.941, 10.653, 10.202, 9.97, 10.848, 12.064, 12.729, 12.743, 12.707, 12.061, 10.84, 11.088, 12.45], [6.69, 6.71, 6.54, 6.66, 6.73, 7.26, 7.26, 6.54, 5.97, 6.14, 5.96, 5.66, 5.28, 5.89, 5.89, 5.67, 5.35, 4.85, 3.39, 1.5, 1.7, 2.03, 2.7, 2.21, 1.86, 2.78, 3.45, 2.86, 1.99, 1.51, 1.53, 1.43, 1.47, 1.62, 1.49, 0.89, 0, 0.92, 1.12, 1.4, 0.95, 1.23, 1.42, 1.67, 1.81, 2.56, 2.33, 3.31, 4.45, 5.91, 6.36, 5.36, 5.44, 5.8, 6.34, 6.04, 5.08, 5.11, 5.19, 4.54, 4.12, 4.03, 3.81, 4.43, 5.41, 5.93, 5.2, 4.74, 5.59, 6.988, 8.346, 8.529, 8.732, 9.445, 10.176, 9.74, 9.494, 10.378, 11.602, 12.27, 12.272, 12.24, 11.597, 10.37, 10.635, 11.98], [7.11, 7.13, 7.0, 7.04, 7.11, 7.668, 7.668, 6.94, 6.41, 6.64, 6.46, 6.18, 5.76, 6.41, 6.37, 6.15, 5.77, 5.23, 3.89, 1.84, 1.92, 2.27, 2.96, 2.47, 2.0, 3.14, 3.91, 3.32, 2.49, 1.93, 2.09, 2.01, 1.97, 2.16, 1.83, 0.83, 0.92, 0, 1.04, 1.46, 1.21, 1.19, 1.64, 2.07, 2.03, 3.02, 2.47, 3.47, 4.77, 6.35, 6.78, 5.68, 5.54, 6.0, 6.52, 6.22, 5.18, 5.35, 5.49, 4.72, 4.5, 4.15, 3.77, 4.29, 5.67, 6.29, 5.58, 5.108, 5.984, 7.411, 8.793, 8.952, 9.203, 9.916, 10.648, 10.199, 9.971, 10.849, 12.065, 12.726, 12.743, 12.711, 12.065, 10.833, 11.081, 12.379], [7.13, 7.13, 6.98, 7.06, 7.11, 7.631, 7.631, 6.9, 6.41, 6.62, 6.44, 6.14, 5.74, 6.37, 6.35, 6.05, 5.69, 5.23, 3.89, 1.82, 1.64, 1.89, 2.66, 2.17, 1.58, 3.12, 3.89, 3.24, 2.29, 1.71, 1.79, 1.81, 1.85, 1.86, 2.09, 1.23, 1.12, 1.04, 0, 0.92, 0.83, 1.25, 1.56, 1.89, 1.83, 2.82, 2.27, 3.43, 4.83, 6.33, 6.7, 5.58, 5.3, 5.64, 6.34, 6.14, 4.94, 5.13, 5.35, 4.72, 4.5, 4.11, 3.93, 4.45, 5.59, 6.13, 5.44, 5.122, 6.027, 7.431, 8.738, 8.96, 9.214, 9.933, 10.679, 10.227, 9.982, 10.866, 12.082, 12.743, 12.761, 12.728, 12.085, 10.85, 11.115, 12.4], [6.73, 6.75, 6.6, 6.68, 6.73, 7.26, 7.26, 6.52, 5.97, 6.1, 5.92, 5.62, 5.22, 5.85, 5.87, 5.65, 5.31, 4.85, 3.43, 1.28, 1.36, 1.57, 2.3, 1.63, 1.16, 2.62, 3.35, 2.56, 1.75, 1.67, 1.65, 1.57, 1.49, 1.56, 2.15, 1.61, 1.4, 1.46, 0.92, 0, 0.73, 1.27, 1.58, 1.57, 1.51, 2.38, 1.85, 2.87, 4.27, 5.77, 6.18, 5.1, 4.92, 5.36, 5.98, 5.8, 4.62, 4.65, 4.89, 4.32, 4.1, 3.79, 3.71, 4.49, 5.21, 5.61, 4.98, 4.58, 5.55, 6.931, 8.239, 8.435, 8.695, 9.397, 10.128, 9.697, 9.457, 10.329, 11.545, 12.207, 12.224, 12.191, 11.546, 10.316, 10.598, 11.94], [7.0, 7.02, 6.87, 6.95, 6.98, 7.47, 7.47, 6.73, 6.18, 6.33, 6.15, 5.85, 5.45, 6.08, 6.08, 5.86, 5.5, 4.94, 3.54, 1.37, 1.49, 1.88, 2.65, 2.08, 1.45, 2.77, 3.52, 2.73, 1.9, 1.4, 1.5, 1.4, 1.38, 1.55, 1.78, 1.2, 0.95, 1.21, 0.83, 0.73, 0, 0.96, 1.21, 1.6, 1.5, 2.53, 2.02, 3.16, 4.52, 5.98, 6.39, 5.25, 5.39, 5.81, 6.31, 6.03, 4.91, 4.92, 5.1, 4.57, 4.33, 3.98, 3.88, 4.46, 5.4, 5.84, 5.11, 4.75, 5.82, 7.082, 8.398, 8.622, 8.839, 9.558, 10.299, 9.848, 9.622, 10.494, 11.71, 12.374, 12.389, 12.353, 11.707, 10.503, 10.768, 12.13], [6.98, 6.98, 6.83, 6.93, 7.0, 7.47, 7.45, 6.65, 6.1, 6.23, 6.05, 5.75, 5.35, 5.98, 6.0, 5.74, 5.36, 4.76, 3.38, 1.65, 1.77, 2.24, 3.01, 2.48, 1.67, 2.99, 3.4, 2.95, 1.92, 1.62, 1.62, 1.58, 1.58, 1.73, 1.78, 1.2, 1.23, 1.19, 1.25, 1.27, 0.96, 0, 1.35, 1.54, 1.62, 2.43, 2.14, 3.24, 4.44, 6.16, 6.59, 5.51, 5.77, 6.19, 6.71, 6.33, 5.19, 5.22, 5.44, 4.63, 4.41, 3.98, 3.72, 3.94, 5.64, 6.22, 5.39, 4.83, 5.88, 7.15, 8.519, 8.592, 8.8, 9.484, 10.242, 9.808, 9.571, 10.423, 11.639, 12.321, 12.314, 12.276, 11.639, 10.406, 10.657, 11.99], [6.51, 6.55, 6.38, 6.46, 6.53, 6.94, 6.96, 6.2, 5.55, 5.56, 5.4, 5.08, 4.68, 5.31, 5.43, 5.17, 4.77, 4.21, 2.83, 1.5, 1.44, 1.83, 2.58, 2.01, 1.78, 2.22, 2.81, 2.3, 1.39, 1.91, 1.95, 1.93, 1.87, 2.06, 2.27, 1.53, 1.42, 1.64, 1.56, 1.58, 1.21, 1.35, 0, 1.03, 1.31, 1.94, 1.73, 2.83, 4.07, 5.53, 6.06, 5.04, 5.38, 5.8, 6.26, 6.0, 4.88, 4.71, 4.89, 4.4, 4.0, 3.81, 3.67, 4.13, 5.15, 5.57, 4.72, 4.28, 5.35, 6.572, 7.766, 7.927, 8.121, 8.832, 9.601, 9.164, 8.919, 9.776, 10.992, 11.671, 11.665, 11.623, 10.987, 9.757, 10.07, 11.4], [5.94, 5.94, 5.77, 5.85, 5.94, 6.33, 6.37, 5.59, 4.94, 5.05, 4.87, 4.57, 4.25, 4.8, 4.84, 4.56, 4.32, 4.02, 2.82, 1.57, 1.59, 1.78, 2.17, 1.74, 1.81, 1.87, 2.38, 1.91, 1.4, 2.0, 2.02, 2.08, 2.0, 2.07, 2.5, 2.06, 1.67, 2.07, 1.89, 1.57, 1.6, 1.54, 1.03, 0, 0.84, 1.31, 1.48, 2.46, 3.5, 4.98, 5.65, 4.61, 4.89, 5.29, 5.77, 5.55, 4.39, 4.3, 4.5, 3.71, 3.39, 3.24, 3.02, 3.66, 4.58, 5.22, 4.33, 3.85, 4.76, 6.107, 7.362, 7.509, 7.699, 8.39, 9.168, 8.732, 8.496, 9.337, 10.553, 11.232, 11.223, 11.187, 10.547, 9.309, 9.557, 10.87], [5.82, 5.86, 5.71, 5.75, 5.84, 6.31, 6.31, 5.55, 4.94, 5.15, 4.97, 4.67, 4.39, 4.9, 4.88, 4.66, 4.42, 4.12, 3.2, 1.91, 1.63, 1.8, 1.81, 1.56, 1.59, 1.77, 2.44, 1.83, 1.58, 2.4, 2.42, 2.42, 2.38, 2.41, 2.76, 2.2, 1.81, 2.03, 1.83, 1.51, 1.5, 1.62, 1.31, 0.84, 0, 1.29, 1.22, 2.14, 3.32, 4.9, 5.33, 4.25, 4.39, 4.81, 5.35, 5.11, 3.91, 3.98, 4.1, 3.31, 3.15, 2.86, 2.74, 3.34, 4.22, 4.9, 4.07, 3.75, 4.66, 6.047, 7.39, 7.537, 7.739, 8.464, 9.204, 8.776, 8.548, 9.405, 10.61, 11.292, 11.288, 11.247, 10.601, 9.375, 9.622, 10.969], [4.83, 4.73, 4.58, 4.68, 4.81, 5.2, 5.24, 4.44, 3.81, 4.12, 3.86, 3.64, 3.64, 3.95, 3.85, 3.45, 3.57, 3.41, 2.81, 2.2, 2.14, 2.23, 1.94, 2.07, 2.26, 1.54, 1.57, 1.48, 1.61, 2.73, 2.53, 2.65, 2.61, 2.8, 3.09, 2.97, 2.56, 3.02, 2.82, 2.38, 2.53, 2.43, 1.94, 1.31, 1.29, 0, 1.27, 2.33, 2.83, 4.25, 4.86, 3.96, 4.18, 4.6, 5.1, 4.82, 3.8, 3.75, 3.83, 3.02, 2.54, 2.63, 2.77, 3.31, 4.01, 4.57, 3.94, 3.46, 3.89, 5.14, 6.595, 6.625, 6.712, 7.419, 8.137, 7.735, 7.486, 8.326, 9.528, 10.241, 10.215, 10.176, 9.519, 8.296, 8.526, 9.839], [5.36, 5.36, 5.19, 5.27, 5.4, 5.81, 5.81, 5.05, 4.34, 4.49, 4.31, 4.05, 3.65, 4.24, 4.26, 4.0, 3.6, 3.18, 2.52, 1.57, 1.51, 1.44, 1.55, 1.56, 1.39, 1.53, 1.74, 1.37, 1.14, 2.34, 2.18, 2.18, 2.24, 2.27, 2.76, 2.6, 2.33, 2.47, 2.27, 1.85, 2.02, 2.14, 1.73, 1.48, 1.22, 1.27, 0, 1.8, 2.84, 4.5, 4.87, 3.93, 4.13, 4.57, 5.09, 4.81, 3.79, 3.66, 3.84, 3.11, 2.81, 2.7, 2.9, 3.7, 4.02, 4.6, 4.15, 3.57, 4.24, 5.63, 6.953, 6.983, 7.183, 7.867, 8.599, 8.194, 7.922, 8.771, 10.013, 10.683, 10.689, 10.624, 9.976, 8.735, 8.991, 10.27], [4.38, 4.42, 4.27, 4.33, 4.4, 4.85, 4.91, 4.11, 3.58, 3.69, 3.53, 3.21, 3.03, 3.34, 3.56, 3.52, 3.32, 3.0, 2.7, 2.23, 2.15, 2.0, 1.53, 1.84, 2.19, 1.39, 1.7, 1.43, 2.46, 3.92, 3.92, 3.66, 3.7, 3.63, 4.0, 3.72, 3.31, 3.47, 3.43, 2.87, 3.16, 3.24, 2.83, 2.46, 2.14, 2.33, 1.8, 0, 1.78, 3.32, 3.77, 2.63, 2.81, 3.25, 3.85, 3.83, 2.91, 2.74, 3.02, 2.95, 2.95, 2.44, 2.82, 3.64, 3.64, 3.94, 4.05, 3.41, 3.3, 4.484, 5.716, 5.874, 6.063, 6.745, 7.545, 7.148, 6.888, 7.686, 8.902, 9.587, 9.581, 9.539, 8.899, 7.704, 8.037, 9.37], [3.36, 3.34, 3.35, 3.29, 3.34, 3.77, 3.97, 3.55, 3.0, 3.07, 2.99, 3.01, 3.43, 3.26, 3.08, 2.98, 3.46, 3.48, 3.54, 3.55, 3.59, 3.34, 2.67, 3.26, 3.67, 2.25, 1.98, 2.19, 3.38, 4.92, 4.82, 4.58, 4.7, 4.63, 5.04, 4.88, 4.45, 4.77, 4.83, 4.27, 4.52, 4.44, 4.07, 3.5, 3.32, 2.83, 2.84, 1.78, 0, 1.84, 2.33, 1.61, 1.95, 2.31, 2.65, 2.69, 2.47, 2.18, 2.3, 2.21, 2.01, 1.94, 2.38, 3.06, 2.96, 3.32, 3.33, 2.53, 2.32, 3.01, 4.239, 4.34, 4.517, 5.208, 5.951, 5.66, 5.345, 6.157, 7.368, 8.041, 8.032, 7.985, 7.327, 6.089, 6.371, 7.71], [2.54, 2.6, 2.93, 2.83, 2.76, 2.95, 3.17, 3.47, 3.66, 3.69, 3.55, 3.91, 4.51, 4.06, 3.58, 3.74, 4.38, 4.54, 4.66, 4.85, 5.05, 4.72, 4.01, 4.56, 5.19, 3.51, 3.28, 3.57, 4.7, 6.52, 6.4, 6.1, 6.2, 6.17, 6.74, 6.5, 5.91, 6.35, 6.33, 5.77, 5.98, 6.16, 5.53, 4.98, 4.9, 4.25, 4.5, 3.32, 1.84, 0, 0.93, 1.43, 1.69, 1.91, 2.07, 2.17, 2.61, 2.34, 2.2, 2.35, 2.67, 3.0, 3.24, 3.32, 2.9, 2.96, 2.97, 2.41, 1.74, 1.73, 2.71, 3.04, 3.12, 3.699, 4.462, 4.32, 4.005, 4.715, 5.83, 6.489, 6.469, 6.427, 5.781, 4.558, 4.828, 6.17], [2.61, 2.77, 3.04, 3.02, 2.97, 3.18, 3.36, 3.88, 4.11, 4.12, 4.0, 4.32, 4.88, 4.51, 4.01, 4.15, 4.79, 4.91, 5.03, 5.46, 5.46, 5.09, 4.38, 4.95, 5.56, 4.06, 3.77, 4.22, 5.23, 7.11, 6.87, 6.69, 6.77, 6.78, 7.21, 7.01, 6.36, 6.78, 6.7, 6.18, 6.39, 6.59, 6.06, 5.65, 5.33, 4.86, 4.87, 3.77, 2.33, 0.93, 0, 1.62, 1.9, 2.04, 1.9, 2.02, 2.68, 2.37, 2.23, 2.68, 3.16, 3.29, 3.61, 3.59, 2.71, 2.59, 2.82, 2.5, 1.69, 1.52, 2.36, 2.57, 2.67, 3.329, 4.072, 3.87, 3.555, 4.305, 5.44, 6.099, 6.099, 6.057, 5.411, 4.188, 4.458, 5.8], [3.61, 3.49, 3.68, 3.8, 3.83, 4.2, 4.38, 4.38, 4.21, 4.38, 4.2, 4.28, 4.76, 4.59, 4.29, 4.25, 4.77, 4.75, 4.75, 4.42, 4.38, 4.13, 3.34, 3.95, 4.36, 3.12, 3.13, 3.2, 4.47, 6.07, 6.01, 5.73, 5.85, 5.78, 6.25, 5.97, 5.36, 5.68, 5.58, 5.1, 5.25, 5.51, 5.04, 4.61, 4.25, 3.96, 3.93, 2.63, 1.61, 1.43, 1.62, 0, 0.86, 1.24, 1.48, 1.48, 1.44, 1.23, 1.17, 1.54, 2.1, 2.17, 2.45, 2.43, 1.81, 2.03, 2.14, 1.76, 1.75, 2.04, 3.357, 3.521, 3.772, 4.491, 5.209, 4.852, 4.606, 5.421, 6.635, 7.302, 7.299, 7.277, 6.62, 5.385, 5.638, 7.0], [3.59, 3.49, 3.76, 3.78, 3.85, 4.34, 4.56, 4.46, 4.45, 4.72, 4.52, 4.66, 5.08, 4.91, 4.61, 4.53, 5.07, 5.11, 5.11, 4.66, 4.44, 4.01, 3.08, 3.75, 4.32, 3.36, 3.55, 3.54, 4.79, 6.35, 6.27, 6.07, 6.21, 6.08, 6.55, 6.03, 5.44, 5.54, 5.3, 4.92, 5.39, 5.77, 5.38, 4.89, 4.39, 4.18, 4.13, 2.81, 1.95, 1.69, 1.9, 0.86, 0, 0.78, 1.3, 1.34, 1.4, 1.41, 1.35, 1.7, 2.16, 2.25, 2.49, 2.57, 2.17, 2.39, 2.6, 2.16, 1.91, 2.48, 3.776, 3.986, 4.206, 4.928, 5.651, 5.292, 5.032, 5.883, 7.059, 7.721, 7.738, 7.708, 7.085, 5.851, 6.101, 7.396], [3.81, 3.73, 4.02, 4.04, 4.15, 4.6, 4.82, 4.68, 4.65, 4.88, 4.7, 4.84, 5.32, 5.15, 4.77, 4.73, 5.29, 5.33, 5.43, 5.06, 4.86, 4.33, 3.44, 4.07, 4.7, 3.72, 3.91, 3.9, 5.13, 6.75, 6.67, 6.45, 6.63, 6.46, 6.97, 6.43, 5.8, 6.0, 5.64, 5.36, 5.81, 6.19, 5.8, 5.29, 4.81, 4.6, 4.57, 3.25, 2.31, 1.91, 2.04, 1.24, 0.78, 0, 1.16, 1.38, 1.5, 1.63, 1.41, 2.1, 2.58, 2.69, 2.93, 2.93, 2.33, 2.43, 2.64, 2.42, 2.19, 2.42, 3.653, 3.89, 4.103, 4.806, 5.494, 5.246, 4.969, 5.706, 6.902, 7.563, 7.581, 7.551, 6.926, 5.699, 5.949, 7.259], [3.83, 3.71, 4.2, 4.16, 4.17, 4.64, 4.8, 4.92, 4.99, 5.12, 5.0, 5.3, 5.86, 5.49, 5.01, 5.05, 5.71, 5.83, 5.93, 5.52, 5.38, 4.95, 4.02, 4.71, 5.34, 4.24, 4.33, 4.44, 5.61, 7.25, 7.15, 6.95, 7.11, 6.98, 7.45, 6.93, 6.34, 6.52, 6.34, 5.98, 6.31, 6.71, 6.26, 5.77, 5.35, 5.1, 5.09, 3.85, 2.65, 2.07, 1.9, 1.48, 1.3, 1.16, 0, 0.78, 1.84, 1.75, 1.65, 2.48, 3.04, 3.17, 3.39, 3.23, 1.99, 2.07, 2.34, 2.32, 2.13, 2.0, 3.039, 3.33, 3.509, 4.109, 4.892, 4.69, 4.375, 5.144, 6.205, 6.884, 6.884, 6.88, 6.249, 5.02, 5.27, 6.56], [3.93, 3.85, 4.32, 4.28, 4.29, 4.76, 4.92, 5.04, 5.19, 5.34, 5.2, 5.46, 5.96, 5.71, 5.19, 5.25, 5.91, 5.93, 5.97, 5.32, 5.22, 4.81, 3.86, 4.57, 5.2, 4.1, 4.23, 4.24, 5.37, 6.97, 6.89, 6.65, 6.79, 6.72, 7.15, 6.59, 6.04, 6.22, 6.14, 5.8, 6.03, 6.33, 6.0, 5.55, 5.11, 4.82, 4.81, 3.83, 2.69, 2.17, 2.02, 1.48, 1.34, 1.38, 0.78, 0, 1.58, 1.57, 1.45, 2.16, 2.7, 2.83, 3.07, 2.85, 1.83, 1.93, 2.24, 2.1, 2.21, 2.04, 3.122, 3.372, 3.572, 4.272, 5.035, 4.675, 4.378, 5.232, 6.371, 7.05, 7.05, 7.046, 6.412, 5.18, 5.43, 6.736], [4.55, 4.45, 4.68, 4.8, 4.87, 5.24, 5.46, 5.36, 5.05, 5.36, 5.24, 5.3, 5.52, 5.49, 5.29, 5.21, 5.63, 5.47, 5.19, 4.3, 4.02, 3.73, 2.92, 3.59, 4.18, 3.14, 3.51, 3.4, 4.47, 5.89, 5.87, 5.69, 5.81, 5.78, 5.99, 5.57, 5.08, 5.18, 4.94, 4.62, 4.91, 5.19, 4.88, 4.39, 3.91, 3.8, 3.79, 2.91, 2.47, 2.61, 2.68, 1.44, 1.4, 1.5, 1.84, 1.58, 0, 0.73, 0.69, 1.36, 1.98, 1.85, 1.99, 1.99, 1.41, 1.73, 1.92, 1.84, 2.23, 2.84, 4.147, 4.378, 4.597, 5.323, 6.054, 5.626, 5.406, 6.267, 7.456, 8.13, 8.135, 8.122, 7.477, 6.279, 6.51, 7.839], [4.4, 4.3, 4.51, 4.63, 4.68, 4.99, 5.21, 5.09, 4.82, 4.93, 4.83, 4.85, 5.11, 5.08, 4.92, 4.88, 5.26, 5.14, 4.86, 4.07, 3.87, 3.62, 2.97, 3.62, 4.17, 2.93, 3.18, 3.17, 4.24, 5.78, 5.74, 5.46, 5.58, 5.55, 5.94, 5.64, 5.11, 5.35, 5.13, 4.65, 4.92, 5.22, 4.71, 4.3, 3.98, 3.75, 3.66, 2.74, 2.18, 2.34, 2.37, 1.23, 1.41, 1.63, 1.75, 1.57, 0.73, 0, 0.62, 1.41, 2.01, 1.94, 2.2, 2.16, 1.4, 1.52, 1.73, 1.73, 2.16, 2.59, 3.753, 3.968, 4.185, 4.907, 5.662, 5.228, 5.014, 5.866, 7.062, 7.735, 7.74, 7.719, 7.059, 5.85, 6.1, 7.45], [4.2, 4.1, 4.33, 4.45, 4.52, 4.89, 5.09, 4.95, 4.72, 4.93, 4.79, 4.85, 5.19, 5.1, 4.84, 4.8, 5.26, 5.2, 4.94, 4.19, 4.13, 3.8, 2.99, 3.72, 4.31, 2.93, 3.16, 3.23, 4.28, 5.98, 5.86, 5.56, 5.78, 5.73, 6.18, 5.84, 5.19, 5.49, 5.35, 4.89, 5.1, 5.44, 4.89, 4.5, 4.1, 3.83, 3.84, 3.02, 2.3, 2.2, 2.23, 1.17, 1.35, 1.41, 1.65, 1.45, 0.69, 0.62, 0, 1.41, 1.91, 2.0, 2.28, 2.24, 1.52, 1.5, 1.65, 1.73, 2.02, 2.33, 3.635, 3.866, 4.05, 4.81, 5.513, 5.094, 4.874, 5.731, 6.918, 7.615, 7.597, 7.535, 6.95, 5.75, 6.0, 7.29], [4.29, 4.01, 4.14, 4.24, 4.39, 4.7, 4.94, 4.92, 4.73, 4.96, 4.8, 4.88, 5.08, 5.03, 4.89, 4.79, 5.27, 5.27, 4.89, 4.0, 3.76, 3.61, 2.9, 3.55, 3.9, 2.78, 3.21, 3.16, 3.87, 5.15, 5.11, 5.03, 5.17, 5.0, 5.43, 5.11, 4.54, 4.72, 4.72, 4.32, 4.57, 4.63, 4.4, 3.71, 3.31, 3.02, 3.11, 2.95, 2.21, 2.35, 2.68, 1.54, 1.7, 2.1, 2.48, 2.16, 1.36, 1.41, 1.41, 0, 1.16, 1.33, 1.27, 1.27, 1.57, 2.07, 1.84, 1.56, 2.19, 3.14, 4.507, 4.597, 4.829, 5.525, 6.256, 5.834, 5.591, 6.469, 7.691, 8.361, 8.366, 8.304, 7.676, 6.461, 6.73, 8.02], [4.13, 3.75, 3.98, 4.06, 4.17, 4.52, 4.72, 4.58, 4.29, 4.48, 4.34, 4.38, 4.64, 4.57, 4.45, 4.33, 4.75, 4.79, 4.19, 3.52, 3.5, 3.23, 2.52, 3.09, 3.7, 2.36, 2.71, 2.68, 3.33, 4.73, 4.61, 4.49, 4.73, 4.52, 5.05, 4.73, 4.12, 4.5, 4.5, 4.1, 4.33, 4.41, 4.0, 3.39, 3.15, 2.54, 2.81, 2.95, 2.01, 2.67, 3.16, 2.1, 2.16, 2.58, 3.04, 2.7, 1.98, 2.01, 1.91, 1.16, 0, 1.07, 1.19, 1.75, 2.27, 2.79, 2.32, 1.74, 2.45, 3.52, 4.972, 5.1, 5.222, 5.875, 6.598, 6.211, 5.951, 6.782, 8.06, 8.73, 8.72, 8.659, 8.012, 6.804, 7.054, 8.321], [4.54, 4.16, 4.31, 4.35, 4.32, 4.75, 4.89, 4.57, 4.38, 4.53, 4.43, 4.47, 4.63, 4.62, 4.52, 4.4, 4.82, 4.8, 4.18, 3.31, 3.17, 3.02, 2.31, 2.9, 3.21, 2.11, 2.78, 2.71, 3.32, 4.64, 4.52, 4.54, 4.66, 4.55, 4.88, 4.52, 4.03, 4.15, 4.11, 3.79, 3.98, 3.98, 3.81, 3.24, 2.86, 2.63, 2.7, 2.44, 1.94, 3.0, 3.29, 2.17, 2.25, 2.69, 3.17, 2.83, 1.85, 1.94, 2.0, 1.33, 1.07, 0, 0.94, 1.58, 2.3, 2.86, 2.65, 2.01, 2.74, 3.91, 5.276, 5.407, 5.626, 6.276, 7.07, 6.636, 6.4, 7.215, 8.431, 9.115, 9.107, 9.068, 8.446, 7.231, 7.501, 8.748], [4.8, 4.46, 4.67, 4.71, 4.78, 5.19, 5.35, 5.09, 4.82, 5.07, 4.95, 4.93, 5.11, 5.08, 5.02, 4.92, 5.28, 5.28, 4.44, 3.33, 3.13, 3.08, 2.53, 2.94, 3.37, 2.37, 3.24, 3.07, 3.4, 4.56, 4.46, 4.52, 4.64, 4.51, 4.74, 4.24, 3.81, 3.77, 3.93, 3.71, 3.88, 3.72, 3.67, 3.02, 2.74, 2.77, 2.9, 2.82, 2.38, 3.24, 3.61, 2.45, 2.49, 2.93, 3.39, 3.07, 1.99, 2.2, 2.28, 1.27, 1.19, 0.94, 0, 1.22, 2.42, 3.1, 2.59, 2.01, 2.96, 4.147, 5.537, 5.641, 5.871, 6.597, 7.334, 6.886, 6.649, 7.512, 8.728, 9.401, 9.407, 9.374, 8.754, 7.531, 7.781, 9.048], [5.04, 4.74, 4.91, 4.97, 5.06, 5.45, 5.61, 5.49, 5.42, 5.69, 5.53, 5.61, 5.83, 5.8, 5.64, 5.48, 5.96, 5.96, 5.2, 4.27, 3.87, 3.9, 3.41, 3.9, 4.21, 3.27, 3.92, 3.89, 4.24, 5.32, 5.18, 5.3, 5.38, 5.33, 5.46, 4.7, 4.43, 4.29, 4.45, 4.49, 4.46, 3.94, 4.13, 3.66, 3.34, 3.31, 3.7, 3.64, 3.06, 3.32, 3.59, 2.43, 2.57, 2.93, 3.23, 2.85, 1.99, 2.16, 2.24, 1.27, 1.75, 1.58, 1.22, 0, 2.16, 2.78, 2.23, 1.95, 2.92, 3.79, 5.216, 5.313, 5.513, 6.226, 6.95, 6.536, 6.312, 7.147, 8.346, 9.045, 9.019, 9.003, 8.346, 7.157, 7.4, 8.67], [4.86, 4.82, 4.93, 5.01, 5.12, 5.45, 5.65, 5.79, 5.52, 5.83, 5.67, 5.75, 5.99, 5.96, 5.74, 5.66, 6.1, 5.98, 5.52, 4.71, 4.49, 4.34, 3.67, 4.3, 4.73, 3.47, 3.94, 3.81, 4.66, 6.1, 6.02, 5.92, 6.06, 5.95, 6.32, 6.02, 5.41, 5.67, 5.59, 5.21, 5.4, 5.64, 5.15, 4.58, 4.22, 4.01, 4.02, 3.64, 2.96, 2.9, 2.71, 1.81, 2.17, 2.33, 1.99, 1.83, 1.41, 1.4, 1.52, 1.57, 2.27, 2.3, 2.42, 2.16, 0, 0.94, 1.29, 1.51, 2.1, 2.59, 3.37, 3.485, 3.733, 4.453, 5.173, 4.796, 4.639, 5.429, 6.567, 7.226, 7.214, 7.245, 6.573, 5.35, 5.6, 6.91], [4.94, 4.9, 4.99, 5.11, 5.18, 5.53, 5.69, 5.91, 5.68, 5.93, 5.79, 5.87, 6.09, 6.06, 5.88, 5.8, 6.24, 6.08, 5.7, 4.93, 4.83, 4.5, 3.89, 4.5, 5.13, 3.69, 4.04, 4.03, 4.94, 6.74, 6.58, 6.3, 6.5, 6.45, 6.84, 6.56, 5.93, 6.29, 6.13, 5.61, 5.84, 6.22, 5.57, 5.22, 4.9, 4.57, 4.6, 3.94, 3.32, 2.96, 2.59, 2.03, 2.39, 2.43, 2.07, 1.93, 1.73, 1.52, 1.5, 2.07, 2.79, 2.86, 3.1, 2.78, 0.94, 0, 1.13, 1.75, 2.16, 2.31, 2.79, 2.98, 3.22, 3.925, 4.625, 4.248, 4.051, 4.901, 6.076, 6.726, 6.715, 6.742, 6.065, 4.85, 5.18, 6.51], [5.07, 4.99, 5.14, 5.24, 5.35, 5.66, 5.84, 5.92, 5.63, 5.88, 5.74, 5.82, 6.04, 6.01, 5.83, 5.75, 6.19, 6.01, 5.29, 4.42, 4.22, 4.15, 3.6, 4.07, 4.8, 3.32, 3.93, 3.96, 4.37, 5.83, 5.69, 5.41, 5.57, 5.62, 6.03, 5.81, 5.2, 5.58, 5.44, 4.98, 5.11, 5.39, 4.72, 4.33, 4.07, 3.94, 4.15, 4.05, 3.33, 2.97, 2.82, 2.14, 2.6, 2.64, 2.34, 2.24, 1.92, 1.73, 1.65, 1.84, 2.32, 2.65, 2.59, 2.23, 1.29, 1.13, 0, 1.08, 2.19, 2.48, 3.5, 3.71, 3.918, 4.638, 5.338, 4.913, 4.69, 5.573, 6.798, 7.437, 7.419, 7.449, 6.778, 5.58, 5.85, 7.22], [4.45, 4.39, 4.58, 4.68, 4.73, 5.08, 5.28, 5.3, 5.03, 5.24, 5.1, 5.18, 5.4, 5.37, 5.25, 5.15, 5.57, 5.39, 4.59, 3.74, 3.84, 3.67, 3.16, 3.55, 4.22, 2.8, 3.29, 3.28, 3.81, 5.37, 5.21, 4.91, 4.97, 4.94, 5.39, 5.25, 4.74, 5.108, 5.122, 4.58, 4.75, 4.83, 4.28, 3.85, 3.75, 3.46, 3.57, 3.41, 2.53, 2.41, 2.5, 1.76, 2.16, 2.42, 2.32, 2.1, 1.84, 1.73, 1.73, 1.56, 1.74, 2.01, 2.01, 1.95, 1.51, 1.75, 1.08, 0, 1.69, 2.56, 3.84, 3.95, 4.15, 4.886, 5.609, 5.173, 4.952, 5.819, 7.026, 7.685, 7.673, 7.695, 7.015, 5.8, 6.09, 7.44], [2.9, 2.86, 3.01, 3.09, 3.24, 3.63, 3.81, 3.97, 3.8, 4.13, 3.99, 4.07, 4.29, 4.26, 4.06, 3.94, 4.38, 4.26, 4.02, 4.75, 4.93, 4.557, 3.692, 4.34, 4.964, 3.25, 3.18, 3.49, 4.36, 6.26, 6.12, 5.88, 6.0, 6.01, 6.48, 6.22, 5.59, 5.984, 6.027, 5.55, 5.82, 5.88, 5.35, 4.76, 4.66, 3.89, 4.24, 3.3, 2.32, 1.74, 1.69, 1.75, 1.91, 2.19, 2.13, 2.21, 2.23, 2.16, 2.02, 2.19, 2.45, 2.74, 2.96, 2.92, 2.1, 2.16, 2.19, 1.69, 0, 1.63, 3.01, 3.22, 3.38, 4.056, 4.719, 4.302, 4.082, 4.94, 6.15, 6.808, 6.808, 6.836, 6.176, 4.95, 5.2, 6.51], [2.89, 2.91, 3.08, 3.16, 3.17, 3.56, 3.66, 4.04, 4.19, 4.34, 4.16, 4.32, 4.88, 4.63, 4.21, 4.23, 4.81, 4.85, 4.99, 5.972, 6.163, 5.827, 5.082, 5.621, 6.352, 4.46, 4.17, 4.634, 5.687, 7.627, 7.49, 7.107, 7.27, 7.337, 7.61, 7.43, 6.988, 7.411, 7.431, 6.931, 7.082, 7.15, 6.572, 6.107, 6.047, 5.14, 5.63, 4.484, 3.01, 1.73, 1.52, 2.04, 2.48, 2.42, 2.0, 2.04, 2.84, 2.59, 2.33, 3.14, 3.52, 3.91, 4.147, 3.79, 2.59, 2.31, 2.48, 2.56, 1.63, 0, 1.68, 1.97, 2.07, 2.598, 3.301, 3.061, 2.784, 3.519, 4.743, 5.402, 5.402, 5.432, 4.758, 3.58, 3.85, 5.22], [3.91, 4.05, 4.32, 4.32, 4.17, 4.26, 4.46, 5.04, 5.27, 5.16, 5.06, 5.38, 5.94, 5.57, 5.13, 5.21, 5.85, 5.99, 6.05, 7.214, 7.409, 7.081, 6.422, 6.964, 7.669, 5.777, 5.482, 5.929, 6.993, 8.842, 8.762, 8.442, 8.562, 8.612, 9.082, 8.882, 8.346, 8.793, 8.738, 8.239, 8.398, 8.519, 7.766, 7.362, 7.39, 6.595, 6.953, 5.716, 4.239, 2.71, 2.36, 3.357, 3.776, 3.653, 3.039, 3.122, 4.147, 3.753, 3.635, 4.507, 4.972, 5.276, 5.537, 5.216, 3.37, 2.79, 3.5, 3.84, 3.01, 1.68, 0, 0.83, 0.99, 1.33, 2.07, 1.91, 1.83, 2.36, 3.424, 4.068, 4.094, 4.081, 3.41, 2.5, 2.85, 3.94], [4.3, 4.44, 4.69, 4.71, 4.64, 4.71, 4.85, 5.51, 5.64, 5.55, 5.45, 5.67, 6.19, 5.94, 5.5, 5.6, 6.22, 6.22, 6.3, 7.413, 7.598, 7.311, 6.626, 7.199, 7.832, 5.996, 5.512, 6.122, 7.132, 8.992, 8.832, 8.552, 8.675, 8.742, 9.152, 9.088, 8.529, 8.952, 8.96, 8.435, 8.622, 8.592, 7.927, 7.509, 7.537, 6.625, 6.983, 5.874, 4.34, 3.04, 2.57, 3.521, 3.986, 3.89, 3.33, 3.372, 4.378, 3.968, 3.866, 4.597, 5.1, 5.407, 5.641, 5.313, 3.485, 2.98, 3.71, 3.95, 3.22, 1.97, 0.83, 0, 0.9, 1.36, 1.98, 1.84, 1.74, 2.29, 3.225, 3.841, 3.881, 3.94, 3.16, 2.33, 2.7, 3.71], [4.14, 4.24, 4.49, 4.63, 4.56, 4.65, 4.67, 5.27, 5.36, 5.19, 5.05, 5.33, 5.87, 5.56, 5.22, 5.24, 5.84, 5.96, 6.16, 7.627, 7.787, 7.551, 6.877, 7.439, 8.077, 6.178, 5.58, 6.276, 7.348, 9.129, 8.963, 8.737, 8.823, 8.941, 9.189, 9.196, 8.732, 9.203, 9.214, 8.695, 8.839, 8.8, 8.121, 7.699, 7.739, 6.712, 7.183, 6.063, 4.517, 3.12, 2.67, 3.772, 4.206, 4.103, 3.509, 3.572, 4.597, 4.185, 4.05, 4.829, 5.222, 5.626, 5.871, 5.513, 3.733, 3.22, 3.918, 4.15, 3.38, 2.07, 0.99, 0.9, 0, 1.04, 1.68, 1.5, 1.42, 1.95, 2.914, 3.601, 3.59, 3.614, 2.98, 2.19, 2.62, 3.51], [4.34, 4.54, 4.75, 4.73, 4.68, 4.63, 4.73, 5.35, 5.46, 5.09, 5.01, 5.37, 6.03, 5.44, 5.3, 5.38, 5.92, 6.22, 6.56, 8.326, 8.512, 8.264, 7.588, 8.127, 8.794, 6.891, 6.223, 6.966, 8.033, 9.758, 9.608, 9.421, 9.539, 9.626, 9.911, 9.941, 9.445, 9.916, 9.933, 9.397, 9.558, 9.484, 8.832, 8.39, 8.464, 7.419, 7.867, 6.745, 5.208, 3.699, 3.329, 4.491, 4.928, 4.806, 4.109, 4.272, 5.323, 4.907, 4.81, 5.525, 5.875, 6.276, 6.597, 6.226, 4.453, 3.925, 4.638, 4.886, 4.056, 2.598, 1.33, 1.36, 1.04, 0, 1.16, 1.42, 1.32, 1.43, 2.24, 3.002, 2.95, 2.9, 2.38, 1.79, 2.32, 3.03], [4.76, 4.92, 5.11, 5.21, 5.16, 5.19, 5.23, 5.87, 5.92, 5.55, 5.33, 5.81, 6.39, 5.94, 5.72, 5.62, 6.06, 6.48, 7.08, 9.109, 9.272, 9.007, 8.305, 8.838, 9.545, 7.644, 6.949, 7.715, 8.782, 10.537, 10.319, 10.168, 10.239, 10.389, 10.576, 10.653, 10.176, 10.648, 10.679, 10.128, 10.299, 10.242, 9.601, 9.168, 9.204, 8.137, 8.599, 7.545, 5.951, 4.462, 4.072, 5.209, 5.651, 5.494, 4.892, 5.035, 6.054, 5.662, 5.513, 6.256, 6.598, 7.07, 7.334, 6.95, 5.173, 4.625, 5.338, 5.609, 4.719, 3.301, 2.07, 1.98, 1.68, 1.16, 0, 0.98, 1.06, 1.19, 1.66, 2.39, 2.27, 2.4, 2.0, 1.81, 2.24, 2.57], [4.44, 4.5, 4.75, 5.03, 5.02, 4.95, 4.91, 5.61, 5.78, 5.33, 5.29, 5.57, 5.97, 5.7, 5.5, 5.3, 5.82, 6.02, 6.64, 8.661, 8.824, 8.556, 7.859, 8.387, 9.097, 7.201, 6.521, 7.287, 8.36, 10.121, 9.934, 9.749, 9.84, 9.962, 10.183, 10.202, 9.74, 10.199, 10.227, 9.697, 9.848, 9.808, 9.164, 8.732, 8.776, 7.735, 8.194, 7.148, 5.66, 4.32, 3.87, 4.852, 5.292, 5.246, 4.69, 4.675, 5.626, 5.228, 5.094, 5.834, 6.211, 6.636, 6.886, 6.536, 4.796, 4.248, 4.913, 5.173, 4.302, 3.061, 1.91, 1.84, 1.5, 1.42, 0.98, 0, 0.8, 1.33, 2.04, 2.69, 2.667, 2.68, 2.22, 1.61, 2.04, 2.75], [4.38, 4.44, 4.69, 4.89, 4.82, 4.79, 4.83, 5.49, 5.6, 5.15, 4.99, 5.429, 5.886, 5.62, 5.36, 5.2, 