[[0, 1.08, 1.22, 1.27, 2.32, 3.18, 2.69, 2.42, 2.23, 2.45, 2.43, 2.36, 2.68, 3.11, 3.58, 2.96, 1.9, 2.0, 2.23, 2.49, 2.87, 3.09, 5.645, 7.401, 7.923, 7.369, 7.133, 6.901, 6.469, 6.261, 5.159, 3.82, 4.12, 4.71, 5.325, 5.523, 5.674, 5.454, 5.256, 5.206, 5.044, 5.305, 4.674, 4.626, 4.818, 4.922, 5.185, 5.444, 4.686, 3.33, 2.47, 2.73, 3.11, 2.93, 3.26, 3.39, 2.32, 1.62, 2.07, 1.83, 1.89, 2.17, 2.29, 2.5, 2.72, 2.82, 3.17, 3.24, 3.04, 3.77, 3.69, 2.92, 2.35, 2.5, 1.42, 1.41, 1.68, 1.33, 2.15, 2.79, 3.69, 4.71, 5.71, 6.25, 6.0, 5.83], [1.08, 0, 0.8, 1.11, 1.96, 2.54, 2.33, 2.38, 2.33, 2.37, 2.45, 2.4, 2.72, 2.91, 3.06, 2.34, 1.92, 2.12, 2.29, 2.43, 2.69, 3.57, 6.277, 8.033, 8.561, 8.007, 7.771, 7.556, 7.133, 6.93, 5.82, 4.41, 4.7, 5.218, 5.971, 6.161, 6.312, 6.092, 5.862, 5.757, 5.67, 5.934, 5.265, 5.219, 5.464, 5.54, 5.771, 6.05, 5.338, 3.965, 2.85, 2.59, 3.03, 3.17, 3.565, 3.81, 2.98, 1.48, 1.61, 1.47, 1.57, 1.63, 1.81, 2.16, 2.28, 2.3, 2.67, 2.78, 2.42, 3.09, 2.97, 2.24, 1.75, 1.82, 1.5, 2.15, 2.28, 1.77, 2.33, 2.65, 2.95, 3.89, 4.95, 5.51, 5.14, 5.07], [1.22, 0.8, 0, 0.95, 1.92, 2.5, 2.31, 2.52, 2.35, 2.41, 2.45, 2.42, 2.74, 2.87, 2.84, 2.16, 1.68, 1.96, 1.99, 2.09, 2.61, 3.53, 6.254, 8.05, 8.578, 8.027, 7.788, 7.49, 7.07, 6.865, 5.803, 4.458, 4.534, 5.049, 5.822, 6.052, 6.223, 6.009, 5.785, 5.715, 5.642, 5.837, 5.18, 5.15, 5.344, 5.445, 5.708, 6.001, 5.295, 3.948, 2.77, 2.67, 3.03, 3.25, 3.62, 3.83, 2.98, 1.46, 1.47, 1.27, 1.51, 1.49, 1.81, 2.1, 2.18, 2.18, 2.53, 2.6, 2.24, 2.93, 2.81, 2.04, 1.53, 1.72, 1.36, 1.97, 2.14, 1.77, 2.07, 2.61, 2.87, 3.79, 4.93, 5.49, 5.04, 4.89], [1.27, 1.11, 0.95, 0, 1.33, 2.15, 1.96, 2.07, 2.16, 2.18, 2.12, 2.17, 2.67, 2.5, 2.75, 2.19, 1.79, 2.05, 2.08, 2.26, 2.96, 3.94, 6.704, 8.477, 8.999, 8.446, 8.209, 7.948, 7.511, 7.288, 6.186, 4.696, 4.9, 5.567, 6.171, 6.458, 6.698, 6.458, 6.245, 6.221, 6.017, 6.203, 5.618, 5.562, 5.754, 5.777, 6.163, 6.505, 5.77, 4.315, 3.152, 3.1, 3.26, 3.74, 4.098, 4.3, 3.33, 1.79, 1.9, 1.48, 1.4, 1.86, 2.16, 2.29, 2.29, 1.99, 2.1, 2.15, 1.87, 2.58, 2.56, 1.93, 1.52, 1.57, 1.19, 1.92, 2.19, 2.076, 2.48, 3.18, 3.56, 4.1, 5.12, 5.72, 5.31, 5.26], [2.32, 1.96, 1.92, 1.33, 0, 1.26, 1.57, 2.12, 2.33, 2.25, 2.25, 2.32, 2.76, 2.37, 2.5, 1.96, 2.16, 2.56, 2.39, 2.61, 3.51, 4.95, 7.674, 9.527, 9.989, 9.455, 9.279, 9.015, 8.561, 8.355, 7.218, 5.72, 5.916, 6.534, 7.21, 7.517, 7.757, 7.517, 7.304, 7.248, 6.989, 7.25, 6.613, 6.608, 6.777, 6.721, 7.212, 7.586, 6.8, 5.338, 4.153, 4.026, 3.93, 4.703, 5.045, 5.315, 4.437, 2.42, 2.57, 2.03, 1.91, 2.33, 2.55, 2.66, 2.56, 2.06, 1.61, 1.66, 1.36, 2.03, 2.19, 1.86, 1.79, 1.68, 1.84, 2.89, 3.08, 3.166, 3.566, 4.15, 3.93, 4.27, 5.07, 5.65, 5.3, 5.37], [3.18, 2.54, 2.5, 2.15, 1.26, 0, 1.43, 2.34, 2.65, 2.47, 2.67, 2.68, 2.74, 2.33, 2.12, 1.8, 2.72, 3.14, 2.95, 3.03, 3.73, 5.67, 8.377, 10.193, 10.695, 10.141, 9.945, 9.681, 9.27, 9.081, 7.988, 6.496, 6.596, 7.222, 7.918, 8.22, 8.46, 8.22, 8.007, 7.96, 7.735, 7.922, 7.333, 7.367, 7.492, 7.433, 7.918, 8.286, 7.529, 6.097, 4.86, 4.573, 4.407, 5.352, 5.739, 5.994, 5.177, 2.88, 2.41, 2.07, 2.05, 2.27, 2.51, 2.6, 2.44, 1.9, 1.51, 1.68, 1.58, 1.83, 2.07, 1.96, 2.01, 1.7, 2.54, 3.71, 4.06, 3.936, 4.201, 4.818, 3.91, 3.81, 4.55, 5.09, 4.72, 4.83], [2.69, 2.33, 2.31, 1.96, 1.57, 1.43, 0, 1.31, 1.72, 1.66, 1.74, 1.89, 1.91, 1.56, 1.49, 1.47, 2.05, 2.53, 2.3, 2.26, 3.08, 4.94, 7.687, 9.46, 9.985, 9.431, 9.215, 8.971, 8.54, 8.334, 7.22, 5.758, 5.889, 6.515, 7.191, 7.492, 7.732, 7.492, 7.28, 7.227, 7.039, 7.232, 6.583, 6.59, 6.79, 6.748, 7.188, 7.536, 6.833, 5.377, 4.135, 3.863, 3.616, 4.63, 5.061, 5.27, 4.41, 2.25, 1.92, 1.78, 1.66, 2.02, 2.36, 2.39, 2.27, 1.69, 1.5, 1.97, 1.97, 2.08, 2.2, 2.05, 2.12, 1.87, 2.13, 2.94, 3.45, 3.24, 3.54, 4.26, 3.78, 3.4, 4.18, 4.74, 4.35, 4.36], [2.42, 2.38, 2.52, 2.07, 2.12, 2.34, 1.31, 0, 1.15, 1.21, 1.29, 1.46, 1.64, 1.53, 2.32, 2.14, 2.2, 2.16, 2.13, 2.07, 2.75, 4.21, 6.797, 8.57, 9.095, 8.541, 8.325, 8.081, 7.653, 7.427, 6.281, 4.763, 4.965, 5.634, 6.307, 6.588, 6.828, 6.568, 6.375, 6.302, 6.109, 6.382, 5.699, 5.666, 5.869, 5.825, 6.264, 6.612, 5.858, 4.402, 3.302, 3.09, 2.87, 3.726, 4.156, 4.346, 3.48, 2.1, 2.25, 1.93, 1.67, 2.31, 2.77, 2.84, 2.82, 2.34, 2.03, 2.46, 2.4, 2.65, 2.57, 2.4, 2.37, 2.06, 1.7, 2.47, 2.66, 2.67, 3.23, 4.09, 4.15, 4.15, 5.13, 5.75, 5.28, 5.15], [2.23, 2.33, 2.35, 2.16, 2.33, 2.65, 1.72, 1.15, 0, 0.68, 0.76, 0.89, 1.11, 1.84, 2.43, 2.01, 1.91, 1.91, 1.64, 1.6, 2.56, 3.84, 6.241, 8.031, 8.556, 8.005, 7.766, 7.462, 7.034, 6.819, 5.718, 4.247, 4.338, 4.976, 5.603, 5.913, 6.153, 5.913, 5.7, 5.659, 5.6, 5.761, 5.061, 5.043, 5.234, 5.204, 5.62, 5.951, 5.262, 3.829, 2.74, 2.54, 2.36, 3.025, 3.53, 3.702, 2.89, 2.05, 2.48, 2.24, 2.0, 2.42, 2.92, 3.09, 2.97, 2.53, 2.68, 2.89, 2.69, 3.22, 3.16, 2.75, 2.44, 2.39, 1.75, 1.92, 2.55, 2.4, 2.88, 3.86, 4.12, 4.28, 5.2, 5.78, 5.25, 5.24], [2.45, 2.37, 2.41, 2.18, 2.25, 2.47, 1.66, 1.21, 0.68, 0, 0.6, 0.67, 1.05, 1.56, 2.25, 1.81, 1.93, 2.03, 1.76, 1.82, 2.7, 4.08, 6.464, 8.26, 8.788, 8.237, 7.998, 7.7, 7.232, 7.029, 5.881, 4.324, 4.475, 5.111, 5.746, 6.051, 6.291, 6.051, 5.864, 5.794, 5.786, 5.912, 5.23, 5.163, 5.36, 5.299, 5.755, 6.162, 5.468, 4.018, 2.92, 2.7, 2.34, 3.183, 3.647, 3.863, 3.19, 2.07, 2.42, 2.14, 1.92, 2.42, 2.94, 3.11, 2.99, 2.55, 2.66, 2.89, 2.57, 3.04, 3.02, 2.55, 2.38, 2.33, 1.79, 2.12, 2.63, 2.42, 2.86, 3.84, 4.0, 4.26, 5.16, 5.68, 5.11, 5.14], [2.43, 2.45, 2.45, 2.12, 2.25, 2.67, 1.74, 1.29, 0.76, 0.6, 0, 0.45, 0.95, 1.58, 2.31, 1.75, 1.79, 1.97, 1.68, 1.64, 2.7, 3.94, 6.347, 8.143, 8.674, 8.12, 7.881, 7.583, 7.134, 6.929, 5.812, 4.232, 4.435, 5.051, 5.666, 5.976, 6.228, 5.991, 5.827, 5.777, 5.772, 5.858, 5.127, 5.083, 5.28, 5.253, 5.684, 6.071, 5.394, 3.915, 2.8, 2.58, 2.42, 3.14, 3.564, 3.751, 3.11, 1.99, 2.54, 2.26, 1.98, 2.38, 3.0, 3.15, 3.03, 2.71, 2.8, 2.93, 2.67, 3.2, 3.24, 2.73, 2.42, 2.39, 1.73, 2.0, 2.61, 2.34, 2.72, 3.66, 3.98, 4.28, 5.06, 5.58, 5.09, 5.1], [2.36, 2.4, 2.42, 2.17, 2.32, 2.68, 1.89, 1.46, 0.89, 0.67, 0.45, 0, 0.72, 1.61, 2.22, 1.7, 1.84, 2.04, 1.75, 1.69, 2.63, 3.93, 6.351, 8.147, 8.684, 8.136, 7.885, 7.599, 7.162, 6.942, 5.851, 4.324, 4.454, 5.035, 5.691, 5.972, 6.252, 6.001, 5.828, 5.767, 5.762, 5.874, 5.214, 5.145, 5.305, 5.249, 5.708, 6.127, 5.43, 4.028, 2.89, 2.69, 2.43, 3.15, 3.64, 3.782, 3.08, 1.92, 2.53, 2.25, 2.03, 2.39, 2.99, 3.08, 3.02, 2.76, 2.91, 3.06, 2.78, 3.35, 3.33, 2.84, 2.49, 2.5, 1.72, 2.07, 2.68, 2.35, 2.73, 3.63, 3.91, 4.23, 5.01, 5.47, 5.02, 5.03], [2.68, 2.72, 2.74, 2.67, 2.76, 2.74, 1.91, 1.64, 1.11, 1.05, 0.95, 0.72, 0, 1.51, 2.12, 1.7, 2.1, 2.36, 1.99, 1.87, 2.85, 4.15, 6.454, 8.244, 8.778, 8.218, 7.979, 7.696, 7.244, 7.064, 5.969, 4.49, 4.632, 5.181, 5.805, 6.075, 6.361, 6.141, 5.937, 5.925, 5.927, 5.997, 5.32, 5.246, 5.425, 5.372, 5.808, 6.211, 5.513, 4.134, 3.09, 2.91, 2.63, 3.27, 3.76, 3.881, 3.18, 2.22, 2.71, 2.51, 2.39, 2.59, 3.17, 3.26, 3.22, 2.96, 3.05, 3.24, 3.18, 3.57, 3.53, 3.2, 2.91, 2.76, 2.14, 2.43, 3.1, 2.67, 2.99, 3.85, 4.09, 4.11, 4.75, 5.23, 4.8, 4.79], [3.11, 2.91, 2.87, 2.5, 2.37, 2.33, 1.56, 1.53, 1.84, 1.56, 1.58, 1.61, 1.51, 0, 1.29, 1.95, 2.63, 2.97, 2.7, 2.84, 3.78, 5.3, 7.904, 9.697, 10.228, 9.674, 9.436, 9.137, 8.669, 8.466, 7.343, 5.731, 5.909, 6.525, 7.201, 7.519, 7.748, 7.519, 7.295, 7.242, 7.222, 7.367, 6.67, 6.62, 6.812, 6.762, 7.224, 7.6, 6.873, 5.426, 4.292, 4.02, 3.752, 4.606, 5.078, 5.291, 4.59, 2.79, 2.82, 2.36, 2.18, 2.82, 3.38, 3.43, 3.31, 2.65, 2.34, 2.81, 2.67, 2.84, 2.84, 2.67, 2.66, 2.39, 2.17, 3.14, 3.43, 3.4, 3.9, 4.6, 4.5, 4.22, 4.72, 4.94, 4.47, 4.68], [3.58, 3.06, 2.84, 2.75, 2.5, 2.12, 1.49, 2.32, 2.43, 2.25, 2.31, 2.22, 2.12, 1.29, 0, 1.4, 2.82, 3.48, 3.03, 2.81, 3.61, 5.55, 8.311, 10.104, 10.635, 10.081, 9.843, 9.547, 9.116, 8.916, 7.828, 6.345, 6.493, 7.088, 7.784, 8.083, 8.348, 8.097, 7.924, 7.854, 7.67, 7.865, 7.217, 7.195, 7.413, 7.383, 7.805, 8.181, 7.468, 6.052, 4.847, 4.489, 4.261, 5.241, 5.651, 5.896, 5.02, 2.84, 2.59, 2.41, 2.37, 2.37, 2.65, 2.46, 2.4, 1.96, 2.03, 2.54, 2.3, 2.55, 2.55, 2.34, 2.23, 2.24, 2.94, 3.77, 4.36, 4.01, 4.23, 4.87, 3.67, 3.29, 3.65, 3.93, 3.54, 3.79], [2.96, 2.34, 2.16, 2.19, 1.96, 1.8, 1.47, 2.14, 2.01, 1.81, 1.75, 1.7, 1.7, 1.95, 1.4, 0, 1.84, 2.56, 2.15, 1.77, 2.67, 4.45, 7.214, 8.987, 9.515, 8.921, 8.725, 8.533, 8.153, 7.99, 6.911, 5.523, 5.602, 6.265, 6.832, 7.139, 7.385, 7.191, 7.001, 6.971, 6.835, 6.885, 6.276, 6.315, 6.449, 6.42, 6.832, 7.203, 6.539, 5.128, 3.937, 3.557, 3.39, 4.36, 4.67, 4.937, 4.06, 2.0, 1.95, 1.83, 1.77, 1.59, 2.09, 2.18, 2.14, 2.0, 2.17, 2.28, 2.12, 2.67, 2.75, 2.22, 1.99, 2.1, 2.4, 3.11, 3.88, 3.29, 3.29, 3.95, 3.11, 3.27, 3.93, 4.45, 4.08, 4.15], [1.9, 1.92, 1.68, 1.79, 2.16, 2.72, 2.05, 2.2, 1.91, 1.93, 1.79, 1.84, 2.1, 2.63, 2.82, 1.84, 0, 1.12, 1.25, 1.43, 2.45, 3.23, 5.812, 7.641, 8.139, 7.634, 7.4, 7.2, 6.857, 6.683, 5.8, 4.68, 4.242, 4.743, 5.387, 5.711, 5.966, 5.728, 5.556, 5.468, 5.358, 5.476, 5.051, 5.114, 5.248, 5.138, 5.522, 5.879, 5.364, 4.15, 3.03, 2.99, 2.93, 3.41, 3.76, 3.91, 3.14, 1.74, 1.91, 1.91, 1.77, 1.97, 2.65, 2.9, 2.88, 2.8, 3.01, 3.04, 2.96, 3.49, 3.49, 2.9, 2.47, 2.54, 1.6, 2.01, 2.62, 2.05, 2.11, 2.93, 3.51, 3.83, 4.83, 5.49, 5.0, 4.97], [2.0, 2.12, 1.96, 2.05, 2.56, 3.14, 2.53, 2.16, 1.91, 2.03, 1.97, 2.04, 2.36, 2.97, 3.48, 2.56, 1.12, 0, 0.93, 1.67, 2.41, 2.99, 5.42, 7.148, 7.759, 7.262, 6.884, 6.726, 6.411, 6.277, 5.514, 4.4, 3.666, 4.23, 4.851, 5.17, 5.433, 5.231, 5.035, 4.996, 4.992, 4.921, 4.604, 4.774, 4.874, 4.769, 5.049, 5.431, 4.995, 3.83, 2.79, 2.75, 2.67, 3.01, 3.46, 3.57, 2.76, 2.04, 2.21, 2.31, 2.25, 2.41, 3.17, 3.5, 3.42, 3.24, 3.45, 3.48, 3.34, 3.91, 3.93, 3.28, 2.87, 3.02, 1.76, 1.81, 2.34, 1.89, 1.99, 2.93, 3.83, 4.31, 5.41, 6.01, 5.42, 5.39], [2.23, 2.29, 1.99, 2.08, 2.39, 2.95, 2.3, 2.13, 1.64, 1.76, 1.68, 1.75, 1.99, 2.7, 3.03, 2.15, 1.25, 0.93, 0, 1.24, 2.28, 2.98, 5.55, 7.328, 7.878, 7.326, 7.067, 6.86, 6.498, 6.304, 5.399, 4.25, 3.861, 4.418, 5.097, 5.401, 5.633, 5.393, 5.212, 5.182, 5.039, 5.158, 4.637, 4.679, 4.839, 4.783, 5.158, 5.468, 4.952, 3.72, 2.64, 2.48, 2.46, 2.92, 3.35, 3.46, 2.59, 1.95, 2.36, 2.4, 2.3, 2.36, 3.1, 3.35, 3.33, 3.17, 3.46, 3.41, 3.27, 3.96, 4.02, 3.35, 2.92, 3.05, 1.89, 1.92, 2.63, 2.12, 2.2, 3.34, 4.0, 4.48, 5.4, 5.98, 5.59, 5.58], [2.49, 2.43, 2.09, 2.26, 2.61, 3.03, 2.26, 2.07, 1.6, 1.82, 1.64, 1.69, 1.87, 2.84, 2.81, 1.77, 1.43, 1.67, 1.24, 0, 1.74, 2.96, 5.775, 7.559, 8.045, 7.5, 7.314, 7.119, 6.759, 6.653, 5.699, 4.457, 4.235, 4.812, 5.381, 5.711, 5.946, 5.758, 5.548, 5.62, 5.411, 5.507, 4.97, 5.022, 5.115, 5.103, 5.439, 5.823, 5.186, 3.901, 2.7, 2.52, 2.46, 3.0, 3.53, 3.62, 2.63, 1.79, 2.4, 2.4, 2.26, 2.18, 2.78, 2.91, 2.95, 3.01, 3.16, 3.19, 3.15, 3.78, 3.82, 3.27, 2.84, 2.95, 2.19, 2.54, 3.15, 2.62, 2.4, 3.46, 3.76, 4.06, 4.92, 5.56, 5.09, 5.04], [2.87, 2.69, 2.61, 2.96, 3.51, 3.73, 3.08, 2.75, 2.56, 2.7, 2.7, 2.63, 2.85, 3.78, 3.61, 2.67, 2.45, 2.41, 2.28, 1.74, 0, 2.02, 4.846, 6.617, 7.137, 6.581, 6.376, 6.235, 5.918, 5.811, 5.042, 4.077, 3.97, 4.42, 4.815, 5.145, 5.397, 5.214, 5.127, 5.334, 5.197, 4.903, 4.6, 4.57, 4.585, 4.67, 4.657, 5.073, 4.768, 3.627, 2.5, 2.1, 2.12, 2.34, 2.89, 2.88, 2.25, 1.61, 2.02, 2.28, 2.26, 1.96, 2.2, 2.41, 2.95, 3.51, 3.94, 4.03, 3.83, 4.48, 4.36, 3.61, 3.14, 3.25, 2.93, 3.12, 3.33, 2.7, 1.94, 2.5, 2.5, 3.78, 4.84, 5.62, 5.29, 4.62], [3.09, 3.57, 3.53, 3.94, 4.95, 5.67, 4.94, 4.21, 3.84, 4.08, 3.94, 3.93, 4.15, 5.3, 5.55, 4.45, 3.23, 2.99, 2.98, 2.96, 2.02, 0, 3.03, 4.792, 5.37, 4.733, 4.516, 4.458, 4.208, 4.261, 3.573, 3.55, 3.59, 3.7, 4.01, 4.12, 4.24, 4.18, 4.17, 4.46, 4.5, 4.124, 3.93, 3.856, 3.954, 4.31, 3.75, 3.728, 3.57, 2.98, 2.54, 2.62, 2.96, 2.24, 2.23, 2.12, 1.51, 2.87, 3.74, 3.94, 4.04, 3.8, 3.8, 4.17, 4.83, 5.43, 5.82, 5.85, 5.67, 6.38, 6.3, 5.51, 4.96, 5.09, 3.87, 3.32, 3.45, 2.64, 2.3, 2.12, 3.46, 5.36, 6.5, 7.36, 7.05, 6.0], [5.645, 6.277, 6.254, 6.704, 7.674, 8.377, 7.687, 6.797, 6.241, 6.464, 6.347, 6.351, 6.454, 7.904, 8.311, 7.214, 5.812, 5.42, 5.55, 5.775, 4.846, 3.03, 0, 2.07, 2.73, 2.45, 2.22, 2.13, 2.01, 2.17, 2.73, 4.06, 3.8, 3.63, 3.64, 3.49, 3.61, 3.71, 3.98, 4.13, 3.83, 3.64, 3.76, 3.75, 3.83, 4.0, 3.5, 2.99, 3.12, 3.49, 3.97, 4.17, 4.51, 3.43, 3.14, 2.89, 3.5, 5.634, 6.342, 6.573, 6.693, 6.55, 6.624, 7.005, 7.665, 8.194, 8.672, 8.699, 8.434, 9.124, 9.024, 8.254, 7.684, 7.76, 6.394, 4.97, 5.1, 4.89, 4.71, 4.47, 5.81, 7.99, 9.076, 9.99, 9.7, 8.65], [7.401, 8.033, 8.05, 8.477, 9.527, 10.193, 9.46, 8.57, 8.031, 8.26, 8.143, 8.147, 8.244, 9.697, 10.104, 8.987, 7.641, 7.148, 7.328, 7.559, 6.617, 4.792, 2.07, 0, 1.14, 1.26, 1.19, 1.42, 1.74, 1.92, 3.08, 4.57, 4.43, 4.2, 3.83, 3.6, 3.54, 3.72, 4.07, 4.18, 3.94, 3.39, 4.01, 3.98, 3.92, 4.15, 3.73, 3.24, 3.47, 4.38, 5.62, 5.88, 6.24, 5.16, 4.73, 4.5, 5.258, 7.487, 8.143, 8.374, 8.491, 8.286, 8.414, 8.775, 9.415, 9.984, 10.405, 10.426, 10.224, 10.917, 10.82, 10.047, 9.48, 9.558, 8.164, 6.72, 6.896, 6.686, 6.483, 6.129, 7.604, 9.792, 10.877, 11.772, 11.379, 10.312], [7.923, 8.561, 8.578, 8.999, 9.989, 10.695, 9.985, 9.095, 8.556, 8.788, 8.674, 8.684, 8.778, 10.228, 10.635, 9.515, 8.139, 7.759, 7.878, 8.045, 7.137, 5.37, 2.73, 1.14, 0, 1.0, 1.53, 1.5, 1.82, 2.08, 3.26, 4.79, 4.75, 4.48, 4.09, 3.76, 3.68, 3.74, 4.03, 4.12, 3.8, 3.41, 4.01, 4.0, 3.88, 4.11, 3.71, 3.16, 3.59, 4.874, 6.126, 6.388, 6.751, 5.643, 5.247, 4.989, 5.804, 7.973, 8.666, 8.909, 9.023, 8.846, 8.896, 9.278, 9.923, 10.506, 10.933, 10.957, 10.737, 11.442, 11.339, 10.575, 10.008, 10.087, 8.698, 7.248, 7.418, 7.22, 7.04, 6.85, 8.33, 10.364, 11.454, 12.347, 12.031, 11.03], [7.369, 8.007, 8.027, 8.446, 9.455, 10.141, 9.431, 8.541, 8.005, 8.237, 8.12, 8.136, 8.218, 9.674, 10.081, 8.921, 7.634, 7.262, 7.326, 7.5, 6.581, 4.733, 2.45, 1.26, 1.0, 0, 0.83, 1.06, 1.32, 1.62, 2.64, 4.21, 4.25, 3.84, 3.47, 3.16, 3.06, 3.14, 3.43, 3.54, 3.2, 2.85, 3.43, 3.38, 3.26, 3.51, 3.19, 2.64, 3.05, 4.332, 5.572, 5.854, 6.234, 5.097, 4.75, 4.452, 5.207, 7.427, 8.178, 8.386, 8.503, 8.28, 8.342, 8.724, 9.372, 9.955, 10.356, 10.383, 10.183, 10.888, 10.788, 10.021, 9.457, 9.55, 8.141, 6.697, 6.881, 6.717, 6.523, 6.275, 7.65, 9.821, 10.918, 11.824, 11.511, 10.453], [7.133, 7.771, 7.788, 8.209, 9.279, 9.945, 9.215, 8.325, 7.766, 7.998, 7.881, 7.885, 7.979, 9.436, 9.843, 8.725, 7.4, 6.884, 7.067, 7.314, 6.376, 4.516, 2.22, 1.19, 1.53, 0.83, 0, 0.75, 1.07, 1.41, 2.51, 4.08, 3.94, 3.49, 3.04, 2.75, 2.73, 2.91, 3.2, 3.27, 3.07, 2.6, 3.14, 3.13, 3.09, 3.26, 2.92, 2.47, 2.86, 4.17, 5.359, 5.602, 5.964, 4.856, 4.477, 4.242, 4.977, 7.246, 7.902, 8.133, 8.23, 8.024, 8.166, 8.528, 9.133, 9.716, 10.129, 10.147, 9.951, 10.652, 10.552, 9.785, 9.218, 9.297, 7.902, 6.458, 6.628, 6.427, 6.224, 5.825, 7.428, 9.511, 10.616, 11.511, 11.101, 9.994], [6.901, 7.556, 7.49, 7.948, 9.015, 9.681, 8.971, 8.081, 7.462, 7.7, 7.583, 7.599, 7.696, 9.137, 9.547, 8.533, 7.2, 6.726, 6.86, 7.119, 6.235, 4.458, 2.13, 1.42, 1.5, 1.06, 0.75, 0, 0.8, 1.1, 2.16, 3.69, 3.65, 3.3, 2.91, 2.62, 2.58, 2.7, 3.01, 3.12, 2.88, 2.41, 2.83, 2.8, 2.76, 2.97, 2.59, 2.18, 2.59, 3.92, 5.066, 5.289, 5.652, 4.563, 4.207, 3.969, 4.758, 7.007, 7.664, 7.88, 7.972, 7.843, 7.959, 8.286, 8.88, 9.452, 9.91, 9.928, 9.646, 10.348, 10.248, 9.481, 8.914, 8.996, 7.65, 6.194, 6.324, 6.129, 5.964, 5.75, 7.21, 9.342, 10.418, 11.313, 10.957, 9.938], [6.469, 7.133, 7.07, 7.511, 8.561, 9.27, 8.54, 7.653, 7.034, 7.232, 7.134, 7.162, 7.244, 8.669, 9.116, 8.153, 6.857, 6.411, 6.498, 6.759, 5.918, 4.208, 2.01, 1.74, 1.82, 1.32, 1.07, 0.8, 0, 0.76, 1.66, 3.21, 3.29, 3.02, 2.65, 2.32, 2.4, 2.46, 2.77, 2.88, 2.58, 2.25, 2.45, 2.34, 2.34, 2.65, 2.25, 1.86, 2.29, 3.56, 4.609, 4.852, 5.212, 4.129, 3.785, 3.529, 4.376, 6.564, 7.35, 7.526, 7.617, 7.478, 7.531, 7.923, 8.449, 9.004, 9.467, 9.497, 9.209, 9.877, 9.777, 9.01, 8.446, 8.544, 7.216, 5.783, 5.87, 5.709, 5.564, 5.445, 6.928, 9.034, 10.065, 11.008, 10.635, 9.668], [6.261, 6.93, 6.865, 7.288, 8.355, 9.081, 8.334, 7.427, 6.819, 7.029, 6.929, 6.942, 7.064, 8.466, 8.916, 7.99, 6.683, 6.277, 6.304, 6.653, 5.811, 4.261, 2.17, 1.92, 2.08, 1.62, 1.41, 1.1, 0.76, 0, 1.4, 2.95, 3.11, 3.02, 2.69, 2.34, 2.38, 2.48, 2.75, 2.72, 2.36, 2.17, 2.31, 2.2, 2.26, 2.43, 2.15, 1.62, 2.07, 3.3, 4.366, 4.632, 5.012, 4.038, 3.531, 3.338, 4.235, 6.392, 7.127, 7.315, 7.409, 7.301, 7.336, 7.729, 8.246, 8.775, 9.247, 9.274, 8.983, 9.671, 9.568, 8.807, 8.237, 8.322, 6.99, 5.537, 5.647, 5.489, 5.447, 5.438, 6.927, 8.994, 9.956, 10.988, 10.581, 9.661], [5.159, 5.82, 5.803, 6.186, 7.218, 7.988, 7.22, 6.281, 5.718, 5.881, 5.812, 5.851, 5.969, 7.343, 7.828, 6.911, 5.8, 5.514, 5.399, 5.699, 5.042, 3.573, 2.73, 3.08, 3.26, 2.64, 2.51, 2.16, 1.66, 1.4, 0, 1.69, 2.29, 2.42, 2.17, 2.0, 1.98, 2.02, 2.21, 2.26, 2.0, 1.89, 1.81, 1.6, 1.78, 2.05, 1.77, 1.38, 1.57, 2.32, 3.275, 3.552, 3.924, 3.213, 2.622, 2.498, 3.366, 5.357, 6.213, 6.259, 6.319, 6.276, 6.287, 6.625, 7.179, 7.65, 8.13, 8.14, 7.841, 8.483, 8.377, 7.61, 7.1, 7.176, 5.899, 4.478, 4.573, 4.375, 4.65, 4.838, 6.388, 8.282, 9.248, 10.262, 9.815, 9.002], [3.82, 4.41, 4.458, 4.696, 5.72, 6.496, 5.758, 4.763, 4.247, 4.324, 4.232, 4.324, 4.49, 5.731, 6.345, 5.523, 4.68, 4.4, 4.25, 4.457, 4.077, 3.55, 4.06, 4.57, 4.79, 4.21, 4.08, 3.69, 3.21, 2.95, 1.69, 0, 1.56, 2.03, 2.2, 2.21, 2.33, 2.19, 2.12, 2.19, 2.19, 2.04, 1.64, 1.43, 1.61, 1.86, 1.88, 2.27, 1.86, 1.51, 1.91, 2.209, 2.868, 2.07, 1.82, 1.83, 2.46, 3.955, 4.86, 4.823, 4.791, 4.915, 4.97, 5.284, 5.711, 6.087, 6.601, 6.553, 6.254, 6.884, 6.773, 6.023, 5.52, 5.61, 4.477, 3.25, 3.36, 2.97, 3.57, 4.289, 5.489, 7.254, 8.359, 9.082, 8.609, 8.05], [4.12, 4.7, 4.534, 4.9, 5.916, 6.596, 5.889, 4.965, 4.338, 4.475, 4.435, 4.454, 4.632, 5.909, 6.493, 5.602, 4.242, 3.666, 3.861, 4.235, 3.97, 3.59, 3.8, 4.43, 4.75, 4.25, 3.94, 3.65, 3.29, 3.11, 2.29, 1.56, 0, 0.97, 1.48, 1.73, 1.99, 1.81, 1.68, 1.73, 1.97, 1.7, 1.4, 1.55, 1.61, 1.62, 1.82, 2.41, 2.46, 2.15, 2.25, 2.61, 2.71, 2.27, 2.32, 2.19, 2.78, 4.3, 4.75, 5.09, 5.095, 4.958, 5.51, 5.78, 5.962, 6.285, 6.748, 6.787, 6.491, 7.092, 7.015, 6.282, 5.732, 5.806, 4.522, 3.29, 3.52, 3.29, 2.99, 4.05, 5.37, 6.67, 7.899, 8.485, 7.844, 7.41], [4.71, 5.218, 5.049, 5.567, 6.534, 7.222, 6.515, 5.634, 4.976, 5.111, 5.051, 5.035, 5.181, 6.525, 7.088, 6.265, 4.743, 4.23, 4.418, 4.812, 4.42, 3.7, 3.63, 4.2, 4.48, 3.84, 3.49, 3.3, 3.02, 3.02, 2.42, 2.03, 0.97, 0, 1.07, 1.24, 1.5, 1.26, 1.25, 1.42, 1.86, 1.77, 1.45, 1.46, 1.62, 1.81, 1.79, 2.42, 2.77, 2.62, 2.72, 3.04, 3.22, 2.52, 2.75, 2.56, 3.19, 4.821, 5.345, 5.545, 5.705, 5.568, 5.92, 6.235, 6.632, 6.934, 7.378, 7.416, 7.114, 7.707, 7.613, 6.841, 6.365, 6.387, 5.16, 3.9, 3.95, 3.72, 3.48, 4.02, 5.38, 7.093, 8.371, 8.922, 8.329, 7.56], [5.325, 5.971, 5.822, 6.171, 7.21, 7.918, 7.191, 6.307, 5.603, 5.746, 5.666, 5.691, 5.805, 7.201, 7.784, 6.832, 5.387, 4.851, 5.097, 5.381, 4.815, 4.01, 3.64, 3.83, 4.09, 3.47, 3.04, 2.91, 2.65, 2.69, 2.17, 2.2, 1.48, 1.07, 0, 0.75, 0.93, 1.07, 1.18, 1.21, 1.71, 1.44, 1.32, 1.37, 1.37, 1.56, 1.38, 2.09, 2.68, 2.67, 3.31, 3.67, 3.748, 3.09, 3.08, 2.91, 3.66, 5.473, 6.038, 6.303, 6.3, 6.189, 6.61, 6.868, 7.176, 7.59, 8.082, 8.124, 7.796, 8.403, 8.309, 7.596, 7.038, 7.117, 5.79, 4.426, 4.64, 4.37, 3.959, 4.33, 5.95, 7.558, 8.844, 9.522, 8.913, 7.984], [5.523, 6.161, 6.052, 6.458, 7.517, 8.22, 7.492, 6.588, 5.913, 6.051, 5.976, 5.972, 6.075, 7.519, 8.083, 7.139, 5.711, 5.17, 5.401, 5.711, 5.145, 4.12, 3.49, 3.6, 3.76, 3.16, 2.75, 2.62, 2.32, 2.34, 2.0, 2.21, 1.73, 1.24, 0.75, 0, 0.54, 0.78, 1.03, 1.16, 1.5, 1.21, 1.27, 1.32, 1.34, 1.53, 1.25, 1.92, 2.45, 2.74, 3.594, 3.919, 4.038, 3.3, 3.11, 2.98, 3.77, 5.703, 6.279, 6.513, 6.596, 6.459, 6.84, 7.138, 7.486, 7.9, 8.392, 8.434, 8.106, 8.711, 8.593, 7.843, 7.325, 7.389, 6.08, 4.73, 4.884, 4.58, 4.269, 4.56, 6.1, 7.888, 9.094, 9.872, 9.2, 8.261], [5.674, 6.312, 6.223, 6.698, 7.757, 8.46, 7.732, 6.828, 6.153, 6.291, 6.228, 6.252, 6.361, 7.748, 8.348, 7.385, 5.966, 5.433, 5.633, 5.946, 5.397, 4.24, 3.61, 3.54, 3.68, 3.06, 2.73, 2.58, 2.4, 2.38, 1.98, 2.33, 1.99, 1.5, 0.93, 0.54, 0, 0.64, 0.83, 1.08, 1.48, 1.25, 1.47, 1.42, 1.4, 1.55, 1.25, 1.76, 2.33, 2.8, 3.794, 4.111, 4.278, 3.456, 3.21, 3.06, 3.89, 5.84, 6.433, 6.696, 6.818, 6.702, 6.993, 7.323, 7.697, 8.14, 8.632, 8.674, 8.346, 8.951, 8.833, 8.063, 7.545, 7.586, 6.32, 4.913, 5.044, 4.763, 4.449, 4.776, 6.356, 8.111, 9.337, 10.093, 9.46, 8.563], [5.454, 6.092, 6.009, 6.458, 7.517, 8.22, 7.492, 6.568, 5.913, 6.051, 5.991, 6.001, 6.141, 7.519, 8.097, 7.191, 5.728, 5.231, 5.393, 5.758, 5.214, 4.18, 3.71, 3.72, 3.74, 3.14, 2.91, 2.7, 2.46, 2.48, 2.02, 2.19, 1.81, 1.26, 1.07, 0.78, 0.64, 0, 0.51, 0.86, 1.28, 1.21, 1.33, 1.34, 1.34, 1.61, 1.31, 1.76, 2.23, 2.62, 3.62, 3.916, 4.198, 3.236, 3.05, 2.96, 3.71, 5.614, 6.248, 6.456, 6.544, 6.462, 6.753, 7.085, 7.517, 7.9, 8.392, 8.434, 8.106, 8.711, 8.593, 7.823, 7.305, 7.367, 6.08, 4.733, 4.844, 4.503, 4.338, 4.856, 6.296, 8.071, 9.317, 9.888, 9.295, 8.583], [5.256, 5.862, 5.785, 6.245, 7.304, 8.007, 7.28, 6.375, 5.7, 5.864, 5.827, 5.828, 5.937, 7.295, 7.924, 7.001, 5.556, 5.035, 5.212, 5.548, 5.127, 4.17, 3.98, 4.07, 4.03, 3.43, 3.2, 3.01, 2.77, 2.75, 2.21, 2.12, 1.68, 1.25, 1.18, 1.03, 0.83, 0.51, 0, 0.77, 1.25, 1.32, 1.38, 1.39, 1.39, 1.52, 1.3, 1.75, 2.22, 2.55, 3.41, 3.71, 4.03, 3.109, 2.94, 2.83, 3.56, 5.45, 6.023, 6.266, 6.369, 6.272, 6.563, 6.907, 7.319, 7.687, 8.18, 8.221, 7.893, 8.498, 8.381, 7.611, 7.112, 7.153, 5.887, 4.549, 4.68, 4.33, 4.15, 4.829, 6.248, 7.921, 9.187, 9.715, 9.145, 8.499], [5.206, 5.757, 5.715, 6.221, 7.248, 7.96, 7.227, 6.302, 5.659, 5.794, 5.777, 5.767, 5.925, 7.242, 7.854, 6.971, 5.468, 4.996, 5.182, 5.62, 5.334, 4.46, 4.13, 4.18, 4.12, 3.54, 3.27, 3.12, 2.88, 2.72, 2.26, 2.19, 1.73, 1.42, 1.21, 1.16, 1.08, 0.86, 0.77, 0, 0.98, 1.37, 1.35, 1.38, 1.42, 1.45, 1.35, 1.66, 2.15, 2.58, 3.54, 3.8, 4.14, 3.22, 3.09, 2.92, 3.55, 5.431, 5.938, 6.236, 6.339, 6.312, 6.579, 7.004, 7.319, 7.663, 8.115, 8.153, 7.84, 8.442, 8.337, 7.567, 7.088, 7.129, 5.823, 4.519, 4.524, 4.243, 4.321, 4.979, 6.478, 8.097, 9.343, 9.883, 9.241, 8.769], [5.044, 5.67, 5.642, 6.017, 6.989, 7.735, 7.039, 6.109, 5.6, 5.786, 5.772, 5.762, 5.927, 7.222, 7.67, 6.835, 5.358, 4.992, 5.039, 5.411, 5.197, 4.5, 3.83, 3.94, 3.8, 3.2, 3.07, 2.88, 2.58, 2.36, 2.0, 2.19, 1.97, 1.86, 1.71, 1.5, 1.48, 1.28, 1.25, 0.98, 0, 1.19, 1.11, 1.34, 1.36, 1.35, 1.39, 1.62, 2.11, 2.5, 3.5, 3.8, 4.22, 3.419, 3.21, 3.16, 3.67, 5.193, 5.776, 6.048, 6.133, 6.151, 6.34, 6.756, 7.207, 7.536, 7.953, 7.965, 7.717, 8.402, 8.305, 7.572, 7.006, 7.081, 5.724, 4.344, 4.53, 4.3, 4.621, 5.599, 6.759, 8.197, 9.343, 9.98, 9.547, 9.129], [5.305, 5.934, 5.837, 6.203, 7.25, 7.922, 7.232, 6.382, 5.761, 5.912, 5.858, 5.874, 5.997, 7.367, 7.865, 6.885, 5.476, 4.921, 5.158, 5.507, 4.903, 4.124, 3.64, 3.39, 3.41, 2.85, 2.6, 2.41, 2.25, 2.17, 1.89, 2.04, 1.7, 1.77, 1.44, 1.21, 1.25, 1.21, 1.32, 1.37, 1.19, 0, 1.04, 1.19, 1.01, 1.14, 1.12, 1.59, 1.88, 2.31, 3.39, 3.732, 3.951, 3.215, 2.974, 2.924, 3.608, 5.379, 6.027, 6.253, 6.313, 6.212, 6.552, 6.808, 7.268, 7.705, 8.165, 8.183, 7.899, 8.549, 8.452, 7.702, 7.149, 7.211, 5.908, 4.498, 4.745, 4.487, 4.223, 4.975, 6.335, 7.921, 9.047, 9.806, 9.236, 8.511], [4.674, 5.265, 5.18, 5.618, 6.613, 7.333, 6.583, 5.699, 5.061, 5.23, 5.127, 5.214, 5.32, 6.67, 7.217, 6.276, 5.051, 4.604, 4.637, 4.97, 4.6, 3.93, 3.76, 4.01, 4.01, 3.43, 3.14, 2.83, 2.45, 2.31, 1.81, 1.64, 1.4, 1.45, 1.32, 1.27, 1.47, 1.33, 1.38, 1.35, 1.11, 1.04, 0, 0.61, 0.81, 1.08, 1.16, 1.75, 1.94, 2.07, 2.932, 3.232, 3.357, 2.855, 2.596, 2.586, 3.094, 4.916, 5.466, 5.681, 5.841, 5.74, 6.115, 6.431, 6.717, 7.028, 7.468, 7.506, 7.231, 7.852, 7.775, 7.022, 6.529, 6.586, 5.271, 3.921, 4.085, 3.835, 3.786, 4.775, 5.915, 7.357, 8.513, 9.254, 8.745, 8.24], [4.626, 5.219, 5.15, 5.562, 6.608, 7.367, 6.59, 5.666, 5.043, 5.163, 5.083, 5.145, 5.246, 6.62, 7.195, 6.315, 5.114, 4.774, 4.679, 5.022, 4.57, 3.856, 3.75, 3.98, 4.0, 3.38, 3.13, 2.8, 2.34, 2.2, 1.6, 1.43, 1.55, 1.46, 1.37, 1.32, 1.42, 1.34, 1.39, 1.38, 1.34, 1.19, 0.61, 0, 0.6, 1.05, 1.15, 1.66, 1.69, 1.8, 2.696, 2.979, 3.241, 2.674, 2.466, 2.396, 3.026, 4.806, 5.549, 5.625, 5.751, 5.629, 5.876, 6.221, 6.609, 7.015, 7.455, 7.514, 7.172, 7.794, 7.682, 6.933, 6.417, 6.473, 5.216, 3.82, 3.916, 3.657, 3.75, 4.682, 5.802, 7.511, 8.637, 9.436, 8.883, 8.247], [4.818, 5.464, 5.344, 5.754, 6.777, 7.492, 6.79, 5.869, 5.234, 5.36, 5.28, 5.305, 5.425, 6.812, 7.413, 6.449, 5.248, 4.874, 4.839, 5.115, 4.585, 3.954, 3.83, 3.92, 3.88, 3.26, 3.09, 2.76, 2.34, 2.26, 1.78, 1.61, 1.61, 1.62, 1.37, 1.34, 1.4, 1.34, 1.39, 1.42, 1.36, 1.01, 0.81, 0.6, 0, 0.89, 1.05, 1.62, 1.61, 1.94, 2.82, 3.2, 3.341, 2.765, 2.686, 2.48, 3.184, 4.99, 5.763, 5.92, 5.902, 5.806, 6.136, 6.381, 6.709, 7.175, 7.632, 7.717, 7.349, 7.986, 7.851, 7.139, 6.597, 6.665, 5.411, 3.991, 4.135, 3.948, 3.801, 4.765, 5.905, 7.591, 8.677, 9.553, 9.006, 8.304], [4.922, 5.54, 5.445, 5.777, 6.721, 7.433, 6.748, 5.825, 5.204, 5.299, 5.253, 5.249, 5.372, 6.762, 7.383, 6.42, 5.138, 4.769, 4.783, 5.103, 4.67, 4.31, 4.0, 4.15, 4.11, 3.51, 3.26, 2.97, 2.65, 2.43, 2.05, 1.86, 1.62, 1.81, 1.56, 1.53, 1.55, 1.61, 1.52, 1.45, 1.35, 1.14, 1.08, 1.05, 0.89, 0, 1.02, 1.53, 1.7, 2.19, 2.99, 3.39, 3.37, 3.01, 2.86, 2.77, 3.5, 5.1, 5.77, 5.975, 5.935, 5.83, 6.31, 6.56, 6.742, 7.11, 7.648, 7.696, 7.316, 7.961, 7.864, 7.157, 6.598, 6.694, 5.423, 3.975, 4.32, 4.05, 3.83, 5.03, 6.23, 7.643, 8.741, 9.523, 8.979, 8.31], [5.185, 5.771, 5.708, 6.163, 7.212, 7.918, 7.188, 6.264, 5.62, 5.755, 5.684, 5.708, 5.808, 7.224, 7.805, 6.832, 5.522, 5.049, 5.158, 5.439, 4.657, 3.75, 3.5, 3.73, 3.71, 3.19, 2.92, 2.59, 2.25, 2.15, 1.77, 1.88, 1.82, 1.79, 1.38, 1.25, 1.25, 1.31, 1.3, 1.35, 1.39, 1.12, 1.16, 1.15, 1.05, 1.02, 0, 1.07, 1.68, 2.29, 3.204, 3.51, 3.71, 2.77, 2.62, 2.43, 3.36, 5.313, 5.93, 6.198, 6.226, 6.117, 6.423, 6.684, 7.116, 7.595, 8.088, 8.129, 7.801, 8.406, 8.295, 7.528, 7.009, 7.054, 5.816, 4.438, 4.56, 4.21, 3.91, 4.45, 5.95, 7.705, 8.808, 9.637, 9.084, 8.325], [5.444, 6.05, 6.001, 6.505, 7.586, 8.286, 7.536, 6.612, 5.951, 6.162, 6.071, 6.127, 6.211, 7.6, 8.181, 7.203, 5.879, 5.431, 5.468, 5.823, 5.073, 3.728, 2.99, 3.24, 3.16, 2.64, 2.47, 2.18, 1.86, 1.62, 1.38, 2.27, 2.41, 2.42, 2.09, 1.92, 1.76, 1.76, 1.75, 1.66, 1.62, 1.59, 1.75, 1.66, 1.62, 1.53, 1.07, 0, 1.33, 2.46, 3.54, 3.82, 4.18, 3.124, 2.73, 2.52, 3.454, 5.621, 6.292, 6.475, 6.583, 6.451, 6.573, 6.98, 7.437, 7.947, 8.427, 8.466, 8.144, 8.799, 8.702, 7.929, 7.362, 7.444, 6.141, 4.76, 4.859, 4.583, 4.493, 4.793, 6.338, 8.175, 9.198, 10.13, 9.677, 8.935], [4.686, 5.338, 5.295, 5.77, 6.8, 7.529, 6.833, 5.858, 5.262, 5.468, 5.394, 5.43, 5.513, 6.873, 7.468, 6.539, 5.364, 4.995, 4.952, 5.186, 4.768, 3.57, 3.12, 3.47, 3.59, 3.05, 2.86, 2.59, 2.29, 2.07, 1.57, 1.86, 2.46, 2.77, 2.68, 2.45, 2.33, 2.23, 2.22, 2.15, 2.11, 1.88, 1.94, 1.69, 1.61, 1.7, 1.68, 1.33, 0, 1.77, 2.85, 3.19, 3.83, 2.73, 2.42, 2.21, 2.935, 4.95, 5.808, 5.896, 5.962, 5.835, 5.864, 6.31, 6.758, 7.203, 7.635, 7.702, 7.351, 8.039, 7.947, 7.166, 6.625, 6.758, 5.409, 4.002, 4.094, 3.97, 4.308, 4.843, 6.301, 8.101, 9.167, 9.892, 9.505, 8.884], [3.33, 3.965, 3.948, 4.315, 5.338, 6.097, 5.377, 4.402, 3.829, 4.018, 3.915, 4.028, 4.134, 5.426, 6.052, 5.128, 4.15, 3.83, 3.72, 3.901, 3.627, 2.98, 3.49, 4.38, 4.874, 4.332, 4.17, 3.92, 3.56, 3.3, 2.32, 1.51, 2.15, 2.62, 2.67, 2.74, 2.8, 2.62, 2.55, 2.58, 2.5, 2.31, 2.07, 1.8, 1.94, 2.19, 2.29, 2.46, 1.77, 0, 1.46, 1.82, 2.5, 1.7, 1.59, 1.56, 1.95, 3.573, 4.455, 4.483, 4.481, 4.515, 4.48, 4.897, 5.288, 5.727, 6.188, 6.246, 5.921, 6.583, 6.474, 5.739, 5.183, 5.299, 4.045, 2.66, 2.81, 2.64, 3.14, 3.96, 5.08, 6.758, 7.918, 8.598, 8.183, 7.661], [2.47, 2.85, 2.77, 3.152, 4.153, 4.86, 4.135, 3.302, 2.74, 2.92, 2.8, 2.89, 3.09, 4.292, 4.847, 3.937, 3.03, 2.79, 2.64, 2.7, 2.5, 2.54, 3.97, 5.62, 6.126, 5.572, 5.359, 5.066, 4.609, 4.366, 3.275, 1.91, 2.25, 2.72, 3.31, 3.594, 3.794, 3.62, 3.41, 3.54, 3.5, 3.39, 2.932, 2.696, 2.82, 2.99, 3.204, 3.54, 2.85, 1.46, 0, 0.8, 1.4, 1.02, 1.39, 1.42, 1.55, 2.41, 3.3, 3.34, 3.323, 3.272, 3.44, 3.67, 4.11, 4.51, 4.945, 5.009, 4.667, 5.346, 5.234, 4.51, 3.935, 4.102, 3.05, 2.26, 2.47, 1.88, 2.12, 3.04, 4.14, 5.613, 6.735, 7.407, 7.02, 6.478], [2.73, 2.59, 2.67, 3.1, 4.026, 4.573, 3.863, 3.09, 2.54, 2.7, 2.58, 2.69, 2.91, 4.02, 4.489, 3.557, 2.99, 2.75, 2.48, 2.52, 2.1, 2.62, 4.17, 5.88, 6.388, 5.854, 5.602, 5.289, 4.852, 4.632, 3.552, 2.209, 2.61, 3.04, 3.67, 3.919, 4.111, 3.916, 3.71, 3.8, 3.8, 3.732, 3.232, 2.979, 3.2, 3.39, 3.51, 3.82, 3.19, 1.82, 0.8, 0, 1.14, 1.12, 1.47, 1.66, 1.71, 2.11, 2.9, 2.96, 2.952, 2.872, 3.06, 3.41, 3.8, 4.227, 4.664, 4.74, 4.381, 5.062, 4.962, 4.216, 3.72, 3.727, 2.97, 2.66, 2.65, 2.0, 2.14, 2.8, 3.66, 5.215, 6.375, 6.995, 6.6, 6.098], [3.11, 3.03, 3.03, 3.26, 3.93, 4.407, 3.616, 2.87, 2.36, 2.34, 2.42, 2.43, 2.63, 3.752, 4.261, 3.39, 2.93, 2.67, 2.46, 2.46, 2.12, 2.96, 4.51, 6.24, 6.751, 6.234, 5.964, 5.652, 5.212, 5.012, 3.924, 2.868, 2.71, 3.22, 3.748, 4.038, 4.278, 4.198, 4.03, 4.14, 4.22, 3.951, 3.357, 3.241, 3.341, 3.37, 3.71, 4.18, 3.83, 2.5, 1.4, 1.14, 0, 1.68, 1.95, 2.04, 2.17, 2.51, 3.08, 3.04, 2.92, 2.9, 3.56, 3.71, 3.79, 4.083, 4.533, 4.732, 4.252, 4.834, 4.777, 4.11, 3.68, 3.69, 2.91, 2.8, 3.07, 2.42, 2.08, 2.9, 3.6, 4.6, 5.634, 6.544, 6.009, 5.38], [2.93, 3.17, 3.25, 3.74, 4.703, 5.352, 4.63, 3.726, 3.025, 3.183, 3.14, 3.15, 3.27, 4.606, 5.241, 4.36, 3.41, 3.01, 2.92, 3.0, 2.34, 2.24, 3.43, 5.16, 5.643, 5.097, 4.856, 4.563, 4.129, 4.038, 3.213, 2.07, 2.27, 2.52, 3.09, 3.3, 3.456, 3.236, 3.109, 3.22, 3.419, 3.215, 2.855, 2.674, 2.765, 3.01, 2.77, 3.124, 2.73, 1.7, 1.02, 1.12, 1.68, 0, 1.07, 0.94, 1.31, 2.73, 3.494, 3.652, 3.711, 3.592, 3.708, 4.072, 4.589, 5.027, 5.461, 5.552, 5.189, 5.82, 5.702, 4.935, 4.443, 4.498, 3.45, 2.68, 2.73, 2.22, 2.32, 2.6, 3.76, 5.58, 6.7, 7.36, 6.95, 6.34], [3.26, 3.565, 3.62, 4.098, 5.045, 5.739, 5.061, 4.156, 3.53, 3.647, 3.564, 3.64, 3.76, 5.078, 5.651, 4.67, 3.76, 3.46, 3.35, 3.53, 2.89, 2.23, 3.14, 4.73, 5.247, 4.75, 4.477, 4.207, 3.785, 3.531, 2.622, 1.82, 2.32, 2.75, 3.08, 3.11, 3.21, 3.05, 2.94, 3.09, 3.21, 2.974, 2.596, 2.466, 2.686, 2.86, 2.62, 2.73, 2.42, 1.59, 1.39, 1.47, 1.95, 1.07, 0, 0.79, 1.48, 3.088, 3.799, 3.937, 4.052, 4.015, 4.078, 4.522, 4.988, 5.416, 5.915, 5.962, 5.622, 6.261, 6.161, 5.391, 4.858, 4.9, 3.86, 2.99, 3.04, 2.29, 2.49, 2.93, 4.21, 6.01, 7.13, 7.93, 7.42, 6.77], [3.39, 3.81, 3.83, 4.3, 5.315, 5.994, 5.27, 4.346, 3.702, 3.863, 3.751, 3.782, 3.881, 5.291, 5.896, 4.937, 3.91, 3.57, 3.46, 3.62, 2.88, 2.12, 2.89, 4.5, 4.989, 4.452, 4.242, 3.969, 3.529, 3.338, 2.498, 1.83, 2.19, 2.56, 2.91, 2.98, 3.06, 2.96, 2.83, 2.92, 3.16, 2.924, 2.586, 2.396, 2.48, 2.77, 2.43, 2.52, 2.21, 1.56, 1.42, 1.66, 2.04, 0.94, 0.79, 0, 1.29, 3.35, 4.129, 4.274, 4.351, 4.2, 4.325, 4.709, 5.152, 5.678, 6.141, 6.209, 5.857, 6.497, 6.391, 5.635, 5.086, 5.158, 4.03, 3.04, 3.11, 2.64, 2.62, 2.94, 4.2, 6.04, 7.12, 7.94, 7.45, 6.78], [2.32, 2.98, 2.98, 3.33, 4.437, 5.177, 4.41, 3.48, 2.89, 3.19, 3.11, 3.08, 3.18, 4.59, 5.02, 4.06, 3.14, 2.76, 2.59, 2.63, 2.25, 1.51, 3.5, 5.258, 5.804, 5.207, 4.977, 4.758, 4.376, 4.235, 3.366, 2.46, 2.78, 3.19, 3.66, 3.77, 3.89, 3.71, 3.56, 3.55, 3.67, 3.608, 3.094, 3.026, 3.184, 3.5, 3.36, 3.454, 2.935, 1.95, 1.55, 1.71, 2.17, 1.31, 1.48, 1.29, 0, 2.5, 3.39, 3.51, 3.59, 3.37, 3.41, 3.78, 4.182, 4.837, 5.224, 5.254, 5.017, 5.77, 5.687, 4.92, 4.37, 4.5, 3.1, 2.45, 2.54, 1.87, 2.03, 2.65, 3.75, 5.43, 6.53, 7.21, 6.86, 6.35], [1.62, 1.48, 1.46, 1.79, 2.42, 2.88, 2.25, 2.1, 2.05, 2.07, 1.99, 1.92, 2.22, 2.79, 2.84, 2.0, 1.74, 2.04, 1.95, 1.79, 1.61, 2.87, 5.634, 7.487, 7.973, 7.427, 7.246, 7.007, 6.564, 6.392, 5.357, 3.955, 4.3, 4.821, 5.473, 5.703, 5.84, 5.614, 5.45, 5.431, 5.193, 5.379, 4.916, 4.806, 4.99, 5.1, 5.313, 5.621, 4.95, 3.573, 2.41, 2.11, 2.51, 2.73, 3.088, 3.35, 2.5, 0, 1.13, 1.31, 1.37, 1.29, 1.47, 1.84, 2.2, 2.58, 3.07, 3.14, 2.84, 3.53, 3.43, 2.64, 2.21, 2.28, 1.84, 2.09, 2.38, 1.63, 2.07, 2.59, 2.69, 3.95, 5.09, 5.67, 5.3, 4.95], [2.07, 1.61, 1.47, 1.9, 2.57, 2.41, 1.92, 2.25, 2.48, 2.42, 2.54, 2.53, 2.71, 2.82, 2.59, 1.95, 1.91, 2.21, 2.36, 2.4, 2.02, 3.74, 6.342, 8.143, 8.666, 8.178, 7.902, 7.664, 7.35, 7.127, 6.213, 4.86, 4.75, 5.345, 6.038, 6.279, 6.433, 6.248, 6.023, 5.938, 5.776, 6.027, 5.466, 5.549, 5.763, 5.77, 5.93, 6.292, 5.808, 4.455, 3.3, 2.9, 3.08, 3.494, 3.799, 4.129, 3.39, 1.13, 0, 0.96, 1.18, 1.0, 1.34, 1.57, 1.87, 1.97, 2.5, 2.79, 2.55, 2.98, 2.86, 2.25, 1.96, 1.99, 2.07, 2.76, 2.87, 2.22, 2.36, 2.82, 2.32, 3.24, 4.38, 5.0, 4.53, 4.24], [1.83, 1.47, 1.27, 1.48, 2.03, 2.07, 1.78, 1.93, 2.24, 2.14, 2.26, 2.25, 2.51, 2.36, 2.41, 1.83, 1.91, 2.31, 2.4, 2.4, 2.28, 3.94, 6.573, 8.374, 8.909, 8.386, 8.133, 7.88, 7.526, 7.315, 6.259, 4.823, 5.09, 5.545, 6.303, 6.513, 6.696, 6.456, 6.266, 6.236, 6.048, 6.253, 5.681, 5.625, 5.92, 5.975, 6.198, 6.475, 5.896, 4.483, 3.34, 2.96, 3.04, 3.652, 3.937, 4.274, 3.51, 1.31, 0.96, 0, 0.68, 1.04, 1.34, 1.57, 1.95, 1.83, 2.18, 2.41, 2.11, 2.66, 2.54, 1.83, 1.48, 1.43, 1.57, 2.52, 2.55, 2.18, 2.62, 3.04, 2.56, 3.46, 4.56, 5.2, 4.77, 4.52], [1.89, 1.57, 1.51, 1.4, 1.91, 2.05, 1.66, 1.67, 2.0, 1.92, 1.98, 2.03, 2.39, 2.18, 2.37, 1.77, 1.77, 2.25, 2.3, 2.26, 2.26, 4.04, 6.693, 8.491, 9.023, 8.503, 8.23, 7.972, 7.617, 7.409, 6.319, 4.791, 5.095, 5.705, 6.3, 6.596, 6.818, 6.544, 6.369, 6.339, 6.133, 6.313, 5.841, 5.751, 5.902, 5.935, 6.226, 6.583, 5.962, 4.481, 3.323, 2.952, 2.92, 3.711, 4.052, 4.351, 3.59, 1.37, 1.18, 0.68, 0, 1.06, 1.6, 1.83, 1.91, 1.85, 2.14, 2.31, 2.01, 2.54, 2.4, 1.75, 1.44, 1.33, 1.45, 2.42, 2.47, 2.28, 2.62, 3.24, 2.82, 3.54, 4.66, 5.28, 4.87, 4.56], [2.17, 1.63, 1.49, 1.86, 2.33, 2.27, 2.02, 2.31, 2.42, 2.42, 2.38, 2.39, 2.59, 2.82, 2.37, 1.59, 1.97, 2.41, 2.36, 2.18, 1.96, 3.8, 6.55, 8.286, 8.846, 8.28, 8.024, 7.843, 7.478, 7.301, 6.276, 4.915, 4.958, 5.568, 6.189, 6.459, 6.702, 6.462, 6.272, 6.312, 6.151, 6.212, 5.74, 5.629, 5.806, 5.83, 6.117, 6.451, 5.835, 4.515, 3.272, 2.872, 2.9, 3.592, 4.015, 4.2, 3.37, 1.29, 1.0, 1.04, 1.06, 0, 1.0, 1.31, 1.45, 1.77, 2.14, 2.37, 2.17, 2.72, 2.62, 1.93, 1.58, 1.63, 1.95, 2.76, 3.11, 2.42, 2.42, 3.06, 2.1, 2.96, 4.04, 4.64, 4.29, 3.96], [2.29, 1.81, 1.81, 2.16, 2.55, 2.51, 2.36, 2.77, 2.92, 2.94, 3.0, 2.99, 3.17, 3.38, 2.65, 2.09, 2.65, 3.17, 3.1, 2.78, 2.2, 3.8, 6.624, 8.414, 8.896, 8.342, 8.166, 7.959, 7.531, 7.336, 6.287, 4.97, 5.51, 5.92, 6.61, 6.84, 6.993, 6.753, 6.563, 6.579, 6.34, 6.552, 6.115, 5.876, 6.136, 6.31, 6.423, 6.573, 5.864, 4.48, 3.44, 3.06, 3.56, 3.708, 4.078, 4.325, 3.41, 1.47, 1.34, 1.34, 1.6, 1.0, 0, 0.79, 1.29, 1.65, 2.18, 2.39, 2.19, 2.74, 2.7, 2.11, 1.76, 2.05, 2.53, 3.14, 3.25, 2.56, 3.04, 3.22, 1.96, 3.24, 4.32, 4.92, 4.59, 4.18], [2.5, 2.16, 2.1, 2.29, 2.66, 2.6, 2.39, 2.84, 3.09, 3.11, 3.15, 3.08, 3.26, 3.43, 2.46, 2.18, 2.9, 3.5, 3.35, 2.91, 2.41, 4.17, 7.005, 8.775, 9.278, 8.724, 8.528, 8.286, 7.923, 7.729, 6.625, 5.284, 5.78, 6.235, 6.868, 7.138, 7.323, 7.085, 6.907, 7.004, 6.756, 6.808, 6.431, 6.221, 6.381, 6.56, 6.684, 6.98, 6.31, 4.897, 3.67, 3.41, 3.71, 4.072, 4.522, 4.709, 3.78, 1.84, 1.57, 1.57, 1.83, 1.31, 0.79, 0, 1.0, 1.4, 1.97, 2.36, 2.18, 2.49, 2.47, 2.02, 1.75, 2.04, 2.64, 3.35, 3.56, 3.05, 3.21, 3.512, 2.05, 2.87, 3.91, 4.53, 4.24, 3.87], [2.72, 2.28, 2.18, 2.29, 2.56, 2.44, 2.27, 2.82, 2.97, 2.99, 3.03, 3.02, 3.22, 3.31, 2.4, 2.14, 2.88, 3.42, 3.33, 2.95, 2.95, 4.83, 7.665, 9.415, 9.923, 9.372, 9.133, 8.88, 8.449, 8.246, 7.179, 5.711, 5.962, 6.632, 7.176, 7.486, 7.697, 7.517, 7.319, 7.319, 7.207, 7.268, 6.717, 6.609, 6.709, 6.742, 7.116, 7.437, 6.758, 5.288, 4.11, 3.8, 3.79, 4.589, 4.988, 5.152, 4.182, 2.2, 1.87, 1.95, 1.91, 1.45, 1.29, 1.0, 0, 0.94, 1.83, 2.16, 1.88, 2.03, 2.05, 1.82, 1.51, 1.92, 2.64, 3.39, 3.8, 3.31, 3.39, 3.989, 2.33, 2.39, 3.47, 4.05, 3.68, 3.57], [2.82, 2.3, 2.18, 1.99, 2.06, 1.9, 1.69, 2.34, 2.53, 2.55, 2.71, 2.76, 2.96, 2.65, 1.96, 2.0, 2.8, 3.24, 3.17, 3.01, 3.51, 5.43, 8.194, 9.984, 10.506, 9.955, 9.716, 9.452, 9.004, 8.775, 7.65, 6.087, 6.285, 6.934, 7.59, 7.9, 8.14, 7.9, 7.687, 7.663, 7.536, 7.705, 7.028, 7.015, 7.175, 7.11, 7.595, 7.947, 7.203, 5.727, 4.51, 4.227, 4.083, 5.027, 5.416, 5.678, 4.837, 2.58, 1.97, 1.83, 1.85, 1.77, 1.65, 1.4, 0.94, 0, 1.33, 1.68, 1.38, 1.29, 1.37, 1.26, 1.15, 1.48, 2.38, 3.35, 3.76, 3.595, 3.835, 4.49, 2.79, 2.37, 3.37, 4.01, 3.56, 3.65], [3.17, 2.67, 2.53, 2.1, 1.61, 1.51, 1.5, 2.03, 2.68, 2.66, 2.8, 2.91, 3.05, 2.34, 2.03, 2.17, 3.01, 3.45, 3.46, 3.16, 3.94, 5.82, 8.672, 10.405, 10.933, 10.356, 10.129, 9.91, 9.467, 9.247, 8.13, 6.601, 6.748, 7.378, 8.082, 8.392, 8.632, 8.392, 8.18, 8.115, 7.953, 8.165, 7.468, 7.455, 7.632, 7.648, 8.088, 8.427, 7.635, 6.188, 4.945, 4.664, 4.533, 5.461, 5.915, 6.141, 5.224, 3.07, 2.5, 2.18, 2.14, 2.14, 2.18, 1.97, 1.83, 1.33, 0, 1.01, 1.19, 1.32, 1.5, 1.69, 1.8, 1.51, 2.47, 3.76, 3.95, 4.065, 4.365, 5.02, 3.58, 3.12, 4.04, 4.68, 4.23, 4.26], [3.24, 2.78, 2.6, 2.15, 1.66, 1.68, 1.97, 2.46, 2.89, 2.89, 2.93, 3.06, 3.24, 2.81, 2.54, 2.28, 3.04, 3.48, 3.41, 3.19, 4.03, 5.85, 8.699, 10.426, 10.957, 10.383, 10.147, 9.928, 9.497, 9.274, 8.14, 6.553, 6.787, 7.416, 8.124, 8.434, 8.674, 8.434, 8.221, 8.153, 7.965, 8.183, 7.506, 7.514, 7.717, 7.696, 8.129, 8.466, 7.702, 6.246, 5.009, 4.74, 4.732, 5.552, 5.962, 6.209, 5.254, 3.14, 2.79, 2.41, 2.31, 2.37, 2.39, 2.36, 2.16, 1.68, 1.01, 0, 1.1, 1.13, 1.51, 1.58, 1.77, 1.68, 2.42, 3.81, 3.819, 4.092, 4.372, 5.029, 3.81, 3.69, 4.65, 5.29, 4.88, 4.87], [3.04, 2.42, 2.24, 1.87, 1.36, 1.58, 1.97, 2.4, 2.69, 2.57, 2.67, 2.78, 3.18, 2.67, 2.3, 2.12, 2.96, 3.34, 3.27, 3.15, 3.83, 5.67, 8.434, 10.224, 10.737, 10.183, 9.951, 9.646, 9.209, 8.983, 7.841, 6.254, 6.491, 7.114, 7.796, 8.106, 8.346, 8.106, 7.893, 7.84, 7.717, 7.899, 7.231, 7.172, 7.349, 7.316, 7.801, 8.144, 7.351, 5.921, 4.667, 4.381, 4.252, 5.189, 5.622, 5.857, 5.017, 2.84, 2.55, 2.11, 2.01, 2.17, 2.19, 2.18, 1.88, 1.38, 1.19, 1.1, 0, 1.03, 1.13, 0.96, 1.19, 1.18, 2.12, 3.51, 3.54, 3.738, 4.018, 4.67, 3.25, 3.45, 4.45, 5.01, 4.56, 4.65], [3.77, 3.09, 2.93, 2.58, 2.03, 1.83, 2.08, 2.65, 3.22, 3.04, 3.2, 3.35, 3.57, 2.84, 2.55, 2.67, 3.49, 3.91, 3.96, 3.78, 4.48, 6.38, 9.124, 10.917, 11.442, 10.888, 10.652, 10.348, 9.877, 9.671, 8.483, 6.884, 7.092, 7.707, 8.403, 8.711, 8.951, 8.711, 8.498, 8.442, 8.402, 8.549, 7.852, 7.794, 7.986, 7.961, 8.406, 8.799, 8.039, 6.583, 5.346, 5.062, 4.834, 5.82, 6.261, 6.497, 5.77, 3.53, 2.98, 2.66, 2.54, 2.72, 2.74, 2.49, 2.03, 1.29, 1.32, 1.13, 1.03, 0, 0.76, 1.03, 1.5, 1.51, 2.77, 4.2, 4.11, 4.334, 4.614, 5.26, 3.5, 2.92, 3.96, 4.6, 4.01, 4.3], [3.69, 2.97, 2.81, 2.56, 2.19, 2.07, 2.2, 2.57, 3.16, 3.02, 3.24, 3.33, 3.53, 2.84, 2.55, 2.75, 3.49, 3.93, 4.02, 3.82, 4.36, 6.3, 9.024, 10.82, 11.339, 10.788, 10.552, 10.248, 9.777, 9.568, 8.377, 6.773, 7.015, 7.613, 8.309, 8.593, 8.833, 8.593, 8.381, 8.337, 8.305, 8.452, 7.775, 7.682, 7.851, 7.864, 8.295, 8.702, 7.947, 6.474, 5.234, 4.962, 4.777, 5.702, 6.161, 6.391, 5.687, 3.43, 2.86, 2.54, 2.4, 2.62, 2.7, 2.47, 2.05, 1.37, 1.5, 1.51, 1.13, 0.76, 0, 0.85, 1.38, 1.37, 2.69, 4.14, 3.987, 4.237, 4.517, 5.14, 3.48, 2.88, 4.0, 4.6, 4.07, 4.26], [2.92, 2.24, 2.04, 1.93, 1.86, 1.96, 2.05, 2.4, 2.75, 2.55, 2.73, 2.84, 3.2, 2.67, 2.34, 2.22, 2.9, 3.28, 3.35, 3.27, 3.61, 5.51, 8.254, 10.047, 10.575, 10.021, 9.785, 9.481, 9.01, 8.807, 7.61, 6.023, 6.282, 6.841, 7.596, 7.843, 8.063, 7.823, 7.611, 7.567, 7.572, 7.702, 7.022, 6.933, 7.139, 7.157, 7.528, 7.929, 7.166, 5.739, 4.51, 4.216, 4.11, 4.935, 5.391, 5.635, 4.92, 2.64, 2.25, 1.83, 1.75, 1.93, 2.11, 2.02, 1.82, 1.26, 1.69, 1.58, 0.96, 1.03, 0.85, 0, 0.77, 1.0, 2.0, 3.43, 3.28, 3.467, 3.767, 4.37, 2.97, 3.13, 4.23, 4.85, 4.28, 4.43], [2.35, 1.75, 1.53, 1.52, 1.79, 2.01, 2.12, 2.37, 2.44, 2.38, 2.42, 2.49, 2.91, 2.66, 2.23, 1.99, 2.47, 2.87, 2.92, 2.84, 3.14, 4.96, 7.684, 9.48, 10.008, 9.457, 9.218, 8.914, 8.446, 8.237, 7.1, 5.52, 5.732, 6.365, 7.038, 7.325, 7.545, 7.305, 7.112, 7.088, 7.006, 7.149, 6.529, 6.417, 6.597, 6.598, 7.009, 7.362, 6.625, 5.183, 3.935, 3.72, 3.68, 4.443, 4.858, 5.086, 4.37, 2.21, 1.96, 1.48, 1.44, 1.58, 1.76, 1.75, 1.51, 1.15, 1.8, 1.77, 1.19, 1.5, 1.38, 0.77, 0, 0.91, 1.67, 2.9, 2.91, 2.931, 3.211, 3.848, 2.7, 2.92, 4.06, 4.66, 4.15, 4.24], [2.5, 1.82, 1.72, 1.57, 1.68, 1.7, 1.87, 2.06, 2.39, 2.33, 2.39, 2.5, 2.76, 2.39, 2.24, 2.1, 2.