[[0, 1.65, 2.24, 3.33, 3.06, 2.68, 3.15, 2.8, 1.73, 1.75, 3.02, 3.84, 3.74, 3.87, 3.9, 4.0, 3.27, 3.84, 4.03, 3.32, 2.53, 1.97, 2.2, 2.06, 1.77, 1.75, 1.85, 2.55, 2.26, 1.49, 1.41, 1.51, 2.17, 2.99, 3.45, 3.74, 3.02, 1.83, 2.69, 2.59, 2.39, 2.27, 2.44, 3.3, 3.08, 2.69, 2.79, 2.58, 2.23, 1.93, 2.53, 3.55, 4.45, 4.67, 4.76, 4.53, 3.53, 2.92, 3.0, 3.0, 2.71, 2.63, 2.28, 3.39, 3.32, 2.2, 2.89, 4.07, 4.62, 5.06, 4.56, 4.52, 5.51, 5.55, 5.05, 5.355, 5.175, 5.125, 5.02, 6.279, 7.682, 8.459, 8.378, 7.998, 8.23, 9.088], [1.65, 0, 2.05, 3.74, 3.67, 3.29, 3.8, 3.49, 2.46, 1.98, 2.69, 3.33, 3.07, 2.98, 2.99, 3.11, 2.88, 3.45, 3.58, 2.87, 2.64, 2.76, 2.99, 2.85, 2.74, 2.7, 2.9, 3.42, 3.29, 2.52, 2.26, 2.48, 3.1, 3.92, 4.32, 4.63, 4.07, 2.9, 3.56, 3.26, 2.84, 2.82, 3.25, 4.23, 3.93, 3.54, 3.72, 3.37, 3.04, 2.76, 3.34, 4.24, 5.16, 5.44, 5.57, 5.44, 4.46, 3.79, 3.97, 3.93, 3.7, 3.52, 3.15, 4.26, 4.25, 2.77, 3.42, 4.58, 5.21, 5.77, 5.29, 5.13, 6.14, 6.12, 5.56, 5.937, 5.7, 5.681, 5.55, 6.79, 8.21, 8.993, 8.914, 8.54, 8.78, 9.69], [2.24, 2.05, 0, 2.67, 2.56, 2.12, 2.77, 2.56, 2.01, 1.43, 1.82, 3.1, 3.14, 3.33, 3.62, 3.44, 3.67, 4.48, 4.71, 3.78, 2.89, 3.15, 3.36, 3.24, 3.19, 3.35, 3.41, 3.25, 3.24, 2.43, 2.33, 2.61, 2.91, 3.55, 3.81, 4.06, 3.52, 3.49, 4.37, 4.31, 4.05, 3.69, 3.76, 4.96, 4.72, 4.11, 3.81, 3.4, 2.83, 2.69, 2.95, 3.31, 3.99, 4.63, 4.7, 4.49, 3.59, 3.18, 3.22, 3.14, 3.01, 2.89, 2.4, 3.29, 3.3, 1.78, 2.39, 3.29, 4.06, 4.58, 4.44, 4.36, 4.85, 4.69, 4.71, 4.69, 4.45, 4.36, 4.56, 5.32, 6.68, 7.472, 7.41, 7.21, 7.71, 8.5], [3.33, 3.74, 2.67, 0, 0.77, 1.31, 1.18, 1.45, 2.18, 2.78, 4.03, 5.27, 5.33, 5.58, 5.83, 5.69, 5.82, 6.61, 6.88, 5.99, 4.74, 4.32, 4.17, 4.29, 4.38, 4.14, 3.28, 2.76, 2.99, 2.86, 2.88, 3.16, 2.82, 2.64, 3.04, 3.41, 3.37, 3.86, 4.8, 5.06, 4.84, 4.02, 3.95, 4.81, 4.75, 4.14, 3.26, 2.63, 2.24, 2.62, 2.92, 2.3, 2.2, 2.58, 2.41, 2.28, 1.96, 1.61, 1.79, 2.17, 2.26, 2.16, 2.25, 2.54, 1.83, 1.57, 1.96, 2.56, 2.97, 3.13, 3.65, 3.79, 3.84, 3.84, 3.86, 3.62, 3.42, 3.57, 3.47, 4.01, 4.63, 5.32, 5.42, 5.04, 5.26, 6.21], [3.06, 3.67, 2.56, 0.77, 0, 1.04, 0.89, 1.16, 2.01, 2.73, 3.96, 5.12, 5.22, 5.53, 5.68, 5.54, 5.61, 6.38, 6.75, 5.9, 4.61, 4.07, 3.98, 4.12, 4.19, 3.89, 2.85, 2.29, 2.46, 2.31, 2.37, 2.55, 2.25, 2.03, 2.45, 2.88, 2.82, 3.33, 4.27, 4.63, 4.61, 3.55, 3.38, 4.34, 4.26, 3.69, 2.87, 2.26, 1.77, 2.19, 2.39, 1.93, 1.91, 2.41, 2.24, 1.99, 1.57, 1.48, 1.46, 1.78, 1.89, 1.85, 1.76, 1.97, 1.42, 1.22, 1.59, 2.15, 2.58, 2.72, 3.18, 3.36, 3.45, 3.57, 3.59, 3.33, 3.15, 3.3, 3.22, 3.74, 4.688, 5.481, 5.49, 5.15, 5.33, 6.3], [2.68, 3.29, 2.12, 1.31, 1.04, 0, 1.03, 1.26, 1.73, 2.31, 3.54, 4.7, 4.82, 5.13, 5.24, 5.08, 5.13, 5.94, 6.31, 5.48, 4.19, 3.59, 3.6, 3.7, 3.69, 3.45, 3.09, 2.63, 2.62, 2.23, 2.31, 2.51, 2.21, 2.31, 2.75, 3.1, 2.9, 3.25, 4.23, 4.55, 4.41, 3.63, 3.56, 4.72, 4.52, 3.85, 3.21, 2.66, 2.13, 2.35, 2.61, 2.25, 2.49, 3.27, 3.06, 2.81, 2.11, 1.86, 1.8, 1.86, 1.79, 1.67, 1.56, 2.07, 1.84, 1.16, 1.61, 2.23, 2.58, 3.18, 3.52, 3.76, 3.73, 3.77, 4.17, 3.91, 3.73, 3.82, 3.82, 4.42, 5.38, 6.09, 6.19, 5.73, 6.03, 7.12], [3.15, 3.8, 2.77, 1.18, 0.89, 1.03, 0, 0.79, 1.78, 2.64, 4.17, 5.27, 5.39, 5.68, 5.77, 5.55, 5.7, 6.45, 6.82, 5.97, 4.66, 4.06, 3.91, 4.07, 4.0, 3.72, 2.8, 2.12, 2.25, 2.14, 2.36, 2.6, 2.24, 1.92, 2.2, 2.59, 2.57, 3.28, 4.24, 4.64, 4.56, 3.42, 3.25, 4.31, 4.21, 3.64, 2.86, 2.35, 1.88, 2.28, 2.4, 1.82, 2.08, 2.64, 2.39, 2.24, 1.62, 1.65, 1.47, 1.65, 1.74, 1.7, 1.63, 1.7, 1.37, 1.17, 1.44, 1.94, 2.15, 2.37, 2.73, 3.09, 3.28, 3.34, 3.5, 3.32, 3.06, 3.23, 3.07, 3.81, 4.79, 5.54, 5.62, 5.06, 5.26, 6.37], [2.8, 3.49, 2.56, 1.45, 1.16, 1.26, 0.79, 0, 1.35, 2.39, 3.98, 5.04, 5.16, 5.37, 5.48, 5.32, 5.31, 6.14, 6.51, 5.66, 4.37, 3.71, 3.58, 3.74, 3.69, 3.41, 2.47, 1.91, 2.0, 1.83, 2.05, 2.33, 2.05, 1.95, 2.09, 2.32, 2.3, 3.01, 3.97, 4.31, 4.19, 3.17, 3.02, 4.02, 3.88, 3.37, 2.67, 2.08, 1.61, 1.91, 2.13, 1.73, 2.49, 2.75, 2.66, 2.49, 1.73, 1.62, 1.46, 1.52, 1.69, 1.71, 1.46, 1.61, 1.58, 1.12, 1.31, 1.91, 2.5, 2.56, 2.42, 2.84, 3.21, 3.23, 3.33, 3.21, 2.95, 3.1, 2.98, 3.9, 5.1, 5.863, 5.81, 5.406, 5.61, 6.56], [1.73, 2.46, 2.01, 2.18, 2.01, 1.73, 1.78, 1.35, 0, 1.16, 2.97, 3.95, 3.97, 4.22, 4.31, 4.15, 4.06, 4.83, 5.18, 4.33, 3.02, 2.42, 2.35, 2.51, 2.44, 2.26, 2.04, 2.0, 2.01, 1.66, 1.62, 1.78, 2.14, 2.42, 2.58, 2.75, 2.51, 2.54, 3.52, 3.74, 3.52, 2.96, 2.85, 3.99, 3.75, 3.02, 2.68, 2.23, 1.7, 1.46, 2.04, 2.62, 3.6, 3.74, 3.83, 3.58, 2.64, 2.17, 2.23, 2.13, 2.0, 1.98, 1.63, 2.46, 2.43, 1.27, 1.74, 2.84, 3.41, 3.73, 3.15, 3.29, 4.22, 4.18, 3.9, 4.08, 3.82, 3.81, 3.63, 4.95, 6.35, 7.113, 7.056, 6.668, 6.86, 7.795], [1.75, 1.98, 1.43, 2.78, 2.73, 2.31, 2.64, 2.39, 1.16, 0, 2.11, 3.21, 3.11, 3.3, 3.43, 3.45, 3.44, 4.11, 4.36, 3.47, 2.2, 2.12, 2.37, 2.25, 2.26, 2.42, 2.66, 2.82, 2.75, 2.08, 2.06, 2.1, 2.62, 3.12, 3.36, 3.59, 3.21, 2.88, 3.84, 4.0, 3.7, 3.36, 3.31, 4.51, 4.27, 3.62, 3.4, 2.97, 2.38, 2.12, 2.68, 3.44, 4.32, 4.48, 4.63, 4.46, 3.52, 2.99, 3.15, 3.07, 2.92, 2.8, 2.39, 3.32, 3.37, 1.85, 2.24, 3.44, 3.99, 4.57, 4.15, 4.07, 5.06, 4.94, 4.52, 4.834, 4.594, 4.581, 4.29, 5.63, 7.01, 7.808, 7.734, 7.4, 7.66, 8.63], [3.02, 2.69, 1.82, 4.03, 3.96, 3.54, 4.17, 3.98, 2.97, 2.11, 0, 1.5, 1.52, 1.75, 2.02, 1.92, 2.09, 2.86, 3.07, 2.4, 2.27, 2.79, 3.26, 3.04, 3.19, 3.75, 4.21, 4.45, 4.54, 3.77, 3.55, 3.77, 4.11, 4.83, 5.11, 5.32, 4.84, 4.53, 5.43, 5.33, 4.95, 4.87, 5.04, 6.18, 5.9, 5.19, 4.85, 4.5, 3.73, 3.61, 4.17, 4.75, 5.43, 5.95, 6.1, 5.89, 4.95, 4.46, 4.64, 4.52, 4.29, 4.11, 3.68, 4.69, 4.72, 3.18, 3.65, 4.71, 5.46, 6.04, 5.82, 5.72, 6.31, 6.17, 6.09, 6.07, 5.85, 5.88, 5.88, 6.84, 8.259, 9.052, 9.01, 8.75, 9.11, 10.04], [3.84, 3.33, 3.1, 5.27, 5.12, 4.7, 5.27, 5.04, 3.95, 3.21, 1.5, 0, 0.6, 0.83, 0.92, 1.02, 1.37, 1.74, 1.75, 1.94, 2.43, 2.89, 3.48, 3.38, 3.69, 4.31, 4.97, 5.27, 5.42, 4.65, 4.49, 4.59, 5.09, 5.81, 6.11, 6.32, 5.78, 5.33, 6.21, 6.05, 5.63, 5.67, 5.8, 6.96, 6.68, 6.01, 5.77, 5.4, 4.71, 4.53, 5.13, 5.83, 6.67, 7.05, 7.12, 6.95, 5.97, 5.44, 5.62, 5.5, 5.27, 5.09, 4.7, 5.75, 5.76, 4.36, 4.89, 6.11, 6.72, 7.24, 6.88, 6.82, 7.63, 7.61, 7.37, 7.49, 7.25, 7.28, 7.16, 8.32, 9.731, 10.523, 10.426, 10.11, 10.31, 11.28], [3.74, 3.07, 3.14, 5.33, 5.22, 4.82, 5.39, 5.16, 3.97, 3.11, 1.52, 0.6, 0, 0.71, 0.9, 1.1, 1.33, 1.78, 1.83, 1.84, 2.41, 2.93, 3.46, 3.34, 3.67, 4.21, 4.91, 5.27, 5.44, 4.67, 4.49, 4.63, 5.17, 5.91, 6.21, 6.44, 5.94, 5.27, 6.13, 5.93, 5.51, 5.55, 5.72, 6.84, 6.56, 5.97, 5.81, 5.44, 4.79, 4.57, 5.21, 5.93, 6.77, 7.15, 7.24, 7.07, 6.11, 5.56, 5.76, 5.64, 5.41, 5.25, 4.86, 5.87, 5.9, 4.38, 4.95, 6.15, 6.8, 7.34, 7.0, 6.8, 7.67, 7.69, 7.29, 7.47, 7.29, 7.18, 7.16, 8.3, 9.72, 10.521, 10.43, 10.09, 10.35, 11.22], [3.87, 2.98, 3.33, 5.58, 5.53, 5.13, 5.68, 5.37, 4.22, 3.3, 1.75, 0.83, 0.71, 0, 0.61, 0.89, 1.22, 1.47, 1.54, 1.73, 2.5, 2.84, 3.31, 3.19, 3.56, 4.14, 4.92, 5.48, 5.61, 4.84, 4.58, 4.74, 5.38, 6.12, 6.42, 6.67, 6.23, 5.3, 6.12, 5.86, 5.36, 5.48, 5.73, 6.81, 6.55, 5.96, 5.98, 5.63, 4.96, 4.74, 5.52, 6.24, 7.08, 7.42, 7.59, 7.44, 6.46, 5.89, 6.07, 5.95, 5.72, 5.56, 5.19, 6.22, 6.25, 4.67, 5.24, 6.34, 7.03, 7.59, 7.23, 7.07, 7.94, 7.8, 7.34, 7.72, 7.46, 7.435, 7.31, 8.49, 9.91, 10.72, 10.605, 10.3, 10.64, 11.55], [3.9, 2.99, 3.62, 5.83, 5.68, 5.24, 5.77, 5.48, 4.31, 3.43, 2.02, 0.92, 0.9, 0.61, 0, 0.82, 1.09, 1.28, 1.43, 1.72, 2.59, 2.95, 3.42, 3.42, 3.73, 4.31, 5.07, 5.53, 5.68, 4.91, 4.69, 4.83, 5.43, 6.13, 6.45, 6.72, 6.28, 5.43, 6.19, 5.87, 5.33, 5.47, 5.74, 6.84, 6.58, 6.13, 6.03, 5.68, 5.05, 4.79, 5.55, 6.31, 7.17, 7.49, 7.64, 7.49, 6.51, 5.92, 6.12, 6.02, 5.79, 5.61, 5.26, 6.27, 6.32, 4.78, 5.45, 6.61, 7.18, 7.7, 7.32, 7.24, 8.15, 8.09, 7.63, 7.972, 7.75, 7.722, 7.58, 8.82, 10.24, 11.026, 10.929, 10.589, 10.81, 11.78], [4.0, 3.11, 3.44, 5.69, 5.54, 5.08, 5.55, 5.32, 4.15, 3.45, 1.92, 1.02, 1.1, 0.89, 0.82, 0, 1.11, 1.36, 1.69, 1.58, 2.41, 3.03, 3.54, 3.38, 3.69, 4.21, 5.03, 5.39, 5.66, 4.87, 4.69, 4.79, 5.31, 6.03, 6.27, 6.48, 5.96, 5.41, 6.21, 5.91, 5.35, 5.49, 5.78, 6.86, 6.6, 6.05, 5.93, 5.6, 4.95, 4.71, 5.31, 6.11, 7.03, 7.39, 7.42, 7.15, 6.19, 5.64, 5.74, 5.64, 5.41, 5.25, 4.86, 5.91, 5.92, 4.74, 5.33, 6.45, 6.96, 7.54, 7.04, 7.08, 8.024, 7.93, 7.81, 7.91, 7.63, 7.66, 7.48, 8.66, 10.08, 10.872, 10.775, 10.398, 10.627, 11.62], [3.27, 2.88, 3.67, 5.82, 5.61, 5.13, 5.7, 5.31, 4.06, 3.44, 2.09, 1.37, 1.33, 1.22, 1.09, 1.11, 0, 1.21, 1.54, 1.31, 2.14, 2.54, 2.99, 2.85, 3.12, 3.62, 4.5, 5.12, 5.15, 4.22, 4.08, 4.22, 4.84, 5.58, 6.02, 6.27, 5.61, 4.72, 5.5, 5.22, 4.74, 5.02, 5.29, 6.13, 5.87, 5.58, 5.58, 5.27, 4.78, 4.54, 5.14, 6.18, 7.1, 7.38, 7.45, 7.18, 6.2, 5.51, 5.63, 5.59, 5.34, 5.2, 4.87, 5.98, 5.93, 4.81, 5.46, 6.64, 7.19, 7.59, 7.09, 7.11, 8.12, 8.12, 7.68, 7.973, 7.751, 7.703, 7.61, 8.85, 10.27, 11.051, 10.953, 10.573, 10.8, 11.703], [3.84, 3.45, 4.48, 6.61, 6.38, 5.94, 6.45, 6.14, 4.83, 4.11, 2.86, 1.74, 1.78, 1.47, 1.28, 1.36, 1.21, 0, 0.85, 1.22, 2.37, 2.79, 3.36, 3.18, 3.39, 3.65, 4.95, 5.89, 5.74, 4.89, 4.57, 4.77, 5.49, 6.29, 6.63, 6.88, 6.22, 4.85, 5.59, 5.33, 4.85, 5.39, 5.58, 6.38, 6.02, 5.75, 5.93, 5.84, 5.51, 5.19, 5.93, 7.05, 7.95, 8.27, 8.3, 7.89, 6.93, 6.22, 6.3, 6.28, 6.03, 5.89, 5.58, 6.63, 6.7, 5.6, 6.19, 7.39, 7.94, 8.4, 7.88, 7.84, 8.867, 8.89, 8.37, 8.727, 8.507, 8.459, 8.34, 9.6, 11.02, 11.801, 11.703, 11.343, 11.547, 12.459], [4.03, 3.58, 4.71, 6.88, 6.75, 6.31, 6.82, 6.51, 5.18, 4.36, 3.07, 1.75, 1.83, 1.54, 1.43, 1.69, 1.54, 0.85, 0, 1.49, 2.68, 2.92, 3.33, 3.19, 3.32, 3.8, 5.08, 6.3, 6.05, 5.18, 4.84, 5.06, 5.88, 6.7, 7.02, 7.37, 6.71, 5.2, 5.72, 5.46, 5.0, 5.34, 5.85, 6.57, 6.17, 5.88, 6.3, 6.19, 5.76, 5.46, 6.28, 7.36, 8.28, 8.6, 8.63, 8.28, 7.32, 6.61, 6.73, 6.71, 6.44, 6.3, 5.95, 7.04, 7.07, 5.89, 6.46, 7.68, 8.23, 8.81, 8.27, 8.21, 9.271, 9.18, 8.7, 9.088, 8.86, 8.838, 8.63, 9.89, 11.309, 12.102, 12.011, 11.631, 11.86, 12.838], [3.32, 2.87, 3.78, 5.99, 5.9, 5.48, 5.97, 5.66, 4.33, 3.47, 2.4, 1.94, 1.84, 1.73, 1.72, 1.58, 1.31, 1.22, 1.49, 0, 1.47, 2.39, 2.88, 2.72, 2.91, 3.41, 4.47, 5.45, 5.3, 4.41, 4.11, 4.29, 5.01, 5.83, 6.15, 6.44, 5.76, 4.51, 5.31, 5.03, 4.57, 4.89, 5.06, 5.96, 5.72, 5.13, 5.33, 5.22, 4.87, 4.51, 5.35, 6.45, 7.37, 7.69, 7.74, 7.39, 6.45, 5.68, 5.76, 5.76, 5.51, 5.37, 5.06, 6.17, 6.2, 5.02, 5.57, 6.79, 7.38, 7.96, 7.42, 7.36, 8.407, 8.33, 7.81, 8.207, 7.967, 7.917, 7.74, 8.96, 10.38, 11.187, 11.09, 10.73, 11.007, 11.917], [2.53, 2.64, 2.89, 4.74, 4.61, 4.19, 4.66, 4.37, 3.02, 2.2, 2.27, 2.43, 2.41, 2.5, 2.59, 2.41, 2.14, 2.37, 2.68, 1.47, 0, 1.38, 1.95, 1.91, 2.1, 2.72, 3.48, 4.28, 4.07, 3.26, 2.96, 3.24, 3.82, 4.58, 4.94, 5.25, 4.75, 3.82, 4.72, 4.6, 4.16, 4.22, 4.43, 5.49, 5.19, 4.42, 4.24, 4.05, 3.6, 3.28, 4.12, 5.2, 6.12, 6.44, 6.49, 6.16, 5.22, 4.51, 4.65, 4.61, 4.38, 4.2, 3.85, 4.94, 4.95, 3.75, 4.24, 5.5, 6.07, 6.65, 6.11, 6.09, 7.117, 7.04, 6.52, 6.917, 6.677, 6.65, 6.39, 7.69, 9.07, 9.851, 9.797, 9.44, 9.717, 10.644], [1.97, 2.76, 3.15, 4.32, 4.07, 3.59, 4.06, 3.71, 2.42, 2.12, 2.79, 2.89, 2.93, 2.84, 2.95, 3.03, 2.54, 2.79, 2.92, 2.39, 1.38, 0, 0.97, 0.99, 1.22, 1.72, 2.3, 3.5, 3.23, 2.56, 2.42, 2.44, 3.3, 4.0, 4.36, 4.67, 4.21, 3.04, 3.8, 3.96, 3.56, 3.36, 3.77, 4.51, 4.21, 3.6, 3.86, 3.59, 3.16, 2.9, 3.62, 4.68, 5.56, 5.84, 5.89, 5.56, 4.58, 3.97, 4.11, 4.07, 3.8, 3.62, 3.25, 4.32, 4.33, 3.27, 3.9, 5.06, 5.55, 6.01, 5.49, 5.51, 6.48, 6.539, 6.036, 6.359, 6.159, 6.129, 6.01, 7.27, 8.69, 9.462, 9.365, 8.985, 9.2, 10.089], [2.2, 2.99, 3.36, 4.17, 3.98, 3.6, 3.91, 3.58, 2.35, 2.37, 3.26, 3.48, 3.46, 3.31, 3.42, 3.54, 2.99, 3.36, 3.33, 2.88, 1.95, 0.97, 0, 0.62, 0.97, 1.49, 2.31, 3.47, 3.28, 2.75, 2.65, 2.65, 3.53, 4.09, 4.33, 4.7, 4.28, 3.13, 3.51, 3.77, 3.33, 3.21, 3.86, 4.28, 3.9, 3.51, 3.85, 3.66, 3.13, 2.89, 3.73, 4.65, 5.59, 5.87, 5.9, 5.63, 4.65, 4.06, 4.24, 4.16, 3.95, 3.81, 3.56, 4.43, 4.46, 3.28, 3.69, 4.81, 5.44, 5.9, 5.34, 5.34, 6.35, 6.29, 5.79, 6.172, 5.95, 5.922, 5.78, 7.02, 8.44, 9.209, 9.112, 8.732, 8.97, 9.94], [2.06, 2.85, 3.24, 4.29, 4.12, 3.7, 4.07, 3.74, 2.51, 2.25, 3.04, 3.38, 3.34, 3.19, 3.42, 3.38, 2.85, 3.18, 3.19, 2.72, 1.91, 0.99, 0.62, 0, 0.77, 1.23, 2.35, 3.57, 3.36, 2.73, 2.65, 2.63, 3.53, 4.17, 4.47, 4.82, 4.34, 3.01, 3.35, 3.57, 3.11, 3.19, 3.78, 4.26, 3.76, 3.53, 3.97, 3.8, 3.27, 3.01, 3.83, 4.81, 5.75, 6.03, 6.08, 5.79, 4.81, 4.18, 4.34, 4.28, 4.05, 3.93, 3.54, 4.55, 4.6, 3.32, 3.81, 4.91, 5.58, 6.06, 5.5, 5.42, 6.447, 6.39, 5.91, 6.307, 6.07, 6.042, 5.86, 7.14, 8.56, 9.312, 9.215, 8.85, 9.09, 10.042], [1.77, 2.74, 3.19, 4.38, 4.19, 3.69, 4.0, 3.69, 2.44, 2.26, 3.19, 3.69, 3.67, 3.56, 3.73, 3.69, 3.12, 3.39, 3.32, 2.91, 2.1, 1.22, 0.97, 0.77, 0, 0.94, 2.24, 3.46, 3.27, 2.46, 2.34, 2.42, 3.34, 4.0, 4.28, 4.61, 4.05, 2.68, 2.9, 3.06, 2.56, 2.94, 3.49, 4.03, 3.49, 3.3, 3.72, 3.57, 3.14, 2.88, 3.66, 4.74, 5.66, 5.98, 6.01, 5.66, 4.7, 4.01, 4.09, 4.07, 3.82, 3.7, 3.33, 4.38, 4.43, 3.33, 3.9, 5.0, 5.47, 5.99, 5.43, 5.472, 6.525, 6.459, 5.999, 6.382, 6.142, 6.132, 5.91, 7.23, 8.65, 9.402, 9.305, 8.925, 9.142, 10.132], [1.75, 2.7, 3.35, 4.14, 3.89, 3.45, 3.72, 3.41, 2.26, 2.42, 3.75, 4.31, 4.21, 4.14, 4.31, 4.21, 3.62, 3.65, 3.8, 3.41, 2.72, 1.72, 1.49, 1.23, 0.94, 0, 1.84, 3.12, 2.85, 2.18, 2.02, 2.02, 2.92, 3.64, 3.84, 4.13, 3.61, 2.16, 2.42, 2.6, 2.12, 2.5, 3.05, 3.53, 2.91, 2.86, 3.3, 3.15, 2.84, 2.56, 3.3, 4.4, 5.32, 5.64, 5.67, 5.22, 4.26, 3.61, 3.67, 3.65, 3.4, 3.24, 2.89, 3.94, 4.05, 3.09, 3.66, 4.76, 5.29, 5.61, 5.05, 5.19, 6.231, 6.2, 5.696, 6.079, 5.839, 5.829, 5.63, 6.97, 8.39, 9.156, 9.039, 8.659, 8.851, 9.829], [1.85, 2.9, 3.41, 3.28, 2.85, 3.09, 2.8, 2.47, 2.04, 2.66, 4.21, 4.97, 4.91, 4.92, 5.07, 5.03, 4.5, 4.95, 5.08, 4.47, 3.48, 2.3, 2.31, 2.35, 2.24, 1.84, 0, 1.52, 1.57, 1.66, 1.6, 1.5, 2.14, 2.66, 2.88, 3.01, 2.77, 1.82, 2.64, 2.88, 2.7, 1.88, 2.29, 2.71, 2.49, 1.88, 1.94, 1.71, 1.52, 1.38, 1.96, 2.9, 3.64, 3.86, 3.91, 3.5, 2.7, 2.69, 2.61, 2.83, 2.74, 2.66, 2.23, 2.86, 2.57, 2.51, 3.1, 3.98, 4.43, 4.03, 3.53, 3.67, 4.68, 4.7, 4.17, 4.513, 4.293, 4.283, 4.1, 5.47, 6.89, 7.633, 7.516, 7.136, 7.313, 8.243], [2.55, 3.42, 3.25, 2.76, 2.29, 2.63, 2.12, 1.91, 2.0, 2.82, 4.45, 5.27, 5.27, 5.48, 5.53, 5.39, 5.12, 5.89, 6.3, 5.45, 4.28, 3.5, 3.47, 3.57, 3.46, 3.12, 1.52, 0, 1.13, 1.68, 2.02, 1.74, 1.74, 1.82, 1.84, 2.01, 1.89, 2.02, 3.08, 3.6, 3.6, 1.98, 1.95, 2.59, 2.61, 2.24, 1.82, 1.45, 1.44, 1.48, 1.44, 1.84, 2.44, 2.6, 2.63, 2.34, 1.82, 2.17, 1.91, 2.07, 2.1, 2.16, 1.79, 1.8, 1.63, 1.99, 2.2, 2.9, 3.27, 2.77, 2.39, 2.61, 3.58, 3.54, 3.12, 3.265, 3.1, 3.035, 2.91, 4.25, 5.67, 6.425, 6.308, 5.908, 6.085, 6.995], [2.26, 3.29, 3.24, 2.99, 2.46, 2.62, 2.25, 2.0, 2.01, 2.75, 4.54, 5.42, 5.44, 5.61, 5.68, 5.66, 5.15, 5.74, 6.05, 5.3, 4.07, 3.23, 3.28, 3.36, 3.27, 2.85, 1.57, 1.13, 0, 1.01, 1.37, 1.23, 1.49, 1.73, 1.89, 2.06, 1.96, 1.81, 2.79, 3.31, 3.39, 1.79, 1.74, 2.58, 2.58, 2.21, 1.97, 1.74, 1.73, 1.57, 1.59, 2.09, 2.83, 2.89, 2.92, 2.63, 2.15, 2.4, 2.08, 2.28, 2.25, 2.35, 1.78, 1.85, 1.88, 1.82, 2.07, 2.73, 3.24, 3.0, 2.5, 2.82, 3.621, 3.723, 3.25, 3.541, 3.326, 3.316, 3.16, 4.5, 5.92, 6.686, 6.569, 6.169, 6.366, 7.291], [1.49, 2.52, 2.43, 2.86, 2.31, 2.23, 2.14, 1.83, 1.66, 2.08, 3.77, 4.65, 4.67, 4.84, 4.91, 4.87, 4.22, 4.89, 5.18, 4.41, 3.26, 2.56, 2.75, 2.73, 2.46, 2.18, 1.66, 1.68, 1.01, 0, 0.68, 0.96, 1.4, 1.88, 2.22, 2.59, 2.11, 1.58, 2.58, 2.8, 2.76, 1.94, 2.01, 2.89, 2.77, 2.36, 2.3, 2.01, 1.86, 1.68, 1.7, 2.54, 3.36, 3.6, 3.65, 3.4, 2.58, 2.29, 2.15, 2.27, 2.22, 2.14, 1.59, 2.3, 2.33, 1.53, 2.16, 3.06, 3.65, 3.75, 3.25, 3.39, 4.393, 4.425, 3.98, 4.253, 4.048, 4.023, 3.87, 5.21, 6.63, 7.408, 7.291, 6.891, 7.088, 8.003], [1.41, 2.26, 2.33, 2.88, 2.37, 2.31, 2.36, 2.05, 1.62, 2.06, 3.55, 4.49, 4.49, 4.58, 4.69, 4.69, 4.08, 4.57, 4.84, 4.11, 2.96, 2.42, 2.65, 2.65, 2.34, 2.02, 1.6, 2.02, 1.37, 0.68, 0, 0.86, 1.42, 2.1, 2.42, 2.69, 2.27, 1.56, 2.48, 2.46, 2.48, 1.96, 2.03, 2.97, 2.81, 2.32, 2.28, 1.93, 1.76, 1.48, 1.82, 2.74, 3.62, 3.9, 3.93, 3.6, 2.7, 2.37, 2.37, 2.41, 2.36, 2.24, 1.65, 2.44, 2.45, 1.63, 2.4, 3.42, 3.95, 4.05, 3.55, 3.83, 4.756, 4.785, 4.32, 4.616, 4.416, 4.426, 4.215, 5.53, 6.95, 7.748, 7.631, 7.251, 7.428, 8.366], [1.51, 2.48, 2.61, 3.16, 2.55, 2.51, 2.6, 2.33, 1.78, 2.1, 3.77, 4.59, 4.63, 4.74, 4.83, 4.79, 4.22, 4.77, 5.06, 4.29, 3.24, 2.44, 2.65, 2.63, 2.42, 2.02, 1.5, 1.74, 1.23, 0.96, 0.86, 0, 1.22, 1.96, 2.3, 2.55, 2.05, 1.26, 2.18, 2.46, 2.56, 1.64, 1.81, 2.65, 2.43, 2.02, 2.04, 1.77, 1.68, 1.44, 1.5, 2.64, 3.5, 3.8, 3.81, 3.42, 2.5, 2.35, 2.31, 2.31, 2.2, 2.1, 1.55, 2.32, 2.35, 1.91, 2.64, 3.38, 3.85, 4.01, 3.53, 3.75, 4.733, 4.765, 4.28, 4.593, 4.388, 4.363, 4.21, 5.51, 6.93, 7.728, 7.611, 7.231, 7.428, 8.343], [2.17, 3.1, 2.91, 2.82, 2.25, 2.21, 2.24, 2.05, 2.14, 2.62, 4.11, 5.09, 5.17, 5.38, 5.43, 5.31, 4.84, 5.49, 5.88, 5.01, 3.82, 3.3, 3.53, 3.53, 3.34, 2.92, 2.14, 1.74, 1.49, 1.4, 1.42, 1.22, 0, 1.16, 1.56, 1.91, 1.69, 1.58, 2.76, 3.08, 3.2, 2.12, 1.99, 2.83, 2.83, 2.1, 1.76, 1.29, 1.44, 1.46, 1.16, 1.82, 2.66, 2.88, 2.93, 2.72, 1.92, 1.91, 1.71, 1.71, 1.62, 1.62, 1.31, 1.62, 1.65, 1.77, 2.3, 2.88, 3.11, 3.23, 2.93, 3.43, 4.02, 4.1, 3.8, 3.88, 3.74, 3.85, 3.59, 4.73, 6.135, 6.928, 6.831, 6.451, 6.628, 7.561], [2.99, 3.92, 3.55, 2.64, 2.03, 2.31, 1.92, 1.95, 2.42, 3.12, 4.83, 5.81, 5.91, 6.12, 6.13, 6.03, 5.58, 6.29, 6.7, 5.83, 4.58, 4.0, 4.09, 4.17, 4.0, 3.64, 2.66, 1.82, 1.73, 1.88, 2.1, 1.96, 1.16, 0, 0.82, 1.55, 1.57, 2.18, 3.34, 4.0, 4.1, 2.56, 2.13, 3.01, 3.25, 2.54, 2.02, 1.61, 1.8, 2.06, 1.56, 1.54, 1.98, 2.04, 2.17, 2.1, 1.86, 1.99, 1.61, 1.77, 1.86, 2.02, 1.87, 1.46, 1.31, 2.05, 2.1, 2.4, 2.23, 2.47, 2.37, 2.83, 3.36, 3.46, 3.12, 3.24, 2.96, 3.23, 2.91, 3.81, 5.13, 5.913, 5.816, 5.436, 5.613, 6.58], [3.45, 4.32, 3.81, 3.04, 2.45, 2.75, 2.2, 2.09, 2.58, 3.36, 5.11, 6.11, 6.21, 6.42, 6.45, 6.27, 6.02, 6.63, 7.02, 6.15, 4.94, 4.36, 4.33, 4.47, 4.28, 3.84, 2.88, 1.84, 1.89, 2.22, 2.42, 2.3, 1.56, 0.82, 0, 1.05, 1.55, 2.42, 3.52, 4.2, 4.28, 2.66, 2.11, 3.07, 3.37, 2.58, 2.1, 1.79, 2.02, 2.22, 1.8, 1.72, 2.36, 2.14, 2.19, 2.22, 2.12, 2.37, 2.11, 1.99, 2.14, 2.3, 2.01, 1.34, 1.77, 2.25, 2.06, 2.28, 2.13, 2.15, 1.91, 2.31, 2.9, 2.94, 2.58, 2.74, 2.52, 2.73, 2.43, 3.41, 4.83, 5.616, 5.519, 5.139, 5.319, 6.309], [3.74, 4.63, 4.06, 3.41, 2.88, 3.1, 2.59, 2.32, 2.75, 3.59, 5.32, 6.32, 6.44, 6.67, 6.72, 6.48, 6.27, 6.88, 7.37, 6.44, 5.25, 4.67, 4.7, 4.82, 4.61, 4.13, 3.01, 2.01, 2.06, 2.59, 2.69, 2.55, 1.91, 1.55, 1.05, 0, 1.22, 2.43, 3.53, 4.15, 4.25, 2.65, 1.94, 2.76, 3.08, 2.41, 2.07, 1.92, 2.33, 2.33, 1.79, 1.73, 2.67, 2.39, 2.44, 2.51, 2.33, 2.58, 2.28, 2.02, 2.25, 2.49, 2.2, 1.45, 1.98, 2.44, 2.49, 2.67, 2.56, 2.28, 1.82, 2.16, 2.803, 2.83, 2.61, 2.75, 2.61, 2.8, 2.6, 3.5, 4.92, 5.723, 5.606, 5.226, 5.403, 6.373], [3.02, 4.07, 3.52, 3.37, 2.82, 2.9, 2.57, 2.3, 2.51, 3.21, 4.84, 5.78, 5.94, 6.23, 6.28, 5.96, 5.61, 6.22, 6.71, 5.76, 4.75, 4.21, 4.28, 4.34, 4.05, 3.61, 2.77, 1.89, 1.96, 2.11, 2.27, 2.05, 1.69, 1.57, 1.55, 1.22, 0, 1.81, 2.99, 3.59, 3.65, 2.17, 1.64, 2.34, 2.62, 2.09, 2.01, 2.02, 2.37, 2.17, 1.27, 1.83, 2.61, 2.53, 2.76, 2.47, 2.25, 2.46, 2.1, 1.86, 1.97, 2.21, 1.82, 1.61, 1.88, 2.36, 2.47, 2.87, 3.02, 2.84, 2.42, 2.62, 3.45, 3.49, 3.49, 3.41, 3.19, 3.32, 3.24, 4.18, 5.545, 6.325, 6.241, 5.861, 6.038, 6.961], [1.83, 2.9, 3.49, 3.86, 3.33, 3.25, 3.28, 3.01, 2.54, 2.88, 4.53, 5.33, 5.27, 5.3, 5.43, 5.41, 4.72, 4.85, 5.2, 4.51, 3.82, 3.04, 3.13, 3.01, 2.68, 2.16, 1.82, 2.02, 1.81, 1.58, 1.56, 1.26, 1.58, 2.18, 2.42, 2.43, 1.81, 0, 1.46, 2.02, 2.1, 1.32, 1.23, 1.91, 1.59, 1.4, 1.82, 1.81, 2.16, 1.88, 1.62, 2.78, 3.7, 3.9, 3.91, 3.52, 2.84, 2.85, 2.61, 2.41, 2.38, 2.42, 2.07, 2.44, 2.65, 2.59, 3.24, 3.82, 4.19, 4.23, 3.71, 3.963, 4.993, 4.981, 4.481, 4.853, 4.613, 4.603, 4.421, 5.73, 7.141, 7.924, 7.836, 7.456, 7.633, 8.597], [2.69, 3.56, 4.37, 4.8, 4.27, 4.23, 4.24, 3.97, 3.52, 3.84, 5.43, 6.21, 6.13, 6.12, 6.19, 6.21, 5.5, 5.59, 5.72, 5.31, 4.72, 3.8, 3.51, 3.35, 2.9, 2.42, 2.64, 3.08, 2.79, 2.58, 2.48, 2.18, 2.76, 3.34, 3.52, 3.53, 2.99, 1.46, 0, 1.0, 1.36, 1.6, 1.97, 1.95, 1.33, 2.26, 2.72, 2.81, 3.1, 2.82, 2.82, 3.94, 4.82, 5.08, 5.13, 4.7, 3.9, 3.89, 3.67, 3.49, 3.42, 3.22, 2.95, 3.52, 3.73, 3.51, 4.18, 4.84, 5.25, 5.41, 4.89, 5.072, 6.122, 6.127, 5.639, 5.982, 5.762, 5.732, 5.558, 6.87, 8.278, 9.07, 8.973, 8.593, 8.782, 9.732], [2.59, 3.26, 4.31, 5.06, 4.63, 4.55, 4.64, 4.31, 3.74, 4.0, 5.33, 6.05, 5.93, 5.86, 5.87, 5.91, 5.22, 5.33, 5.46, 5.03, 4.6, 3.96, 3.77, 3.57, 3.06, 2.6, 2.88, 3.6, 3.31, 2.8, 2.46, 2.46, 3.08, 4.0, 4.2, 4.15, 3.59, 2.02, 1.0, 0, 1.2, 2.0, 2.45, 2.31, 1.65, 2.82, 3.28, 3.21, 3.38, 3.08, 3.26, 4.46, 5.38, 5.68, 5.75, 5.32, 4.4, 4.13, 4.09, 3.99, 3.9, 3.72, 3.33, 4.18, 4.25, 3.85, 4.68, 5.48, 5.99, 6.05, 5.53, 5.746, 6.796, 6.784, 6.29, 6.656, 6.416, 6.406, 6.221, 7.53, 8.941, 9.727, 9.636, 9.256, 9.433, 10.406], [2.39, 2.84, 4.05, 4.84, 4.61, 4.41, 4.56, 4.19, 3.52, 3.7, 4.95, 5.63, 5.51, 5.36, 5.33, 5.35, 4.74, 4.85, 5.0, 4.57, 4.16, 3.56, 3.33, 3.11, 2.56, 2.12, 2.7, 3.6, 3.39, 2.76, 2.48, 2.56, 3.2, 4.1, 4.28, 4.25, 3.65, 2.1, 1.36, 1.2, 0, 1.98, 2.53, 2.81, 2.09, 2.7, 3.22, 3.23, 3.26, 2.98, 3.32, 4.54, 5.46, 5.74, 5.79, 5.34, 4.34, 3.97, 4.01, 3.91, 3.78, 3.6, 3.33, 4.2, 4.31, 3.77, 4.48, 5.58, 6.07, 6.13, 5.59, 5.829, 6.879, 6.85, 6.353, 6.739, 6.499, 6.489, 6.283, 7.59, 9.003, 9.793, 9.699, 9.319, 9.499, 10.486], [2.27, 2.82, 3.69, 4.02, 3.55, 3.63, 3.42, 3.17, 2.96, 3.36, 4.87, 5.67, 5.55, 5.48, 5.47, 5.49, 5.02, 5.39, 5.34, 4.89, 4.22, 3.36, 3.21, 3.19, 2.94, 2.5, 1.88, 1.98, 1.79, 1.94, 1.96, 1.64, 2.12, 2.56, 2.66, 2.65, 2.17, 1.32, 1.6, 2.0, 1.98, 0, 1.19, 1.59, 1.27, 1.54, 1.96, 2.05, 2.28, 2.0, 1.78, 2.8, 3.64, 3.92, 3.97, 3.54, 3.0, 3.15, 2.83, 2.71, 2.66, 2.7, 2.33, 2.56, 2.63, 2.77, 3.3, 3.92, 4.39, 4.29, 3.75, 3.95, 4.982, 4.953, 4.459, 4.842, 4.602, 4.592, 4.383, 5.69, 7.103, 7.896, 7.799, 7.419, 7.602, 8.592], [2.44, 3.25, 3.76, 3.95, 3.38, 3.56, 3.25, 3.02, 2.85, 3.31, 5.04, 5.8, 5.72, 5.73, 5.74, 5.78, 5.29, 5.58, 5.85, 5.06, 4.43, 3.77, 3.86, 3.78, 3.49, 3.05, 2.29, 1.95, 1.74, 2.01, 2.03, 1.81, 1.99, 2.13, 2.11, 1.94, 1.64, 1.23, 1.97, 2.45, 2.53, 1.19, 0, 1.4, 1.56, 1.51, 1.77, 1.98, 2.51, 2.17, 1.61, 2.41, 3.25, 3.37, 3.56, 3.23, 2.87, 3.02, 2.68, 2.5, 2.53, 2.73, 2.34, 2.23, 2.54, 2.7, 3.01, 3.63, 3.92, 3.76, 3.26, 3.399, 4.43, 4.418, 3.926, 4.269, 4.049, 4.039, 3.848, 5.16, 6.568, 7.361, 7.263, 6.883, 7.069, 8.019], [3.3, 4.23, 4.96, 4.81, 4.34, 4.72, 4.31, 4.02, 3.99, 4.51, 6.18, 6.96, 6.84, 6.81, 6.84, 6.86, 6.13, 6.38, 6.57, 5.96, 5.49, 4.51, 4.28, 4.26, 4.03, 3.53, 2.71, 2.59, 2.58, 2.89, 2.97, 2.65, 2.83, 3.01, 3.07, 2.76, 2.34, 1.91, 1.95, 2.31, 2.81, 1.59, 1.4, 0, 1.04, 1.69, 2.23, 2.58, 3.29, 3.07, 2.29, 2.99, 3.69, 3.79, 4.1, 3.79, 3.39, 3.58, 3.4, 3.14, 3.23, 3.53, 3.4, 3.27, 3.28, 3.86, 4.21, 4.77, 5.02, 4.54, 4.04, 4.04, 5.11, 5.07, 4.55, 4.861, 4.658, 4.64, 4.46, 5.76, 7.165, 7.945, 7.861, 7.481, 7.658, 8.578], [3.08, 3.93, 4.72, 4.75, 4.26, 4.52, 4.21, 3.88, 3.75, 4.27, 5.9, 6.68, 6.56, 6.55, 6.58, 6.6, 5.87, 6.02, 6.17, 5.72, 5.19, 4.21, 3.9, 3.76, 3.49, 2.91, 2.49, 2.61, 2.58, 2.77, 2.81, 2.43, 2.83, 3.25, 3.37, 3.08, 2.62, 1.59, 1.33, 1.65, 2.09, 1.27, 1.56, 1.04, 0, 1.55, 2.09, 2.36, 2.99, 2.71, 2.23, 3.13, 3.89, 4.21, 4.32, 3.97, 3.47, 3.58, 3.24, 3.06, 3.05, 3.27, 3.14, 3.29, 3.3, 3.68, 4.19, 4.81, 5.22, 4.8, 4.34, 4.38, 5.43, 5.418, 4.911, 5.266, 5.046, 5.016, 4.86, 6.16, 7.568, 8.354, 8.263, 7.883, 8.061, 9.01], [2.69, 3.54, 4.11, 4.14, 3.69, 3.85, 3.64, 3.37, 3.02, 3.62, 5.19, 6.01, 5.97, 5.96, 6.13, 6.05, 5.58, 5.75, 5.88, 5.13, 4.42, 3.6, 3.51, 3.53, 3.3, 2.86, 1.88, 2.24, 2.21, 2.36, 2.32, 2.02, 2.1, 2.54, 2.58, 2.41, 2.09, 1.4, 2.26, 2.82, 2.7, 1.54, 1.51, 1.69, 1.55, 0, 1.24, 1.69, 2.2, 1.84, 1.6, 2.38, 3.16, 3.38, 3.77, 3.58, 3.14, 3.23, 2.81, 2.73, 2.78, 2.86, 2.67, 2.8, 2.87, 3.05, 3.58, 4.16, 4.37, 4.17, 3.55, 3.45, 4.42, 4.34, 3.86, 4.32, 4.08, 4.07, 3.79, 5.07, 6.486, 7.279, 7.182, 6.808, 7.005, 7.995], [2.79, 3.72, 3.81, 3.26, 2.87, 3.21, 2.86, 2.67, 2.68, 3.4, 4.85, 5.77, 5.81, 5.98, 6.03, 5.93, 5.58, 5.93, 6.3, 5.33, 4.24, 3.86, 3.85, 3.97, 3.72, 3.3, 1.94, 1.82, 1.97, 2.3, 2.28, 2.04, 1.76, 2.02, 2.1, 2.07, 2.01, 1.82, 2.72, 3.28, 3.22, 1.96, 1.77, 2.23, 2.09, 1.24, 0, 0.85, 1.44, 1.32, 1.42, 1.84, 2.46, 2.8, 3.09, 2.74, 2.28, 2.35, 2.07, 2.09, 2.18, 2.22, 2.09, 2.34, 2.21, 2.49, 3.0, 3.7, 3.87, 3.41, 3.05, 3.17, 4.0, 3.88, 3.46, 3.74, 3.48, 3.53, 3.25, 4.53, 5.946, 6.739, 6.642, 6.262, 6.462, 7.452], [2.58, 3.37, 3.4, 2.63, 2.26, 2.66, 2.35, 2.08, 2.23, 2.97, 4.5, 5.4, 5.44, 5.63, 5.68, 5.6, 5.27, 5.84, 6.19, 5.22, 4.05, 3.59, 3.66, 3.8, 3.57, 3.15, 1.71, 1.45, 1.74, 2.01, 1.93, 1.77, 1.29, 1.61, 1.79, 1.92, 2.02, 1.81, 2.81, 3.21, 3.23, 2.05, 1.98, 2.58, 2.36, 1.69, 0.85, 0, 0.97, 1.01, 1.19, 1.53, 2.27, 2.61, 2.72, 2.45, 1.85, 1.74, 1.6, 1.78, 1.87, 1.83, 1.74, 1.89, 1.66, 2.08, 2.65, 3.37, 3.58, 3.1, 2.78, 3.2, 3.93, 3.89, 3.43, 3.67, 3.43, 3.52, 3.2, 4.48, 5.891, 6.677, 6.586, 6.206, 6.383, 7.356], [2.23, 3.04, 2.83, 2.24, 1.77, 2.13, 1.88, 1.61, 1.7, 2.38, 3.73, 4.71, 4.79, 4.96, 5.05, 4.95, 4.78, 5.51, 5.76, 4.87, 3.6, 3.16, 3.13, 3.27, 3.14, 2.84, 1.52, 1.44, 1.73, 1.86, 1.76, 1.68, 1.44, 1.8, 2.02, 2.33, 2.37, 2.16, 3.1, 3.38, 3.26, 2.28, 2.51, 3.29, 2.99, 2.2, 1.44, 0.97, 0, 0.76, 1.48, 1.76, 2.58, 2.88, 2.93, 2.64, 1.82, 1.79, 1.69, 1.85, 1.86, 1.76, 1.51, 1.92, 1.59, 1.61, 2.08, 3.0, 3.43, 3.21, 2.91, 3.29, 3.96, 3.94, 3.62, 3.8, 3.58, 3.69, 3.37, 4.55, 5.966, 6.759, 6.662, 6.282, 6.482, 7.472], [1.93, 2.76, 2.69, 2.62, 2.19, 2.35, 2.28, 1.91, 1.46, 2.12, 3.61, 4.53, 4.57, 4.74, 4.79, 4.71, 4.54, 5.19, 5.46, 4.51, 3.28, 2.9, 2.89, 3.01, 2.88, 2.56, 1.38, 1.48, 1.57, 1.68, 1.48, 1.44, 1.46, 2.06, 2.22, 2.33, 2.17, 1.88, 2.82, 3.08, 2.98, 2.0, 2.17, 3.07, 2.71, 1.84, 1.32, 1.01, 0.76, 0, 1.28, 1.98, 2.88, 3.22, 3.27, 3.0, 2.32, 2.11, 2.07, 2.19, 2.14, 2.0, 1.49, 2.1, 1.95, 1.61, 2.3, 3.26, 3.69, 3.57, 3.09, 3.35, 4.205, 4.16, 3.76, 4.08, 3.84, 3.87, 3.59, 4.89, 6.306, 7.099, 7.002, 6.622, 6.822, 7.812], [2.53, 3.34, 2.95, 2.92, 2.39, 2.61, 2.4, 2.13, 2.04, 2.68, 4.17, 5.13, 5.21, 5.52, 5.55, 5.31, 5.14, 5.93, 6.28, 5.35, 4.12, 3.62, 3.73, 3.83, 3.66, 3.3, 1.96, 1.44, 1.59, 1.7, 1.82, 1.5, 1.16, 1.56, 1.8, 1.79, 1.27, 1.62, 2.82, 3.26, 3.32, 1.78, 1.61, 2.29, 2.23, 1.6, 1.42, 1.19, 1.48, 1.28, 0, 1.3, 2.2, 2.46, 2.57, 2.36, 1.9, 2.01, 1.75, 1.69, 1.76, 1.88, 1.57, 1.64, 1.63, 1.91, 2.5, 2.96, 3.27, 2.99, 2.55, 2.69, 3.66, 3.68, 3.46, 3.52, 3.3, 3.37, 3.21, 4.39, 5.795, 6.581, 6.491, 6.111, 6.288, 7.226], [3.55, 4.24, 3.31, 2.3, 1.93, 2.25, 1.82, 1.73, 2.62, 3.44, 4.75, 5.83, 5.93, 6.24, 6.31, 6.11, 6.18, 7.05, 7.36, 6.45, 5.2, 4.68, 4.65, 4.81, 4.74, 4.4, 2.9, 1.84, 2.09, 2.54, 2.74, 2.64, 1.82, 1.54, 1.72, 1.73, 1.83, 2.78, 3.94, 4.46, 4.54, 2.8, 2.41, 2.99, 3.13, 2.38, 1.84, 1.53, 1.76, 1.98, 1.3, 0, 1.18, 1.52, 1.79, 1.84, 1.76, 2.17, 1.67, 1.63, 1.9, 2.12, 1.81, 1.34, 1.13, 1.81, 2.14, 2.26, 2.39, 2.03, 1.99, 2.37, 2.6, 2.62, 2.88, 2.66, 2.44, 2.57, 2.45, 3.29, 4.59, 5.353, 5.32, 4.876, 5.1, 6.19], [4.45, 5.16, 3.99, 2.2, 1.91, 2.49, 2.08, 2.49, 3.6, 4.32, 5.43, 6.67, 6.77, 7.08, 7.17, 7.03, 7.1, 7.95, 8.28, 7.37, 6.12, 5.56, 5.59, 5.75, 5.66, 5.32, 3.64, 2.44, 2.83, 3.36, 3.62, 3.5, 2.66, 1.98, 2.36, 2.67, 2.61, 3.7, 4.82, 5.38, 5.46, 3.64, 3.25, 3.69, 3.89, 3.16, 2.46, 2.27, 2.58, 2.88, 2.2, 1.18, 0, 1.14, 1.47, 1.4, 1.8, 2.43, 2.11, 2.27, 2.52, 2.66, 2.61, 1.96, 1.51, 2.59, 2.8, 2.66, 2.65, 2.11, 2.81, 3.05, 2.74, 2.76, 3.0, 2.56, 2.48, 2.57, 2.43, 2.91, 3.85, 4.58, 4.72, 4.28, 4.6, 5.65], [4.67, 5.44, 4.63, 2.58, 2.41, 3.27, 2.64, 2.75, 3.74, 4.48, 5.95, 7.05, 7.15, 7.42, 7.49, 7.39, 7.38, 8.27, 8.6, 7.69, 6.44, 5.84, 5.87, 6.03, 5.98, 5.64, 3.86, 2.6, 2.89, 3.6, 3.9, 3.8, 2.88, 2.04, 2.14, 2.39, 2.53, 3.9, 5.08, 5.68, 5.74, 3.92, 3.37, 3.79, 4.21, 3.38, 2.8, 2.61, 2.88, 3.22, 2.46, 1.52, 1.14, 0, 0.97, 1.22, 1.9, 2.49, 2.29, 2.61, 2.8, 3.08, 3.07, 2.24, 1.91, 3.03, 2.88, 2.9, 2.69, 2.15, 2.53, 2.69, 2.68, 2.82, 2.68, 2.32, 2.3, 2.43, 2.11, 2.77, 3.617, 4.369, 4.273, 4.02, 4.16, 5.07], [4.76, 5.57, 4.7, 2.41, 2.24, 3.06, 2.39, 2.66, 3.83, 4.63, 6.1, 7.12, 7.24, 7.59, 7.64, 7.42, 7.45, 8.3, 8.63, 7.74, 6.49, 5.89, 5.9, 6.08, 6.01, 5.67, 3.91, 2.63, 2.92, 3.65, 3.93, 3.81, 2.93, 2.17, 2.19, 2.44, 2.76, 3.91, 5.13, 5.75, 5.79, 3.97, 3.56, 4.1, 4.32, 3.77, 3.09, 2.72, 2.93, 3.27, 2.57, 1.79, 1.47, 0.97, 0, 1.07, 1.93, 2.54, 2.26, 2.48, 2.71, 2.83, 3.04, 2.01, 1.8, 3.08, 2.93, 2.73, 2.48, 2.1, 2.54, 2.84, 3.01, 3.19, 3.15, 2.83, 2.77, 2.86, 2.64, 3.28, 3.54, 4.317, 4.39, 4.05, 4.15, 4.98], [4.53, 5.44, 4.49, 2.28, 1.99, 2.81, 2.24, 2.49, 3.58, 4.46, 5.89, 6.95, 7.07, 7.44, 7.49, 7.15, 7.18, 7.89, 8.28, 7.39, 6.16, 5.56, 5.63, 5.79, 5.66, 5.22, 3.5, 2.34, 2.63, 3.4, 3.6, 3.42, 2.72, 2.1, 2.22, 2.51, 2.47, 3.52, 4.7, 5.32, 5.34, 3.54, 3.23, 3.79, 3.97, 3.58, 2.74, 2.45, 2.64, 3.0, 2.36, 1.84, 1.4, 1.22, 1.07, 0, 1.3, 1.99, 1.85, 2.03, 2.2, 2.44, 2.49, 1.7, 1.41, 2.83, 2.82, 2.9, 2.95, 2.47, 2.91, 3.31, 3.32, 3.5, 3.52, 3.14, 3.04, 3.13, 2.89, 3.57, 4.19, 4.915, 4.898, 4.658, 4.66, 5.61], [3.53, 4.46, 3.59, 1.96, 1.57, 2.11, 1.62, 1.73, 2.64, 3.52, 4.95, 5.97, 6.11, 6.46, 6.51, 6.19, 6.2, 6.93, 7.32, 6.45, 5.22, 4.58, 4.65, 4.81, 4.7, 4.26, 2.7, 1.82, 2.15, 2.58, 2.7, 2.5, 1.92, 1.86, 2.12, 2.33, 2.25, 2.84, 3.9, 4.4, 4.34, 3.0, 2.87, 3.39, 3.47, 3.14, 2.28, 1.85, 1.82, 2.32, 1.9, 1.76, 1.8, 1.9, 1.93, 1.3, 0, 1.13, 1.05, 1.33, 1.38, 1.6, 1.71, 1.54, 1.21, 2.11, 2.3, 2.84, 3.07, 2.57, 2.93, 3.43, 3.56, 3.76, 3.72, 3.48, 3.28, 3.43, 3.21, 3.99, 5.163, 5.955, 5.879, 5.519, 5.676, 6.61], [2.92, 3.79, 3.18, 1.61, 1.48, 1.86, 1.65, 1.62, 2.17, 2.99, 4.46, 5.44, 5.56, 5.89, 5.92, 5.64, 5.51, 6.22, 6.61, 5.68, 4.51, 3.97, 4.06, 4.18, 4.01, 3.61, 2.69, 2.17, 2.4, 2.29, 2.37, 2.35, 1.91, 1.99, 2.37, 2.58, 2.46, 2.85, 3.89, 4.13, 3.97, 3.15, 3.02, 3.58, 3.58, 3.23, 2.35, 1.74, 1.79, 2.11, 2.01, 2.17, 2.43, 2.49, 2.54, 1.99, 1.13, 0, 0.84, 1.18, 1.17, 1.33, 1.7, 1.99, 1.56, 1.96, 2.31, 3.23, 3.48, 3.28, 3.48, 4.04, 4.39, 4.53, 4.41, 4.23, 4.07, 4.24, 4.0, 4.82, 5.84, 6.595, 6.478, 6.25, 6.275, 7.191], [3.0, 3.97, 3.22, 1.79, 1.46, 1.8, 1.47, 1.46, 2.23, 3.15, 4.64, 5.62, 5.76, 6.07, 6.12, 5.74, 5.63, 6.3, 6.73, 5.76, 4.65, 4.11, 4.24, 4.34, 4.09, 3.67, 2.61, 1.91, 2.08, 2.15, 2.37, 2.31, 1.71, 1.61, 2.11, 2.28, 2.1, 2.61, 3.67, 4.09, 4.01, 2.83, 2.68, 3.4, 3.24, 2.81, 2.07, 1.6, 1.69, 2.07, 1.75, 1.67, 2.11, 2.29, 2.26, 1.85, 1.05, 0.84, 0, 0.84, 0.89, 1.19, 1.5, 1.61, 1.1, 1.92, 2.19, 2.77, 3.02, 2.92, 3.04, 3.56, 3.91, 4.07, 4.07, 3.91, 3.67, 3.86, 3.64, 4.46, 5.54, 6.295, 6.218, 5.938, 5.994, 6.925], [3.0, 3.93, 3.14, 2.17, 1.78, 1.86, 1.65, 1.52, 2.13, 3.07, 4.52, 5.5, 5.64, 5.95, 6.02, 5.64, 5.59, 6.28, 6.71, 5.76, 4.61, 4.07, 4.16, 4.28, 4.07, 3.65, 2.83, 2.07, 2.28, 2.27, 2.41, 2.31, 1.71, 1.77, 1.99, 2.02, 1.86, 2.41, 3.49, 3.99, 3.91, 2.71, 2.5, 3.14, 3.06, 2.73, 2.09, 1.78, 1.85, 2.19, 1.69, 1.63, 2.27, 2.61, 2.48, 2.03, 1.33, 1.18, 0.84, 0, 0.57, 0.85, 1.24, 1.39, 1.24, 1.94, 2.19, 2.57, 2.96, 2.96, 3.0, 3.56, 3.97, 4.05, 4.15, 3.93, 3.73, 3.86, 3.72, 4.6, 5.78, 6.558, 6.55, 6.101, 6.258, 7.24], [2.71, 3.7, 3.01, 2.26, 1.89, 1.79, 1.74, 1.69, 2.0, 2.92, 4.29, 5.27, 5.41, 5.72, 5.79, 5.41, 5.34, 6.03, 6.44, 5.51, 4.38, 3.8, 3.95, 4.05, 3.82, 3.4, 2.74, 2.1, 2.25, 2.22, 2.36, 2.2, 1.62, 1.86, 2.14, 2.25, 1.97, 2.38, 3.42, 3.9, 3.78, 2.66, 2.53, 3.23, 3.05, 2.78, 2.18, 1.87, 1.86, 2.14, 1.76, 1.9, 2.52, 2.8, 2.71, 2.2, 1.38, 1.17, 0.89, 0.57, 0, 0.6, 1.09, 1.46, 1.35, 1.87, 2.12, 2.72, 3.11, 3.25, 3.23, 3.81, 4.18, 4.34, 4.42, 4.22, 4.02, 4.15, 4.01, 4.91, 6.029, 6.822, 6.78, 6.405, 6.522, 7.458], [2.63, 3.52, 2.89, 2.16, 1.85, 1.67, 1.7, 1.71, 1.98, 2.8, 4.11, 5.09, 5.25, 5.56, 5.61, 5.25, 5.2, 5.89, 6.3, 5.37, 4.2, 3.62, 3.81, 3.93, 3.7, 3.24, 2.66, 2.16, 2.35, 2.14, 2.24, 2.1, 1.62, 2.02, 2.3, 2.49, 2.21, 2.42, 3.22, 3.72, 3.6, 2.7, 2.73, 3.53, 3.27, 2.86, 2.22, 1.83, 1.76, 2.0, 1.88, 2.12, 2.66, 3.08, 2.83, 2.44, 1.6, 1.33, 1.19, 0.85, 0.6, 0, 0.97, 1.56, 1.53, 1.89, 2.24, 2.82, 3.17, 3.47, 3.43, 3.99, 4.34, 4.52, 4.64, 4.44, 4.24, 4.35, 4.23, 5.09, 6.11, 6.859, 6.94, 6.502, 6.579, 7.51], [2.28, 3.15, 2.4, 2.25, 1.76, 1.56, 1.63, 1.46, 1.63, 2.39, 3.68, 4.7, 4.86, 5.19, 5.26, 4.86, 4.87, 5.58, 5.95, 5.06, 3.85, 3.25, 3.56, 3.54, 3.33, 2.89, 2.23, 1.79, 1.78, 1.59, 1.65, 1.55, 1.31, 1.87, 2.01, 2.2, 1.82, 2.07, 2.95, 3.33, 3.33, 2.33, 2.34, 3.4, 3.14, 2.67, 2.09, 1.74, 1.51, 1.49, 1.57, 1.81, 2.61, 3.07, 3.04, 2.49, 1.71, 1.7, 1.5, 1.24, 1.09, 0.97, 0, 1.29, 1.34, 1.3, 1.97, 2.51, 3.0, 3.2, 2.94, 3.46, 3.93, 3.99, 4.17, 3.97, 3.77, 3.82, 3.78, 4.76, 6.04, 6.812, 6.79, 6.335, 6.549, 7.5], [3.39, 4.26, 3.29, 2.54, 1.97, 2.07, 1.7, 1.61, 2.46, 3.32, 4.69, 5.75, 5.87, 6.22, 6.27, 5.91, 5.98, 6.63, 7.04, 6.17, 4.94, 4.32, 4.43, 4.55, 4.38, 3.94, 2.86, 1.8, 1.85, 2.3, 2.44, 2.32, 1.62, 1.46, 1.34, 1.45, 1.61, 2.44, 3.52, 4.18, 4.2, 2.56, 2.23, 3.27, 3.29, 2.8, 2.34, 1.89, 1.92, 2.1, 1.64, 1.34, 1.96, 2.24, 2.01, 1.7, 1.54, 1.99, 1.61, 1.39, 1.46, 1.56, 1.29, 0, 1.01, 1.75, 1.88, 1.78, 2.13, 2.15, 2.13, 2.71, 2.92, 3.14, 3.3, 3.06, 2.88, 2.99, 2.87, 3.71, 4.966, 5.739, 5.7, 5.262, 5.48, 6.43], [3.32, 4.25, 3.3, 1.83, 1.42, 1.84, 1.37, 1.58, 2.43, 3.37, 4.72, 5.76, 5.9, 6.25, 6.32, 5.92, 5.93, 6.7, 7.07, 6.2, 4.95, 4.33, 4.46, 4.6, 4.43, 4.05, 2.57, 1.63, 1.88, 2.33, 2.45, 2.35, 1.65, 1.31, 1.77, 1.98, 1.88, 2.65, 3.73, 4.25, 4.31, 2.63, 2.54, 3.28, 3.3, 2.87, 2.21, 1.66, 1.59, 1.95, 1.63, 1.13, 1.51, 1.91, 1.8, 1.41, 1.21, 1.56, 1.1, 1.24, 1.35, 1.53, 1.34, 1.01, 0, 1.82, 2.09, 2.31, 2.48, 2.32, 2.56, 3.06, 3.25, 3.43, 3.59, 3.35, 3.15, 3.28, 3.16, 3.82, 4.9, 5.649, 5.67, 5.212, 5.43, 6.42], [2.2, 2.77, 1.78, 1.57, 1.22, 1.16, 1.17, 1.12, 1.27, 1.85, 3.18, 4.36, 4.38, 4.67, 4.78, 4.74, 4.81, 5.6, 5.89, 5.02, 3.75, 3.27, 3.28, 3.32, 3.33, 3.09, 2.51, 1.99, 1.82, 1.53, 1.63, 1.91, 1.77, 2.05, 2.25, 2.44, 2.36, 2.59, 3.51, 3.85, 3.77, 2.77, 2.7, 3.86, 3.68, 3.05, 2.49, 2.08, 1.61, 1.61, 1.91, 1.81, 2.59, 3.03, 3.08, 2.83, 2.11, 1.96, 1.92, 1.94, 1.87, 1.89, 1.3, 1.75, 1.82, 0, 1.11, 2.07, 2.72, 3.02, 2.86, 2.98, 3.47, 3.43, 3.51, 3.47, 3.21, 3.22, 3.12, 4.24, 5.58, 6.343, 6.286, 5.91, 6.17, 7.2], [2.89, 3.42, 2.39, 1.96, 1.59, 1.61, 1.44, 1.31, 1.74, 2.24, 3.65, 4.89, 4.95, 5.24, 5.45, 5.33, 5.46, 6.19, 6.46, 5.57, 4.24, 3.9, 3.69, 3.81, 3.9, 3.66, 3.1, 2.2, 2.07, 2.16, 2.4, 2.64, 2.3, 2.1, 2.06, 2.49, 2.47, 3.24, 4.18, 4.68, 4.48, 3.3, 3.01, 4.21, 4.19, 3.58, 3.0, 2.65, 2.08, 2.3, 2.5, 2.14, 2.8, 2.88, 2.93, 2.82, 2.3, 2.31, 2.19, 2.19, 2.12, 2.24, 1.97, 1.88, 2.09, 1.11, 0, 1.42, 2.13, 2.57, 2.47, 2.57, 2.9, 2.9, 2.88, 2.82, 2.6, 2.71, 2.49, 3.47, 4.85, 5.648, 5.6, 5.28, 5.58, 6.55], [4.07, 4.58, 3.29, 2.56, 2.15, 2.23, 1.94, 1.91, 2.84, 3.44, 4.71, 6.11, 6.15, 6.34, 6.61, 6.45, 6.64, 7.39, 7.68, 6.79, 5.5, 5.06, 4.81, 4.91, 5.0, 4.76, 3.98, 2.9, 2.73, 3.06, 3.42, 3.38, 2.88, 2.4, 2.28, 2.67, 2.87, 3.82, 4.84, 5.48, 5.58, 3.92, 3.63, 4.77, 4.81, 4.16, 3.7, 3.37, 3.0, 3.26, 2.96, 2.26, 2.66, 2.9, 2.73, 2.9, 2.84, 3.23, 2.77, 2.57, 2.72, 2.82, 2.51, 1.78, 2.31, 2.07, 1.42, 0, 1.13, 1.69, 1.97, 2.09, 2.14, 2.06, 2.38, 2.32, 2.08, 2.19, 2.07, 2.63, 3.69, 4.44, 4.44, 4.12, 4.52, 5.45], [4.62, 5.21, 4.06, 2.97, 2.58, 2.58, 2.15, 2.5, 3.41, 3.99, 5.46, 6.72, 6.8, 7.03, 7.18, 6.96, 7.19, 7.94, 8.23, 7.38, 6.07, 5.55, 5.44, 5.58, 5.47, 5.29, 4.43, 3.27, 3.24, 3.65, 3.95, 3.85, 3.11, 2.23, 2.13, 2.56, 3.02, 4.19, 5.25, 5.99, 6.07, 4.39, 3.92, 5.02, 5.22, 4.37, 3.87, 3.58, 3.43, 3.69, 3.27, 2.39, 2.65, 2.69, 2.48, 2.95, 3.07, 3.48, 3.02, 2.96, 3.11, 3.17, 3.0, 2.13, 2.48, 2.72, 2.13, 1.13, 0, 1.2, 1.52, 2.02, 2.09, 2.07, 2.49, 2.31, 2.37, 2.52, 2.2, 2.52, 3.4, 4.07, 4.07, 3.57, 3.83, 4.96], [5.06, 5.77, 4.58, 3.13, 2.72, 3.18, 2.37, 2.56, 3.73, 4.57, 6.04, 7.24, 7.34, 7.59, 7.7, 7.54, 7.59, 8.4, 8.81, 7.96, 6.65, 6.01, 5.9, 6.06, 5.99, 5.61, 4.03, 2.77, 3.0, 3.75, 4.05, 4.01, 3.23, 2.47, 2.15, 2.28, 2.84, 4.23, 5.41, 6.05, 6.13, 4.29, 3.76, 4.54, 4.8, 4.17, 3.41, 3.1, 3.21, 3.57, 2.99, 2.03, 2.11, 2.15, 2.1, 2.47, 2.57, 3.28, 2.92, 2.96, 3.25, 3.47, 3.2, 2.15, 2.32, 3.02, 2.57, 1.69, 1.2, 0, 1.04, 1.62, 1.63, 1.65, 2.03, 1.73, 1.85, 1.98, 1.76, 2.08, 3.16, 3.79, 3.71, 3.35, 3.61, 4.68], [4.56, 5.29, 4.44, 3.65, 3.18, 3.52, 2.73, 2.42, 3.15, 4.15, 5.82, 6.88, 7.0, 7.23, 7.32, 7.04, 7.09, 7.88, 8.27, 7.42, 6.11, 5.49, 5.34, 5.5, 5.43, 5.05, 3.53, 2.39, 2.5, 3.25, 3.55, 3.53, 2.93, 2.37, 1.91, 1.82, 2.42, 3.71, 4.89, 5.53, 5.59, 3.75, 3.26, 4.04, 4.34, 3.55, 3.05, 2.78, 2.91, 3.09, 2.55, 1.99, 2.81, 2.53, 2.54, 2.91, 2.93, 3.48, 3.04, 3.0, 3.23, 3.43, 2.94, 2.13, 2.56, 2.86, 2.47, 1.97, 1.52, 1.04, 0, 1.08, 1.65, 1.65, 1.81, 1.81, 1.87, 1.9, 1.72, 2.48, 3.64, 4.27, 4.19, 3.766, 3.95, 4.94], [4.52, 5.13, 4.36, 3.79, 3.36, 3.76, 3.09, 2.84, 3.29, 4.07, 5.72, 6.82, 6.8, 7.07, 7.24, 7.08, 7.11, 7.84, 8.21, 7.36, 6.09, 5.51, 5.34, 5.42, 5.472, 5.19, 3.67, 2.61, 2.82, 3.39, 3.83, 3.75, 3.43, 2.83, 2.31, 2.16, 2.62, 3.963, 5.072, 5.746, 5.829, 3.95, 3.399, 4.04, 4.38, 3.45, 3.17, 3.2, 3.29, 3.35, 2.69, 2.37, 3.05, 2.69, 2.84, 3.31, 3.43, 4.04, 3.56, 3.56, 3.81, 3.99, 3.46, 2.71, 3.06, 2.98, 2.57, 2.09, 2.02, 1.62, 1.08, 0, 1.19, 1.27, 1.33, 1.41, 1.35, 1.5, 1.46, 2.22, 3.5, 4.13, 4.01, 3.57, 3.71, 4.66], [5.51, 6.14, 4.85, 3.84, 3.45, 3.73, 3.28, 3.21, 4.22, 5.06, 6.31, 7.63, 7.67, 7.94, 8.15, 8.024, 8.12, 8.867, 9.271, 8.407, 7.117, 6.48, 6.35, 6.447, 6.525, 6.231, 4.68, 3.58, 3.621, 4.393, 4.756, 4.733, 4.02, 3.36, 2.9, 2.803, 3.45, 4.993, 6.122, 6.796, 6.879, 4.982, 4.43, 5.11, 5.43, 4.42, 4.0, 3.93, 3.96, 4.205, 3.66, 2.6, 2.74, 2.68, 3.01, 3.32, 3.56, 4.39, 3.91, 3.97, 4.18, 4.34, 3.93, 2.92, 3.25, 3.47, 2.9, 2.14, 2.09, 1.63, 1.65, 1.19, 0, 0.88, 1.26, 1.2, 1.3, 1.49, 1.61, 1.61, 2.65, 3.26, 3.22, 2.8, 3.1, 3.97], [5.55, 6.12, 4.69, 3.84, 3.57, 3.77, 3.34, 3.23, 4.18, 4.94, 6.17, 7.61, 7.69, 7.8, 8.09, 7.93, 8.12, 8.89, 9.18, 8.33, 7.04, 6.539, 6.29, 6.39, 6.459, 6.2, 4.7, 3.54, 3.723, 4.425, 4.785, 4.765, 4.1, 3.46, 2.94, 2.83, 3.49, 4.981, 6.127, 6.784, 6.85, 4.953, 4.418, 5.07, 5.418, 4.34, 3.88, 3.89, 3.94, 4.16, 3.68, 2.62, 2.76, 2.82, 3.19, 3.5, 3.76, 4.53, 4.07, 4.05, 4.34, 4.52, 3.99, 3.14, 3.43, 3.43, 2.9, 2.06, 2.07, 1.65, 1.65, 1.27, 0.88, 0, 1.1, 1.04, 1.04, 1.21, 1.43, 1.63, 2.73, 3.28, 3.38, 2.98, 3.38, 4.35], [5.05, 5.56, 4.71, 3.86, 3.59, 4.17, 3.5, 3.33, 3.9, 4.52, 6.09, 7.37, 7.29, 7.34, 7.63, 7.81, 7.68, 8.37, 8.7, 7.81, 6.52, 6.036, 5.79, 5.91, 5.999, 5.696, 4.17, 3.12, 3.25, 3.98, 4.32, 4.28, 3.8, 3.12, 2.58, 2.61, 3.49, 4.481, 5.639, 6.29, 6.353, 4.459, 3.926, 4.55, 4.911, 3.86, 3.46, 3.43, 3.62, 3.76, 3.46, 2.88, 3.0, 2.68, 3.15, 3.52, 3.72, 4.41, 4.07, 4.15, 4.42, 4.64, 4.17, 3.3, 3.59, 3.51, 2.88, 2.38, 2.49, 2.03, 1.81, 1.33, 1.26, 1.1, 0, 0.92, 0.86, 1.05, 1.17, 1.77, 3.05, 3.68, 3.62, 3.34, 3.68, 4.43], [5.355, 5.937, 4.69, 3.62, 3.33, 3.91, 3.32, 3.21, 4.08, 4.834, 6.07, 7.49, 7.47, 7.72, 7.972, 7.91, 7.973, 8.727, 9.088, 8.207, 6.917, 6.359, 6.172, 6.307, 6.382, 6.079, 4.513, 3.265, 3.541, 4.253, 4.616, 4.593, 3.88, 3.24, 2.74, 2.75, 3.41, 4.853, 5.982, 6.656, 6.739, 4.842, 4.269, 4.861, 5.266, 4.32, 3.74, 3.67, 3.8, 4.08, 3.52, 2.66, 2.56, 2.32, 2.83, 3.14, 3.48, 4.23, 3.91, 3.93, 4.22, 4.44, 3.97, 3.06, 3.35, 3.47, 2.82, 2.32, 2.31, 1.73, 1.81, 1.41, 1.2, 1.04, 0.92, 0, 0.74, 0.87, 1.11, 1.45, 2.75, 3.38, 3.3, 2.98, 3.34, 4.09], [5.175, 5.7, 4.45, 3.42, 3.15, 3.73, 3.06, 2.95, 3.82, 4.594, 5.85, 7.25, 7.29, 7.46, 7.75, 7.63, 7.751, 8.507, 8.86, 7.967, 6.677, 6.159, 5.95, 6.07, 6.142, 5.839, 4.293, 3.1, 3.326, 4.048, 4.416, 4.388, 3.74, 2.96, 2.52, 2.61, 3.19, 4.613, 5.762, 6.416, 6.499, 4.602, 4.049, 4.658, 5.046, 4.08, 3.48, 3.43, 3.58, 3.84, 3.3, 2.44, 2.48, 2.3, 2.77, 3.04, 3.28, 4.07, 3.67, 3.73, 4.02, 4.24, 3.77, 2.88, 3.15, 3.21, 2.6, 2.08, 2.37, 1.85, 1.87, 1.35, 1.3, 1.04, 0.86, 0.74, 0, 0.65, 1.03, 1.61, 2.95, 3.56, 3.52, 3.26, 3.58, 4.37], [5.125, 5.681, 4.36, 3.57, 3.3, 3.82, 3.23, 3.1, 3.81, 4.581, 5.88, 7.28, 7.18, 7.435, 7.722, 7.66, 7.703, 8.459, 8.838, 7.917, 6.65, 6.129, 5.922, 6.042, 6.132, 5.829, 4.283, 3.035, 3.316, 4.023, 4.426, 4.363, 3.85, 3.23, 2.73, 2.8, 3.32, 4.603, 5.732, 6.406, 6.489, 4.592, 4.039, 4.64, 5.016, 4.07, 3.53, 3.52, 3.69, 3.87, 3.37, 2.57, 2.57, 2.43, 2.86, 3.13, 3.43, 4.24, 3.86, 3.86, 