[[0, 0.73, 1.63, 2.9, 3.57, 4.426, 5.273, 4.532, 3.51, 3.54, 4.22, 4.28, 3.89, 3.08, 2.9, 3.14, 2.7, 2.54, 2.69, 3.05, 2.57, 2.29, 2.54, 2.81, 2.79, 3.28, 3.15, 3.31, 3.28, 3.1, 3.69, 3.61, 2.47, 2.08, 2.2, 2.15, 2.56, 3.12, 2.47, 2.17, 2.57, 2.37, 2.52, 3.23, 3.01, 3.0, 2.91, 2.85, 2.39, 2.37, 2.58, 3.38, 4.17, 4.12, 3.8, 3.99, 3.01, 2.56, 3.05, 4.06, 5.221, 5.619, 5.419, 5.662, 6.492, 6.994, 7.569, 7.596, 7.219, 7.183, 6.906, 6.419, 6.627, 6.835, 7.223, 8.496, 9.874, 9.666, 8.38, 7.801, 6.335, 4.872, 4.421, 4.625, 4.7, 4.423], [0.73, 0, 1.34, 2.87, 3.52, 4.399, 5.208, 4.467, 3.4, 3.55, 4.17, 4.17, 3.88, 3.13, 2.93, 3.15, 2.67, 2.47, 2.72, 3.18, 2.58, 2.32, 2.55, 2.86, 2.9, 3.31, 3.18, 3.34, 3.33, 3.23, 3.74, 3.68, 2.52, 2.09, 2.21, 2.02, 2.542, 3.023, 2.46, 2.16, 2.78, 2.32, 2.59, 3.2, 2.96, 2.93, 2.9, 2.74, 2.32, 2.28, 2.67, 3.57, 4.24, 4.23, 3.99, 4.18, 2.92, 2.61, 3.06, 4.016, 5.177, 5.572, 5.432, 5.589, 6.428, 6.941, 7.505, 7.532, 7.175, 7.139, 6.902, 6.435, 6.583, 6.848, 7.245, 8.431, 9.849, 9.621, 8.293, 7.782, 6.296, 4.862, 4.391, 4.623, 4.716, 4.362], [1.63, 1.34, 0, 1.63, 2.32, 3.25, 3.92, 3.245, 2.7, 3.19, 3.61, 3.71, 3.28, 2.99, 3.25, 3.55, 3.33, 3.39, 3.04, 3.04, 2.94, 2.6, 2.65, 2.86, 2.84, 2.97, 2.82, 2.94, 2.87, 2.85, 3.42, 3.28, 2.02, 1.69, 1.81, 1.48, 1.75, 2.27, 2.28, 2.58, 3.48, 2.96, 2.97, 3.52, 3.18, 3.19, 3.18, 3.16, 2.8, 2.88, 3.43, 4.43, 5.22, 5.19, 4.67, 4.7, 3.52, 2.85, 2.72, 2.83, 3.903, 4.292, 4.151, 4.307, 5.125, 5.67, 6.165, 6.192, 5.855, 5.837, 5.622, 5.177, 5.294, 5.556, 5.947, 7.168, 8.555, 8.333, 7.01, 6.502, 5.016, 3.691, 3.194, 3.352, 3.516, 3.456], [2.9, 2.87, 1.63, 0, 1.37, 2.0, 2.577, 2.26, 2.75, 3.3, 3.62, 3.82, 3.53, 3.24, 3.7, 3.96, 3.92, 3.94, 3.55, 3.35, 3.01, 2.65, 2.7, 2.75, 2.97, 3.02, 3.03, 3.01, 2.84, 2.92, 3.25, 3.01, 2.19, 2.2, 2.36, 1.79, 1.8, 2.28, 2.57, 3.03, 4.03, 3.55, 2.9, 3.15, 2.99, 3.02, 3.01, 3.11, 3.09, 3.67, 4.58, 5.48, 6.33, 6.52, 5.934, 5.63, 4.13, 3.24, 2.71, 2.12, 2.65, 2.83, 2.759, 3.005, 3.987, 4.665, 5.027, 4.905, 4.674, 4.71, 4.332, 3.868, 3.962, 4.202, 4.577, 5.705, 7.052, 6.915, 5.583, 5.032, 3.63, 2.35, 1.99, 2.12, 2.21, 2.47], [3.57, 3.52, 2.32, 1.37, 0, 1.09, 1.818, 1.73, 2.48, 2.89, 2.97, 2.95, 2.86, 2.71, 3.31, 3.63, 3.87, 3.93, 3.2, 2.98, 2.88, 2.72, 2.71, 2.96, 3.04, 3.01, 2.84, 2.72, 2.51, 2.67, 2.76, 2.48, 2.04, 2.61, 2.61, 2.36, 2.01, 2.13, 2.36, 3.34, 4.52, 4.04, 3.45, 3.54, 3.62, 3.67, 3.66, 3.86, 3.82, 4.2, 5.21, 6.21, 7.078, 7.159, 6.614, 6.34, 4.72, 3.15, 2.3, 1.69, 2.0, 2.26, 2.08, 2.28, 3.185, 3.7, 4.119, 4.117, 3.769, 3.762, 3.447, 3.0, 3.18, 3.345, 4.087, 5.138, 6.433, 6.193, 4.91, 4.38, 2.96, 1.9, 1.74, 1.87, 1.98, 2.22], [4.426, 4.399, 3.25, 2.0, 1.09, 0, 0.95, 1.5, 2.77, 3.02, 2.94, 2.82, 2.89, 2.88, 3.72, 4.04, 4.4, 4.52, 3.61, 3.23, 3.15, 3.15, 3.22, 3.41, 3.41, 3.24, 3.23, 3.01, 2.88, 2.94, 2.83, 2.53, 2.51, 3.36, 3.24, 3.01, 2.52, 2.46, 2.83, 4.03, 5.13, 4.69, 4.0, 4.01, 4.17, 4.26, 4.25, 4.49, 4.47, 4.97, 5.997, 7.0, 7.891, 8.052, 7.499, 7.134, 5.451, 3.7, 2.53, 1.84, 1.63, 1.65, 1.43, 1.49, 2.44, 3.01, 3.36, 3.33, 2.959, 2.932, 2.62, 2.15, 2.33, 2.55, 3.19, 4.21, 5.503, 5.263, 4.04, 3.492, 2.21, 1.55, 1.63, 1.7, 1.87, 2.05], [5.273, 5.208, 3.92, 2.577, 1.818, 0.95, 0, 1.43, 2.84, 3.11, 2.89, 2.75, 2.9, 3.17, 4.25, 4.51, 5.01, 5.15, 4.14, 3.44, 3.66, 3.66, 3.77, 3.76, 3.76, 3.47, 3.58, 3.22, 3.17, 3.33, 3.02, 2.7, 3.14, 3.97, 3.95, 3.66, 3.09, 2.79, 3.42, 4.66, 5.74, 5.36, 4.37, 4.44, 4.72, 4.79, 4.78, 5.02, 5.08, 5.72, 6.793, 7.759, 8.661, 8.842, 8.25, 7.83, 6.215, 4.37, 2.86, 1.89, 1.18, 1.24, 1.2, 1.0, 1.81, 2.5, 2.73, 2.66, 2.24, 2.21, 1.87, 1.54, 1.7, 1.88, 2.48, 3.36, 4.75, 4.55, 3.25, 2.76, 1.72, 1.38, 1.68, 1.59, 1.86, 2.1], [4.532, 4.467, 3.245, 2.26, 1.73, 1.5, 1.43, 0, 2.09, 2.26, 2.2, 2.16, 2.17, 2.66, 3.74, 4.02, 4.5, 4.64, 3.55, 2.93, 3.29, 3.21, 3.32, 3.63, 3.45, 3.22, 3.25, 2.95, 2.88, 2.94, 2.33, 2.09, 2.55, 3.36, 3.42, 3.17, 2.64, 2.36, 2.85, 4.21, 5.41, 4.93, 4.2, 4.35, 4.51, 4.64, 4.61, 4.81, 4.71, 5.105, 6.046, 7.178, 8.083, 8.133, 7.625, 7.23, 5.705, 3.66, 2.21, 1.02, 1.25, 1.41, 1.55, 1.51, 2.1, 2.61, 3.1, 3.13, 2.87, 2.78, 2.56, 2.09, 2.23, 2.47, 3.05, 4.05, 5.511, 5.34, 4.04, 3.55, 2.31, 1.61, 1.75, 1.56, 1.67, 1.83], [3.51, 3.4, 2.7, 2.75, 2.48, 2.77, 2.84, 2.09, 0, 1.03, 1.55, 1.75, 1.6, 1.57, 2.33, 2.59, 3.15, 3.31, 2.2, 1.62, 2.02, 2.1, 2.21, 2.12, 1.9, 1.57, 1.6, 1.54, 1.59, 1.51, 1.62, 1.48, 1.34, 1.99, 1.99, 1.94, 1.85, 1.35, 1.42, 2.76, 3.82, 3.4, 3.11, 3.28, 3.58, 3.61, 3.54, 3.64, 3.4, 3.8, 4.856, 5.705, 6.61, 6.808, 6.302, 5.98, 4.3, 2.57, 1.56, 1.69, 2.22, 2.68, 2.84, 2.82, 3.57, 4.2, 4.61, 4.6, 4.3, 4.29, 4.17, 3.88, 3.9, 3.78, 4.14, 5.36, 6.77, 6.63, 5.29, 4.8, 3.6, 2.32, 2.12, 2.23, 2.2, 1.8], [3.54, 3.55, 3.19, 3.3, 2.89, 3.02, 3.11, 2.26, 1.03, 0, 1.02, 1.4, 1.33, 1.3, 2.02, 2.24, 2.78, 2.92, 1.79, 1.51, 2.15, 2.57, 2.6, 2.19, 1.75, 1.38, 1.45, 1.17, 1.24, 1.3, 1.29, 1.27, 1.41, 1.88, 2.0, 2.19, 2.08, 1.58, 1.73, 2.59, 3.59, 3.25, 3.14, 3.51, 3.91, 3.96, 3.87, 3.87, 3.41, 3.551, 4.581, 5.512, 6.403, 6.556, 6.077, 5.854, 4.17, 2.6, 1.65, 1.82, 2.51, 2.79, 3.03, 3.03, 3.7, 4.37, 4.74, 4.73, 4.45, 4.46, 4.24, 3.91, 3.93, 4.03, 4.43, 5.61, 7.0, 6.8, 5.54, 5.07, 3.73, 2.55, 2.41, 2.52, 2.51, 2.13], [4.22, 4.17, 3.61, 3.62, 2.97, 2.94, 2.89, 2.2, 1.55, 1.02, 0, 0.86, 1.19, 1.82, 2.76, 2.96, 3.4, 3.6, 2.47, 2.13, 2.77, 3.13, 3.26, 2.83, 2.39, 2.08, 2.11, 1.87, 1.82, 1.84, 1.43, 1.43, 2.03, 2.58, 2.62, 2.83, 2.74, 2.14, 2.47, 3.41, 4.37, 4.09, 3.78, 4.23, 4.67, 4.74, 4.65, 4.63, 4.17, 4.254, 5.267, 6.307, 7.229, 7.318, 6.81, 6.524, 4.957, 3.34, 2.31, 2.04, 2.27, 2.77, 3.13, 2.93, 3.1, 3.63, 4.06, 4.09, 3.93, 3.88, 3.8, 3.43, 3.33, 3.41, 3.79, 4.97, 6.34, 6.16, 4.9, 4.45, 3.23, 2.33, 2.39, 2.46, 2.67, 2.23], [4.28, 4.17, 3.71, 3.82, 2.95, 2.82, 2.75, 2.16, 1.75, 1.4, 0.86, 0, 0.99, 1.98, 2.94, 3.2, 3.68, 3.82, 2.69, 2.43, 3.01, 3.25, 3.38, 3.23, 2.89, 2.54, 2.59, 2.23, 2.28, 2.3, 1.67, 1.71, 2.25, 2.96, 3.08, 3.01, 2.84, 2.3, 2.49, 3.71, 4.81, 4.428, 4.22, 4.59, 5.01, 5.08, 4.99, 4.99, 4.586, 4.708, 5.54, 6.635, 7.626, 7.629, 7.152, 6.996, 5.301, 3.46, 2.41, 2.06, 2.21, 2.79, 3.11, 2.77, 2.86, 3.35, 3.84, 3.91, 3.63, 3.5, 3.54, 3.19, 3.23, 3.15, 3.55, 4.73, 6.14, 5.96, 4.7, 4.21, 3.19, 2.29, 2.51, 2.54, 2.77, 2.37], [3.89, 3.88, 3.28, 3.53, 2.86, 2.89, 2.9, 2.17, 1.6, 1.33, 1.19, 0.99, 0, 1.61, 2.61, 2.83, 3.33, 3.45, 2.36, 2.1, 2.68, 2.74, 2.87, 3.0, 2.66, 2.29, 2.38, 2.0, 2.03, 2.03, 1.74, 1.68, 2.04, 2.75, 2.83, 2.78, 2.51, 2.05, 2.24, 3.46, 4.538, 4.16, 3.81, 4.04, 4.419, 4.469, 4.44, 4.6, 4.321, 4.421, 5.171, 6.374, 7.36, 7.336, 6.865, 6.741, 5.043, 3.13, 1.84, 1.77, 2.18, 2.86, 3.08, 2.82, 3.03, 3.42, 3.99, 4.12, 3.92, 3.79, 3.87, 3.5, 3.48, 3.48, 3.86, 5.02, 6.43, 6.23, 4.97, 4.48, 3.26, 2.24, 2.22, 2.37, 2.48, 2.16], [3.08, 3.13, 2.99, 3.24, 2.71, 2.88, 3.17, 2.66, 1.57, 1.3, 1.82, 1.98, 1.61, 0, 1.32, 1.66, 2.18, 2.3, 1.41, 1.09, 1.57, 1.89, 2.1, 1.87, 1.53, 1.28, 1.39, 1.17, 1.2, 1.24, 1.31, 1.33, 1.27, 1.92, 1.94, 2.29, 2.12, 1.68, 1.49, 2.37, 3.49, 3.06, 2.8, 3.25, 3.65, 3.72, 3.61, 3.63, 3.21, 3.42, 4.282, 5.407, 6.3, 6.313, 5.862, 5.71, 3.907, 2.08, 1.23, 2.1, 2.93, 3.41, 3.33, 3.33, 4.08, 4.59, 5.14, 5.17, 4.81, 4.76, 4.54, 4.27, 4.29, 4.43, 4.801, 5.99, 7.42, 7.2, 5.94, 5.43, 3.93, 2.63, 2.31, 2.52, 2.57, 2.17], [2.9, 2.93, 3.25, 3.7, 3.31, 3.72, 4.25, 3.74, 2.33, 2.02, 2.76, 2.94, 2.61, 1.32, 0, 0.76, 1.24, 1.4, 1.07, 1.09, 1.61, 1.91, 1.92, 1.65, 1.27, 1.38, 1.31, 1.53, 1.6, 1.54, 1.89, 2.11, 1.87, 2.06, 2.18, 2.43, 2.52, 2.12, 1.43, 1.89, 2.55, 2.47, 2.52, 3.01, 3.39, 3.46, 3.35, 3.35, 2.81, 2.71, 3.541, 4.535, 5.46, 5.49, 5.115, 5.054, 3.274, 1.58, 1.77, 2.98, 4.05, 4.49, 4.35, 4.47, 5.3, 5.81, 6.38, 6.41, 6.03, 5.98, 5.7, 5.35, 5.43, 5.467, 5.824, 7.21, 8.62, 8.4, 7.12, 6.43, 5.03, 3.65, 3.35, 3.42, 3.37, 3.07], [3.14, 3.15, 3.55, 3.96, 3.63, 4.04, 4.51, 4.02, 2.59, 2.24, 2.96, 3.2, 2.83, 1.66, 0.76, 0, 1.14, 1.26, 1.23, 1.35, 1.83, 2.21, 2.22, 1.79, 1.45, 1.64, 1.49, 1.77, 1.78, 1.72, 2.09, 2.37, 2.25, 2.36, 2.56, 2.79, 2.82, 2.44, 1.83, 1.97, 2.47, 2.49, 2.64, 3.09, 3.47, 3.54, 3.43, 3.45, 2.89, 2.63, 3.39, 4.37, 5.214, 5.241, 4.967, 4.997, 3.237, 1.68, 2.05, 3.28, 4.33, 4.77, 4.63, 4.73, 5.56, 6.03, 6.592, 6.619, 6.25, 6.2, 5.92, 5.61, 5.67, 5.764, 6.143, 7.43, 8.84, 8.6, 7.3, 6.69, 5.33, 3.95, 3.61, 3.7, 3.73, 3.43], [2.7, 2.67, 3.33, 3.92, 3.87, 4.4, 5.01, 4.5, 3.15, 2.78, 3.4, 3.68, 3.33, 2.18, 1.24, 1.14, 0, 0.74, 1.23, 1.85, 1.87, 1.99, 1.96, 1.71, 1.57, 2.04, 1.89, 2.15, 2.2, 2.1, 2.71, 2.93, 2.55, 2.38, 2.68, 2.97, 3.14, 3.0, 2.17, 1.61, 2.25, 1.89, 2.12, 2.57, 2.87, 2.9, 2.85, 2.95, 2.27, 1.93, 2.484, 3.607, 4.534, 4.525, 4.2, 4.13, 2.39, 1.4, 2.57, 3.8, 4.87, 5.27, 5.11, 5.23, 6.012, 6.484, 7.072, 7.102, 6.722, 6.689, 6.42, 6.11, 6.23, 6.35, 6.723, 8.007, 9.44, 9.2, 7.9, 7.29, 5.91, 4.55, 4.15, 4.26, 4.37, 4.07], [2.54, 2.47, 3.39, 3.94, 3.93, 4.52, 5.15, 4.64, 3.31, 2.92, 3.6, 3.82, 3.45, 2.3, 1.4, 1.26, 0.74, 0, 1.21, 1.99, 1.89, 1.83, 1.94, 1.69, 1.71, 2.24, 2.15, 2.33, 2.34, 2.3, 2.91, 3.09, 2.61, 2.44, 2.74, 2.99, 3.12, 3.1, 2.25, 1.43, 1.77, 1.49, 1.94, 2.21, 2.47, 2.5, 2.41, 2.43, 1.89, 1.95, 2.441, 3.524, 4.428, 4.414, 4.135, 4.05, 2.277, 1.6, 2.67, 3.94, 5.03, 5.43, 5.27, 5.39, 6.18, 6.644, 7.232, 7.262, 6.882, 6.849, 6.58, 6.27, 6.39, 6.51, 6.883, 8.167, 9.597, 9.36, 8.06, 7.45, 6.07, 4.69, 4.31, 4.4, 4.49, 4.19], [2.69, 2.72, 3.04, 3.55, 3.2, 3.61, 4.14, 3.55, 2.2, 1.79, 2.47, 2.69, 2.36, 1.41, 1.07, 1.23, 1.23, 1.21, 0, 1.14, 1.24, 1.56, 1.69, 1.4, 1.1, 1.39, 1.52, 1.52, 1.53, 1.45, 2.12, 2.2, 1.74, 1.87, 2.01, 2.24, 2.39, 2.19, 1.38, 1.4, 2.4, 2.18, 2.11, 2.66, 3.08, 3.13, 3.04, 3.04, 2.5, 2.5, 3.311, 4.408, 5.339, 5.326, 4.89, 4.791, 3.057, 1.65, 1.9, 2.93, 3.9, 4.3, 4.18, 4.26, 5.05, 5.56, 6.11, 6.14, 5.78, 5.75, 5.47, 5.2, 5.32, 5.36, 5.76, 7.04, 8.45, 8.25, 6.99, 6.38, 4.96, 3.64, 3.36, 3.41, 3.4, 3.08], [3.05, 3.18, 3.04, 3.35, 2.98, 3.23, 3.44, 2.93, 1.62, 1.51, 2.13, 2.43, 2.1, 1.09, 1.09, 1.35, 1.85, 1.99, 1.14, 0, 1.16, 1.62, 1.79, 1.42, 1.08, 1.17, 1.2, 1.24, 1.29, 1.33, 1.6, 1.48, 1.48, 1.79, 1.89, 2.2, 2.27, 1.65, 1.38, 2.0, 2.94, 2.6, 2.49, 2.98, 3.28, 3.33, 3.22, 3.24, 2.8, 2.978, 3.891, 5.005, 5.893, 5.954, 5.409, 5.163, 3.52, 1.89, 1.26, 2.11, 3.26, 3.7, 3.62, 3.66, 4.43, 5.02, 5.51, 5.54, 5.18, 5.15, 4.85, 4.48, 4.54, 4.66, 5.06, 6.34, 7.79, 7.61, 6.35, 5.74, 4.36, 2.98, 2.78, 2.87, 2.82, 2.44], [2.57, 2.58, 2.94, 3.01, 2.88, 3.15, 3.66, 3.29, 2.02, 2.15, 2.77, 3.01, 2.68, 1.57, 1.61, 1.83, 1.87, 1.89, 1.24, 1.16, 0, 0.98, 1.13, 1.1, 1.24, 1.67, 1.68, 1.88, 1.81, 1.73, 2.12, 1.82, 1.6, 1.91, 2.03, 2.32, 2.35, 2.01, 1.4, 1.66, 2.74, 2.44, 2.05, 2.42, 2.62, 2.65, 2.52, 2.58, 2.36, 2.8, 3.74, 4.769, 5.685, 5.772, 5.218, 4.993, 3.264, 1.67, 1.66, 2.55, 3.52, 3.98, 3.88, 3.98, 4.83, 5.34, 5.87, 5.88, 5.54, 5.47, 5.21, 4.84, 4.9, 4.92, 5.34, 6.66, 8.03, 7.89, 6.61, 5.98, 4.56, 3.16, 2.9, 3.05, 3.0, 2.6], [2.29, 2.32, 2.6, 2.65, 2.72, 3.15, 3.66, 3.21, 2.1, 2.57, 3.13, 3.25, 2.74, 1.89, 1.91, 2.21, 1.99, 1.83, 1.56, 1.62, 0.98, 0, 0.69, 1.18, 1.34, 1.97, 1.98, 2.1, 1.97, 1.93, 2.52, 2.24, 1.68, 1.95, 2.15, 2.24, 2.15, 1.97, 1.26, 1.54, 2.618, 2.28, 1.81, 2.02, 2.24, 2.326, 2.22, 2.416, 2.255, 2.667, 3.603, 4.689, 5.6, 5.672, 5.17, 4.901, 3.156, 1.85, 1.78, 2.47, 3.58, 4.04, 3.92, 4.02, 4.87, 5.44, 5.93, 5.94, 5.6, 5.53, 5.27, 4.88, 4.94, 5.0, 5.4, 6.72, 8.05, 7.93, 6.67, 6.06, 4.58, 3.18, 2.82, 2.97, 2.98, 2.62], [2.54, 2.55, 2.65, 2.7, 2.71, 3.22, 3.77, 3.32, 2.21, 2.6, 3.26, 3.38, 2.87, 2.1, 1.92, 2.22, 1.96, 1.94, 1.69, 1.79, 1.13, 0.69, 0, 0.95, 1.37, 2.08, 2.05, 2.23, 2.08, 2.06, 2.73, 2.23, 1.77, 1.98, 2.16, 2.33, 2.24, 2.12, 1.39, 1.53, 2.57, 2.33, 1.74, 1.91, 2.05, 2.16, 2.07, 2.23, 2.15, 2.594, 3.569, 4.619, 5.535, 5.646, 5.091, 4.877, 3.111, 1.72, 1.79, 2.74, 3.63, 4.07, 3.97, 4.15, 4.96, 5.53, 6.02, 6.03, 5.69, 5.62, 5.38, 4.95, 5.07, 5.03, 5.43, 6.83, 8.16, 8.04, 6.78, 6.11, 4.65, 3.23, 2.93, 3.0, 3.05, 2.75], [2.81, 2.86, 2.86, 2.75, 2.96, 3.41, 3.76, 3.63, 2.12, 2.19, 2.83, 3.23, 3.0, 1.87, 1.65, 1.79, 1.71, 1.69, 1.4, 1.42, 1.1, 1.18, 0.95, 0, 0.82, 1.39, 1.44, 1.64, 1.53, 1.67, 2.52, 2.14, 1.62, 1.61, 1.79, 2.08, 2.25, 2.07, 1.5, 1.38, 2.32, 2.06, 1.53, 1.82, 2.14, 2.19, 2.1, 2.1, 1.84, 2.392, 3.447, 4.402, 5.316, 5.468, 4.946, 4.591, 2.898, 1.65, 1.9, 2.91, 3.62, 4.1, 4.04, 4.16, 5.07, 5.76, 6.13, 6.06, 5.78, 5.81, 5.45, 5.02, 5.08, 5.18, 5.52, 6.82, 8.15, 8.03, 6.77, 6.2, 4.72, 3.26, 2.9, 3.05, 3.14, 2.82], [2.79, 2.9, 2.84, 2.97, 3.04, 3.41, 3.76, 3.45, 1.9, 1.75, 2.39, 2.89, 2.66, 1.53, 1.27, 1.45, 1.57, 1.71, 1.1, 1.08, 1.24, 1.34, 1.37, 0.82, 0, 0.95, 0.98, 1.14, 0.99, 1.11, 2.0, 1.98, 1.42, 1.41, 1.63, 1.96, 2.19, 1.87, 1.2, 1.52, 2.34, 2.02, 1.77, 2.24, 2.66, 2.71, 2.66, 2.6, 2.1, 2.388, 3.421, 4.402, 5.301, 5.459, 4.925, 4.554, 2.947, 1.69, 1.86, 2.81, 3.58, 4.06, 3.96, 4.08, 4.99, 5.66, 6.03, 6.0, 5.68, 5.71, 5.37, 5.0, 5.04, 5.14, 5.54, 6.8, 8.15, 7.99, 6.77, 6.2, 4.7, 3.28, 2.92, 3.05, 3.14, 2.82], [3.28, 3.31, 2.97, 3.02, 3.01, 3.24, 3.47, 3.22, 1.57, 1.38, 2.08, 2.54, 2.29, 1.28, 1.38, 1.64, 2.04, 2.24, 1.39, 1.17, 1.67, 1.97, 2.08, 1.39, 0.95, 0, 0.59, 0.63, 0.86, 0.94, 1.65, 1.71, 1.29, 1.48, 1.52, 1.85, 2.1, 1.7, 1.45, 2.05, 2.79, 2.49, 2.26, 2.61, 3.03, 3.12, 3.07, 2.99, 2.75, 2.868, 3.853, 4.729, 5.639, 5.821, 5.37, 5.064, 3.36, 2.06, 1.69, 2.58, 3.27, 3.65, 3.63, 3.79, 4.74, 5.41, 5.78, 5.65, 5.43, 5.46, 5.2, 4.85, 4.81, 4.95, 5.25, 6.41, 7.74, 7.64, 6.28, 5.77, 4.31, 2.93, 2.51, 2.74, 2.73, 2.47], [3.15, 3.18, 2.82, 3.03, 2.84, 3.23, 3.58, 3.25, 1.6, 1.45, 2.11, 2.59, 2.38, 1.39, 1.31, 1.49, 1.89, 2.15, 1.52, 1.2, 1.68, 1.98, 2.05, 1.44, 0.98, 0.59, 0, 0.66, 0.89, 0.91, 1.5, 1.7, 1.22, 1.37, 1.45, 1.9, 2.07, 1.73, 1.46, 2.02, 2.62, 2.4, 2.41, 2.8, 3.14, 3.21, 3.14, 3.12, 2.7, 2.62, 3.631, 4.505, 5.427, 5.582, 5.089, 4.826, 3.136, 1.93, 1.78, 2.59, 3.44, 3.94, 3.88, 3.94, 4.87, 5.52, 5.91, 5.9, 5.58, 5.57, 5.31, 4.94, 4.92, 5.12, 5.46, 6.68, 8.01, 7.85, 6.57, 6.06, 4.56, 3.16, 2.72, 2.91, 3.0, 2.64], [3.31, 3.34, 2.94, 3.01, 2.72, 3.01, 3.22, 2.95, 1.54, 1.17, 1.87, 2.23, 2.0, 1.17, 1.53, 1.77, 2.15, 2.33, 1.52, 1.24, 1.88, 2.1, 2.23, 1.64, 1.14, 0.63, 0.66, 0, 0.55, 0.79, 1.42, 1.46, 1.14, 1.47, 1.55, 1.9, 1.93, 1.51, 1.56, 2.12, 2.9, 2.56, 2.57, 3.04, 3.42, 3.49, 3.4, 3.38, 2.92, 2.9, 3.859, 4.779, 5.721, 5.849, 5.419, 5.089, 3.416, 2.19, 1.7, 2.37, 3.08, 3.56, 3.52, 3.58, 4.43, 5.12, 5.49, 5.46, 5.16, 5.17, 4.91, 4.6, 4.6, 4.74, 5.12, 6.3, 7.73, 7.55, 6.29, 5.8, 4.3, 2.92, 2.5, 2.71, 2.78, 2.48], [3.28, 3.33, 2.87, 2.84, 2.51, 2.88, 3.17, 2.88, 1.59, 1.24, 1.82, 2.28, 2.03, 1.2, 1.6, 1.78, 2.2, 2.34, 1.53, 1.29, 1.81, 1.97, 2.08, 1.53, 0.99, 0.86, 0.89, 0.55, 0, 0.64, 1.35, 1.39, 1.09, 1.38, 1.54, 1.95, 1.98, 1.56, 1.63, 2.15, 2.99, 2.65, 2.48, 2.97, 3.37, 3.44, 3.37, 3.33, 2.81, 2.93, 3.91, 4.929, 5.808, 5.981, 5.465, 5.084, 3.477, 2.3, 1.77, 2.24, 3.03, 3.45, 3.43, 3.47, 4.36, 5.05, 5.42, 5.39, 5.07, 5.1, 4.82, 4.45, 4.47, 4.63, 5.03, 6.21, 7.62, 7.46, 6.2, 5.71, 4.23, 2.81, 2.41, 2.6, 2.71, 2.39], [3.1, 3.23, 2.85, 2.92, 2.67, 2.94, 3.33, 2.94, 1.51, 1.3, 1.84, 2.3, 2.03, 1.24, 1.54, 1.72, 2.1, 2.3, 1.45, 1.33, 1.73, 1.93, 2.06, 1.67, 1.11, 0.94, 0.91, 0.79, 0.64, 0, 1.33, 1.33, 1.13, 1.52, 1.48, 1.85, 1.82, 1.48, 1.45, 2.13, 2.89, 2.65, 2.66, 3.11, 3.45, 3.56, 3.47, 3.47, 2.89, 2.95, 3.928, 4.887, 5.789, 5.899, 5.409, 5.181, 3.49, 2.3, 1.87, 2.32, 3.21, 3.67, 3.53, 3.71, 4.6, 5.21, 5.64, 5.65, 5.31, 5.28, 5.0, 4.59, 4.69, 4.69, 5.09, 6.43, 7.72, 7.6, 6.34, 5.73, 4.23, 2.83, 2.47, 2.58, 2.67, 2.33], [3.69, 3.74, 3.42, 3.25, 2.76, 2.83, 3.02, 2.33, 1.62, 1.29, 1.43, 1.67, 1.74, 1.31, 1.89, 2.09, 2.71, 2.91, 2.12, 1.6, 2.12, 2.52, 2.73, 2.52, 2.0, 1.65, 1.5, 1.42, 1.35, 1.33, 0, 0.84, 1.72, 2.31, 2.27, 2.56, 2.25, 1.61, 1.98, 2.86, 3.64, 3.44, 3.57, 4.04, 4.34, 4.41, 4.3, 4.26, 3.8, 3.76, 4.64, 5.577, 6.473, 6.606, 6.19, 5.98, 4.173, 2.73, 1.94, 1.89, 2.68, 3.18, 3.2, 3.24, 4.01, 4.58, 5.05, 5.04, 4.76, 4.65, 4.43, 3.96, 4.06, 4.12, 4.52, 5.86, 7.21, 6.99, 5.77, 5.1, 3.66, 2.36, 2.22, 2.25, 2.32, 1.98], [3.61, 3.68, 3.28, 3.01, 2.48, 2.53, 2.7, 2.09, 1.48, 1.27, 1.43, 1.71, 1.68, 1.33, 2.11, 2.37, 2.93, 3.09, 2.2, 1.48, 1.82, 2.24, 2.23, 2.14, 1.98, 1.71, 1.7, 1.46, 1.39, 1.33, 0.84, 0, 1.38, 2.15, 2.15, 2.42, 2.15, 1.53, 1.88, 2.76, 3.8, 3.54, 3.25, 3.66, 3.9, 3.99, 3.86, 3.9, 3.58, 3.86, 4.802, 5.754, 6.668, 6.8, 6.31, 6.079, 4.264, 2.55, 1.66, 1.71, 2.42, 2.9, 3.0, 3.0, 3.75, 4.34, 4.79, 4.78, 4.5, 4.41, 4.17, 3.68, 3.78, 3.84, 4.24, 5.58, 6.91, 6.75, 5.53, 4.86, 3.38, 2.12, 2.0, 2.03, 2.16, 1.84], [2.47, 2.52, 2.02, 2.19, 2.04, 2.51, 3.14, 2.55, 1.34, 1.41, 2.03, 2.25, 2.04, 1.27, 1.87, 2.25, 2.55, 2.61, 1.74, 1.48, 1.6, 1.68, 1.77, 1.62, 1.42, 1.29, 1.22, 1.14, 1.09, 1.13, 1.72, 1.38, 0, 0.97, 1.09, 1.34, 1.37, 1.25, 1.04, 2.06, 3.2, 2.76, 2.59, 2.96, 3.0, 3.03, 2.9, 2.96, 2.6, 2.9, 3.905, 4.805, 5.753, 5.877, 5.335, 5.14, 3.4, 1.89, 1.38, 2.05, 3.1, 3.52, 3.42, 3.56, 4.45, 5.06, 5.49, 5.5, 5.16, 5.11, 4.89, 4.44, 4.54, 4.8, 5.2, 6.38, 7.75, 7.59, 6.33, 5.84, 4.34, 2.88, 2.48, 2.73, 2.76, 2.42], [2.08, 2.09, 1.69, 2.2, 2.61, 3.36, 3.97, 3.36, 1.99, 1.88, 2.58, 2.96, 2.75, 1.92, 2.06, 2.36, 2.38, 2.44, 1.87, 1.79, 1.91, 1.95, 1.98, 1.61, 1.41, 1.48, 1.37, 1.47, 1.38, 1.52, 2.31, 2.15, 0.97, 0, 0.72, 1.21, 1.58, 1.76, 1.49, 1.61, 2.69, 2.23, 2.26, 2.89, 2.75, 2.76, 2.69, 2.57, 2.11, 2.27, 3.1, 4.08, 5.042, 5.14, 4.593, 4.37, 2.87, 2.06, 1.97, 2.9, 3.93, 4.35, 4.25, 4.35, 5.16, 5.81, 6.2, 6.25, 5.93, 5.9, 5.68, 5.23, 5.35, 5.63, 6.03, 7.21, 8.58, 8.42, 7.16, 6.67, 5.17, 3.71, 3.25, 3.48, 3.59, 3.23], [2.2, 2.21, 1.81, 2.36, 2.61, 3.24, 3.95, 3.42, 1.99, 2.0, 2.62, 3.08, 2.83, 1.94, 2.18, 2.56, 2.68, 2.74, 2.01, 1.89, 2.03, 2.15, 2.16, 1.79, 1.63, 1.52, 1.45, 1.55, 1.54, 1.48, 2.27, 2.15, 1.09, 0.72, 0, 1.07, 1.52, 1.86, 1.65, 1.93, 2.89, 2.47, 2.44, 3.07, 2.91, 2.94, 2.87, 2.69, 2.37, 2.51, 3.32, 4.08, 5.065, 5.217, 4.68, 4.59, 3.09, 2.18, 2.01, 2.94, 3.87, 4.29, 4.25, 4.37, 5.22, 5.85, 6.26, 6.25, 5.97, 5.92, 5.72, 5.25, 5.33, 5.63, 5.93, 7.11, 8.48, 8.34, 7.04, 6.55, 5.05, 3.59, 3.11, 3.38, 3.47, 3.11], [2.15, 2.02, 1.48, 1.79, 2.36, 3.01, 3.66, 3.17, 1.94, 2.19, 2.83, 3.01, 2.78, 2.29, 2.43, 2.79, 2.97, 2.99, 2.24, 2.2, 2.32, 2.24, 2.33, 2.08, 1.96, 1.85, 1.9, 1.9, 1.95, 1.85, 2.56, 2.42, 1.34, 1.21, 1.07, 0, 0.99, 1.45, 1.5, 2.18, 3.08, 2.76, 2.75, 3.2, 3.0, 2.97, 2.9, 2.74, 2.54, 2.94, 3.75, 4.49, 5.377, 5.527, 5.07, 4.94, 3.46, 2.61, 2.2, 2.67, 3.56, 3.92, 3.86, 4.06, 4.99, 5.68, 6.05, 5.96, 5.7, 5.73, 5.37, 4.9, 5.02, 5.28, 5.58, 6.72, 8.13, 7.97, 6.65, 6.12, 4.66, 3.2, 2.7, 2.95, 3.04, 2.72], [2.56, 2.542, 1.75, 1.8, 2.01, 2.52, 3.09, 2.64, 1.85, 2.08, 2.74, 2.84, 2.51, 2.12, 2.52, 2.82, 3.14, 3.12, 2.39, 2.27, 2.35, 2.15, 2.24, 2.25, 2.19, 2.1, 2.07, 1.93, 1.98, 1.82, 2.25, 2.15, 1.37, 1.58, 1.52, 0.99, 0, 1.12, 1.39, 2.31, 3.21, 3.15, 3.06, 3.37, 3.19, 3.18, 3.11, 3.23, 2.95, 3.37, 4.32, 5.058, 5.974, 6.146, 5.76, 5.49, 3.85, 2.76, 2.05, 2.28, 3.05, 3.47, 3.37, 3.57, 4.48, 5.15, 5.54, 5.49, 5.21, 5.2, 4.86, 4.37, 4.51, 4.67, 4.99, 6.27, 7.64, 7.48, 6.2, 5.59, 4.11, 2.73, 2.25, 2.4, 2.51, 2.15], [3.12, 3.023, 2.27, 2.28, 2.13, 2.46, 2.79, 2.36, 1.35, 1.58, 2.14, 2.3, 2.05, 1.68, 2.12, 2.44, 3.0, 3.1, 2.19, 1.65, 2.01, 1.97, 2.12, 2.07, 1.87, 1.7, 1.73, 1.51, 1.56, 1.48, 1.61, 1.53, 1.25, 1.76, 1.86, 1.45, 1.12, 0, 1.17, 2.37, 3.39, 3.33, 3.14, 3.35, 3.47, 3.46, 3.41, 3.49, 3.25, 3.65, 4.656, 5.549, 6.428, 6.596, 6.145, 5.83, 4.17, 2.64, 1.63, 1.76, 2.71, 3.15, 3.07, 3.23, 4.1, 4.79, 5.16, 5.11, 4.81, 4.86, 4.5, 4.01, 4.13, 4.21, 4.59, 5.93, 7.3, 7.14, 5.9, 5.23, 3.75, 2.33, 1.95, 2.04, 2.11, 1.79], [2.47, 2.46, 2.28, 2.57, 2.36, 2.83, 3.42, 2.85, 1.42, 1.73, 2.47, 2.49, 2.24, 1.49, 1.43, 1.83, 2.17, 2.25, 1.38, 1.38, 1.4, 1.26, 1.39, 1.5, 1.2, 1.45, 1.46, 1.56, 1.63, 1.45, 1.98, 1.88, 1.04, 1.49, 1.65, 1.5, 1.39, 1.17, 0, 1.56, 2.82, 2.6, 2.41, 2.72, 3.02, 3.03, 2.96, 3.08, 2.74, 3.02, 3.988, 4.865, 5.773, 5.884, 5.445, 5.26, 3.5, 1.77, 1.54, 2.29, 3.3, 3.72, 3.56, 3.78, 4.67, 5.24, 5.71, 5.72, 5.38, 5.31, 5.05, 4.62, 4.76, 4.88, 5.28, 6.56, 7.93, 7.75, 6.51, 5.9, 4.42, 3.02, 2.6, 2.77, 2.8, 2.46], [2.17, 2.16, 2.58, 3.03, 3.34, 4.03, 4.66, 4.21, 2.76, 2.59, 3.41, 3.71, 3.46, 2.37, 1.89, 1.97, 1.61, 1.43, 1.4, 2.0, 1.66, 1.54, 1.53, 1.38, 1.52, 2.05, 2.02, 2.12, 2.15, 2.13, 2.86, 2.76, 2.06, 1.61, 1.93, 2.18, 2.31, 2.37, 1.56, 0, 1.48, 1.38, 1.43, 2.06, 2.08, 2.25, 2.26, 2.2, 1.68, 1.68, 2.69, 3.562, 4.472, 4.587, 4.123, 3.8, 2.2, 1.65, 2.5, 3.61, 4.58, 4.98, 4.82, 5.04, 5.93, 6.56, 6.99, 7.0, 6.64, 6.63, 6.29, 5.86, 6.0, 6.2, 6.593, 7.86, 9.244, 9.05, 7.77, 7.16, 5.72, 4.3, 3.8, 3.97, 4.06, 3.74], [2.57, 2.78, 3.48, 4.03, 4.52, 5.13, 5.74, 5.41, 3.82, 3.59, 4.37, 4.81, 4.538, 3.49, 2.55, 2.47, 2.25, 1.77, 2.4, 2.94, 2.74, 2.618, 2.57, 2.32, 2.34, 2.79, 2.62, 2.9, 2.99, 2.89, 3.64, 3.8, 3.2, 2.69, 2.89, 3.08, 3.21, 3.39, 2.82, 1.48, 0, 1.1, 2.01, 2.32, 2.18, 2.27, 2.22, 2.04, 1.58, 1.44, 1.97, 2.59, 3.467, 3.581, 3.237, 3.1, 2.0, 2.51, 3.54, 4.77, 5.66, 6.08, 5.94, 6.186, 7.125, 7.792, 8.179, 8.12, 7.846, 7.842, 7.479, 7.02, 7.106, 7.186, 7.526, 8.852, 10.247, 10.07, 8.77, 8.08, 6.657, 5.24, 4.82, 4.927, 4.939, 4.631], [2.37, 2.32, 2.96, 3.55, 4.04, 4.69, 5.36, 4.93, 3.4, 3.25, 4.09, 4.428, 4.16, 3.06, 2.47, 2.49, 1.89, 1.49, 2.18, 2.6, 2.44, 2.28, 2.33, 2.06, 2.02, 2.49, 2.4, 2.56, 2.65, 2.65, 3.44, 3.54, 2.76, 2.23, 2.47, 2.76, 3.15, 3.33, 2.6, 1.38, 1.1, 0, 1.57, 1.86, 1.74, 1.71, 1.7, 1.54, 1.0, 0.94, 1.63, 2.61, 3.498, 3.628, 3.083, 2.86, 1.42, 1.93, 3.06, 4.27, 5.26, 5.68, 5.62, 5.766, 6.696, 7.272, 7.736, 7.723, 7.406, 7.342, 7.096, 6.72, 6.76, 6.966, 7.305, 8.494, 9.924, 9.713, 8.393, 7.882, 6.405, 5.02, 4.474, 4.732, 4.856, 4.536], [2.52, 2.59, 2.97, 2.9, 3.45, 4.0, 4.37, 4.2, 3.11, 3.14, 3.78, 4.22, 3.81, 2.8, 2.52, 2.64, 2.12, 1.94, 2.11, 2.49, 2.05, 1.81, 1.74, 1.53, 1.77, 2.26, 2.41, 2.57, 2.48, 2.66, 3.57, 3.25, 2.59, 2.26, 2.44, 2.75, 3.06, 3.14, 2.41, 1.43, 2.01, 1.57, 0, 0.99, 1.27, 1.52, 1.57, 1.63, 1.47, 1.93, 2.94, 3.86, 4.824, 5.034, 4.474, 3.964, 2.49, 1.88, 2.59, 3.62, 4.21, 4.41, 4.35, 4.617, 5.61, 6.237, 6.541, 6.405, 6.165, 6.227, 5.901, 5.67, 5.61, 5.817, 6.105, 7.171, 8.601, 8.449, 7.02, 6.475, 5.119, 3.81, 3.29, 3.58, 3.63, 3.45], [3.23, 3.2, 3.52, 3.15, 3.54, 4.01, 4.44, 4.35, 3.28, 3.51, 4.23, 4.59, 4.04, 3.25, 3.01, 3.09, 2.57, 2.21, 2.66, 2.98, 2.42, 2.02, 1.91, 1.82, 2.24, 2.61, 2.8, 3.04, 2.97, 3.11, 4.04, 3.66, 2.96, 2.89, 3.07, 3.2, 3.37, 3.35, 2.72, 2.06, 2.32, 1.86, 0.99, 0, 0.82, 1.09, 1.16, 1.3, 1.48, 2.36, 3.296, 4.23, 5.149, 5.376, 4.793, 4.303, 2.743, 2.19, 2.7, 3.75, 4.24, 4.4, 4.28, 4.68, 5.763, 6.327, 6.594, 6.281, 6.098, 6.317, 5.971, 5.68, 5.6, 5.804, 6.153, 7.107, 8.414, 8.25, 6.79, 6.16, 4.86, 3.78, 3.26, 3.61, 3.58, 3.46], [3.01, 2.96, 3.18, 2.99, 3.62, 4.17, 4.72, 4.51, 3.58, 3.91, 4.67, 5.01, 4.419, 3.65, 3.39, 3.47, 2.87, 2.47, 3.08, 3.28, 2.62, 2.24, 2.05, 2.14, 2.66, 3.03, 3.14, 3.42, 3.37, 3.45, 4.34, 3.9, 3.0, 2.75, 2.91, 3.0, 3.19, 3.47, 3.02, 2.08, 2.18, 1.74, 1.27, 0.82, 0, 0.63, 0.72, 1.0, 1.34, 2.06, 2.87, 3.71, 4.626, 4.856, 4.273, 3.84, 2.3, 2.25, 2.92, 3.99, 4.61, 4.84, 4.72, 5.07, 6.163, 6.73, 6.994, 6.803, 6.572, 6.737, 6.311, 5.924, 5.95, 6.147, 6.553, 7.507, 8.877, 8.776, 7.29, 6.66, 5.366, 4.12, 3.6, 3.91, 3.915, 3.76], [3.0, 2.93, 3.19, 3.02, 3.67, 4.26, 4.79, 4.64, 3.61, 3.96, 4.74, 5.08, 4.469, 3.72, 3.46, 3.54, 2.9, 2.5, 3.13, 3.33, 2.65, 2.326, 2.16, 2.19, 2.71, 3.12, 3.21, 3.49, 3.44, 3.56, 4.41, 3.99, 3.03, 2.76, 2.94, 2.97, 3.18, 3.46, 3.03, 2.25, 2.27, 1.71, 1.52, 1.09, 0.63, 0, 0.35, 0.67, 1.19, 2.05, 2.7, 3.44, 4.359, 4.583, 4.0, 3.59, 2.05, 2.34, 3.03, 4.098, 4.72, 4.98, 4.919, 5.243, 6.313, 6.9, 7.212, 7.073, 6.842, 6.881, 6.532, 6.111, 6.14, 6.368, 6.723, 7.725, 9.146, 9.046, 7.54, 6.97, 5.656, 4.29, 3.83, 4.04, 4.105, 3.93], [2.91, 2.9, 3.18, 3.01, 3.66, 4.25, 4.78, 4.61, 3.54, 3.87, 4.65, 4.99, 4.44, 3.61, 3.35, 3.43, 2.85, 2.41, 3.04, 3.22, 2.52, 2.22, 2.07, 2.1, 2.66, 3.07, 3.14, 3.4, 3.37, 3.47, 4.3, 3.86, 2.9, 2.69, 2.87, 2.9, 3.11, 3.41, 2.96, 2.26, 2.22, 1.7, 1.57, 1.16, 0.72, 0.35, 0, 0.6, 1.16, 2.04, 2.67, 3.39, 4.303, 4.533, 3.97, 3.58, 2.06, 2.29, 2.96, 4.068, 4.73, 5.041, 4.983, 5.253, 6.283, 6.87, 7.222, 7.138, 6.869, 6.891, 6.542, 6.101, 6.15, 6.349, 6.693, 7.775, 9.156, 9.09, 7.59, 7.02, 5.68, 4.3, 3.88, 4.03, 4.14, 3.92], [2.85, 2.74, 3.16, 3.11, 3.86, 4.49, 5.02, 4.81, 3.64, 3.87, 4.63, 4.99, 4.6, 3.63, 3.35, 3.45, 2.95, 2.43, 3.04, 3.24, 2.58, 2.416, 2.23, 2.1, 2.6, 2.99, 3.12, 3.38, 3.33, 3.47, 4.26, 3.9, 2.96, 2.57, 2.69, 2.74, 3.23, 3.49, 3.08, 2.2, 2.04, 1.54, 1.63, 1.3, 1.0, 0.67, 0.6, 0, 1.0, 1.86, 2.45, 3.15, 4.089, 4.293, 3.71, 3.34, 1.98, 2.45, 3.14, 4.268, 4.944, 5.232, 5.189, 5.473, 6.503, 7.101, 7.465, 7.343, 7.092, 7.145, 6.785, 6.358, 6.352, 6.595, 6.913, 8.015, 9.376, 9.31, 7.81, 7.26, 5.9, 4.5, 4.08, 4.27, 4.34, 4.1], [2.39, 2.32, 2.8, 3.09, 3.82, 4.47, 5.08, 4.71, 3.4, 3.41, 4.17, 4.586, 4.321, 3.21, 2.81, 2.89, 2.27, 1.89, 2.5, 2.8, 2.36, 2.255, 2.15, 1.84, 2.1, 2.75, 2.7, 2.92, 2.81, 2.89, 3.8, 3.58, 2.6, 2.11, 2.37, 2.54, 2.95, 3.25, 2.74, 1.68, 1.58, 1.0, 1.47, 1.48, 1.34, 1.19, 1.16, 1.0, 0, 1.18, 1.99, 2.91, 3.789, 3.942, 3.347, 3.02, 1.66, 1.95, 2.96, 4.105, 5.041, 5.412, 5.263, 5.495, 6.491, 7.121, 7.485, 7.432, 7.112, 7.165, 6.785, 6.378, 6.432, 6.675, 7.065, 8.275, 9.633, 9.382, 8.053, 7.522, 6.065, 4.651, 4.18, 4.465, 4.516, 4.236], [2.37, 2.28, 2.88, 3.67, 4.2, 4.97, 5.72, 5.105, 3.8, 3.551, 4.254, 4.708, 4.421, 3.42, 2.71, 2.63, 1.93, 1.95, 2.5, 2.978, 2.8, 2.667, 2.594, 2.392, 2.388, 2.868, 2.62, 2.9, 2.93, 2.95, 3.76, 3.86, 2.9, 2.27, 2.51, 2.94, 3.37, 3.65, 3.02, 1.68, 1.44, 0.94, 1.93, 2.36, 2.06, 2.05, 2.04, 1.86, 1.18, 0, 1.13, 2.23, 3.12, 3.213, 2.63, 2.52, 1.22, 1.87, 3.32, 4.597, 5.663, 6.069, 5.943, 6.104, 6.954, 7.547, 8.008, 8.018, 7.675, 7.654, 7.442, 6.972, 7.095, 7.365, 7.747, 8.931, 10.364, 10.144, 8.79, 8.282, 6.845, 5.391, 4.934, 5.152, 5.256, 4.942], [2.58, 2.67, 3.43, 4.58, 5.21, 5.997, 6.793, 6.046, 4.856, 4.581, 5.267, 5.54, 5.171, 4.282, 3.541, 3.39, 2.484, 2.441, 3.311, 3.891, 3.74, 3.603, 3.569, 3.447, 3.421, 3.853, 3.631, 3.859, 3.91, 3.928, 4.64, 4.802, 3.905, 3.1, 3.32, 3.75, 4.32, 4.656, 3.988, 2.69, 1.97, 1.63, 2.94, 3.296, 2.87, 2.7, 2.67, 2.45, 1.99, 1.13, 0, 1.52, 2.39, 2.34, 1.88, 2.15, 1.51, 2.68, 4.22, 5.589, 6.724, 7.124, 6.976, 7.13, 7.895, 8.4, 8.975, 9.039, 8.676, 8.644, 8.434, 7.961, 8.121, 8.406, 8.803, 9.996, 11.44, 11.22, 9.883, 9.375, 7.912, 6.458, 6.027, 6.239, 6.312, 5.997], [3.38, 3.57, 4.43, 5.48, 6.21, 7.0, 7.759, 7.178, 5.705, 5.512, 6.307, 6.635, 6.374, 5.407, 4.535, 4.37, 3.607, 3.524, 4.408, 5.005, 4.769, 4.689, 4.619, 4.402, 4.402, 4.729, 4.505, 4.779, 4.929, 4.887, 5.577, 5.754, 4.805, 4.08, 4.08, 4.49, 5.058, 5.549, 4.865, 3.562, 2.59, 2.61, 3.86, 4.23, 3.71, 3.44, 3.39, 3.15, 2.91, 2.23, 1.52, 0, 1.23, 1.38, 1.34, 1.43, 1.67, 3.76, 5.331, 6.667, 7.662, 8.045, 7.976, 8.159, 9.035, 9.637, 10.078, 10.054, 9.765, 9.724, 9.495, 9.025, 9.105, 9.439, 9.798, 10.93, 12.377, 12.197, 10.823, 10.295, 8.878, 7.424, 6.927, 7.145, 7.226, 6.949], [4.17, 4.24, 5.22, 6.33, 7.078, 7.891, 8.661, 8.083, 6.61, 6.403, 7.229, 7.626, 7.36, 6.3, 5.46, 5.214, 4.534, 4.428, 5.339, 5.893, 5.685, 5.6, 5.535, 5.316, 5.301, 5.639, 5.427, 5.721, 5.808, 5.789, 6.473, 6.668, 5.753, 5.042, 5.065, 5.377, 5.974, 6.428, 5.773, 4.472, 3.467, 3.498, 4.824, 5.149, 4.626, 4.359, 4.303, 4.089, 3.789, 3.12, 2.39, 1.23, 0, 0.67, 1.15, 1.36, 2.56, 4.714, 6.259, 7.603, 8.618, 8.998, 8.889, 9.058, 10.011, 10.633, 11.054, 11.007, 10.721, 10.7, 10.431, 9.961, 10.041, 10.338, 10.697, 11.857, 13.29, 13.093, 11.738, 11.225, 9.774, 8.337, 7.837, 8.084, 8.142, 7.846], [4.12, 4.23, 5.19, 6.52, 7.159, 8.052, 8.842, 8.133, 6.808, 6.556, 7.318, 7.629, 7.336, 6.313, 5.49, 5.241, 4.525, 4.414, 5.326, 5.954, 5.772, 5.672, 5.646, 5.468, 5.459, 5.821, 5.582, 5.849, 5.981, 5.899, 6.606, 6.8, 5.877, 5.14, 5.217, 5.527, 6.146, 6.596, 5.884, 4.587, 3.581, 3.628, 5.034, 5.376, 4.856, 4.583, 4.533, 4.293, 3.942, 3.213, 2.34, 1.38, 0.67, 0, 0.96, 1.31, 2.727, 4.71, 6.289, 7.71, 8.813, 9.222, 9.088, 9.231, 10.081, 10.652, 11.156, 11.171, 10.823, 10.799, 10.584, 10.117, 10.251, 10.498, 10.863, 12.076, 13.465, 13.249, 11.946, 11.429, 9.952, 8.509, 8.027, 8.259, 8.337, 7.988], [3.8, 3.99, 4.67, 5.934, 6.614, 7.499, 8.25, 7.625, 6.302, 6.077, 6.81, 7.152, 6.865, 5.862, 5.115, 4.967, 4.2, 4.135, 4.89, 5.409, 5.218, 5.17, 5.091, 4.946, 4.925, 5.37, 5.089, 5.419, 5.465, 5.409, 6.19, 6.31, 5.335, 4.593, 4.68, 5.07, 5.76, 6.145, 5.445, 4.123, 3.237, 3.083, 4.474, 4.793, 4.273, 4.0, 3.97, 3.71, 3.347, 2.63, 1.88, 1.34, 1.15, 0.96, 0, 0.89, 2.19, 4.25, 5.74, 7.135, 8.227, 8.642, 8.508, 8.674, 9.51, 10.052, 10.573, 10.588, 10.263, 10.204, 10.024, 9.554, 9.668, 9.921, 10.28, 11.504, 12.877, 12.646, 11.363, 10.846, 9.361, 7.927, 7.424, 7.673, 7.774, 7.426], [3.99, 4.18, 4.7, 5.63, 6.34, 7.134, 7.83, 7.23, 5.98, 5.854, 6.524, 6.996, 6.741, 5.71, 5.054, 4.997, 4.13, 4.05, 4.791, 5.163, 4.993, 4.901, 4.877, 4.591, 4.554, 5.064, 4.826, 5.089, 5.084, 5.181, 5.98, 6.079, 5.14, 4.37, 4.59, 4.94, 5.49, 5.83, 5.26, 3.8, 3.1, 2.86, 3.964, 4.303, 3.84, 3.59, 3.58, 3.34, 3.02, 2.52, 2.15, 1.43, 1.36, 1.31, 0.89, 0, 1.94, 4.07, 5.55, 6.777, 7.804, 8.172, 8.047, 8.178, 9.055, 9.699, 10.094, 10.09, 9.75, 9.809, 9.514, 9.056, 9.201, 9.449, 9.872, 11.035, 12.392, 12.207, 10.873, 10.356, 8.879, 7.505, 6.974, 7.239, 7.359, 7.025], [3.01, 2.92, 3.52, 4.13, 4.72, 5.451, 6.215, 5.705, 4.3, 4.17, 4.957, 5.301, 5.043, 3.907, 3.274, 3.237, 2.39, 2.277, 3.057, 3.52, 3.264, 3.156, 3.111, 2.898, 2.947, 3.36, 3.136, 3.416, 3.477, 3.49, 4.173, 4.264, 3.4, 2.87, 3.09, 3.46, 3.85, 4.17, 3.5, 2.2, 2.0, 1.42, 2.49, 2.743, 2.3, 2.05, 2.06, 1.98, 1.66, 1.22, 1.51, 1.67, 2.56, 2.727, 2.19, 1.94, 0, 2.27, 3.85, 5.14, 6.132, 6.518, 6.483, 6.575, 7.508, 8.11, 8.551, 8.524, 8.198, 8.177, 7.928, 7.475, 7.578, 7.855, 8.214, 9.391, 10.827, 10.627, 9.273, 8.756, 7.319, 5.845, 5.391, 5.606, 5.659, 5.385], [2.56, 2.61, 2.85, 3.24, 3.15, 3.7, 4.37, 3.66, 2.57, 2.6, 3.34, 3.46, 3.13, 2.08, 1.58, 1.68, 1.4, 1.6, 1.65, 1.89, 1.67, 1.85, 1.72, 1.65, 1.69, 2.06, 1.93, 2.19, 2.3, 2.3, 2.73, 2.55, 1.89, 2.06, 2.18, 2.61, 2.76, 2.64, 1.77, 1.65, 2.51, 1.93, 1.88, 2.19, 2.25, 2.34, 2.29, 2.45, 1.95, 1.87, 2.68, 3.76, 4.714, 4.71, 4.25, 4.07, 2.27, 0, 1.83, 3.18, 4.29, 4.687, 4.59, 4.727, 5.523, 6.059, 6.58, 6.627, 6.31, 6.24, 6.04, 5.59, 5.727, 5.992, 6.372, 7.567, 8.951, 8.791, 7.497, 6.989, 5.532, 4.058, 3.69, 3.96, 3.963, 3.563], [3.05, 3.06, 2.72, 2.71, 2.3, 2.53, 2.86, 2.21, 1.56, 1.65, 2.31, 2.41, 1.84, 1.23, 1.77, 2.05, 2.57, 2.67, 1.9, 1.26, 1.66, 1.78, 1.79, 1.9, 1.86, 1.69, 1.78, 1.7, 1.77, 1.87, 1.94, 1.66, 1.38, 1.97, 2.01, 2.2, 2.05, 1.63, 1.54, 2.5, 3.54, 3.06, 2.59, 2.7, 2.92, 3.03, 2.96, 3.14, 2.96, 3.32, 4.22, 5.331, 6.259, 6.289, 5.74, 5.55, 3.85, 1.83, 0, 1.61, 2.64, 3.04, 3.06, 3.12, 3.97, 4.48, 5.05, 5.08, 4.7, 4.65, 4.43, 3.96, 4.06, 4.336, 4.756, 5.94, 7.41, 7.21, 5.89, 5.38, 3.98, 2.48, 2.2, 2.55, 2.42, 2.22], [4.06, 4.016, 2.83, 2.12, 1.69, 1.84, 1.89, 1.02, 1.69, 1.82, 2.04, 2.06, 1.77, 2.1, 2.98, 3.28, 3.8, 3.94, 2.93, 2.11, 2.55, 2.47, 2.74, 2.91, 2.81, 2.58, 2.59, 2.37, 2.24, 2.32, 1.89, 1.71, 2.05, 2.9, 2.94, 2.67, 2.28, 1.76, 2.29, 3.61, 4.77, 4.27, 3.62, 3.75, 3.99, 4.098, 4.068, 4.268, 4.105, 4.597, 5.589, 6.667, 7.603, 7.71, 7.135, 6.777, 5.14, 3.18, 1.61, 0, 1.43, 1.75, 2.01, 1.93, 2.58, 3.09, 3.6, 3.63, 3.31, 3.22, 2.98, 2.61, 2.59, 2.906, 3.35, 4.47, 5.98, 5.78, 4.46, 3.95, 2.67, 1.47, 1.37, 1.52, 1.45, 1.59], [5.221, 5.177, 3.903, 2.65, 2.0, 1.63, 1.18, 1.25, 2.22, 2.51, 2.27, 2.21, 2.18, 2.93, 4.05, 4.33, 4.87, 5.03, 3.9, 3.26, 3.52, 3.58, 3.63, 3.62, 3.58, 3.27, 3.44, 3.08, 3.03, 3.21, 2.68, 2.42, 3.1, 3.93, 3.87, 3.56, 3.05, 2.71, 3.3, 4.58, 5.66, 5.26, 4.21, 4.24, 4.61, 4.72, 4.73, 4.944, 5.041, 5.663, 6.724, 7.662, 8.618, 8.813, 8.227, 7.804, 6.132, 4.29, 2.64, 1.43, 0, 0.9, 1.24, 1.24, 1.69, 2.24, 2.61, 2.54, 2.3, 2.35, 2.17, 1.78, 1.76, 1.84, 2.5, 3.44, 4.81, 4.59, 3.31, 2.76, 1.62, 1.16, 1.5, 1.31, 1.44, 1.64], [5.619, 5.572, 4.292, 2.83, 2.26, 1.65, 1.24, 1.41, 2.68, 2.79, 2.77, 2.79, 2.86, 3.41, 4.49, 4.77, 5.27, 5.43, 4.3, 3.7, 3.98, 4.04, 4.07, 4.1, 4.06, 3.65, 3.94, 3.56, 3.45, 3.67, 3.18, 2.9, 3.52, 4.35, 4.29, 3.92, 3.47, 3.15, 3.72, 4.98, 6.08, 5.68, 4.41, 4.4, 4.84, 4.98, 5.041, 5.232, 5.412, 6.069, 7.124, 8.045, 8.998, 9.222, 8.642, 8.172, 6.518, 4.687, 3.04, 1.75, 0.9, 0, 0.74, 0.98, 1.59, 2.08, 2.29, 2.16, 1.94, 2.07, 1.81, 1.62, 1.52, 1.56, 2.36, 3.18, 4.45, 4.25, 2.93, 2.4, 1.52, 1.54, 1.82, 1.57, 1.68, 1.98], [5.419, 5.432, 4.151, 2.759, 2.08, 1.43, 1.2, 1.55, 2.84, 3.03, 3.13, 3.11, 3.08, 3.33, 4.35, 4.63, 5.11, 5.27, 4.18, 3.62, 3.88, 3.92, 3.97, 4.04, 3.96, 3.63, 3.88, 3.52, 3.43, 3.53, 3.2, 3.0, 3.42, 4.25, 4.25, 3.86, 3.37, 3.07, 3.56, 4.82, 5.94, 5.62, 4.35, 4.28, 4.72, 4.919, 4.983, 5.189, 5.263, 5.943, 6.976, 7.976, 8.889, 9.088, 8.508, 8.047, 6.483, 4.59, 3.06, 2.01, 1.24, 0.74, 0, 0.84, 1.85, 2.36, 2.49, 2.269, 2.04, 2.21, 1.79, 1.56, 1.74, 1.76, 2.78, 3.44, 4.65, 4.33, 3.11, 2.5, 1.46, 1.56, 1.8, 1.57, 1.74, 2.04], [5.662, 5.589, 4.307, 3.005, 2.28, 1.49, 1.0, 1.51, 2.82, 3.03, 2.93, 2.77, 2.82, 3.33, 4.47, 4.73, 5.23, 5.39, 4.26, 3.66, 3.98, 4.02, 4.15, 4.16, 4.08, 3.79, 3.94, 3.58, 3.47, 3.71, 3.24, 3.0, 3.56, 4.35, 4.37, 4.06, 3.57, 3.23, 3.78, 5.04, 6.186, 5.766, 4.617, 4.68, 5.07, 5.243, 5.253, 5.473, 5.495, 6.104, 7.13, 8.159, 9.058, 9.231, 8.674, 8.178, 6.575, 4.727, 3.12, 1.93, 1.24, 0.98, 0.84, 0, 1.23, 1.92, 2.11, 2.06, 1.68, 1.73, 1.51, 1.34, 1.46, 1.52, 2.4, 3.04, 4.35, 4.19, 2.83, 2.42, 1.78, 1.62, 1.92, 1.65, 1.94, 2.12], [6.492, 6.428, 5.125, 3.987, 3.185, 2.44, 1.81, 2.1, 3.57, 3.7, 3.1, 2.86, 3.03, 4.08, 5.3, 5.56, 6.012, 6.18, 5.05, 4.43, 4.83, 4.87, 4.96, 5.07, 4.99, 4.74, 4.87, 4.43, 4.36, 4.6, 4.01, 3.75, 4.45, 5.16, 5.22, 4.99, 4.48, 4.1, 4.67, 5.93, 7.125, 6.696, 5.61, 5.763, 6.163, 6.313, 6.283, 6.503, 6.491, 6.954, 7.895, 9.035, 10.011, 10.081, 9.51, 9.055, 7.508, 5.523, 3.97, 2.58, 1.69, 1.59, 1.85, 1.23, 0, 1.03, 1.26, 1.51, 1.41, 1.44, 1.68, 1.51, 1.55, 1.31, 1.69, 2.33, 3.68, 3.5, 2.28, 2.15, 2.19, 2.37, 2.85, 2.62, 2.91, 3.05], [6.994, 6.941, 5.67, 4.665, 3.7, 3.01, 2.5, 2.61, 4.2, 4.37, 3.63, 3.35, 3.42, 4.59, 5.81, 6.03, 6.484, 6.644, 5.56, 5.02, 5.34, 5.44, 5.53, 5.76, 5.66, 5.41, 5.52, 5.12, 5.05, 5.21, 4.58, 4.34, 5.06, 5.81, 5.85, 5.68, 5.15, 4.79, 5.24, 6.56, 7.792, 7.272, 6.237, 6.327, 6.73, 6.9, 6.87, 7.101, 7.121, 7.547, 8.4, 9.637, 10.633, 10.652, 10.052, 9.699, 8.11, 6.059, 4.48, 3.09, 2.24, 2.08, 2.36, 1.92, 1.03, 0, 0.87, 1.38, 1.42, 1.47, 1.81, 1.64, 1.4, 1.56, 2.06, 2.56, 3.37, 3.51, 2.17, 2.28, 2.46, 3.0, 3.46, 3.25, 3.52, 3.68], [7.569, 7.505, 6.165, 5.027, 4.119, 3.36, 2.73, 3.1, 4.61, 4.74, 4.06, 3.84, 3.99, 5.14, 6.38, 6.592, 7.072, 7.232, 6.11, 5.51, 5.87, 5.93, 6.02, 6.13, 6.03, 5.78, 5.91, 5.49, 5.42, 5.64, 5.05, 4.79, 5.49, 6.2, 6.26, 6.05, 5.54, 5.16, 5.71, 6.99, 8.179, 7.736, 6.541, 6.594, 6.994, 7.212, 7.222, 7.465, 7.485, 8.008, 8.975, 10.078, 11.054, 11.156, 10.573, 10.094, 8.551, 6.58, 5.05, 3.6, 2.61, 2.29, 2.49, 2.11, 1.26, 0.87, 0, 0.81, 1.03, 1.24, 1.54, 1.59, 1.43, 1.49, 2.03, 2.37, 3.06, 3.1, 1.82, 1.87, 2.41, 3.31, 3.77, 3.58, 3.85, 4.01], [7.596, 7.532, 6.192, 4.905, 4.117, 3.33, 2.66, 3.13, 4.6, 4.73, 4.09, 3.91, 4.12, 5.17, 6.41, 6.619, 7.102, 7.262, 6.14, 5.54, 5.88, 5.94, 6.03, 6.06, 6.0, 5.65, 5.9, 5.46, 5.39, 5.65, 5.04, 4.78, 5.5, 6.25, 6.25, 5.96, 5.49, 5.11, 5.72, 7.0, 8.12, 7.723, 6.405, 6.281, 6.803, 7.073, 7.138, 7.343, 7.432, 8.018, 9.039, 10.054, 11.007, 11.171, 10.588, 10.09, 8.524, 6.627, 5.08, 3.63, 2.54, 2.16, 2.269, 2.06, 1.51, 1.38, 0.81, 0, 0.86, 1.27, 1.41, 1.5, 1.64, 1.76, 2.48, 2.74, 3.31, 3.19, 2.15, 1.84, 2.26, 3.14, 3.6, 3.49, 3.7, 3.84], [7.219, 7.175, 5.855, 4.674, 3.769, 2.959, 2.24, 2.87, 4.3, 4.45, 3.93, 3.63, 3.92, 4.81, 6.03, 6.25, 6.722, 6.882, 5.78, 5.18, 5.54, 5.6, 5.69, 5.78, 5.68, 5.43, 5.58, 5.16, 5.07, 5.31, 4.76, 4.5, 5.16, 5.93, 5.97, 5.7, 5.21, 4.81, 5.38, 6.64, 7.846, 7.406, 6.165, 6.098, 6.572, 6.842, 6.869, 7.092, 7.112, 7.675, 8.676, 9.765, 10.721, 10.823, 10.263, 9.75, 8.198, 6.31, 4.7, 3.31, 2.3, 1.94, 2.04, 1.68, 1.41, 1.42, 1.03, 0.86, 0, 0.85, 0.85, 1.18, 1.44, 1.52, 2.36, 2.76, 3.55, 3.45, 2.33, 1.76, 2.18, 2.92, 3.4, 3.21, 3.46, 3.64], [7.183, 7.139, 5.837, 4.71, 3.762, 2.932, 2.21, 2.78, 4.29, 4.46, 3.88, 3.5, 3.79, 4.76, 5.98, 6.2, 6.689, 6.849, 5.75, 5.15, 5.47, 5.53, 5.62, 5.81, 5.71, 5.46, 5.57, 5.17, 5.1, 5.28, 4.65, 4.41, 5.11, 5.9, 5.92, 5.73, 5.2, 4.86, 5.31, 6.63, 7.842, 7.342, 6.227, 6.317, 6.737, 6.881, 6.891, 7.145, 7.165, 7.654, 8.644, 9.724, 10.7, 10.799, 10.204, 9.809, 8.177, 6.24, 4.65, 3.22, 2.35, 2.07, 2.21, 1.73, 1.44, 1.47, 1.24, 1.27, 0.85, 0, 0.72, 1.17, 1.45, 1.47, 1.99, 2.49, 3.42, 3.42, 2.16, 1.75, 2.31, 3.03, 3.47, 3.26, 3.53, 3.71], [6.906, 6.902, 5.622, 4.332, 3.447, 2.62, 1.87, 2.56, 4.17, 4.24, 3.8, 3.54, 3.87, 4.54, 5.7, 5.92, 6.42, 6.58, 5.47, 4.85, 5.21, 5.27, 5.38, 5.45, 5.37, 5.2, 5.31, 4.91, 4.82, 5.0, 4.43, 4.17, 4.89, 5.68, 5.72, 5.37, 4.86, 4.5, 5.05, 6.29, 7.479, 7.096, 5.901, 5.971, 6.311, 6.532, 6.542, 6.785, 6.785, 7.442, 8.434, 9.495, 10.431, 10.584, 10.024, 9.514, 7.928, 6.04, 4.43, 2.98, 2.17, 1.81, 1.79, 1.51, 1.68, 1.81, 1.54, 1.41, 0.85, 0.72, 0, 0.79, 1.31, 1.47, 2.31, 2.83, 3.7, 3.64, 2.48, 1.87, 1.99, 2.63, 3.07, 2.88, 3.19, 3.35], [6.419, 6.435, 5.177, 3.868, 3.0, 2.15, 1.54, 2.09, 3.88, 3.91, 3.43, 3.19, 3.5, 4.27, 5.35, 5.61, 6.11, 6.27, 5.2, 4.48, 4.84, 4.88, 4.95, 5.02, 5.0, 4.85, 4.94, 4.6, 4.45, 4.59, 3.96, 3.68, 4.44, 5.23, 5.25, 4.9, 4.37, 4.01, 4.62, 5.86, 7.02, 6.72, 5.67, 5.68, 5.924, 6.111, 6.101, 6.358, 6.378, 6.972, 7.961, 9.025, 9.961, 10.117, 9.554, 9.056, 7.475, 5.59, 3.96, 2.61, 1.78, 1.62, 1.56, 1.34, 1.51, 1.64, 1.59, 1.5, 1.18, 1.17, 0.79, 0, 0.92, 1.4, 2.5, 3.04, 3.89, 3.87, 2.69, 2.0, 1.82, 2.28, 2.72, 2.57, 2.86, 3.1], [6.627, 6.583, 5.294, 3.962, 3.18, 2.33, 1.7, 2.23, 3.9, 3.93, 3.33, 3.23, 3.48, 4.29, 5.43, 5.67, 6.23, 6.39, 5.32, 4.54, 4.9, 4.94, 5.07, 5.08, 5.04, 4.81, 4.92, 4.6, 4.47, 4.69, 4.06, 3.78, 4.54, 5.35, 5.33, 5.02, 4.51, 4.13, 4.76, 6.0, 7.106, 6.76, 5.61, 5.6, 5.95, 6.14, 6.15, 6.352, 6.432, 7.095, 8.121, 9.105, 10.041, 10.251, 9.668, 9.201, 7.578, 5.727, 4.06, 2.59, 1.76, 1.52, 1.74, 1.46, 1.55, 1.4, 1.43, 1.64, 1.44, 1.45, 1.31, 0.92, 0, 1.2, 2.1, 2.66, 3.51, 3.55, 2.23, 1.84, 1.72, 2.26, 2.72, 2.53, 2.84, 3.02], [6.835, 6.848, 5.556, 4.202, 3.345, 2.55, 1.88, 2.47, 3.78, 4.03, 3.41, 3.15, 3.48, 4.43, 5.467, 5.764, 6.35, 6.51, 5.36, 4.66, 4.92, 5.0, 5.03, 5.18, 5.14, 4.95, 5.12, 4.74, 4.63, 4.69, 4.12, 3.84, 4.8, 5.63, 5.63, 5.28, 4.67, 4.21, 4.88, 6.2, 7.186, 6.966, 5.817, 5.804, 6.147, 6.368, 6.349, 6.595, 6.675, 7.365, 8.406, 9.439, 10.338, 10.498, 9.921, 9.449, 7.855, 5.992, 4.336, 2.906, 1.84, 1.56, 1.76, 1.52, 1.31, 1.56, 1.49, 1.76, 1.52, 1.47, 1.47, 1.4, 1.2, 0, 1.26, 2.08, 3.37, 3.15, 1.91, 1.42, 1.5, 2.32, 2.84, 2.55, 2.8, 2.98], [7.223, 7.245, 5.947, 4.577, 4.087, 3.19, 2.48, 3.05, 4.14, 4.43, 3.79, 3.55, 3.86, 4.801, 5.824, 6.143, 6.723, 6.883, 5.76, 5.06, 5.34, 5.4, 5.43, 5.52, 5.54, 5.25, 5.46, 5.12, 5.03, 5.09, 4.52, 4.24, 5.2, 6.03, 5.93, 5.58, 4.99, 4.59, 5.28, 6.593, 7.526, 7.305, 6.105, 6.153, 6.553, 6.723, 6.693, 6.913, 7.065, 7.747, 8.803, 9.798, 10.697, 10.863, 10.28, 9.872, 8.214, 6.372, 4.756, 3.35, 2.5, 2.36, 2.78, 2.4, 1.69, 2.06, 2.03, 2.48, 2.36, 1.99, 2.31, 2.5, 2.1, 1.26, 0, 1.62, 2.95, 2.91, 1.59, 1.66, 2.12, 2.64, 3.14, 2.81, 3.04, 3.16], [8.496, 8.431, 7.168, 5.705, 5.138, 4.21, 3.36, 4.05, 5.36, 5.61, 4.97, 4.73, 5.02, 5.99, 7.21, 7.43, 8.007, 8.167, 7.04, 6.34, 6.66, 6.72, 6.83, 6.82, 6.8, 6.41, 6.68, 6.3, 6.21, 6.43, 5.86, 5.58, 6.38, 7.21, 7.11, 6.72, 6.27, 5.93, 6.56, 7.86, 8.852, 8.494, 7.171, 7.107, 7.507, 7.725, 7.775, 8.015, 8.275, 8.931, 9.996, 10.93, 11.857, 12.076, 11.504, 11.035, 9.391, 7.567, 5.94, 4.47, 3.44, 3.18, 3.44, 3.04, 2.33, 2.56, 2.37, 2.74, 2.76, 2.49, 2.83, 3.04, 2.66, 2.08, 1.62, 0, 1.67,