[[0, 1.47, 2.19, 2.05, 1.79, 1.66, 1.67, 1.87, 2.37, 1.91, 2.17, 3.37, 4.07, 4.44, 4.39, 3.99, 4.21, 3.93, 3.48, 3.65, 3.52, 3.77, 4.53, 4.75, 4.858, 4.75, 4.58, 5.01, 6.13, 6.262, 6.476, 7.765, 9.045, 9.03, 8.252, 8.011, 8.07, 8.372, 8.759, 8.929, 9.062, 9.13, 8.85, 9.268, 10.204, 8.99, 7.995, 8.682, 8.83, 8.813, 8.77, 9.379, 9.608, 9.299, 9.611, 9.908, 9.895, 9.232, 8.73, 8.69, 8.74, 8.4, 8.07, 8.392, 7.932, 6.29, 4.98, 5.66, 7.2, 8.402, 9.448, 9.747, 8.811, 8.011, 7.482, 7.245, 8.103, 8.986, 8.69, 7.51, 7.54, 7.63, 7.44, 7.44, 8.29, 8.65], [1.47, 0, 1.2, 1.44, 1.66, 2.15, 2.16, 2.38, 2.34, 1.52, 1.56, 2.26, 2.98, 3.33, 3.24, 2.98, 3.02, 2.7, 2.25, 2.44, 2.25, 2.46, 3.4, 3.68, 3.74, 3.58, 3.47, 4.0, 4.99, 5.105, 5.29, 6.63, 7.95, 7.96, 7.12, 6.816, 6.864, 7.191, 7.63, 7.8, 7.941, 8.021, 7.711, 8.204, 9.137, 7.958, 7.07, 7.86, 7.87, 7.85, 7.89, 8.326, 8.546, 8.263, 8.555, 8.871, 8.875, 8.12, 7.84, 7.96, 8.07, 7.57, 7.28, 7.48, 6.96, 5.46, 4.21, 4.41, 5.98, 7.181, 8.256, 8.555, 7.616, 6.916, 6.37, 6.08, 6.888, 7.753, 7.47, 6.28, 6.29, 6.414, 6.27, 6.31, 7.06, 7.44], [2.19, 1.2, 0, 0.78, 1.32, 2.15, 2.1, 2.4, 2.52, 1.38, 1.58, 2.12, 2.62, 3.05, 3.06, 2.58, 2.62, 2.38, 2.05, 2.12, 1.97, 2.24, 3.085, 3.4, 3.5, 3.26, 3.17, 3.54, 4.61, 4.715, 5.01, 6.25, 7.61, 7.6, 6.82, 6.506, 6.532, 6.879, 7.326, 7.496, 7.649, 7.709, 7.42, 7.85, 8.786, 7.712, 6.77, 7.58, 7.67, 7.708, 7.768, 8.235, 8.32, 8.038, 8.398, 8.683, 8.48, 7.88, 7.64, 7.74, 7.81, 7.33, 6.88, 7.1, 6.78, 5.46, 4.11, 4.03, 5.62, 6.829, 7.899, 8.215, 7.265, 6.505, 5.935, 5.682, 6.536, 7.402, 7.106, 5.92, 5.99, 6.16, 6.03, 5.97, 6.7, 7.04], [2.05, 1.44, 0.78, 0, 1.08, 1.77, 1.84, 2.26, 2.32, 1.68, 1.7, 2.44, 2.88, 3.29, 3.34, 2.92, 3.02, 2.76, 2.37, 2.5, 2.25, 2.56, 3.377, 3.74, 3.809, 3.62, 3.45, 3.9, 5.01, 5.159, 5.47, 6.644, 7.95, 8.0, 7.24, 6.989, 6.929, 7.22, 7.61, 7.78, 7.926, 7.986, 7.716, 8.144, 9.046, 8.109, 7.15, 7.949, 8.102, 8.097, 8.197, 8.686, 8.783, 8.543, 8.9, 9.16, 8.935, 8.34, 7.92, 7.94, 7.99, 7.67, 7.16, 7.52, 7.08, 5.66, 4.21, 4.45, 6.022, 7.209, 8.302, 8.624, 7.705, 6.937, 6.355, 6.082, 6.936, 7.802, 7.506, 6.34, 6.45, 6.58, 6.51, 6.39, 7.2, 7.56], [1.79, 1.66, 1.32, 1.08, 0, 1.05, 1.26, 1.68, 1.9, 1.56, 1.92, 3.06, 3.76, 4.15, 4.16, 3.7, 3.86, 3.582, 3.11, 3.305, 3.03, 3.3, 4.173, 4.54, 4.623, 4.44, 4.33, 4.68, 5.83, 5.982, 6.25, 7.479, 8.75, 8.74, 8.02, 7.783, 7.738, 8.028, 8.475, 8.645, 8.778, 8.858, 8.568, 9.019, 9.852, 8.786, 7.816, 8.652, 8.782, 8.782, 8.877, 9.391, 9.551, 9.251, 9.597, 9.862, 9.609, 9.066, 8.56, 8.44, 8.41, 8.23, 7.76, 8.22, 7.72, 6.08, 4.61, 5.29, 6.868, 8.055, 9.148, 9.464, 8.511, 7.731, 7.161, 6.912, 7.782, 8.648, 8.352, 7.18, 7.25, 7.36, 7.31, 7.17, 8.0, 8.36], [1.66, 2.15, 2.15, 1.77, 1.05, 0, 0.81, 1.03, 1.41, 1.63, 2.53, 3.83, 4.57, 4.98, 4.99, 4.55, 4.65, 4.39, 3.9, 4.11, 3.8, 4.09, 5.012, 5.37, 5.43, 5.23, 5.14, 5.49, 6.62, 6.774, 7.06, 8.272, 9.535, 9.547, 8.847, 8.59, 8.539, 8.866, 9.293, 9.463, 9.596, 9.676, 9.39, 9.832, 10.724, 9.633, 8.64, 9.453, 9.555, 9.538, 9.638, 10.184, 10.355, 10.052, 10.37, 10.629, 10.433, 9.87, 9.35, 9.23, 9.12, 9.04, 8.63, 9.03, 8.47, 6.83, 5.46, 6.08, 7.661, 8.848, 9.941, 10.262, 9.323, 8.543, 7.973, 7.714, 8.575, 9.441, 9.145, 7.97, 8.06, 8.17, 8.14, 8.0, 8.81, 9.17], [1.67, 2.16, 2.1, 1.84, 1.26, 0.81, 0, 0.86, 1.48, 1.66, 2.6, 3.8, 4.54, 4.99, 4.98, 4.54, 4.64, 4.36, 3.93, 4.12, 3.81, 4.08, 4.979, 5.34, 5.426, 5.2, 5.11, 5.5, 6.65, 6.741, 7.05, 8.25, 9.59, 9.58, 8.8, 8.546, 8.498, 8.793, 9.241, 9.42, 9.57, 9.623, 9.34, 9.79, 10.686, 9.635, 8.708, 9.498, 9.683, 9.686, 9.783, 10.272, 10.355, 10.112, 10.447, 10.671, 10.538, 9.895, 9.38, 9.34, 9.43, 9.29, 8.64, 8.92, 8.515, 6.84, 5.61, 6.05, 7.64, 8.815, 9.905, 10.22, 9.271, 8.471, 7.961, 7.708, 8.542, 9.408, 9.112, 7.96, 7.95, 8.14, 8.07, 7.95, 8.72, 9.06], [1.87, 2.38, 2.4, 2.26, 1.68, 1.03, 0.86, 0, 1.08, 1.7, 2.94, 4.08, 4.84, 5.29, 5.28, 4.86, 4.86, 4.6, 4.17, 4.36, 4.11, 4.34, 5.3, 5.64, 5.74, 5.48, 5.41, 5.82, 6.87, 6.99, 7.29, 8.47, 9.87, 9.86, 9.08, 8.78, 8.775, 9.125, 9.57, 9.74, 9.89, 9.955, 9.66, 10.11, 11.08, 10.04, 9.108, 9.9, 10.008, 10.008, 10.088, 10.535, 10.6, 10.358, 10.692, 10.911, 10.764, 10.118, 9.66, 9.66, 9.77, 9.59, 9.06, 9.2, 8.74, 7.2, 6.01, 6.29, 7.86, 9.075, 10.165, 10.455, 9.502, 8.702, 8.21, 7.956, 8.793, 9.656, 9.363, 8.2, 8.25, 8.4, 8.31, 8.27, 8.94, 9.32], [2.37, 2.34, 2.52, 2.32, 1.9, 1.41, 1.48, 1.08, 0, 1.62, 3.14, 3.98, 4.64, 5.11, 5.08, 4.88, 4.62, 4.14, 3.83, 4.08, 3.89, 4.06, 5.0, 5.6, 5.56, 5.28, 5.17, 5.78, 6.61, 6.63, 6.99, 8.25, 9.75, 9.86, 9.02, 8.478, 8.427, 8.76, 9.19, 9.36, 9.51, 9.59, 9.32, 9.85, 10.812, 10.0, 9.21, 10.0, 10.07, 10.05, 10.13, 10.552, 10.532, 10.369, 10.575, 10.723, 10.65, 10.06, 9.8, 9.76, 9.83, 9.71, 9.28, 9.16, 8.64, 7.3, 6.11, 5.89, 7.44, 8.71, 9.763, 10.073, 9.08, 8.38, 7.85, 7.58, 8.3, 9.203, 8.91, 7.76, 8.03, 8.22, 8.11, 8.21, 8.78, 9.16], [1.91, 1.52, 1.38, 1.68, 1.56, 1.63, 1.66, 1.7, 1.62, 0, 1.76, 2.9, 3.66, 4.05, 3.98, 3.68, 3.64, 3.18, 2.81, 3.06, 2.81, 3.04, 4.026, 4.36, 4.449, 4.24, 4.19, 4.68, 5.51, 5.682, 5.89, 7.27, 8.61, 8.66, 7.84, 7.389, 7.513, 7.86, 8.29, 8.46, 8.61, 8.69, 8.38, 8.933, 9.866, 8.855, 7.928, 8.72, 8.828, 8.828, 8.908, 9.355, 9.32, 9.158, 9.392, 9.531, 9.344, 8.858, 8.48, 8.38, 8.49, 8.35, 7.88, 7.92, 7.4, 5.94, 4.75, 4.99, 6.54, 7.81, 8.863, 9.156, 8.166, 7.323, 6.793, 6.54, 7.4, 8.263, 8.01, 6.8, 7.03, 7.14, 7.07, 7.05, 7.72, 8.08], [2.17, 1.56, 1.58, 1.7, 1.92, 2.53, 2.6, 2.94, 3.14, 1.76, 0, 1.62, 2.36, 2.73, 2.66, 2.48, 2.58, 2.42, 2.19, 2.32, 2.17, 2.44, 2.96, 3.14, 3.3, 3.04, 3.17, 3.32, 4.37, 4.53, 4.77, 6.016, 7.296, 7.3, 6.56, 6.3, 6.318, 6.668, 7.11, 7.28, 7.418, 7.498, 7.188, 7.67, 8.6, 7.4, 6.41, 7.229, 7.342, 7.302, 7.394, 7.863, 7.977, 7.72, 8.04, 8.33, 8.14, 7.52, 7.08, 7.02, 7.05, 6.79, 6.4, 6.74, 6.26, 4.6, 3.29, 3.85, 5.42, 6.638, 7.728, 8.027, 7.056, 6.256, 5.723, 5.493, 6.351, 7.213, 6.921, 5.74, 5.81, 5.9, 5.81, 5.77, 6.52, 6.9], [3.37, 2.26, 2.12, 2.44, 3.06, 3.83, 3.8, 4.08, 3.98, 2.9, 1.62, 0, 1.16, 1.63, 1.48, 1.6, 1.68, 1.66, 1.69, 1.6, 1.43, 1.54, 1.78, 2.04, 2.12, 1.86, 1.87, 2.16, 2.99, 3.07, 3.41, 4.51, 5.93, 6.0, 5.18, 4.86, 4.81, 5.122, 5.57, 5.74, 5.89, 5.97, 5.66, 6.09, 7.02, 6.14, 5.27, 6.06, 6.15, 6.15, 6.21, 6.674, 6.76, 6.52, 6.871, 7.21, 7.02, 6.34, 6.2, 6.32, 6.35, 5.97, 5.46, 5.58, 5.2, 3.96, 2.69, 2.39, 3.92, 5.112, 6.191, 6.492, 5.553, 4.82, 4.31, 4.06, 4.84, 5.711, 5.41, 4.24, 4.31, 4.44, 4.37, 4.37, 5.06, 5.46], [4.07, 2.98, 2.62, 2.88, 3.76, 4.57, 4.54, 4.84, 4.64, 3.66, 2.36, 1.16, 0, 0.97, 0.76, 1.24, 1.22, 1.44, 1.69, 1.42, 1.33, 1.52, 1.4, 1.66, 1.42, 1.3, 1.21, 1.52, 2.37, 2.43, 2.81, 3.83, 5.33, 5.42, 4.58, 4.26, 4.11, 4.4, 4.79, 4.96, 5.13, 5.21, 4.96, 5.35, 6.3, 5.56, 4.89, 5.56, 5.69, 5.59, 5.69, 6.125, 6.185, 5.943, 6.374, 6.69, 6.58, 5.88, 5.78, 5.92, 6.09, 5.59, 5.24, 5.28, 4.86, 3.94, 2.45, 1.79, 3.26, 4.415, 5.499, 5.792, 4.94, 4.26, 3.77, 3.48, 4.22, 4.979, 4.686, 3.6, 3.67, 3.84, 3.75, 3.77, 4.48, 4.88], [4.44, 3.33, 3.05, 3.29, 4.15, 4.98, 4.99, 5.29, 5.11, 4.05, 2.73, 1.63, 0.97, 0, 0.81, 1.23, 1.31, 1.79, 1.94, 1.63, 1.8, 1.83, 1.53, 1.57, 1.35, 1.29, 1.18, 1.39, 1.94, 1.96, 2.28, 3.52, 4.86, 4.91, 4.09, 3.79, 3.76, 4.05, 4.42, 4.59, 4.74, 4.808, 4.53, 4.98, 5.91, 5.01, 4.5, 5.03, 5.14, 5.06, 5.16, 5.66, 5.667, 5.48, 5.8, 6.16, 5.99, 5.41, 5.35, 5.47, 5.72, 5.26, 4.89, 4.97, 4.47, 3.61, 2.42, 1.92, 2.99, 4.08, 5.158, 5.453, 4.57, 3.85, 3.38, 3.05, 3.81, 4.646, 4.333, 3.17, 3.28, 3.37, 3.34, 3.32, 4.03, 4.45], [4.39, 3.24, 3.06, 3.34, 4.16, 4.99, 4.98, 5.28, 5.08, 3.98, 2.66, 1.48, 0.76, 0.81, 0, 1.02, 1.12, 1.4, 1.65, 1.32, 1.43, 1.52, 1.48, 1.34, 1.14, 1.04, 0.95, 1.34, 2.03, 2.07, 2.27, 3.59, 4.97, 5.02, 4.16, 3.8, 3.79, 4.077, 4.47, 4.64, 4.79, 4.87, 4.56, 5.09, 6.02, 5.1, 4.61, 5.12, 5.25, 5.19, 5.25, 5.634, 5.694, 5.494, 6.02, 6.39, 6.24, 5.66, 5.62, 5.7, 5.91, 5.35, 5.1, 5.22, 4.7, 3.78, 2.41, 1.87, 2.9, 4.107, 5.197, 5.51, 4.8, 4.12, 3.69, 3.26, 4.02, 4.74, 4.39, 3.2, 3.29, 3.38, 3.35, 3.41, 4.08, 4.52], [3.99, 2.98, 2.58, 2.92, 3.7, 4.55, 4.54, 4.86, 4.88, 3.68, 2.48, 1.6, 1.24, 1.23, 1.02, 0, 0.76, 1.28, 1.43, 1.14, 1.23, 1.26, 1.44, 1.48, 1.34, 1.06, 0.99, 1.2, 2.25, 2.39, 2.61, 3.85, 5.13, 5.14, 4.38, 4.14, 4.132, 4.422, 4.849, 5.019, 5.152, 5.232, 4.94, 5.37, 6.309, 5.34, 4.87, 5.24, 5.43, 5.37, 5.37, 5.846, 5.962, 5.706, 6.386, 6.866, 6.54, 6.06, 5.92, 6.06, 6.29, 5.69, 5.3, 5.64, 5.2, 4.02, 2.77, 2.49, 3.28, 4.452, 5.56, 5.99, 5.32, 4.6, 4.13, 3.72, 4.44, 5.24, 4.749, 3.56, 3.61, 3.7, 3.63, 3.61, 4.34, 4.72], [4.21, 3.02, 2.62, 3.02, 3.86, 4.65, 4.64, 4.86, 4.62, 3.64, 2.58, 1.68, 1.22, 1.31, 1.12, 0.76, 0, 1.02, 1.35, 1.02, 1.13, 1.08, 1.34, 1.66, 1.34, 1.06, 0.91, 1.42, 2.23, 2.27, 2.63, 3.71, 5.19, 5.3, 4.5, 4.1, 3.95, 4.3, 4.73, 4.92, 5.09, 5.13, 4.9, 5.35, 6.34, 5.48, 5.05, 5.46, 5.55, 5.55, 5.57, 5.983, 6.073, 5.87, 6.39, 6.85, 6.58, 6.06, 6.02, 6.06, 6.27, 5.73, 5.48, 5.52, 5.08, 4.1, 3.07, 2.37, 3.12, 4.244, 5.334, 5.71, 4.96, 4.24, 3.85, 3.44, 4.1, 4.92, 4.53, 3.44, 3.57, 3.74, 3.67, 3.71, 4.3, 4.66], [3.93, 2.7, 2.38, 2.76, 3.582, 4.39, 4.36, 4.6, 4.14, 3.18, 2.42, 1.66, 1.44, 1.79, 1.4, 1.28, 1.02, 0, 0.79, 0.76, 0.93, 1.06, 1.48, 1.98, 1.84, 1.5, 1.39, 2.08, 2.87, 2.85, 3.09, 4.33, 5.91, 6.04, 5.16, 4.52, 4.37, 4.7, 5.15, 5.34, 5.47, 5.59, 5.3, 5.93, 6.9, 6.2, 5.63, 6.24, 6.31, 6.27, 6.33, 6.73, 6.716, 6.53, 6.943, 7.323, 7.06, 6.64, 6.64, 6.62, 6.65, 6.27, 5.94, 5.84, 5.5, 4.48, 3.35, 2.43, 3.38, 4.63, 5.692, 6.004, 5.28, 4.7, 4.25, 3.8, 4.38, 5.12, 4.83, 3.84, 4.05, 4.26, 4.11, 4.39, 4.98, 5.36], [3.48, 2.25, 2.05, 2.37, 3.11, 3.9, 3.93, 4.17, 3.83, 2.81, 2.19, 1.69, 1.69, 1.94, 1.65, 1.43, 1.35, 0.79, 0, 0.63, 0.94, 1.03, 1.69, 2.11, 2.03, 1.73, 1.66, 2.23, 3.0, 3.08, 3.28, 4.7, 6.1, 6.17, 5.33, 4.773, 4.814, 5.15, 5.58, 5.75, 5.9, 5.98, 5.69, 6.26, 7.21, 6.35, 5.74, 6.39, 6.48, 6.44, 6.48, 6.861, 6.863, 6.661, 7.09, 7.43, 7.23, 6.77, 6.73, 6.71, 6.74, 6.36, 6.03, 6.09, 5.63, 4.51, 3.42, 2.84, 3.85, 5.1, 6.156, 6.469, 5.71, 5.07, 4.58, 4.21, 4.91, 5.59, 5.3, 4.11, 4.44, 4.53, 4.46, 4.62, 5.29, 5.67], [3.65, 2.44, 2.12, 2.5, 3.305, 4.11, 4.12, 4.36, 4.08, 3.06, 2.32, 1.6, 1.42, 1.63, 1.32, 1.14, 1.02, 0.76, 0.63, 0, 0.67, 0.76, 1.34, 1.7, 1.6, 1.38, 1.31, 1.84, 2.63, 2.75, 3.05, 4.35, 5.75, 5.82, 5.0, 4.6, 4.504, 4.84, 5.29, 5.46, 5.59, 5.67, 5.38, 5.97, 6.92, 6.0, 5.39, 6.02, 6.11, 6.09, 6.13, 6.534, 6.559, 6.354, 6.8, 7.183, 6.98, 6.4, 6.4, 6.38, 6.41, 6.03, 5.7, 5.8, 5.32, 4.3, 3.13, 2.53, 3.6, 4.79, 5.869, 6.202, 5.46, 4.78, 4.27, 3.88, 4.66, 5.4, 5.07, 3.94, 4.17, 4.28, 4.21, 4.29, 4.88, 5.28], [3.52, 2.25, 1.97, 2.25, 3.03, 3.8, 3.81, 4.11, 3.89, 2.81, 2.17, 1.43, 1.33, 1.8, 1.43, 1.23, 1.13, 0.93, 0.94, 0.67, 0, 0.59, 1.49, 1.89, 1.85, 1.53, 1.48, 2.03, 2.92, 3.08, 3.36, 4.58, 5.94, 6.03, 5.23, 4.91, 4.774, 5.07, 5.52, 5.69, 5.82, 5.9, 5.61, 6.2, 7.15, 6.25, 5.52, 6.21, 6.34, 6.28, 6.34, 6.801, 6.82, 6.621, 7.084, 7.39, 7.21, 6.59, 6.49, 6.49, 6.52, 6.16, 5.79, 5.91, 5.47, 4.31, 3.04, 2.66, 3.91, 5.08, 6.179, 6.512, 5.69, 5.01, 4.48, 4.17, 4.95, 5.69, 5.38, 4.25, 4.42, 4.53, 4.52, 4.52, 5.19, 5.59], [3.77, 2.46, 2.24, 2.56, 3.3, 4.09, 4.08, 4.34, 4.06, 3.04, 2.44, 1.54, 1.52, 1.83, 1.52, 1.26, 1.08, 1.06, 1.03, 0.76, 0.59, 0, 1.22, 1.72, 1.62, 1.42, 1.29, 1.92, 2.69, 2.83, 3.09, 4.29, 5.73, 5.86, 5.0, 4.62, 4.484, 4.82, 5.27, 5.44, 5.57, 5.65, 5.36, 5.93, 6.88, 6.06, 5.35, 6.06, 6.13, 6.07, 6.15, 6.564, 6.584, 6.384, 6.84, 7.2, 7.0, 6.4, 6.32, 6.32, 6.35, 5.99, 5.64, 5.68, 5.22, 4.1, 3.11, 2.69, 3.68, 4.79, 5.886, 6.213, 5.42, 4.72, 4.25, 3.88, 4.66, 5.4, 5.09, 3.94, 4.13, 4.26, 4.23, 4.25, 4.92, 5.3], [4.53, 3.4, 3.085, 3.377, 4.173, 5.012, 4.979, 5.3, 5.0, 4.026, 2.96, 1.78, 1.4, 1.53, 1.48, 1.44, 1.34, 1.48, 1.69, 1.34, 1.49, 1.22, 0, 0.98, 1.02, 1.08, 1.17, 1.56, 1.97, 2.11, 2.45, 3.43, 4.91, 5.02, 4.18, 3.82, 3.59, 3.88, 4.31, 4.5, 4.63, 4.69, 4.46, 4.99, 5.96, 5.14, 4.39, 5.14, 5.25, 5.21, 5.29, 5.743, 5.778, 5.583, 5.92, 6.25, 6.06, 5.46, 5.46, 5.46, 5.53, 5.11, 4.74, 4.8, 4.38, 3.42, 2.69, 2.29, 2.96, 3.91, 5.0, 5.319, 4.38, 3.72, 3.17, 2.92, 3.68, 4.5, 4.21, 3.18, 3.31, 3.54, 3.43, 3.43, 4.08, 4.46], [4.75, 3.68, 3.4, 3.74, 4.54, 5.37, 5.34, 5.64, 5.6, 4.36, 3.14, 2.04, 1.66, 1.57, 1.34, 1.48, 1.66, 1.98, 2.11, 1.7, 1.89, 1.72, 0.98, 0, 0.74, 1.0, 1.23, 1.48, 1.83, 1.91, 1.95, 3.09, 4.43, 4.44, 3.62, 3.32, 3.37, 3.66, 4.07, 4.24, 4.384, 4.47, 4.18, 4.67, 5.6, 4.58, 3.89, 4.46, 4.59, 4.59, 4.67, 5.134, 5.174, 4.974, 5.443, 5.89, 5.62, 5.02, 4.96, 5.04, 5.19, 4.59, 4.3, 4.48, 4.04, 3.02, 2.21, 2.43, 2.8, 3.684, 4.774, 5.087, 4.34, 3.56, 3.07, 2.86, 3.56, 4.32, 3.99, 2.84, 3.13, 3.16, 2.95, 2.91, 3.6, 4.0], [4.858, 3.74, 3.5, 3.809, 4.623, 5.43, 5.426, 5.74, 5.56, 4.449, 3.3, 2.12, 1.42, 1.35, 1.14, 1.34, 1.34, 1.84, 2.03, 1.6, 1.85, 1.62, 1.02, 0.74, 0, 0.74, 0.89, 1.24, 1.71, 1.67, 1.83, 3.01, 4.41, 4.42, 3.6, 3.24, 3.25, 3.54, 3.95, 4.12, 4.25, 4.33, 4.02, 4.53, 5.46, 4.6, 4.17, 4.58, 4.71, 4.65, 4.71, 5.154, 5.194, 5.03, 5.55, 5.97, 5.78, 5.18, 5.14, 5.24, 5.45, 4.87, 4.62, 4.72, 4.22, 3.36, 2.37, 2.25, 2.54, 3.57, 4.654, 4.99, 4.32, 3.6, 3.17, 2.9, 3.52, 4.22, 3.87, 2.72, 2.95, 3.0, 2.89, 2.93, 3.54, 3.98], [4.75, 3.58, 3.26, 3.62, 4.44, 5.23, 5.2, 5.48, 5.28, 4.24, 3.04, 1.86, 1.3, 1.29, 1.04, 1.06, 1.06, 1.5, 1.73, 1.38, 1.53, 1.42, 1.08, 1.0, 0.74, 0, 0.71, 1.0, 1.73, 1.69, 1.93, 3.11, 4.61, 4.68, 3.78, 3.44, 3.347, 3.66, 4.09, 4.26, 4.41, 4.487, 4.2, 4.71, 5.68, 4.96, 4.51, 4.94, 5.09, 5.03, 5.05, 5.437, 5.433, 5.257, 5.943, 6.346, 6.1, 5.58, 5.54, 5.58, 5.77, 5.25, 4.94, 5.02, 4.58, 3.6, 2.53, 2.17, 2.58, 3.667, 4.76, 5.17, 4.6, 3.9, 3.45, 3.08, 3.74, 4.42, 3.95, 2.78, 2.97, 3.12, 3.03, 3.19, 3.78, 4.18], [4.58, 3.47, 3.17, 3.45, 4.33, 5.14, 5.11, 5.41, 5.17, 4.19, 3.17, 1.87, 1.21, 1.18, 0.95, 0.99, 0.91, 1.39, 1.66, 1.31, 1.48, 1.29, 1.17, 1.23, 0.89, 0.71, 0, 1.03, 1.84, 1.86, 2.22, 3.3, 4.82, 4.97, 4.09, 3.67, 3.52, 3.81, 4.18, 4.35, 4.5, 4.6, 4.33, 4.78, 5.75, 5.17, 4.84, 5.19, 5.34, 5.3, 5.28, 5.613, 5.726, 5.52, 6.2, 6.66, 6.43, 5.89, 5.85, 5.93, 6.14, 5.6, 5.31, 5.35, 4.91, 3.99, 2.8, 2.14, 2.71, 3.84, 4.95, 5.42, 4.79, 4.11, 3.74, 3.29, 3.93, 4.65, 4.12, 2.99, 3.06, 3.21, 3.18, 3.42, 3.95, 4.33], [5.01, 4.0, 3.54, 3.9, 4.68, 5.49, 5.5, 5.82, 5.78, 4.68, 3.32, 2.16, 1.52, 1.39, 1.34, 1.2, 1.42, 2.08, 2.23, 1.84, 2.03, 1.92, 1.56, 1.48, 1.24, 1.0, 1.03, 0, 1.29, 1.39, 1.83, 2.87, 4.21, 4.32, 3.62, 3.26, 3.19, 3.46, 3.83, 4.0, 4.15, 4.215, 3.96, 4.37, 5.34, 4.7, 4.65, 4.76, 5.01, 4.83, 4.81, 5.03, 5.25, 5.09, 5.89, 6.39, 6.12, 5.66, 5.54, 5.7, 5.95, 5.43, 5.12, 5.3, 4.82, 3.82, 2.71, 2.37, 2.58, 3.53, 4.62, 5.17, 4.66, 3.94, 3.55, 3.14, 3.72, 4.44, 3.75, 2.54, 2.61, 2.74, 2.73, 2.87, 3.46, 3.82], [6.13, 4.99, 4.61, 5.01, 5.83, 6.62, 6.65, 6.87, 6.61, 5.51, 4.37, 2.99, 2.37, 1.94, 2.03, 2.25, 2.23, 2.87, 3.0, 2.63, 2.92, 2.69, 1.97, 1.83, 1.71, 1.73, 1.84, 1.29, 0, 0.6, 1.06, 1.94, 3.3, 3.43, 2.65, 2.17, 2.06, 2.39, 2.8, 2.97, 3.12, 3.2, 2.99, 3.48, 4.41, 3.91, 4.26, 4.39, 4.6, 4.32, 4.22, 4.48, 4.4, 4.3, 5.04, 5.56, 5.35, 4.85, 4.91, 5.03, 5.4, 5.0, 4.65, 4.57, 4.03, 3.57, 2.9, 2.36, 2.21, 2.58, 3.51, 4.04, 3.55, 2.89, 2.44, 2.11, 2.77, 3.29, 2.58, 1.49, 1.74, 1.81, 1.76, 2.04, 2.49, 2.89], [6.262, 5.105, 4.715, 5.159, 5.982, 6.774, 6.741, 6.99, 6.63, 5.682, 4.53, 3.07, 2.43, 1.96, 2.07, 2.39, 2.27, 2.85, 3.08, 2.75, 3.08, 2.83, 2.11, 1.91, 1.67, 1.69, 1.86, 1.39, 0.6, 0, 0.82, 1.86, 3.32, 3.45, 2.63, 1.97, 1.92, 2.23, 2.68, 2.85, 2.98, 3.057, 2.89, 3.3, 4.25, 3.81, 4.12, 4.25, 4.42, 4.18, 4.1, 4.3, 4.28, 4.28, 4.84, 5.36, 5.25, 4.77, 4.85, 4.97, 5.28, 4.86, 4.51, 4.35, 3.89, 3.41, 2.76, 2.16, 1.83, 2.32, 3.33, 3.86, 3.37, 2.71, 2.36, 2.01, 2.59, 3.15, 2.46, 1.41, 1.66, 1.71, 1.66, 2.08, 2.45, 2.89], [6.476, 5.29, 5.01, 5.47, 6.25, 7.06, 7.05, 7.29, 6.99, 5.89, 4.77, 3.41, 2.81, 2.28, 2.27, 2.61, 2.63, 3.09, 3.28, 3.05, 3.36, 3.09, 2.45, 1.95, 1.83, 1.93, 2.22, 1.83, 1.06, 0.82, 0, 1.74, 3.12, 3.19, 2.27, 1.69, 1.72, 2.05, 2.5, 2.67, 2.8, 2.86, 2.67, 3.2, 4.11, 3.49, 3.72, 3.77, 3.96, 3.74, 3.66, 3.94, 3.86, 3.86, 4.48, 4.98, 4.83, 4.35, 4.43, 4.49, 4.84, 4.38, 4.07, 4.01, 3.55, 3.01, 2.54, 2.22, 1.75, 2.02, 3.05, 3.54, 3.17, 2.59, 2.3, 1.99, 2.41, 2.91, 2.32, 1.31, 1.62, 1.67, 1.52, 1.84, 2.37, 2.79], [7.765, 6.63, 6.25, 6.644, 7.479, 8.272, 8.25, 8.47, 8.25, 7.27, 6.016, 4.51, 3.83, 3.52, 3.59, 3.85, 3.71, 4.33, 4.7, 4.35, 4.58, 4.29, 3.43, 3.09, 3.01, 3.11, 3.3, 2.87, 1.94, 1.86, 1.74, 0, 1.72, 1.95, 1.19, 1.09, 1.02, 1.11, 1.42, 1.53, 1.54, 1.68, 1.61, 1.82, 2.75, 2.39, 3.1, 3.15, 3.36, 3.28, 3.2, 3.12, 3.18, 2.98, 3.64, 4.14, 3.93, 3.47, 3.65, 3.93, 4.24, 3.78, 3.57, 2.89, 2.57, 2.77, 3.38, 2.82, 2.17, 1.5, 1.89, 2.36, 1.99, 1.67, 1.72, 1.97, 1.71, 1.89, 1.34, 1.21, 1.38, 1.83, 1.64, 1.28, 1.17, 1.51], [9.045, 7.95, 7.61, 7.95, 8.75, 9.535, 9.59, 9.87, 9.75, 8.61, 7.296, 5.93, 5.33, 4.86, 4.97, 5.13, 5.19, 5.91, 6.1, 5.75, 5.94, 5.73, 4.91, 4.43, 4.41, 4.61, 4.82, 4.21, 3.3, 3.32, 3.12, 1.72, 0, 0.67, 1.01, 1.85, 2.14, 1.81, 1.58, 1.59, 1.42, 1.44, 1.37, 1.14, 1.49, 1.93, 2.94, 2.81, 3.0, 2.96, 2.86, 2.68, 2.84, 2.72, 3.12, 3.54, 3.43, 3.11, 3.33, 3.61, 3.82, 3.44, 3.23, 2.57, 2.27, 3.05, 4.32, 4.08, 3.25, 2.38, 1.73, 1.8, 1.77, 2.07, 2.34, 2.71, 2.41, 2.07, 1.9, 2.35, 2.46, 2.51, 2.5, 1.84, 1.37, 1.11], [9.03, 7.96, 7.6, 8.0, 8.74, 9.547, 9.58, 9.86, 9.86, 8.66, 7.3, 6.0, 5.42, 4.91, 5.02, 5.14, 5.3, 6.04, 6.17, 5.82, 6.03, 5.86, 5.02, 4.44, 4.42, 4.68, 4.97, 4.32, 3.43, 3.45, 3.19, 1.95, 0.67, 0, 0.98, 1.94, 2.31, 1.96, 1.81, 1.74, 1.61, 1.67, 1.5, 1.39, 1.56, 1.8, 2.77, 2.72, 2.87, 2.81, 2.75, 2.61, 2.77, 2.61, 3.01, 3.43, 3.3, 3.02, 3.22, 3.54, 3.75, 3.37, 3.1, 2.52, 2.22, 3.14, 4.31, 4.25, 3.3, 2.47, 1.64, 1.73, 1.76, 1.98, 2.31, 2.7, 2.36, 1.92, 1.99, 2.6, 2.67, 2.7, 2.57, 1.95, 1.42, 1.16], [8.252, 7.12, 6.82, 7.24, 8.02, 8.847, 8.8, 9.08, 9.02, 7.84, 6.56, 5.18, 4.58, 4.09, 4.16, 4.38, 4.5, 5.16, 5.33, 5.0, 5.23, 5.0, 4.18, 3.62, 3.6, 3.78, 4.09, 3.62, 2.65, 2.63, 2.27, 1.19, 1.01, 0.98, 0, 1.14, 1.43, 1.28, 1.53, 1.48, 1.39, 1.61, 1.3, 1.55, 2.14, 1.96, 2.93, 2.88, 3.05, 3.07, 2.99, 2.81, 2.87, 2.81, 3.27, 3.69, 3.62, 3.28, 3.5, 3.82, 4.13, 3.61, 3.34, 2.68, 2.36, 2.72, 3.71, 3.47, 2.76, 2.03, 1.7, 1.97, 1.64, 1.76, 1.87, 2.16, 2.0, 1.84, 1.47, 1.8, 1.87, 2.02, 1.79, 1.31, 1.24, 1.14], [8.011, 6.816, 6.506, 6.989, 7.783, 8.59, 8.546, 8.78, 8.478, 7.389, 6.3, 4.86, 4.26, 3.79, 3.8, 4.14, 4.1, 4.52, 4.773, 4.6, 4.91, 4.62, 3.82, 3.32, 3.24, 3.44, 3.67, 3.26, 2.17, 1.97, 1.69, 1.09, 1.85, 1.94, 1.14, 0, 0.77, 0.94, 1.35, 1.46, 1.41, 1.49, 1.3, 1.83, 2.68, 2.58, 3.43, 3.44, 3.59, 3.57, 3.45, 3.23, 3.23, 3.25, 3.67, 4.13, 4.08, 3.78, 4.06, 4.3, 4.57, 4.07, 3.86, 3.18, 2.8, 3.04, 3.57, 3.05, 2.14, 1.57, 1.92, 2.41, 2.06, 1.74, 1.89, 2.04, 1.86, 1.8, 1.11, 1.26, 1.39, 1.44, 1.41, 1.43, 1.48, 1.64], [8.07, 6.864, 6.532, 6.929, 7.738, 8.539, 8.498, 8.775, 8.427, 7.513, 6.318, 4.81, 4.11, 3.76, 3.79, 4.132, 3.95, 4.37, 4.814, 4.504, 4.774, 4.484, 3.59, 3.37, 3.25, 3.347, 3.52, 3.19, 2.06, 1.92, 1.72, 1.02, 2.14, 2.31, 1.43, 0.77, 0, 0.59, 1.14, 1.39, 1.38, 1.38, 1.43, 1.96, 2.89, 2.85, 3.7, 3.71, 3.86, 3.84, 3.72, 3.58, 3.58, 3.54, 4.06, 4.58, 4.43, 4.07, 4.25, 4.47, 4.72, 4.34, 4.13, 3.45, 3.09, 3.29, 3.66, 2.84, 1.97, 1.26, 1.85, 2.34, 2.09, 1.81, 1.92, 2.11, 1.79, 1.81, 1.02, 1.31, 1.36, 1.53, 1.58, 1.58, 1.67, 1.89], [8.372, 7.191, 6.879, 7.22, 8.028, 8.866, 8.793, 9.125, 8.76, 7.86, 6.668, 5.122, 4.4, 4.05, 4.077, 4.422, 4.3, 4.7, 5.15, 4.84, 5.07, 4.82, 3.88, 3.66, 3.54, 3.66, 3.81, 3.46, 2.39, 2.23, 2.05, 1.11, 1.81, 1.96, 1.28, 0.94, 0.59, 0, 0.83, 1.14, 1.17, 1.21, 1.26, 1.63, 2.52, 2.66, 3.67, 3.64, 3.81, 3.79, 3.69, 3.53, 3.57, 3.51, 4.03, 4.51, 4.34, 4.0, 4.22, 4.44, 4.71, 4.31, 4.1, 3.32, 3.02, 3.3, 3.79, 2.99, 2.1, 1.33, 1.66, 2.13, 1.84, 1.92, 2.03, 2.26, 1.86, 1.72, 1.01, 1.38, 1.45, 1.74, 1.67, 1.65, 1.52, 1.62], [8.759, 7.63, 7.326, 7.61, 8.475, 9.293, 9.241, 9.57, 9.19, 8.29, 7.11, 5.57, 4.79, 4.42, 4.47, 4.849, 4.73, 5.15, 5.58, 5.29, 5.52, 5.27, 4.31, 4.07, 3.95, 4.09, 4.18, 3.83, 2.8, 2.68, 2.5, 1.42, 1.58, 1.81, 1.53, 1.35, 1.14, 0.83, 0, 0.65, 0.74, 1.06, 1.25, 1.26, 2.13, 2.85, 3.88, 3.85, 4.02, 4.0, 3.92, 3.66, 3.78, 3.72, 4.2, 4.68, 4.51, 4.19, 4.41, 4.63, 4.88, 4.5, 4.31, 3.51, 3.17, 3.51, 4.12, 3.36, 2.43, 1.7, 1.93, 2.34, 1.99, 2.19, 2.34, 2.55, 2.27, 2.07, 1.24, 1.55, 1.54, 1.75, 1.94, 1.72, 1.55, 1.51], [8.929, 7.8, 7.496, 7.78, 8.645, 9.463, 9.42, 9.74, 9.36, 8.46, 7.28, 5.74, 4.96, 4.59, 4.64, 5.019, 4.92, 5.34, 5.75, 5.46, 5.69, 5.44, 4.5, 4.24, 4.12, 4.26, 4.35, 4.0, 2.97, 2.85, 2.67, 1.53, 1.59, 1.74, 1.48, 1.46, 1.39, 1.14, 0.65, 0, 0.59, 1.05, 1.22, 1.25, 2.06, 2.86, 3.85, 3.82, 4.03, 3.93, 3.83, 3.55, 3.73, 3.69, 4.23, 4.69, 4.54, 4.18, 4.38, 4.6, 4.87, 4.49, 4.24, 3.56, 3.14, 3.46, 4.23, 3.63, 2.6, 1.67, 1.92, 2.35, 2.06, 2.24, 2.29, 2.52, 2.32, 1.88, 1.25, 1.72, 1.67, 1.76, 1.87, 1.79, 1.58, 1.52], [9.062, 7.941, 7.649, 7.926, 8.778, 9.596, 9.57, 9.89, 9.51, 8.61, 7.418, 5.89, 5.13, 4.74, 4.79, 5.152, 5.09, 5.47, 5.9, 5.59, 5.82, 5.57, 4.63, 4.384, 4.25, 4.41, 4.5, 4.15, 3.12, 2.98, 2.8, 1.54, 1.42, 1.61, 1.39, 1.41, 1.38, 1.17, 0.74, 0.59, 0, 0.72, 0.97, 0.98, 1.85, 2.51, 3.52, 3.47, 3.68, 3.62, 3.52, 3.24, 3.46, 3.34, 3.88, 4.32, 4.19, 3.85, 4.05, 4.27, 4.54, 4.16, 3.93, 3.19, 2.79, 3.29, 4.34, 3.72, 2.51, 1.6, 1.55, 2.02, 1.87, 2.01, 2.2, 2.47, 2.19, 1.65, 1.12, 1.87, 1.74, 1.73, 1.96, 1.84, 1.43, 1.41], [9.13, 8.021, 7.709, 7.986, 8.858, 9.676, 9.623, 9.955, 9.59, 8.69, 7.498, 5.97, 5.21, 4.808, 4.87, 5.232, 5.13, 5.59, 5.98, 5.67, 5.9, 5.65, 4.69, 4.47, 4.33, 4.487, 4.6, 4.215, 3.2, 3.057, 2.86, 1.68, 1.44, 1.67, 1.61, 1.49, 1.38, 1.21, 1.06, 1.05, 0.72, 0, 0.63, 0.88, 1.77, 2.49, 3.5, 3.43, 3.68, 3.66, 3.5, 3.28, 3.44, 3.34, 3.68, 4.18, 4.09, 3.79, 4.03, 4.25, 4.36, 4.14, 3.89, 3.13, 2.81, 3.43, 4.42, 3.8, 2.69, 1.68, 1.49, 1.96, 2.13, 2.11, 2.3, 2.51, 2.11, 1.47, 1.2, 2.07, 1.9, 1.83, 2.1, 1.96, 1.55, 1.69], [8.85, 7.711, 7.42, 7.716, 8.568, 9.39, 9.34, 9.66, 9.32, 8.38, 7.188, 5.66, 4.96, 4.53, 4.56, 4.94, 4.9, 5.3, 5.69, 5.38, 5.61, 5.36, 4.46, 4.18, 4.02, 4.2, 4.33, 3.96, 2.99, 2.89, 2.67, 1.61, 1.37, 1.5, 1.3, 1.3, 1.43, 1.26, 1.25, 1.22, 0.97, 0.63, 0, 0.87, 1.8, 2.32, 3.39, 3.34, 3.57, 3.55, 3.39, 3.15, 3.31, 3.23, 3.59, 4.05, 3.96, 3.68, 3.92, 4.14, 4.27, 4.03, 3.78, 3.06, 2.66, 3.16, 4.19, 3.57, 2.62, 1.85, 1.5, 1.89, 2.0, 2.02, 2.23, 2.46, 2.06, 1.44, 1.13, 1.92, 1.89, 1.86, 1.85, 1.73, 1.34, 1.52], [9.268, 8.204, 7.85, 8.144, 9.019, 9.832, 9.79, 10.11, 9.85, 8.933, 7.67, 6.09, 5.35, 4.98, 5.09, 5.37, 5.35, 5.93, 6.26, 5.97, 6.2, 5.93, 4.99, 4.67, 4.53, 4.71, 4.78, 4.37, 3.48, 3.3, 3.2, 1.82, 1.14, 1.39, 1.55, 1.83, 1.96, 1.63, 1.26, 1.25, 0.98, 0.88, 0.87, 0, 1.15, 2.17, 3.34, 3.25, 3.46, 3.46, 3.26, 3.02, 3.26, 3.14, 3.52, 3.98, 3.91, 3.57, 3.81, 4.15, 4.32, 4.0, 3.65, 2.97, 2.69, 3.39, 4.64, 4.08, 3.07, 2.18, 1.73, 1.94, 2.01, 2.21, 2.48, 2.81, 2.43, 1.73, 1.58, 2.19, 2.2, 2.23, 2.3, 2.02, 1.43, 1.37], [10.204, 9.137, 8.786, 9.046, 9.852, 10.724, 10.686, 11.08, 10.812, 9.866, 8.6, 7.02, 6.3, 5.91, 6.02, 6.309, 6.34, 6.9, 7.21, 6.92, 7.15, 6.88, 5.96, 5.6, 5.46, 5.68, 5.75, 5.34, 4.41, 4.25, 4.11, 2.75, 1.49, 1.56, 2.14, 2.68, 2.89, 2.52, 2.13, 2.06, 1.85, 1.77, 1.8, 1.15, 0, 1.9, 3.17, 3.06, 3.27, 3.29, 3.09, 2.85, 3.03, 2.95, 3.27, 3.69, 3.68, 3.38, 3.64, 3.98, 4.09, 3.83, 3.42, 2.84, 2.66, 4.243, 5.559, 5.07, 3.94, 2.91, 1.94, 1.73, 2.08, 2.68, 3.25, 3.62, 3.0, 2.26, 2.53, 3.12, 3.19, 3.22, 3.23, 2.93, 2.2, 1.88], [8.99, 7.958, 7.712, 8.109, 8.786, 9.633, 9.635, 10.04, 10.0, 8.855, 7.4, 6.14, 5.56, 5.01, 5.1, 5.34, 5.48, 6.2, 6.35, 6.0, 6.25, 6.06, 5.14, 4.58, 4.6, 4.96, 5.17, 4.7, 3.91, 3.81, 3.49, 2.39, 1.93, 1.8, 1.96, 2.58, 2.85, 2.66, 2.85, 2.86, 2.51, 2.49, 2.32, 2.17, 1.9, 0, 1.39, 1.26, 1.45, 1.45, 1.35, 1.37, 1.55, 1.33, 1.59, 2.13, 2.12, 1.72, 1.9, 2.28, 2.53, 1.97, 1.8, 1.6, 1.72, 3.149, 4.419, 4.33, 3.54, 2.67, 2.06, 1.75, 1.88, 2.02, 2.51, 2.9, 2.24, 2.04, 2.59, 3.2, 3.23, 3.32, 2.97, 2.25, 1.88, 2.0], [7.995, 7.07, 6.77, 7.15, 7.816, 8.64, 8.708, 9.108, 9.21, 7.928, 6.41, 5.27, 4.89, 4.5, 4.61, 4.87, 5.05, 5.63, 5.74, 5.39, 5.52, 5.35, 4.39, 3.89, 4.17, 4.51, 4.84, 4.65, 4.26, 4.12, 3.72, 3.1, 2.94, 2.77, 2.93, 3.43, 3.7, 3.67, 3.88, 3.85, 3.52, 3.5, 3.39, 3.34, 3.17, 1.39, 0, 1.13, 1.14, 1.26, 1.34, 1.72, 2.0, 1.6, 1.88, 2.34, 2.17, 1.59, 1.45, 1.69, 1.74, 1.16, 1.01, 1.47, 1.59, 2.27, 3.48, 3.74, 3.45, 3.06, 3.05, 2.74, 2.51, 2.37, 2.58, 2.85, 2.69, 2.85, 3.52, 3.97, 4.06, 3.73, 3.38, 2.76, 2.71, 2.93], [8.682, 7.86, 7.58, 7.949, 8.652, 9.453, 9.498, 9.9, 10.0, 8.72, 7.229, 6.06, 5.56, 5.03, 5.12, 5.24, 5.46, 6.24, 6.39, 6.02, 6.21, 6.06, 5.14, 4.46, 4.58, 4.94, 5.19, 4.76, 4.39, 4.25, 3.77, 3.15, 2.81, 2.72, 2.88, 3.44, 3.71, 3.64, 3.85, 3.82, 3.47, 3.43, 3.34, 3.25, 3.06, 1.26, 1.13, 0, 0.69, 0.85, 0.95, 1.23, 1.31, 0.95, 1.45, 2.01, 1.88, 1.4, 1.42, 1.64, 1.77, 1.35, 1.44, 1.86, 2.16, 3.0, 4.259, 4.39, 3.66, 3.11, 3.0, 2.67, 2.82, 2.72, 3.03, 3.26, 2.94, 2.94, 3.55, 4.06, 4.15, 3.86, 3.51, 2.79, 2.72, 2.96], [8.83, 7.87, 7.67, 8.102, 8.782, 9.555, 9.683, 10.008, 10.07, 8.828, 7.342, 6.15, 5.69, 5.14, 5.25, 5.43, 5.55, 6.31, 6.48, 6.11, 6.34, 6.13, 5.25, 4.59, 4.71, 5.09, 5.34, 5.01, 4.6, 4.42, 3.96, 3.36, 3.0, 2.87, 3.05, 3.59, 3.86, 3.81, 4.02, 4.03, 3.68, 3.68, 3.57, 3.46, 3.27, 1.45, 1.14, 0.69, 0, 0.68, 0.96, 1.1, 1.3, 1.04, 1.3, 1.88, 1.71, 1.31, 1.35, 1.51, 1.66, 1.26, 1.47, 1.89, 2.17, 3.09, 4.389, 4.48, 3.81, 3.28, 3.13, 2.78, 2.87, 2.77, 3.16, 3.35, 3.05, 3.11, 3.72, 4.25, 4.34, 4.03, 3.66, 3.0, 2.95, 3.11], [8.813, 7.85, 7.708, 8.097, 8.782, 9.538, 9.686, 10.008, 10.05, 8.828, 7.302, 6.15, 5.59, 5.06, 5.19, 5.37, 5.55, 6.27, 6.44, 6.09, 6.28, 6.07, 5.21, 4.59, 4.65, 5.03, 5.3, 4.83, 4.32, 4.18, 3.74, 3.28, 2.96, 2.81, 3.07, 3.57, 3.84, 3.79, 4.0, 3.93, 3.62, 3.66, 3.55, 3.46, 3.29, 1.45, 1.26, 0.85, 0.68, 0, 0.74, 1.16, 1.2, 0.88, 1.38, 1.94, 1.77, 1.35, 1.27, 1.47, 1.84, 1.36, 1.49, 2.01, 2.33, 3.09, 4.341, 4.42, 3.75, 3.16, 3.15, 2.78, 2.91, 2.85, 3.02, 3.11, 3.07, 3.11, 3.66, 4.11, 4.2, 3.75, 3.44, 2.96, 2.91, 3.13], [8.77, 7.89, 7.768, 8.197, 8.877, 9.638, 9.783, 10.088, 10.13, 8.908, 7.394, 6.21, 5.69, 5.16, 5.25, 5.37, 5.57, 6.33, 6.48, 6.13, 6.34, 6.15, 5.29, 4.67, 4.71, 5.05, 5.28, 4.81, 4.22, 4.1, 3.66, 3.2, 2.86, 2.75, 2.99, 3.45, 3.72, 3.69, 3.92, 3.83, 3.52, 3.5, 3.39, 3.26, 3.09, 1.35, 1.34, 0.95, 0.96, 0.74, 0, 1.0, 1.28, 1.02, 1.4, 2.04, 1.95, 1.53, 1.47, 1.79, 2.1, 1.62, 1.53, 2.13, 2.43, 3.25, 4.461, 4.5, 3.69, 3.06, 3.01, 2.7, 2.91, 2.87, 3.04, 3.27, 3.09, 2.97, 3.54, 3.91, 4.0, 3.69, 3.28, 2.88, 2.75, 3.01], [9.379, 8.326, 8.235, 8.686, 9.391, 10.184, 10.272, 10.535, 10.552, 9.355, 7.863, 6.674, 6.125, 5.66, 5.634, 5.846, 5.983, 6.73, 6.861, 6.534, 6.801, 6.564, 5.743, 5.134, 5.154, 5.437, 5.613, 5.03, 4.48, 4.3, 3.94, 3.12, 2.68, 2.61, 2.81, 3.23, 3.58, 3.53, 3.66, 3.55, 3.24, 3.28, 3.15, 3.02, 2.85, 1.37, 1.72, 1.23, 1.1, 1.16, 1.0, 0, 0.88, 0.88, 1.24, 1.78, 1.79, 1.57, 1.73, 1.93, 2.2, 1.8, 2.03, 2.21, 2.49, 3.668, 4.93, 4.888, 3.97, 3.14, 2.73, 2.62, 2.93, 2.95, 3.42, 3.79, 3.21, 3.01, 3.24, 3.91, 3.96, 3.87, 3.42, 2.92, 2.67, 2.79], [9.608, 8.546, 8.32, 8.783, 9.551, 10.355, 10.355, 10.6, 10.532, 9.32, 7.977, 6.76, 6.185, 5.667, 5.694, 5.962, 6.073, 6.716, 6.863, 6.559, 6.82, 6.584, 5.778, 5.174, 5.194, 5.433, 5.726, 5.25, 4.4, 4.28, 3.86, 3.18, 2.84, 2.77, 2.87, 3.23, 3.58, 3.57, 3.78, 3.73, 3.46, 3.44, 3.31, 3.26, 3.03, 1.55, 2.0, 1.31, 1.3, 1.2, 1.28, 0.88, 0, 0.68, 0.96, 1.5, 1.47, 1.27, 1.49, 1.71, 2.02, 1.9, 2.13, 2.19, 2.55, 3.81, 5.041, 4.891, 3.97, 3.16, 2.83, 2.6, 2.87, 2.85, 3.28, 3.63, 3.09, 2.99, 3.28, 3.91, 4.06, 3.93, 3.48, 3.06, 2.87, 2.89], [9.299, 8.263, 8.038, 8.543, 9.251, 10.052, 10.112, 10.358, 10.369, 9.158, 7.72, 6.52, 5.943, 5.48, 5.494, 5.706, 5.87, 6.53, 6.661, 6.354, 6.621, 6.384, 5.583, 4.974, 5.03, 5.257, 5.52, 5.09, 4.3, 4.28, 3.86, 2.98, 2.72, 2.61, 2.81, 3.25, 3.54, 3.51, 3.72, 3.69, 3.34, 3.34, 3.23, 3.14, 2.95, 1.33, 1.6, 0.95, 1.04, 0.88, 1.02, 0.88, 0.68, 0, 0.98, 1.66, 1.55, 1.11, 1.23, 1.59, 1.88, 1.52, 1.81, 2.03, 2.37, 3.485, 4.787, 4.713, 3.87, 3.1, 2.85, 2.48, 2.77, 2.75, 3.04, 3.35, 2.95, 2.85, 3.34, 3.83, 3.98, 3.81, 3.34, 2.88, 2.61, 2.85], [9.611, 8.555, 8.398, 8.9, 9.597, 10.37, 10.447, 10.692, 10.575, 9.392, 8.04, 6.871, 6.374, 5.8, 6.02, 6.386, 6.39, 6.943, 7.09, 6.8, 7.084, 6.84, 5.92, 5.443, 5.55, 5.943, 6.2, 5.89, 5.04, 4.84, 4.48, 3.64, 3.12, 3.01, 3.27, 3.67, 4.06, 4.03, 4.2, 4.23, 3.88, 3.68, 3.59, 3.52, 3.27, 1.59, 1.88, 1.45, 1.3, 1.38, 1.4, 1.24, 0.96, 0.98, 0, 0.8, 0.99, 0.93, 1.31, 1.61, 1.78, 1.76, 2.065, 1.93, 2.33, 3.775, 5.099, 5.041, 4.55, 3.78, 3.19, 2.74, 2.75, 2.73, 3.22, 3.65, 3.11, 2.99, 3.78, 4.41, 4.58, 4.53, 4.06, 3.44, 3.09, 3.25], [9.908, 8.871, 8.683, 9.16, 9.862, 10.629, 10.671, 10.911, 10.723, 9.531, 8.33, 7.21, 6.69, 6.16, 6.39, 6.866, 6.85, 7.323, 7.43, 7.183, 7.39, 7.2, 6.25, 5.89, 5.97, 6.346, 6.66, 6.39, 5.56, 5.36, 4.98, 4.14, 3.54, 3.43, 3.69, 4.13, 4.58, 4.51, 4.68, 4.69, 4.32, 4.18, 4.05, 3.98, 3.69, 2.13, 2.34, 2.01, 1.88, 1.94, 2.04, 1.78, 1.5, 1.66, 0.8, 0, 0.75, 1.01, 1.49, 1.65, 1.86, 2.08, 2.29, 2.13, 2.41, 3.985, 5.315, 5.373, 5.03, 4.28, 3.57, 3.14, 3.07, 3.07, 3.52, 4.05, 3.59, 3.45, 4.24, 4.87, 5.1, 5.09, 4.68, 4.0, 3.61, 3.67], [9.895, 8.875, 8.48, 8.935, 9.609, 10.433, 10.538, 10.764, 10.65, 9.344, 8.14, 7.02, 6.58, 5.99, 6.24, 6.54, 6.58, 7.06, 7.23, 6.98, 7.21, 7.0, 6.06, 5.62, 5.78, 6.1, 6.43, 6.12, 5.35, 5.25, 4.83, 3.93, 3.43, 3.3, 3.62, 4.08, 4.43, 4.34, 4.51, 4.54, 4.19, 4.09, 3.96, 3.91, 3.68, 2.12, 2.17, 1.88, 1.71, 1.77, 1.95, 1.79, 1.47, 1.55, 0.99, 0.75, 0, 0.96, 1.34, 1.46, 1.67, 1.97, 2.08, 1.92, 2.34, 3.815, 5.122, 5.21, 4.8, 4.09, 3.48, 3.09, 3.0, 2.94, 3.37, 3.86, 3.38, 3.3, 4.11, 4.72, 5.01, 5.0, 4.61, 3.89, 3.48, 3.62], [9.232, 8.12, 7.88, 8.34, 9.066, 9.87, 9.895, 10.118, 10.06, 8.858, 7.52, 6.34, 5.88, 5.41, 5.66, 6.06, 6.06, 6.64, 6.77, 6.4, 6.59, 6.4, 5.46, 5.02, 5.18, 5.58, 5.89, 5.66, 4.85, 4.77, 4.35, 3.47, 3.11, 3.02, 3.28, 3.78, 4.07, 4.0, 4.19, 4.18, 3.85, 3.79, 3.68, 3.57, 3.38, 1.72, 1.59, 1.4, 1.31, 1.35, 1.53, 1.57, 1.27, 1.11, 0.93, 1.01, 0.96, 0, 0.8, 1.02, 1.33, 1.43, 1.5, 1.56, 1.86, 3.229, 4.556, 4.59, 4.34, 3.59, 3.24, 2.81, 2.76, 2.7, 2.87, 3.4, 3.04, 3.04, 3.85, 4.34, 4.53, 4.38, 4.01, 3.33, 2.96, 3.26], [8.73, 7.84, 7.64, 7.92, 8.56, 9.35, 9.38, 9.66, 9.8, 8.48, 7.08, 6.2, 5.78, 5.35, 5.62, 5.92, 6.02, 6.64, 6.73, 6.4, 6.49, 6.32, 5.46, 4.96, 5.14, 5.54, 5.85, 5.54, 4.91, 4.85, 4.43, 3.65, 3.33, 3.22, 3.5, 4.06, 4.25, 4.22, 4.41, 4.38, 4.05, 4.03, 3.92, 3.81, 3.64, 1.9, 1.45, 1.42, 1.35, 1.27, 1.47, 1.73, 1.49, 1.23, 1.31, 1.49, 1.34, 0.8, 0, 0.58, 1.15, 1.29, 1.16, 1.56, 1.8, 2.76, 4.09, 4.63, 4.36, 3.67, 3.52, 3.15, 3.04, 2.94, 3.05, 3.46, 3.26, 3.34, 4.07, 4.54, 4.69, 4.44, 4.11, 3.45, 3.26, 3.54], [8.69, 7.96, 7.74, 7.94, 8.44, 9.23, 9.34, 9.66, 9.76, 8.38, 7.02, 6.32, 5.92, 5.47, 5.7, 6.06, 6.06, 6.62, 6.71, 6.38, 6.49, 6.32, 5.46, 5.04, 5.24, 5.58, 5.93, 5.7, 5.03, 4.97, 4.49, 3.93, 3.61, 3.54, 3.82, 4.3, 4.47, 4.44, 4.63, 4.6, 4.27, 4.25, 4.14, 4.15, 3.98, 2.28, 1.69, 1.64, 1.51, 1.47, 1.79, 1.93, 1.71, 1.59, 1.61, 1.65, 1.46, 1.02, 0.58, 0, 0.77, 1.27, 1.22, 1.68, 1.88, 2.62, 3.95, 4.63, 4.36, 3.77, 3.7, 3.35, 3.24, 3.12, 3.21, 3.58, 3.44, 3.54, 4.27, 4.78, 5.01, 4.66, 4.39, 3.79, 3.56, 3.84], [8.74, 8.07, 7.81, 7.99, 8.41, 9.12, 9.43, 9.77, 9.83, 8.49, 7.05, 6.35, 6.09, 5.72, 5.91, 6.29, 6.27, 6.65, 6.74, 6.41, 6.52, 6.35, 5.53, 5.19, 5.45, 5.77, 6.14, 5.95, 5.4, 5.28, 4.84, 4.24, 3.82, 3.75, 4.13, 4.57, 4.72, 4.71, 4.88, 4.87, 4.54, 4.36, 4.27, 4.32, 4.09, 2.53, 1.74, 1.77, 1.66, 1.84, 2.1, 2.2, 2.02, 1.88, 1.78, 1.86, 1.67, 1.33, 1.15, 0.77, 0, 1.08, 1.37, 1.75, 1.89, 2.69, 3.98, 4.76, 4.53, 4.08, 3.87, 3.48, 3.47, 3.37, 3.54, 3.89, 3.65, 3.65, 4.52, 5.11, 5.38, 5.05, 4.8, 4.1, 3.83, 4.09], [8.4, 7.57, 7.33, 7.67, 8.23, 9.04, 9.29, 9.59, 9.71, 8.35, 6.79, 5.97, 5.59, 5.26, 5.35, 5.69, 5.73, 6.27, 6.36, 6.03, 6.16, 5.99, 5.11, 4.59, 4.87, 5.25, 5.6, 5.43, 5.0, 4.86, 4.38, 3.78, 3.44, 3.37, 3.61, 4.07, 4.34, 4.31, 4.5, 4.49, 4.16, 4.14, 4.03, 4.0, 3.83, 1.97, 1.16, 1.35, 1.26, 1.36, 1.62, 1.8, 1.9, 1.52, 1.76, 2.08, 1.97, 1.43, 1.29, 1.27, 1.08, 0, 1.21, 1.61, 1.91, 2.53, 3.8, 4.34, 4.11, 3.72, 3.57, 3.24, 3.11, 2.99, 3.18, 3.53, 3.29, 3.47, 4.16, 4.67, 4.82, 4.51, 4.18, 3.54, 3.41, 3.55], [8.07, 7.28, 6.88, 7.16, 7.76, 8.63, 8.64, 9.06, 9.28, 7.88, 6.4, 5.46, 5.24, 4.89, 5.1, 5.3, 5.48, 5.94, 6.03, 5.7, 5.79, 5.64, 4.74, 4.3, 4.62, 4.94, 5.31, 5.12, 4.65, 4.51, 4.07, 3.57, 3.23, 3.1, 3.34, 3.86, 4.13, 4.1, 4.31, 4.24, 3.93, 3.89, 3.78, 3.65, 3.42, 1.8, 1.01, 1.44, 1.47, 1.49, 1.53, 2.03, 2.13, 1.81, 2.065, 2.29, 2.08, 1.5, 1.16, 1.22, 1.37, 1.21, 0, 1.16, 1.58, 2.12, 3.45, 4.13, 3.9, 3.41, 3.42, 3.05, 2.94, 2.8, 2.85, 3.22, 3.16, 3.22, 3.95, 4.34, 4.43, 4.12, 3.79, 3.17, 3.14, 3.42], [8.392, 7.48, 7.1, 7.52, 8.22, 9.03, 8.92, 9.2, 9.16, 7.92, 6.74, 5.58, 5.28, 4.97, 5.22, 5.64, 5.52, 5.84, 6.09, 5.8, 5.91, 5.68, 4.8, 4.48, 4.72, 5.02, 5.35, 5.3, 4.57, 4.35, 4.01, 2.89, 2.57, 2.52, 2.68, 3.18, 3.45, 3.32, 3.51, 3.56, 3.19, 3.13, 3.06, 2.97, 2.84, 1.6, 1.47, 1.86, 1.89, 2.01, 2.13, 2.21, 2.19, 2.03, 1.93, 2.13, 1.92, 1.56, 1.56, 1.68, 1.75, 1.61, 1.16, 0, 0.9, 2.36, 3.77, 4.03, 3.76, 3.13, 2.48, 2.13, 1.96, 1.96, 2.35, 2.92, 2.44, 2.5, 3.13, 3.8, 3.91, 4.06, 3.65, 2.97, 2.48, 2.58], [7.932, 6.96, 6.78, 7.08, 7.72, 8.47, 8.515, 8.74, 8.64, 7.4, 6.26, 5.2, 4.86, 4.47, 4.7, 5.2, 5.08, 5.5, 5.63, 5.32, 5.47, 5.22, 4.38, 4.04, 4.22, 4.58, 4.91, 4.82, 4.03, 3.89, 3.55, 2.57, 2.27, 2.22, 2.36, 2.8, 3.09, 3.02, 3.17, 3.14, 2.79, 2.81, 2.66, 2.69, 2.66, 1.72, 1.59, 2.16, 2.17, 2.33, 2.43, 2.49, 2.55, 2.37, 2.33, 2.41, 2.34, 1.86, 1.8, 1.88, 1.89, 1.91, 1.58, 0.9, 0, 1.88, 3.23, 3.61, 3.36, 2.69, 2.14, 2.01, 1.74, 1.6, 1.99, 2.52, 2.08, 2.22, 2.79, 3.42, 3.65, 3.62, 3.29, 2.57, 2.18, 2.26], [6.29, 5.46, 5.46, 5.66, 6.08, 6.83, 6.84, 7.2, 7.3, 5.94, 4.6, 3.96, 3.94, 3.61, 3.78, 4.02, 4.1, 4.48, 4.51, 4.3, 4.31, 4.1, 3.42, 3.02, 3.36, 3.6, 3.99, 3.82, 3.57, 3.41, 3.01, 2.77, 3.05, 3.14, 2.72, 3.04, 3.29, 3.3, 3.51, 3.46, 3.29, 3.43, 3.16, 3.39, 4.243, 3.149, 2.27, 3.0, 3.09, 3.09, 3.25, 3.668, 3.81, 3.485, 3.775, 3.985, 3.815, 3.229, 2.76, 2.62, 2.69, 2.53, 2.12, 2.36, 1.88, 0, 1.81, 2.73, 2.74, 2.81, 3.4, 3.71, 2.92, 2.42, 2.23, 2.42, 2.72, 3.14, 3.05, 3.34, 3.47, 3.04, 2.93, 2.33, 2.5, 2.78], [4.98, 4.21, 4.11, 4.21, 4.61, 5.46, 5.61, 6.01, 6.11, 4.75, 3.29, 2.69, 2.45, 2.42, 2.41, 2.77, 3.07, 3.35, 3.42, 3.13, 3.04, 3.11, 2.69, 2.21, 2.37, 2.53, 2.8, 2.71, 2.9, 2.76, 2.54, 3.38, 4.32, 4.31, 3.71, 3.57, 3.66, 3.79, 4.12, 4.23, 4.34, 4.42, 4.19, 4.64, 5.559, 4.419, 3.48, 4.259, 4.389, 4.341, 4.461, 4.93, 5.041, 4.787, 5.099, 5.315, 5.122, 4.556, 4.09, 3.95, 3.98, 3.8, 3.45, 3.77, 3.23, 1.81, 0, 1.66, 2.57, 3.634, 4.727, 5.034, 4.078, 3.298, 2.828, 2.79, 3.37, 4.195, 4.0, 3.07, 3.42, 3.33, 3.0, 2.84, 3.539, 3.91], [5.66, 4.41, 4.03, 4.45, 5.29, 6.08, 6.05, 6.29, 5.89, 4.99, 3.85, 2.39, 1.79, 1.92, 1.87, 2.49, 2.37, 2.43, 2.84, 2.53, 2.66, 2.69, 2.29, 2.43, 2.25, 2.17, 2.14, 2.37, 2.36, 2.16, 2.22, 2.82, 4.08, 4.25, 3.47, 3.05, 2.84, 2.99, 3.36, 3.63, 3.72, 3.8, 3.57, 4.08, 5.07, 4.33, 3.74, 4.39, 4.48, 4.42, 4.5, 4.888, 4.891, 4.713, 5.041, 5.373, 5.21, 4.59, 4.63, 4.63, 4.76, 4.34, 4.13, 4.03, 3.61, 2.73, 1.66, 0, 1.65, 2.84, 3.91, 4.237, 3.39, 2.83, 2.52, 2.23, 2.93, 3.59, 3.14, 2.63, 2.74, 2.71, 2.66, 2.66, 3.11, 3.53], [7.2, 5.98, 5.62, 6.022, 6.868, 7.661, 7.64, 7.86, 7.44, 6.54, 5.42, 3.92, 3.26, 2.99, 2.9, 3.28, 3.12, 3.38, 3.85, 3.6, 3.91, 3.68, 2.96, 2.8, 2.54, 2.58, 2.71, 2.58, 2.21, 1.83, 1.75, 2.17, 3.25, 3.3, 2.76, 2.14, 1.97, 2.1, 2.43, 2.6, 2.51, 2.69, 2.62, 3.07, 3.94, 3.54, 3.45, 3.66, 3.81, 3.75, 3.69, 3.97, 3.97, 3.87, 4.55, 5.03, 4.8, 4.34, 4.36, 4.36, 4.53, 4.11, 3.9, 3.76, 3.36, 2.74, 2.57, 1.65, 0, 1.35, 2.4, 2.91, 2.72, 2.4, 2.31, 2.1, 2.28, 2.52, 1.87, 2.02, 1.99, 1.76, 1.61, 2.05, 2.22, 2.62], [8.402, 7.181, 6.829, 7.209, 8.055, 8.848, 8.815, 9.075, 8.71, 7.81, 6.638, 5.112, 4.415, 4.08, 4.107, 4.452, 4.244, 4.63, 5.1, 4.79, 5.08, 4.79, 3.91, 3.684, 3.57, 3.667, 3.84, 3.53, 2.58, 2.32, 2.02, 1.5, 2.38, 2.47, 2.03, 1.57, 1.26, 1.33, 1.7, 1.67, 1.6, 1.68, 1.85, 2.18, 2.91, 2.67, 3.06, 3.11, 3.28, 3.16, 3.06, 3.14, 3.16, 3.1, 3.78, 4.28, 4.09, 3.59, 3.67, 3.77, 4.08, 3.72, 3.41, 3.13, 2.69, 2.81, 3.634, 2.84, 1.35, 0, 1.29, 1.92, 1.89, 1.71, 1.9, 2.01, 1.65, 1.63, 1.04, 1.91, 1.86, 1.79, 1.52, 1.68, 1.57, 1.89], [9.448, 8.256, 7.899, 8.302, 9.148, 9.941, 9.905, 10.165, 9.763, 8.863, 7.728, 6.191, 5.499, 5.158, 5.197, 5.56, 5.334, 5.692, 6.156, 5.869, 6.179, 5.886, 5.0, 4.774, 4.654, 4.76, 4.95, 4.62, 3.51, 3.33, 3.05, 1.89, 1.73, 1.64, 1.7, 1.92, 1.85, 1.66, 1.93, 1.92, 1.55, 1.49, 1.5, 1.73, 1.94, 2.06, 3.05, 3.0, 3.13, 3.15, 3.01, 2.73, 2.83, 2.85, 3.19, 3.57, 3.48, 3.24, 3.52, 3.7, 3.87, 3.57, 3.42, 2.48, 2.14, 3.4, 4.727, 3.91, 2.4, 1.29, 0, 0.91, 1.3, 1.68, 2.29, 2.64, 1.76, 1.26, 1.25, 2.58, 2.63, 2.66, 2.35, 2.27, 1.66, 1.6], [9.747, 8.555, 8.215, 8.624, 9.464, 10.262, 10.22, 10.455, 10.073, 9.156, 8.027, 6.492, 5.792, 5.453, 5.51, 5.99, 5.71, 6.004, 6.469, 6.202, 6.512, 6.213, 5.319, 5.087, 4.99, 5.17, 5.42, 5.17, 4.04, 3.86, 3.54, 2.36, 1.8, 1.73, 1.97, 2.41, 2.34, 2.13, 2.34, 2.35, 2.02, 1.96, 1.89, 1.94, 1.73, 1.75, 2.74, 2.67, 2.78, 2.78, 2.7, 2.62, 2.6, 2.48, 2.74, 3.14, 3.09, 2.81, 3.15, 3.35, 3.48, 3.24, 3.05, 2.13, 2.01, 3.71, 5.034, 4.237, 2.91, 1.92, 0.91, 0, 1.07, 1.89, 2.48, 2.83, 1.99, 1.43, 1.76, 3.01, 3.12, 3.29, 2.92, 2.78, 2.03, 1.91], [8.811, 7.616, 7.265, 7.705, 8.511, 9.323, 9.271, 9.502, 9.08, 8.166, 7.056, 5.553, 4.94, 4.57, 4.8, 5.32, 4.96, 5.28, 5.71, 5.46, 5.69, 5.42, 4.38, 4.34, 4.32, 4.6, 4.79, 4.66, 3.55, 3.37, 3.17, 1.99, 1.77, 1.76, 1.64, 2.06, 2.09, 1.84, 1.99, 2.06, 1.87, 2.13, 2.0, 2.01, 2.08, 1.88, 2.51, 2.82, 2.87, 2.91, 2.91, 2.93, 2.87, 2.77, 2.75, 3.07, 3.0, 2.76, 3.04, 3.24, 3.47, 3.11, 2.94, 1.96, 1.74, 2.92, 4.078, 3.39, 2.72, 1.89, 1.3, 1.07, 0, 0.98, 1.53, 2.04, 1.6, 1.56, 1.67, 2.54, 2.77, 2.96, 2.51, 2.19, 1.62, 1.4], [8.011, 6.916, 6.505, 6.937, 7.731, 8.543, 8.471, 8.702, 8.38, 7.323, 6.256, 4.82, 4.26, 3.85, 4.12, 4.6, 4.24, 4.7, 5.07, 4.78, 5.01, 4.72, 3.72, 3.56, 3.6, 3.9, 4.11, 3.94, 2.89, 2.71, 2.59, 1.67, 2.07, 1.98, 1.76, 1.74, 1.81, 1.92, 2.19, 2.24, 2.01, 2.11, 2.02, 2.21, 2.68, 2.02, 2.37, 2.72, 2.77, 2.85, 2.87, 2.95, 2.85, 2.75, 2.73, 3.07, 2.94, 2.7, 2.94, 3.12, 3.37, 2.99, 2.8, 1.96, 1.6, 2.42, 3.298, 2.83, 2.4, 1.71, 1.68, 1.89, 0.98, 0, 0.87, 1.34, 1.24, 1.54, 1.51, 2.12, 2.45, 2.54, 2.13, 1.67, 1.46, 1.5], [7.482, 6.37, 5.935, 6.355, 7.161, 7.973, 7.961, 8.21, 7.85, 6.793, 5.723, 4.31, 3.77, 3.38, 3.69, 4.13, 3.85, 4.25, 4.58, 4.27, 4.48, 4.25, 3.17, 3.07, 3.17, 3.45, 3.74, 3.55, 2.44, 2.36, 2.3, 1.72, 2.34, 2.31, 1.87, 1.89, 1.92, 2.03, 2.34, 2.29, 2.2, 2.3, 2.23, 2.48, 3.25, 2.51, 2.58, 3.03, 3.16, 3.02, 3.04, 3.42, 3.28, 3.04, 3.22, 3.52, 3.37, 2.87, 3.05, 3.21, 3.54, 3.18, 2.85, 2.35, 1.99, 2.23, 2.828, 2.52, 2.31, 1.9, 2.29, 2.48, 1.53, 0.87, 0, 0.71, 1.23, 1.65, 1.66, 1.81, 2.16, 2.21, 1.82, 1.6, 1.59, 1.91], [7.245, 6.08, 5.682, 6.082, 6.912, 7.714, 7.708, 7.956, 7.58, 6.54, 5.493, 4.06, 3.48, 3.05, 3.26, 3.72, 3.44, 3.8, 4.21, 3.88, 4.17, 3.88, 2.92, 2.86, 2.9, 3.08, 3.29, 3.14, 2.11, 2.01, 1.99, 1.97, 2.71, 2.7, 2.16, 2.04, 2.11, 2.26, 2.55, 2.52, 2.47, 2.51, 2.46, 2.81, 3.62, 2.9, 2.85, 3.26, 3.35, 3.11, 3.27, 3.79, 3.63, 3.35, 3.65, 4.05, 3.86, 3.4, 3.46, 3.58, 3.89, 3.53, 3.22, 2.92, 2.52, 2.42, 2.79, 2.23, 2.1, 2.01, 2.64, 2.83, 2.04, 1.34, 0.71, 0, 1.4, 1.98, 1.89, 1.88, 2.09, 1.9, 1.71, 1.85, 2.0, 2.32], [8.103, 6.888, 6.536, 6.936, 7.782, 8.575, 8.542, 8.793, 8.3, 7.4, 6.351, 4.84, 4.22, 3.81, 4.02, 4.44, 4.1, 4.38, 4.91, 4.66, 4.95, 4.66, 3.68, 3.56, 3.52, 3.74, 3.93, 3.72, 2.77, 2.59, 2.41, 1.71, 2.41, 2.36, 2.0, 1.86, 1.79, 1.86, 2.27, 2.32, 2.19, 2.11, 2.06, 2.43, 3.0, 2.24, 2.69, 2.94, 3.05, 3.07, 3.09, 3.21, 3.09, 2.95, 3.11, 3.59, 3.38, 3.04, 3.26, 3.44, 3.65, 3.29, 3.16, 2.44, 2.08, 2.72, 3.37, 2.93, 2.28, 1.65, 1.76, 1.99, 1.6, 1.24, 1.23, 1.4, 