[[0, 0.74, 1.85, 3.76, 4.49, 3.54, 2.22, 1.72, 2.13, 1.99, 1.76, 1.85, 1.63, 2.22, 2.95, 3.7, 4.08, 3.9, 4.0, 3.45, 3.45, 3.22, 2.9, 2.35, 2.36, 2.02, 1.81, 2.12, 2.81, 3.5, 2.95, 2.32, 1.75, 1.62, 1.71, 2.99, 4.44, 5.49, 5.83, 4.99, 4.14, 3.35, 3.484, 3.654, 3.992, 4.226, 4.429, 4.338, 3.891, 3.634, 3.705, 4.404, 5.017, 4.908, 4.598, 5.056, 5.42, 5.896, 6.082, 7.024, 8.252, 8.454, 8.25, 8.64, 7.724, 6.706, 6.603, 7.499, 7.486, 7.219, 7.573, 7.984, 8.696, 8.95, 7.622, 5.389, 3.897, 2.66, 2.59, 2.86, 3.24, 3.34, 3.0, 2.34, 2.36, 2.88], [0.74, 0, 1.51, 3.28, 4.05, 3.12, 2.02, 1.66, 1.99, 2.01, 1.98, 2.07, 1.87, 2.34, 3.01, 4.06, 4.4, 4.22, 4.24, 3.69, 3.67, 3.44, 3.14, 2.55, 2.54, 2.04, 1.47, 1.74, 2.29, 3.02, 2.57, 1.84, 1.49, 1.36, 1.29, 2.61, 3.98, 5.03, 5.41, 4.55, 3.84, 3.589, 3.871, 4.034, 4.386, 4.566, 4.726, 4.658, 4.214, 3.994, 4.102, 4.704, 5.286, 5.194, 4.904, 5.436, 5.823, 6.339, 6.582, 7.533, 8.657, 8.893, 8.696, 9.036, 8.146, 7.037, 7.019, 7.946, 7.885, 7.512, 7.978, 8.432, 9.153, 9.41, 8.061, 5.838, 4.343, 3.0, 2.65, 2.74, 3.0, 3.22, 2.62, 2.0, 2.08, 2.52], [1.85, 1.51, 0, 2.21, 3.04, 1.97, 1.65, 1.99, 2.22, 2.36, 2.63, 3.0, 2.72, 3.33, 4.0, 5.05, 5.57, 5.35, 5.27, 4.78, 4.78, 4.47, 4.17, 3.54, 3.53, 2.99, 2.14, 1.81, 1.92, 2.37, 2.08, 2.25, 2.34, 2.45, 1.68, 1.86, 3.01, 4.0, 4.32, 3.52, 3.21, 3.856, 4.075, 4.377, 4.799, 5.068, 4.916, 5.122, 4.735, 4.455, 4.812, 5.715, 6.307, 6.285, 5.927, 6.617, 7.064, 7.597, 7.686, 8.681, 9.958, 10.21, 10.001, 10.343, 9.441, 8.334, 8.287, 9.22, 9.211, 8.837, 9.27, 9.75, 10.459, 10.729, 9.348, 7.145, 5.61, 4.067, 3.28, 2.99, 3.19, 3.11, 2.17, 2.15, 1.99, 2.05], [3.76, 3.28, 2.21, 0, 1.31, 1.78, 2.82, 3.4, 3.35, 3.47, 4.16, 4.57, 4.49, 5.04, 5.61, 7.06, 7.5, 7.2, 7.16, 6.65, 6.51, 6.28, 5.82, 5.13, 5.24, 4.62, 3.55, 3.02, 2.89, 2.34, 2.83, 3.5, 3.91, 4.04, 3.03, 2.01, 1.94, 2.45, 2.83, 1.87, 2.5, 4.245, 5.344, 5.395, 5.512, 5.655, 5.595, 6.217, 6.173, 6.333, 6.475, 7.5, 8.025, 8.095, 7.763, 8.422, 8.893, 9.438, 9.453, 10.569, 11.897, 12.1, 11.902, 12.226, 11.325, 10.23, 10.264, 11.16, 11.081, 10.717, 11.209, 11.68, 12.398, 12.656, 11.272, 9.109, 7.58, 6.077, 4.801, 3.451, 3.651, 3.182, 2.251, 2.854, 2.897, 2.38], [4.49, 4.05, 3.04, 1.31, 0, 1.71, 3.21, 4.19, 3.94, 3.94, 4.71, 5.14, 5.02, 5.65, 6.44, 7.73, 8.13, 7.83, 7.77, 7.26, 7.06, 6.87, 6.31, 5.76, 5.83, 5.19, 4.06, 3.29, 3.12, 2.25, 2.64, 4.07, 4.66, 4.67, 3.68, 2.1, 1.63, 1.78, 2.16, 1.86, 2.91, 4.969, 6.191, 6.247, 6.009, 6.17, 6.33, 7.264, 7.192, 7.3, 7.603, 8.63, 9.133, 9.1, 8.63, 9.132, 9.57, 10.133, 10.096, 11.254, 12.554, 12.781, 12.593, 12.952, 12.045, 10.925, 10.933, 11.842, 11.788, 11.44, 11.859, 12.296, 13.031, 13.28, 11.957, 9.728, 8.233, 6.73, 5.417, 4.021, 4.201, 3.572, 2.667, 3.37, 3.427, 2.744], [3.54, 3.12, 1.97, 1.78, 1.71, 0, 1.84, 2.8, 2.51, 2.59, 3.52, 3.99, 4.01, 4.78, 5.23, 6.7, 7.2, 6.94, 6.86, 6.33, 6.15, 5.94, 5.4, 4.65, 4.82, 4.24, 3.09, 2.4, 2.25, 1.64, 1.61, 3.04, 3.71, 3.78, 2.75, 1.29, 1.68, 2.49, 3.19, 2.85, 3.38, 4.62, 5.362, 5.729, 6.049, 6.235, 6.055, 6.52, 6.139, 6.118, 6.341, 7.271, 7.914, 7.818, 7.668, 8.421, 8.81, 9.295, 9.385, 10.398, 11.661, 11.892, 11.669, 12.012, 11.131, 10.133, 10.037, 10.95, 10.933, 10.596, 10.953, 11.439, 12.145, 12.403, 11.021, 8.86, 7.274, 5.731, 4.583, 3.68, 3.92, 3.728, 2.496, 2.731, 2.781, 2.12], [2.22, 2.02, 1.65, 2.82, 3.21, 1.84, 0, 1.26, 1.31, 1.55, 2.18, 2.65, 2.73, 3.42, 3.87, 5.22, 5.7, 5.44, 5.38, 4.85, 4.65, 4.46, 3.9, 3.19, 3.32, 2.78, 1.75, 1.44, 2.09, 2.3, 1.91, 2.1, 2.35, 2.4, 1.61, 1.87, 3.14, 4.07, 4.65, 4.11, 3.86, 4.189, 4.538, 4.887, 5.412, 5.658, 5.378, 5.355, 5.128, 4.848, 4.993, 5.874, 6.457, 6.321, 6.38, 7.17, 7.48, 7.977, 8.093, 8.964, 10.258, 10.445, 10.193, 10.528, 9.61, 8.758, 8.625, 9.47, 9.482, 9.125, 9.45, 9.945, 10.637, 10.88, 9.532, 7.346, 5.751, 4.46, 3.93, 3.78, 3.98, 4.057, 3.1, 2.354, 2.477, 2.5], [1.72, 1.66, 1.99, 3.4, 4.19, 2.8, 1.26, 0, 0.83, 1.19, 1.52, 1.97, 1.97, 2.66, 2.97, 4.34, 4.82, 4.54, 4.52, 3.97, 3.85, 3.62, 3.08, 2.41, 2.56, 2.14, 1.75, 1.86, 2.61, 3.18, 2.63, 2.32, 1.91, 1.92, 1.57, 2.75, 4.1, 5.01, 5.55, 4.81, 4.22, 3.83, 4.027, 4.342, 4.955, 5.107, 4.852, 4.855, 4.605, 4.322, 4.428, 5.063, 5.503, 5.373, 5.669, 6.436, 6.723, 7.126, 7.462, 8.164, 9.37, 9.523, 9.276, 9.614, 8.75, 7.881, 7.711, 8.576, 8.572, 8.265, 8.596, 9.054, 9.734, 9.98, 8.621, 6.429, 4.868, 3.86, 3.49, 3.44, 3.62, 3.96, 3.32, 2.54, 2.757, 3.08], [2.13, 1.99, 2.22, 3.35, 3.94, 2.51, 1.31, 0.83, 0, 0.92, 1.73, 1.98, 2.1, 2.81, 3.08, 4.51, 4.99, 4.75, 4.69, 4.14, 3.94, 3.77, 3.19, 2.46, 2.61, 2.17, 1.8, 1.71, 2.4, 2.97, 2.48, 2.39, 2.1, 2.01, 1.62, 2.44, 3.75, 4.64, 5.2, 4.72, 4.33, 3.82, 4.117, 4.461, 4.991, 5.157, 5.011, 5.211, 4.769, 4.546, 4.669, 5.353, 5.993, 5.806, 5.976, 6.706, 6.973, 7.456, 7.749, 8.471, 9.532, 9.684, 9.436, 9.794, 8.897, 8.046, 7.887, 8.76, 8.738, 8.378, 8.72, 9.24, 9.918, 10.161, 8.788, 6.613, 5.075, 4.07, 3.68, 3.55, 3.77, 4.19, 3.35, 2.57, 2.905, 2.89], [1.99, 2.01, 2.36, 3.47, 3.94, 2.59, 1.55, 1.19, 0.92, 0, 1.27, 1.8, 1.82, 2.53, 3.1, 4.37, 4.87, 4.61, 4.55, 4.0, 3.82, 3.61, 3.07, 2.32, 2.49, 2.35, 2.04, 1.89, 2.32, 2.95, 2.34, 2.69, 2.24, 2.19, 1.88, 2.48, 3.71, 4.64, 5.2, 4.84, 4.59, 3.68, 4.1, 4.37, 4.774, 5.14, 4.98, 5.22, 4.75, 4.492, 4.592, 5.279, 6.002, 5.829, 5.779, 6.409, 6.653, 7.145, 7.452, 8.256, 9.395, 9.608, 9.374, 9.682, 8.818, 7.874, 7.783, 8.704, 8.673, 8.309, 8.629, 9.127, 9.819, 10.073, 8.682, 6.533, 5.101, 4.01, 3.78, 3.59, 3.83, 4.13, 3.35, 2.59, 2.865, 2.93], [1.76, 1.98, 2.63, 4.16, 4.71, 3.52, 2.18, 1.52, 1.73, 1.27, 0, 0.87, 0.93, 1.52, 2.33, 3.44, 3.82, 3.54, 3.52, 3.05, 2.99, 2.72, 2.28, 1.87, 2.16, 2.24, 1.99, 2.24, 2.75, 3.64, 3.03, 2.86, 2.15, 2.14, 2.01, 3.47, 4.58, 5.77, 6.27, 5.59, 5.08, 3.95, 3.979, 4.269, 4.619, 5.079, 4.859, 4.836, 4.489, 4.252, 4.175, 4.612, 5.195, 5.088, 5.158, 5.662, 5.832, 6.209, 6.525, 7.355, 8.379, 8.634, 8.386, 8.734, 7.838, 6.87, 6.844, 7.728, 7.803, 7.376, 7.67, 8.089, 8.769, 9.021, 7.624, 5.524, 4.331, 3.4, 3.29, 3.62, 3.9, 4.28, 3.76, 3.04, 3.08, 3.62], [1.85, 2.07, 3.0, 4.57, 5.14, 3.99, 2.65, 1.97, 1.98, 1.8, 0.87, 0, 0.76, 1.11, 1.84, 3.05, 3.41, 3.17, 3.13, 2.62, 2.66, 2.35, 1.85, 1.56, 1.85, 1.91, 1.96, 2.27, 2.92, 3.83, 3.36, 2.73, 2.2, 2.07, 2.18, 3.86, 4.93, 6.12, 6.64, 5.96, 5.59, 4.42, 4.029, 4.302, 4.735, 4.995, 5.009, 4.763, 4.302, 4.045, 4.025, 4.408, 4.991, 4.898, 4.928, 5.235, 5.422, 5.876, 6.195, 6.885, 7.954, 8.171, 7.921, 8.243, 7.351, 6.409, 6.343, 7.246, 7.279, 6.829, 7.232, 7.709, 8.342, 8.635, 7.148, 5.034, 3.93, 3.19, 3.44, 3.97, 4.17, 4.73, 4.11, 3.41, 3.53, 3.95], [1.63, 1.87, 2.72, 4.49, 5.02, 4.01, 2.73, 1.97, 2.1, 1.82, 0.93, 0.76, 0, 0.91, 1.88, 2.89, 3.35, 3.13, 3.15, 2.7, 2.66, 2.39, 1.95, 1.58, 1.83, 1.83, 1.8, 2.19, 2.92, 3.83, 3.36, 2.51, 1.84, 1.83, 2.12, 3.78, 5.01, 6.14, 6.7, 6.0, 5.43, 4.28, 4.026, 4.116, 4.566, 4.869, 4.786, 4.666, 4.139, 3.799, 3.922, 4.229, 4.791, 4.758, 4.588, 4.995, 5.142, 5.682, 6.018, 6.808, 7.873, 8.059, 7.884, 8.183, 7.31, 6.22, 6.202, 7.116, 7.085, 6.679, 7.114, 7.562, 8.272, 8.532, 7.122, 5.023, 3.95, 3.27, 3.46, 3.91, 4.19, 4.63, 4.07, 3.41, 3.49, 3.95], [2.22, 2.34, 3.33, 5.04, 5.65, 4.78, 3.42, 2.66, 2.81, 2.53, 1.52, 1.11, 0.91, 0, 1.57, 2.58, 2.92, 2.74, 2.64, 2.25, 2.27, 2.0, 1.6, 1.41, 1.74, 1.86, 2.07, 2.72, 3.41, 4.46, 4.03, 2.64, 1.95, 1.9, 2.67, 4.41, 5.46, 6.75, 7.27, 6.51, 6.0, 4.77, 4.17, 4.255, 4.845, 5.127, 5.025, 4.636, 4.077, 3.875, 4.035, 4.159, 4.498, 4.58, 4.275, 4.568, 4.638, 5.138, 5.488, 6.278, 7.252, 7.505, 7.254, 7.516, 6.68, 5.514, 5.604, 6.499, 6.472, 5.968, 6.439, 6.901, 7.602, 7.868, 6.456, 4.453, 3.54, 3.32, 3.75, 4.36, 4.68, 5.12, 4.52, 3.86, 3.96, 4.4], [2.95, 3.01, 4.0, 5.61, 6.44, 5.23, 3.87, 2.97, 3.08, 3.1, 2.33, 1.84, 1.88, 1.57, 0, 1.91, 2.27, 1.95, 1.91, 1.7, 1.72, 1.49, 1.37, 1.54, 1.83, 2.29, 2.68, 3.47, 4.36, 5.19, 4.78, 2.81, 2.2, 2.31, 3.08, 4.94, 6.31, 7.2, 7.76, 6.9, 6.57, 5.46, 4.952, 5.045, 5.815, 5.995, 5.855, 5.372, 4.845, 4.565, 4.727, 4.672, 4.98, 5.127, 4.997, 5.007, 4.897, 5.251, 5.598, 6.348, 7.006, 7.23, 6.894, 7.133, 6.396, 5.245, 5.278, 6.051, 5.871, 5.493, 5.949, 6.411, 7.051, 7.352, 5.908, 4.009, 3.63, 4.05, 4.7, 5.29, 5.45, 6.03, 5.37, 4.63, 4.81, 5.19], [3.7, 4.06, 5.05, 7.06, 7.73, 6.7, 5.22, 4.34, 4.51, 4.37, 3.44, 3.05, 2.89, 2.58, 1.91, 0, 1.0, 1.32, 1.38, 1.27, 1.31, 1.6, 1.88, 2.17, 2.18, 2.64, 3.73, 4.74, 5.33, 6.36, 5.81, 4.1, 3.43, 3.42, 4.47, 6.21, 7.4, 8.51, 8.95, 8.25, 7.68, 6.39, 5.999, 6.069, 6.519, 6.887, 6.959, 6.536, 5.952, 5.592, 5.915, 5.879, 6.159, 6.306, 5.993, 5.646, 5.436, 5.336, 5.506, 5.667, 6.034, 6.187, 5.927, 6.017, 5.787, 4.887, 4.684, 5.097, 5.087, 4.757, 5.08, 5.58, 5.828, 6.088, 4.505, 3.416, 3.28, 3.92, 4.61, 5.32, 5.48, 6.22, 5.94, 5.26, 5.36, 5.9], [4.08, 4.4, 5.57, 7.5, 8.13, 7.2, 5.7, 4.82, 4.99, 4.87, 3.82, 3.41, 3.35, 2.92, 2.27, 1.0, 0, 0.84, 1.04, 1.27, 1.33, 1.66, 2.06, 2.65, 2.58, 3.08, 4.19, 5.12, 5.87, 6.8, 6.21, 4.44, 3.81, 3.74, 4.89, 6.63, 7.84, 9.05, 9.49, 8.75, 8.08, 6.91, 6.459, 6.492, 6.862, 7.327, 7.299, 6.939, 6.352, 6.055, 6.335, 6.262, 6.482, 6.549, 6.199, 5.909, 5.619, 5.419, 5.649, 5.659, 5.771, 5.827, 5.547, 5.657, 5.536, 4.956, 4.396, 4.64, 4.77, 4.6, 4.703, 5.063, 5.236, 5.379, 4.128, 3.499, 3.52, 4.16, 4.85, 5.7, 5.84, 6.58, 6.44, 5.78, 5.8, 6.38], [3.9, 4.22, 5.35, 7.2, 7.83, 6.94, 5.44, 4.54, 4.75, 4.61, 3.54, 3.17, 3.13, 2.74, 1.95, 1.32, 0.84, 0, 0.82, 1.13, 1.29, 1.58, 2.02, 2.57, 2.58, 3.08, 4.07, 4.9, 5.67, 6.62, 6.03, 4.26, 3.53, 3.5, 4.65, 6.43, 7.62, 8.87, 9.35, 8.59, 7.94, 6.81, 6.362, 6.392, 6.845, 7.265, 7.202, 6.802, 6.215, 5.975, 6.197, 6.102, 6.205, 6.292, 5.922, 5.832, 5.519, 5.262, 5.469, 5.579, 5.574, 5.764, 5.496, 5.668, 5.536, 4.816, 4.216, 4.646, 4.753, 4.586, 4.729, 5.226, 5.564, 5.668, 4.496, 3.799, 3.84, 4.42, 5.03, 5.68, 5.86, 6.54, 6.38, 5.7, 5.72, 6.34], [4.0, 4.24, 5.27, 7.16, 7.77, 6.86, 5.38, 4.52, 4.69, 4.55, 3.52, 3.13, 3.15, 2.64, 1.91, 1.38, 1.04, 0.82, 0, 0.97, 1.09, 1.16, 1.72, 2.31, 2.28, 2.82, 3.89, 4.8, 5.43, 6.38, 5.83, 4.14, 3.51, 3.44, 4.57, 6.35, 7.48, 8.71, 9.21, 8.47, 8.0, 6.89, 6.385, 6.455, 6.865, 7.305, 7.245, 6.862, 6.237, 5.995, 6.257, 6.105, 6.225, 6.332, 5.922, 5.675, 5.342, 5.085, 5.269, 5.396, 5.588, 5.732, 5.512, 5.762, 5.513, 4.69, 4.35, 4.883, 4.893, 4.643, 4.923, 5.383, 5.711, 5.775, 4.688, 3.522, 3.52, 4.06, 4.65, 5.46, 5.46, 6.36, 6.1, 5.4, 5.44, 6.04], [3.45, 3.69, 4.78, 6.65, 7.26, 6.33, 4.85, 3.97, 4.14, 4.0, 3.05, 2.62, 2.7, 2.25, 1.7, 1.27, 1.27, 1.13, 0.97, 0, 0.72, 0.85, 1.49, 2.0, 2.05, 2.43, 3.38, 4.23, 4.88, 5.87, 5.3, 3.53, 2.96, 2.87, 4.0, 5.78, 6.91, 8.14, 8.62, 7.88, 7.39, 6.26, 5.812, 5.882, 6.255, 6.695, 6.652, 6.312, 5.665, 5.425, 5.707, 5.592, 5.772, 5.876, 5.469, 5.142, 4.869, 4.689, 4.939, 5.248, 5.878, 6.045, 5.865, 6.172, 5.474, 4.517, 4.282, 5.019, 5.181, 4.847, 5.127, 5.607, 5.965, 6.298, 4.919, 3.589, 3.57, 3.93, 4.42, 4.93, 5.09, 5.77, 5.45, 4.79, 4.83, 5.41], [3.45, 3.67, 4.78, 6.51, 7.06, 6.15, 4.65, 3.85, 3.94, 3.82, 2.99, 2.66, 2.66, 2.27, 1.72, 1.31, 1.33, 1.29, 1.09, 0.72, 0, 0.87, 1.21, 1.72, 1.83, 2.29, 3.28, 4.03, 4.7, 5.71, 5.14, 3.35, 2.9, 2.77, 3.86, 5.6, 6.75, 8.02, 8.48, 7.82, 7.35, 6.26, 5.889, 5.922, 6.312, 6.752, 6.709, 6.386, 5.782, 5.485, 5.765, 5.729, 5.952, 6.076, 5.666, 5.359, 5.106, 4.909, 5.096, 5.446, 5.972, 6.159, 6.039, 6.369, 5.643, 4.803, 4.614, 5.272, 5.318, 4.987, 5.243, 5.723, 6.156, 6.424, 5.118, 3.806, 3.61, 3.89, 4.32, 4.95, 5.05, 5.75, 5.45, 4.69, 4.81, 5.29], [3.22, 3.44, 4.47, 6.28, 6.87, 5.94, 4.46, 3.62, 3.77, 3.61, 2.72, 2.35, 2.39, 2.0, 1.49, 1.6, 1.66, 1.58, 1.16, 0.85, 0.87, 0, 1.0, 1.51, 1.56, 2.0, 3.03, 3.86, 4.51, 5.48, 4.89, 3.18, 2.65, 2.46, 3.61, 5.41, 6.56, 7.79, 8.23, 7.51, 7.2, 6.09, 5.679, 5.749, 6.085, 6.525, 6.539, 6.199, 5.592, 5.272, 5.595, 5.522, 5.719, 5.846, 5.436, 4.992, 4.776, 4.759, 5.089, 5.569, 6.155, 6.382, 6.284, 6.559, 5.926, 5.023, 4.825, 5.497, 5.578, 5.321, 5.574, 6.011, 6.44, 6.763, 5.526, 3.659, 3.3, 3.5, 4.07, 4.62, 4.66, 5.46, 5.12, 4.38, 4.48, 4.96], [2.9, 3.14, 4.17, 5.82, 6.31, 5.4, 3.9, 3.08, 3.19, 3.07, 2.28, 1.85, 1.95, 1.6, 1.37, 1.88, 2.06, 2.02, 1.72, 1.49, 1.21, 1.0, 0, 0.89, 1.06, 1.54, 2.51, 3.3, 3.95, 4.96, 4.41, 2.78, 2.29, 2.12, 3.07, 4.83, 5.94, 7.23, 7.73, 7.13, 6.86, 5.77, 5.356, 5.392, 5.785, 6.185, 6.159, 5.893, 5.269, 4.955, 5.215, 5.219, 5.539, 5.683, 5.293, 4.983, 4.953, 5.126, 5.534, 6.024, 6.692, 6.891, 6.717, 6.934, 6.342, 5.526, 5.442, 6.089, 6.033, 5.643, 5.891, 6.346, 6.9, 7.134, 5.866, 3.873, 3.02, 3.2, 3.79, 4.46, 4.56, 5.3, 4.82, 4.02, 4.177, 4.62], [2.35, 2.55, 3.54, 5.13, 5.76, 4.65, 3.19, 2.41, 2.46, 2.32, 1.87, 1.56, 1.58, 1.41, 1.54, 2.17, 2.65, 2.57, 2.31, 2.0, 1.72, 1.51, 0.89, 0, 0.71, 1.09, 1.92, 2.81, 3.46, 4.47, 3.94, 2.45, 1.88, 1.71, 2.58, 4.26, 5.39, 6.6, 7.02, 6.36, 6.13, 5.08, 4.9, 4.97, 5.54, 5.729, 5.84, 5.54, 4.873, 4.533, 4.776, 4.92, 5.343, 5.45, 5.257, 5.29, 5.328, 5.628, 6.078, 6.648, 7.385, 7.558, 7.321, 7.563, 6.775, 6.002, 5.912, 6.662, 6.546, 6.136, 6.589, 7.0, 7.604, 7.912, 6.383, 4.457, 3.267, 3.11, 3.66, 4.23, 4.35, 5.05, 4.41, 3.63, 3.81, 4.19], [2.36, 2.54, 3.53, 5.24, 5.83, 4.82, 3.32, 2.56, 2.61, 2.49, 2.16, 1.85, 1.83, 1.74, 1.83, 2.18, 2.58, 2.58, 2.28, 2.05, 1.83, 1.56, 1.06, 0.71, 0, 1.1, 2.09, 2.84, 3.59, 4.58, 4.01, 2.6, 2.07, 1.78, 2.59, 4.33, 5.44, 6.67, 7.05, 6.41, 6.18, 5.15, 5.01, 5.083, 5.57, 5.873, 5.97, 5.69, 5.063, 4.666, 4.906, 5.053, 5.578, 5.64, 5.487, 5.531, 5.501, 5.784, 6.254, 6.724, 7.304, 7.56, 7.3, 7.443, 6.794, 6.055, 5.908, 6.595, 6.587, 6.157, 6.363, 6.863, 7.479, 7.736, 6.346, 4.326, 3.06, 2.88, 3.49, 4.08, 4.18, 4.92, 4.32, 3.56, 3.74, 4.14], [2.02, 2.04, 2.99, 4.62, 5.19, 4.24, 2.78, 2.14, 2.17, 2.35, 2.24, 1.91, 1.83, 1.86, 2.29, 2.64, 3.08, 3.08, 2.82, 2.43, 2.29, 2.0, 1.54, 1.09, 1.1, 0, 1.29, 2.22, 2.89, 3.86, 3.29, 2.0, 1.55, 1.4, 2.07, 3.73, 4.88, 6.09, 6.55, 5.91, 5.64, 4.99, 4.987, 5.074, 5.504, 5.747, 5.904, 5.704, 5.017, 4.717, 4.98, 5.258, 5.778, 5.828, 5.561, 5.545, 5.672, 5.995, 6.408, 6.918, 7.8, 7.917, 7.68, 7.984, 7.313, 6.486, 6.35, 7.083, 7.047, 6.637, 6.997, 7.454, 8.034, 8.345, 6.952, 4.71, 3.363, 2.78, 3.17, 3.6, 3.7, 4.38, 3.78, 3.02, 3.16, 3.52], [1.81, 1.47, 2.14, 3.55, 4.06, 3.09, 1.75, 1.75, 1.8, 2.04, 1.99, 1.96, 1.8, 2.07, 2.68, 3.73, 4.19, 4.07, 3.89, 3.38, 3.28, 3.03, 2.51, 1.92, 2.09, 1.29, 0, 1.13, 1.9, 2.81, 2.32, 1.23, 1.28, 1.29, 1.1, 2.62, 3.85, 4.94, 5.46, 4.86, 4.73, 4.76, 4.751, 4.858, 5.388, 5.508, 5.768, 5.508, 5.032, 4.792, 4.955, 5.342, 5.865, 5.872, 5.676, 5.955, 6.139, 6.642, 6.998, 7.788, 8.838, 8.968, 8.795, 9.065, 8.278, 7.111, 7.182, 8.057, 7.942, 7.529, 8.068, 8.52, 9.174, 9.478, 8.023, 5.819, 4.233, 3.35, 3.42, 3.59, 3.73, 4.09, 3.29, 2.51, 2.55, 2.83], [2.12, 1.74, 1.81, 3.02, 3.29, 2.4, 1.44, 1.86, 1.71, 1.89, 2.24, 2.27, 2.19, 2.72, 3.47, 4.74, 5.12, 4.9, 4.8, 4.23, 4.03, 3.86, 3.3, 2.81, 2.84, 2.22, 1.13, 0, 0.99, 1.94, 1.45, 1.34, 1.95, 1.88, 1.01, 1.91, 3.18, 4.27, 4.91, 4.49, 4.54, 4.91, 5.001, 5.154, 5.412, 5.689, 5.909, 5.875, 5.408, 5.182, 5.345, 5.909, 6.475, 6.339, 6.132, 6.519, 6.803, 7.346, 7.622, 8.449, 9.588, 9.754, 9.603, 9.957, 9.084, 7.903, 7.92, 8.821, 8.755, 8.425, 8.855, 9.344, 10.019, 10.28, 8.976, 6.704, 5.226, 4.04, 3.51, 3.52, 3.62, 3.874, 2.98, 2.448, 2.394, 2.36], [2.81, 2.29, 1.92, 2.89, 3.12, 2.25, 2.09, 2.61, 2.4, 2.32, 2.75, 2.92, 2.92, 3.41, 4.36, 5.33, 5.87, 5.67, 5.43, 4.88, 4.7, 4.51, 3.95, 3.46, 3.59, 2.89, 1.9, 0.99, 0, 1.39, 0.94, 1.95, 2.76, 2.69, 1.66, 1.66, 2.63, 3.82, 4.58, 4.42, 4.51, 5.353, 5.721, 5.921, 6.054, 6.354, 6.594, 6.722, 6.275, 6.015, 6.126, 6.759, 7.305, 7.235, 6.982, 7.209, 7.516, 7.979, 8.192, 8.982, 10.198, 10.349, 10.262, 10.631, 9.853, 8.456, 8.65, 9.583, 9.462, 9.075, 9.643, 10.051, 10.687, 10.958, 9.538, 7.249, 5.776, 4.356, 3.32, 3.17, 3.27, 3.504, 2.61, 2.389, 2.232, 2.101], [3.5, 3.02, 2.37, 2.34, 2.25, 1.64, 2.3, 3.18, 2.97, 2.95, 3.64, 3.83, 3.83, 4.46, 5.19, 6.36, 6.8, 6.62, 6.38, 5.87, 5.71, 5.48, 4.96, 4.47, 4.58, 3.86, 2.81, 1.94, 1.39, 0, 0.97, 2.74, 3.67, 3.52, 2.55, 1.49, 1.8, 2.77, 3.75, 3.65, 4.46, 5.66, 6.245, 6.464, 6.541, 6.841, 7.041, 7.255, 6.848, 6.548, 6.662, 7.594, 8.2, 8.044, 7.678, 7.99, 8.34, 8.883, 8.959, 9.897, 11.213, 11.372, 11.218, 11.608, 10.798, 9.524, 9.592, 10.453, 10.346, 9.996, 10.584, 11.027, 11.662, 11.945, 10.602, 8.307, 6.829, 5.34, 4.107, 3.294, 3.379, 3.305, 2.794, 2.791, 2.671, 2.368], [2.95, 2.57, 2.08, 2.83, 2.64, 1.61, 1.91, 2.63, 2.48, 2.34, 3.03, 3.36, 3.36, 4.03, 4.78, 5.81, 6.21, 6.03, 5.83, 5.3, 5.14, 4.89, 4.41, 3.94, 4.01, 3.29, 2.32, 1.45, 0.94, 0.97, 0, 2.27, 3.22, 2.97, 2.04, 1.24, 2.19, 3.24, 4.14, 4.16, 4.49, 5.393, 5.987, 6.231, 6.108, 6.588, 6.768, 7.025, 6.558, 6.295, 6.415, 7.164, 7.79, 7.592, 7.302, 7.526, 7.77, 8.253, 8.512, 9.354, 10.624, 10.834, 10.66, 11.053, 10.269, 9.048, 8.976, 9.877, 9.836, 9.532, 9.982, 10.479, 11.107, 11.375, 10.055, 7.74, 6.279, 4.787, 3.6, 3.17, 3.33, 3.384, 2.67, 2.429, 2.252, 2.112], [2.32, 1.84, 2.25, 3.5, 4.07, 3.04, 2.1, 2.32, 2.39, 2.69, 2.86, 2.73, 2.51, 2.64, 2.81, 4.1, 4.44, 4.26, 4.14, 3.53, 3.35, 3.18, 2.78, 2.45, 2.6, 2.0, 1.23, 1.34, 1.95, 2.74, 2.27, 0, 1.33, 1.36, 1.35, 2.53, 3.92, 4.87, 5.51, 4.83, 4.68, 5.309, 5.292, 5.382, 5.875, 6.012, 6.152, 5.932, 5.425, 5.265, 5.428, 5.775, 6.258, 6.325, 6.035, 6.022, 6.144, 6.666, 7.034, 7.904, 8.934, 9.164, 8.956, 9.309, 8.397, 7.207, 7.179, 8.095, 7.999, 7.687, 8.158, 8.658, 9.302, 9.574, 8.253, 5.979, 4.686, 4.02, 3.83, 3.76, 3.88, 4.16, 3.36, 2.9, 2.76, 2.72], [1.75, 1.49, 2.34, 3.91, 4.66, 3.71, 2.35, 1.91, 2.1, 2.24, 2.15, 2.2, 1.84, 1.95, 2.2, 3.43, 3.81, 3.53, 3.51, 2.96, 2.9, 2.65, 2.29, 1.88, 2.07, 1.55, 1.28, 1.95, 2.76, 3.67, 3.22, 1.33, 0, 0.77, 1.62, 3.26, 4.55, 5.64, 6.12, 5.32, 4.75, 4.48, 4.494, 4.524, 5.254, 5.394, 5.351, 5.148, 4.567, 4.298, 4.561, 4.908, 5.331, 5.478, 5.048, 5.278, 5.462, 5.951, 6.301, 7.231, 8.267, 8.474, 8.289, 8.558, 7.634, 6.504, 6.529, 7.442, 7.422, 7.038, 7.448, 7.902, 8.617, 8.874, 7.525, 5.34, 4.13, 3.73, 3.84, 3.95, 4.13, 4.41, 3.53, 2.85, 2.91, 3.29], [1.62, 1.36, 2.45, 4.04, 4.67, 3.78, 2.4, 1.92, 2.01, 2.19, 2.14, 2.07, 1.83, 1.9, 2.31, 3.42, 3.74, 3.5, 3.44, 2.87, 2.77, 2.46, 2.12, 1.71, 1.78, 1.4, 1.29, 1.88, 2.69, 3.52, 2.97, 1.36, 0.77, 0, 1.53, 3.23, 4.62, 5.71, 6.19, 5.41, 4.94, 4.51, 4.584, 4.551, 5.121, 5.304, 5.401, 5.201, 4.614, 4.365, 4.571, 4.955, 5.438, 5.468, 5.095, 5.219, 5.378, 5.881, 6.211, 7.101, 8.126, 8.353, 8.196, 8.472, 7.677, 6.498, 6.395, 7.287, 7.235, 6.956, 7.355, 7.846, 8.536, 8.753, 7.53, 5.202, 3.94, 3.4, 3.41, 3.48, 3.68, 4.04, 3.32, 2.6, 2.76, 3.08], [1.71, 1.29, 1.68, 3.03, 3.68, 2.75, 1.61, 1.57, 1.62, 1.88, 2.01, 2.18, 2.12, 2.67, 3.08, 4.47, 4.89, 4.65, 4.57, 4.0, 3.86, 3.61, 3.07, 2.58, 2.59, 2.07, 1.1, 1.01, 1.66, 2.55, 2.04, 1.35, 1.62, 1.53, 0, 2.14, 3.57, 4.56, 5.08, 4.26, 3.99, 4.28, 4.428, 4.584, 4.988, 5.196, 5.268, 5.365, 4.938, 4.635, 4.752, 5.302, 5.925, 5.789, 5.622, 6.152, 6.442, 6.939, 7.295, 8.105, 9.147, 9.351, 9.114, 9.51, 8.592, 7.491, 7.472, 8.356, 8.301, 7.968, 8.397, 8.891, 9.597, 9.829, 8.554, 6.306, 4.896, 3.51, 2.94, 3.11, 3.23, 3.57, 2.73, 1.99, 2.05, 2.23], [2.99, 2.61, 1.86, 2.01, 2.1, 1.29, 1.87, 2.75, 2.44, 2.48, 3.47, 3.86, 3.78, 4.41, 4.94, 6.21, 6.63, 6.43, 6.35, 5.78, 5.6, 5.41, 4.83, 4.26, 4.33, 3.73, 2.62, 1.91, 1.66, 1.49, 1.24, 2.53, 3.26, 3.23, 2.14, 0, 1.55, 2.54, 3.22, 3.1, 3.37, 4.559, 5.235, 5.465, 5.468, 5.765, 5.945, 6.396, 5.949, 5.866, 6.109, 7.041, 7.627, 7.488, 7.144, 7.654, 8.044, 8.546, 8.613, 9.646, 10.959, 11.183, 10.955, 11.364, 10.456, 9.35, 9.35, 10.251, 10.201, 9.866, 10.299, 10.739, 11.463, 11.715, 10.34, 8.16, 6.73, 5.207, 3.94, 3.01, 3.23, 3.15, 1.95, 2.07, 2.11, 1.53], [4.44, 3.98, 3.01, 1.94, 1.63, 1.68, 3.14, 4.1, 3.75, 3.71, 4.58, 4.93, 5.01, 5.46, 6.31, 7.4, 7.84, 7.62, 7.48, 6.91, 6.75, 6.56, 5.94, 5.39, 5.44, 4.88, 3.85, 3.18, 2.63, 1.8, 2.19, 3.92, 4.55, 4.62, 3.57, 1.55, 0, 1.43, 2.53, 2.57, 3.8, 5.32, 6.113, 6.336, 6.406, 6.575, 6.735, 7.323, 6.947, 7.115, 7.335, 8.34, 8.845, 8.907, 8.463, 8.861, 9.269, 9.777, 9.764, 10.812, 12.176, 12.448, 12.201, 12.508, 11.672, 10.512, 10.649, 11.579, 11.595, 11.085, 11.519, 11.964, 12.673, 12.919, 11.484, 9.304, 7.8, 6.28, 5.072, 3.78, 3.88, 3.52, 2.4, 3.06, 3.128, 2.44], [5.49, 5.03, 4.0, 2.45, 1.78, 2.49, 4.07, 5.01, 4.64, 4.64, 5.77, 6.12, 6.14, 6.75, 7.2, 8.51, 9.05, 8.87, 8.71, 8.14, 8.02, 7.79, 7.23, 6.6, 6.67, 6.09, 4.94, 4.27, 3.82, 2.77, 3.24, 4.87, 5.64, 5.71, 4.56, 2.54, 1.43, 0, 1.7, 2.02, 3.866, 5.804, 6.883, 7.113, 7.21, 7.17, 7.35, 8.087, 7.877, 7.957, 8.2, 9.167, 9.781, 9.837, 9.467, 9.971, 10.39, 10.987, 10.943, 12.073, 13.398, 13.622, 13.394, 13.725, 12.915, 11.714, 11.815, 12.693, 12.637, 12.25, 12.799, 13.277, 13.94, 14.232, 12.766, 10.579, 9.05, 7.43, 6.38, 4.963, 5.123, 4.226, 3.63, 4.35, 4.429, 3.65], [5.83, 5.41, 4.32, 2.83, 2.16, 3.19, 4.65, 5.55, 5.2, 5.2, 6.27, 6.64, 6.7, 7.27, 7.76, 8.95, 9.49, 9.35, 9.21, 8.62, 8.48, 8.23, 7.73, 7.02, 7.05, 6.55, 5.46, 4.91, 4.58, 3.75, 4.14, 5.51, 6.12, 6.19, 5.08, 3.22, 2.53, 1.7, 0, 1.84, 3.91, 5.864, 7.031, 7.341, 7.33, 7.33, 7.55, 8.318, 8.225, 8.383, 8.605, 9.57, 10.175, 10.197, 9.873, 10.323, 10.808, 11.313, 11.296, 12.409, 13.757, 13.961, 13.762, 14.101, 13.23, 12.111, 12.197, 13.096, 13.071, 12.641, 13.142, 13.604, 14.261, 14.562, 13.116, 10.958, 9.458, 7.81, 6.765, 5.375, 5.535, 4.598, 4.01, 4.678, 4.741, 4.038], [4.99, 4.55, 3.52, 1.87, 1.86, 2.85, 4.11, 4.81, 4.72, 4.84, 5.59, 5.96, 6.0, 6.51, 6.9, 8.25, 8.75, 8.59, 8.47, 7.88, 7.82, 7.51, 7.13, 6.36, 6.41, 5.91, 4.86, 4.49, 4.42, 3.65, 4.16, 4.83, 5.32, 5.41, 4.26, 3.1, 2.57, 2.02, 1.84, 0, 2.53, 4.69, 5.879, 5.999, 6.093, 5.976, 5.953, 6.744, 7.028, 7.148, 7.334, 8.321, 8.904, 9.008, 8.727, 9.255, 9.747, 10.33, 10.308, 11.458, 12.797, 12.995, 12.796, 13.081, 12.23, 11.061, 11.203, 12.069, 11.985, 11.603, 12.136, 12.61, 13.293, 13.585, 12.142, 10.019, 8.53, 6.93, 5.84, 4.443, 4.603, 3.69, 3.05, 3.79, 3.869, 3.27], [4.14, 3.84, 3.21, 2.5, 2.91, 3.38, 3.86, 4.22, 4.33, 4.59, 5.08, 5.59, 5.43, 6.0, 6.57, 7.68, 8.08, 7.94, 8.0, 7.39, 7.35, 7.2, 6.86, 6.13, 6.18, 5.64, 4.73, 4.54, 4.51, 4.46, 4.49, 4.68, 4.75, 4.94, 3.99, 3.37, 3.8, 3.866, 3.91, 2.53, 0, 2.81, 4.233, 4.238, 4.42, 4.28, 4.16, 4.877, 5.261, 5.378, 5.664, 6.571, 6.854, 6.958, 6.93, 7.633, 8.12, 8.691, 8.695, 9.873, 11.144, 11.362, 11.143, 11.422, 10.526, 9.459, 9.537, 10.413, 10.38, 9.981, 10.461, 10.93, 11.657, 11.888, 10.534, 8.447, 7.06, 5.72, 4.53, 3.52, 3.88, 3.54, 2.52, 3.34, 3.26, 3.0], [3.35, 3.589, 3.856, 4.245, 4.969, 4.62, 4.189, 3.83, 3.82, 3.68, 3.95, 4.42, 4.28, 4.77, 5.46, 6.39, 6.91, 6.81, 6.89, 6.26, 6.26, 6.09, 5.77, 5.08, 5.15, 4.99, 4.76, 4.91, 5.353, 5.66, 5.393, 5.309, 4.48, 4.51, 4.28, 4.559, 5.32, 5.804, 5.864, 4.69, 2.81, 0, 1.76, 1.87, 2.06, 2.1, 2.08, 2.82, 2.95, 3.17, 3.337, 4.264, 4.767, 4.834, 4.604, 5.332, 5.747, 6.33, 6.34, 7.446, 8.713, 8.989, 8.744, 9.034, 8.167, 7.067, 7.142, 8.095, 8.045, 7.595, 8.057, 8.537, 9.267, 9.507, 8.162, 6.36, 5.29, 4.49, 4.16, 4.426, 4.829, 4.906, 3.82, 3.621, 3.872, 4.041], [3.484, 3.871, 4.075, 5.344, 6.191, 5.362, 4.538, 4.027, 4.117, 4.1, 3.979, 4.029, 4.026, 4.17, 4.952, 5.999, 6.459, 6.362, 6.385, 5.812, 5.889, 5.679, 5.356, 4.9, 5.01, 4.987, 4.751, 5.001, 5.721, 6.245, 5.987, 5.292, 4.494, 4.584, 4.428, 5.235, 6.113, 6.883, 7.031, 5.879, 4.233, 1.76, 0, 0.97, 1.82, 1.92, 1.68, 1.84, 1.75, 1.95, 2.11, 2.96, 3.54, 3.57, 3.32, 3.989, 4.458, 5.001, 4.991, 6.116, 7.364, 7.637, 7.377, 7.714, 6.824, 5.735, 5.856, 6.712, 6.742, 6.352, 6.792, 7.252, 7.961, 8.259, 7.06, 5.44, 4.53, 4.27, 4.428, 5.049, 5.452, 5.589, 4.603, 4.195, 4.432, 4.726], [3.654, 4.034, 4.377, 5.395, 6.247, 5.729, 4.887, 4.342, 4.461, 4.37, 4.269, 4.302, 4.116, 4.255, 5.045, 6.069, 6.492, 6.392, 6.455, 5.882, 5.922, 5.749, 5.392, 4.97, 5.083, 5.074, 4.858, 5.154, 5.921, 6.464, 6.231, 5.382, 4.524, 4.551, 4.584, 5.465, 6.336, 7.113, 7.341, 5.999, 4.238, 1.87, 0.97, 0, 1.33, 1.49, 1.19, 1.37, 1.48, 1.66, 1.92, 2.67, 3.17, 3.3, 2.85, 3.561, 3.989, 4.62, 4.642, 5.777, 7.027, 7.271, 7.052, 7.348, 6.436, 5.398, 5.49, 6.4, 6.35, 5.96, 6.42, 6.88, 7.601, 7.878, 6.71, 5.19, 4.44, 4.414, 4.675, 5.322, 5.742, 5.859, 4.816, 4.465, 4.699, 4.979], [3.992, 4.386, 4.799, 5.512, 6.009, 6.049, 5.412, 4.955, 4.991, 4.774, 4.619, 4.735, 4.566, 4.845, 5.815, 6.519, 6.862, 6.845, 6.865, 6.255, 6.312, 6.085, 5.785, 5.54, 5.57, 5.504, 5.388, 5.412, 6.054, 6.541, 6.108, 5.875, 5.254, 5.121, 4.988, 5.468, 6.406, 7.21, 7.33, 6.093, 4.42, 2.06, 1.82, 1.33, 0, 0.96, 1.36, 2.18, 2.27, 2.55, 2.63, 3.52, 3.96, 3.91, 3.48, 3.73, 4.18, 4.789, 4.83, 5.963, 7.199, 7.463, 7.237, 7.599, 6.766, 5.62, 5.72, 6.61, 6.54, 6.31, 6.71, 7.25, 7.84, 8.14, 7.14, 5.62, 4.95, 4.69, 4.596, 5.152, 5.575, 5.67, 4.626, 4.37, 4.61, 4.81], [4.226, 4.566, 5.068, 5.655, 6.17, 6.235, 5.658, 5.107, 5.157, 5.14, 5.079, 4.995, 4.869, 5.127, 5.995, 6.887, 7.327, 7.265, 7.305, 6.695, 6.752, 6.525, 6.185, 5.729, 5.873, 5.747, 5.508, 5.689, 6.354, 6.841, 6.588, 6.012, 5.394, 5.304, 5.196, 5.765, 6.575, 7.17, 7.33, 5.976, 4.28, 2.1, 1.92, 1.49, 0.96, 0, 1.28, 2.3, 2.47, 2.73, 2.79, 3.62, 4.08, 4.07, 3.68, 4.13, 4.64, 5.266, 5.27, 6.388, 7.638, 7.888, 7.657, 8.019, 7.101, 6.0, 6.2, 7.09, 7.0, 6.73, 7.15, 7.61, 8.26, 8.58, 7.58, 6.12, 5.23, 5.17, 5.08, 5.63, 6.09, 6.13, 5.01, 4.83, 5.09, 5.27], [4.429, 4.726, 4.916, 5.595, 6.33, 6.055, 5.378, 4.852, 5.011, 4.98, 4.859, 5.009, 4.786, 5.025, 5.855, 6.959, 7.299, 7.202, 7.245, 6.652, 6.709, 6.539, 6.159, 5.84, 5.97, 5.904, 5.768, 5.909, 6.594, 7.041, 6.768, 6.152, 5.351, 5.401, 5.268, 5.945, 6.735, 7.35, 7.55, 5.953, 4.16, 2.08, 1.68, 1.19, 1.36, 1.28, 0, 1.36, 1.73, 2.03, 2.13, 2.82, 3.32, 3.41, 3.12, 3.835, 4.345, 4.969, 4.958, 6.122, 7.341, 7.613, 7.397, 7.678, 6.768, 5.74, 5.86, 6.79, 6.688, 6.35, 6.77, 7.242, 7.949, 8.286, 7.26, 5.78, 5.27, 5.27, 5.26, 5.81, 6.27, 6.31, 5.23, 5.01, 5.27, 5.45], [4.338, 4.658, 5.122, 6.217, 7.264, 6.52, 5.355, 4.855, 5.211, 5.22, 4.836, 4.763, 4.666, 4.636, 5.372, 6.536, 6.939, 6.802, 6.862, 6.312, 6.386, 6.199, 5.893, 5.54, 5.69, 5.704, 5.508, 5.875, 6.722, 7.255, 7.025, 5.932, 5.148, 5.201, 5.365, 6.396, 7.323, 8.087, 8.318, 6.744, 4.877, 2.82, 1.84, 1.37, 2.18, 2.3, 1.36, 0, 1.19, 1.39, 1.63, 2.1, 2.38, 2.53, 2.54, 3.241, 3.727, 4.35, 4.384, 5.496, 6.685, 6.947, 6.722, 7.003, 6.067, 5.111, 5.18, 6.124, 6.034, 5.71, 6.104, 6.604, 7.334, 7.691, 6.44, 5.22, 4.99, 5.11, 5.5, 6.269, 6.669, 6.79, 5.883, 5.35, 5.55, 5.95], [3.891, 4.214, 4.735, 6.173, 7.192, 6.139, 5.128, 4.605, 4.769, 4.75, 4.489, 4.302, 4.139, 4.077, 4.845, 5.952, 6.352, 6.215, 6.237, 5.665, 5.782, 5.592, 5.269, 4.873, 5.063, 5.017, 5.032, 5.408, 6.275, 6.848, 6.558, 5.425, 4.567, 4.614, 4.938, 5.949, 6.947, 7.877, 8.225, 7.028, 5.261, 2.95, 1.75, 1.48, 2.27, 2.47, 1.73, 1.19, 0, 0.82, 1.2, 1.67, 2.07, 2.22, 1.95, 2.582, 3.055, 3.68, 3.725, 4.806, 6.041, 6.28, 6.057, 6.373, 5.47, 4.418, 4.481, 5.425, 5.355, 5.04, 5.423, 5.925, 6.673, 7.001, 5.75, 4.57, 4.34, 4.619, 5.038, 5.762, 6.165, 6.3, 5.436, 4.94, 5.08, 5.559], [3.634, 3.994, 4.455, 6.333, 7.3, 6.118, 4.848, 4.322, 4.546, 4.492, 4.252, 4.045, 3.799, 3.875, 4.565, 5.592, 6.055, 5.975, 5.995, 5.425, 5.485, 5.272, 4.955, 4.533, 4.666, 4.717, 4.792, 5.182, 6.015, 6.548, 6.295, 5.265, 4.298, 4.365, 4.635, 5.866, 7.115, 7.957, 8.383, 7.148, 5.378, 3.17, 1.95, 1.66, 2.55, 2.73, 2.03, 1.39, 0.82, 0, 0.9, 1.47, 2.03, 2.08, 1.85, 2.7, 3.049, 3.689, 3.739, 4.728, 5.961, 6.202, 5.977, 6.311, 5.389, 4.332, 4.395, 5.319, 5.249, 4.963, 5.339, 5.839, 6.569, 6.915, 5.71, 4.37, 4.12, 4.3, 4.77, 5.58, 5.96, 6.1, 5.535, 4.98, 5.04, 5.58], [3.705, 4.102, 4.812, 6.475, 7.603, 6.341, 4.993, 4.428, 4.669, 4.592, 4.175, 4.025, 3.922, 4.035, 4.727, 5.915, 6.335, 6.197, 6.257, 5.707, 5.765, 5.595, 5.215, 4.776, 4.906, 4.98, 4.955, 5.345, 6.126, 6.662, 6.415, 5.428, 4.561, 4.571, 4.752, 6.109, 7.335, 8.2, 8.605, 7.334, 5.664, 3.337, 2.11, 1.92, 2.63, 2.79, 2.13, 1.63, 1.2, 0.9, 0, 1.15, 1.83, 1.9, 1.71, 2.62, 2.99, 3.603, 3.66, 4.605, 5.815, 6.062, 5.842, 6.156, 5.263, 4.226, 4.369, 5.279, 5.189, 4.899, 5.259, 5.759, 6.469, 6.869, 5.73, 4.55, 4.34, 4.5, 4.87, 5.76, 6.14, 6.3, 5.778, 5.24, 5.26, 5.84], [4.404, 4.704, 5.715, 7.5, 8.63, 7.271, 5.874, 5.063, 5.353, 5.279, 4.612, 4.408, 4.229, 4.159, 4.672, 5.879, 6.262, 6.102, 6.105, 5.592, 5.729, 5.522, 5.219, 4.92, 5.053, 5.258, 5.342, 5.909, 6.759, 7.594, 7.164, 5.775, 4.908, 4.955, 5.302, 7.041, 8.34, 9.167, 9.57, 8.321, 6.571, 4.264, 2.96, 2.67, 3.52, 3.62, 2.82, 2.1, 1.67, 1.47, 1.15, 0, 0.96, 1.05, 1.22, 1.95, 2.24, 2.78, 3.07, 3.828, 4.942, 5.176, 4.93, 5.214, 4.299, 3.4, 3.68, 4.59, 4.48, 4.19, 4.55, 5.038, 5.76, 6.133, 5.16, 4.32, 4.61, 4.91, 5.556, 6.466, 6.849, 7.17, 6.765, 6.205, 6.21, 6.785], [5.017, 5.286, 6.307, 8.025, 9.133, 7.914, 6.457, 5.503, 5.993, 6.002, 5.195, 4.991, 4.791, 4.498, 4.98, 6.159, 6.482, 6.205, 6.225, 5.772, 5.952, 5.719, 5.539, 5.343, 5.578, 5.778, 5.865, 6.475, 7.305, 8.2, 7.79, 6.258, 5.331, 5.438, 5.925, 7.627, 8.845, 9.781, 10.175, 8.904, 6.854, 4.767, 3.54, 3.17, 3.96, 4.08, 3.32, 2.38, 2.07, 2.03, 1.83, 0.96, 0, 0.67, 1.04, 1.77, 1.94, 2.5, 2.85, 3.62, 4.657, 4.927, 4.747, 5.002, 4.044, 3.28, 3.58, 4.47, 4.28, 4.03, 4.39, 4.85, 5.52, 5.9, 5.06, 4.7, 5.11, 5.581, 6.159, 7.109, 7.452, 7.8, 7.311, 6.791, 6.79, 7.371], [4.908, 5.194, 6.285, 8.095, 9.1, 7.818, 6.321, 5.373, 5.806, 5.829, 5.088, 4.898, 4.758, 4.58, 5.127, 6.306, 6.549, 6.292, 6.332, 5.876, 6.076, 5.846, 5.683, 5.45, 5.64, 5.828, 5.872, 6.339, 7.235, 8.044, 7.592, 6.325, 5.478, 5.468, 5.789, 7.488, 8.907, 9.837, 10.197, 9.008, 6.958, 4.834, 3.57, 3.3, 3.91, 4.07, 3.41, 2.53, 2.22, 2.08, 1.9, 1.05, 0.67, 0, 1.11, 1.92, 2.03, 2.47, 2.82, 3.51, 4.564, 4.84, 4.658, 4.947, 3.943, 3.17, 3.47, 4.38, 4.19, 3.98, 4.32, 4.76, 5.45, 5.79, 5.01, 4.71, 5.2, 5.54, 5.95, 6.876, 7.219, 7.58, 7.235, 6.655, 6.66, 7.255], [4.598, 4.904, 5.927, 7.763, 8.63, 7.668, 6.38, 5.669, 5.976, 5.779, 5.158, 4.928, 4.588, 4.275, 4.997, 5.993, 6.199, 5.922, 5.922, 5.469, 5.666, 5.436, 5.293, 5.257, 5.487, 5.561, 5.676, 6.132, 6.982, 7.678, 7.302, 6.035, 5.048, 5.095, 5.622, 7.144, 8.463, 9.467, 9.873, 8.727, 6.93, 4.604, 3.32, 2.85, 3.48, 3.68, 3.12, 2.54, 1.95, 1.85, 1.71, 1.22, 1.04, 1.11, 0, 1.27, 1.52, 2.08, 2.27, 3.149, 4.329, 4.563, 4.328, 4.652, 3.706, 2.86, 3.2, 4.09, 3.92, 3.69, 4.01, 4.45, 5.18, 5.52, 4.86, 4.52, 4.93, 5.37, 5.78, 6.686, 7.049, 7.27, 6.785, 6.245, 6.25, 6.825], [5.056, 5.436, 6.617, 8.422, 9.132, 8.421, 7.17, 6.436, 6.706, 6.409, 5.662, 5.235, 4.995, 4.568, 5.007, 5.646, 5.909, 5.832, 5.675, 5.142, 5.359, 4.992, 4.983, 5.29, 5.531, 5.545, 5.955, 6.519, 7.209, 7.99, 7.526, 6.022, 5.278, 5.219, 6.152, 7.654, 8.861, 9.971, 10.323, 9.255, 7.633, 5.332, 3.989, 3.561, 3.73, 4.13, 3.835, 3.241, 2.582, 2.7, 2.62, 1.95, 1.77, 1.92, 1.27, 0, 0.87, 1.39, 1.56, 2.53, 3.752, 3.905, 3.805, 4.109, 3.39, 2.27, 2.65, 3.34, 3.23, 3.14, 3.56, 3.98, 4.51, 4.87, 4.47, 3.97, 4.58, 5.385, 5.906, 6.656, 6.999, 7.29, 6.801, 6.238, 6.18, 6.761], [5.42, 5.823, 7.064, 8.893, 9.57, 8.81, 7.48, 6.723, 6.973, 6.653, 5.832, 5.422, 5.142, 4.638, 4.897, 5.436, 5.619, 5.519, 5.342, 4.869, 5.106, 4.776, 4.953, 5.328, 5.501, 5.672, 6.139, 6.803, 7.516, 8.34, 7.77, 6.144, 5.462, 5.378, 6.442, 8.044, 9.269, 10.39, 10.808, 9.747, 8.12, 5.747, 4.458, 3.989, 4.18, 4.64, 4.345, 3.727, 3.055, 3.049, 2.99, 2.24, 1.94, 2.03, 1.52, 0.87, 0, 0.78, 1.15, 2.04, 3.134, 3.346, 3.215, 3.562, 2.775, 1.82, 2.16, 2.95, 2.84, 2.65, 3.03, 3.47, 3.98, 4.38, 3.88, 3.66, 4.59, 5.495, 6.096, 6.906, 7.263, 7.62, 7.243, 6.663, 6.645, 7.26], [5.896, 6.339, 7.597, 9.438, 10.133, 9.295, 7.977, 7.126, 7.456, 7.145, 6.209, 5.876, 5.682, 5.138, 5.251, 5.336, 5.419, 5.262, 5.085, 4.689, 4.909, 4.759, 5.126, 5.628, 5.784, 5.995, 6.642, 7.346, 7.979, 8.883, 8.253, 6.666, 5.951, 5.881, 6.939, 8.546, 9.777, 10.987, 11.313, 10.33, 8.691, 6.33, 5.001, 4.62, 4.789, 5.266, 4.969, 4.35, 3.68, 3.689, 3.603, 2.78, 2.5, 2.47, 2.08, 1.39, 0.78, 0, 0.89, 1.48, 2.55, 2.772, 2.635, 2.985, 2.241, 1.42, 1.72, 2.47, 2.38, 2.19, 2.51, 2.93, 3.36, 3.78, 3.4, 3.74, 4.806, 5.698, 6.319, 7.169, 7.526, 7.863, 7.706, 7.069, 7.055, 7.783], [6.082, 6.582, 7.686, 9.453, 10.096, 9.385, 8.093, 7.462, 7.749, 7.452, 6.525, 6.195, 6.018, 5.488, 5.598, 5.506, 5.649, 5.469, 5.269, 4.939, 5.096, 5.089, 5.534, 6.078, 6.254, 6.408, 6.998, 7.622, 8.192, 8.959, 8.512, 7.034, 6.301, 6.211, 7.295, 8.613, 9.764, 10.943, 11.296, 10.308, 8.695, 6.34, 4.991, 4.642, 4.83, 5.27, 4.958, 4.384, 3.725, 3.739, 3.66, 3.07, 2.85, 2.82, 2.27, 1.56, 1.15, 0.89, 0, 1.37, 2.64, 2.805, 2.785, 3.195, 2.525, 1.41, 1.79, 2.42, 2.39, 2.22, 2.56, 3.0, 3.37, 3.83, 3.39, 3.97, 5.074, 6.048, 6.529, 7.259, 7.602, 7.876, 7.618, 6.958, 6.893, 7.615], [7.024, 7.533, 8.681, 10.569, 11.254, 10.398, 8.964, 8.164, 8.471, 8.256, 7.355, 6.885, 6.808, 6.278, 6.348, 5.667, 5.659, 5.579, 5.396, 5.248, 5.446, 5.569, 6.024, 6.648, 6.724, 6.918, 7.788, 8.449, 8.982, 9.897, 9.354, 7.904, 7.231, 7.101, 8.105, 9.646, 10.812, 12.073, 12.409, 11.458, 9.873, 7.446, 6.116, 5.777, 5.963, 6.388, 6.122, 5.496, 4.806, 4.728, 4.605, 3.828, 3.62, 3.51, 3.149, 2.53, 2.04, 1.48, 1.37, 0, 1.617, 1.88, 1.82, 2.225, 1.74, 1.62, 1.78, 2.11, 2.1, 2.09, 2.25, 2.71, 2.94, 3.32, 3.0, 4.04, 5.246, 6.418, 6.859, 7.629, 7.872, 8.481, 8.64, 7.966, 7.946, 8.688], [8.252, 8.657, 9.958, 11.897, 12.554, 11.661, 10.258, 9.37, 9.532, 9.395, 8.379, 7.954, 7.873, 7.252, 7.006, 6.034, 5.771, 5.574, 5.588, 5.878, 5.972, 6.155, 6.692, 7.385, 7.304, 7.8, 8.838, 9.588, 10.198, 11.213, 10.624, 8.934, 8.267, 8.126, 9.147, 10.959, 12.176, 13.398, 13.757, 12.797, 11.144, 8.713, 7.364, 7.027, 7.199, 7.638, 7.341, 6.685, 6.041, 5.961, 5.815, 4.942, 4.657, 4.564, 4.329, 3.752, 3.134, 2.55, 2.64, 1.617, 0, 0.87, 0.95, 0.98, 1.31, 2.13, 2.23, 1.94, 1.83, 1.9, 2.02, 2.4, 2.43, 2.55, 3.01, 4.478, 5.694, 6.982, 7.735, 8.881, 9.053, 9.855, 9.996, 9.379, 9.308, 10.065], [8.454, 8.893, 10.21, 12.1, 12.781, 11.892, 10.445, 9.523, 9.684, 9.608, 8.634, 8.171, 8.059, 7.505, 7.23, 6.187, 5.827, 5.764, 5.732, 6.045, 6.159, 6.382, 6.891, 7.558, 7.56, 7.917, 8.968, 9.754, 10.349, 11.372, 10.834, 9.164, 8.474, 8.353, 9.351, 11.183, 12.448, 13.622, 13.961, 12.995, 11.362, 8.989, 7.637, 7.271, 7.463, 7.888, 7.613, 6.947, 6.28, 6.202, 6.062, 5.176, 4.927, 4.84, 4.563, 3.905, 3.346, 2.772, 2.805, 1.88, 0.87, 0, 0.68, 0.87, 1.3, 2.296, 2.32, 1.97, 1.88, 2.01, 1.93, 2.31, 2.12, 2.5, 3.16, 4.645, 5.904, 7.029, 7.877, 9.183, 9.332, 10.21, 10.255, 9.578, 9.57, 10.286], [8.25, 8.696, 10.001, 11.902, 12.593, 11.669, 10.193, 9.276, 9.436, 9.374, 8.386, 7.921, 7.884, 7.254, 6.894, 5.927, 5.547, 5.496, 5.512, 5.865, 6.039, 6.284, 6.717, 7.321, 7.3, 7.68, 8.795, 9.603, 10.262, 11.218, 10.66, 8.956, 8.289, 8.196, 9.114, 10.955, 12.201, 13.394, 13.762, 12.796, 11.143, 8.744, 7.377, 7.052, 7.237, 7.657, 7.397, 6.722, 6.057, 5.977, 5.842, 4.93, 4.747, 4.658, 4.328, 3.805, 3.215, 2.635, 2.785, 1.82, 0.95, 0.68, 0, 0.73, 1.18, 2.199, 2.22, 1.79, 1.84, 1.81, 1.87, 2.33, 2.16, 2.44, 2.9, 4.525, 5.644, 6.772, 7.7, 9.136, 9.267, 10.147, 10.158, 9.501, 9.473, 10.209], [8.64, 9.036, 10.343, 12.226, 12.952, 12.012, 10.528, 9.614, 9.794, 9.682, 8.734, 8.243, 8.183, 7.516, 7.133, 6.017, 5.657, 5.668, 5.762, 6.172, 6.369, 6.559, 6.934, 7.563, 7.443, 7.984, 9.065, 9.957, 10.631, 11.608, 11.053, 9.309, 8.558, 8.472, 9.51, 11.364, 12.508, 13.725, 14.101, 13.081, 11.422, 9.034, 7.714, 7.348, 7.599, 8.019, 7.678, 7.003, 6.373, 6.311, 6.156, 5.214, 5.002, 4.947, 4.652, 4.109, 3.562, 2.985, 3.195, 2.225, 0.98, 0.87, 0.73, 0, 1.29, 2.47, 2.51, 1.94, 1.93, 1.88, 1.74, 2.2, 2.03, 2.41, 3.05, 4.715, 5.814, 7.159, 8.177, 9.568, 9.698, 10.572, 10.52, 9.9, 9.872, 10.609], [7.724, 8.146, 9.441, 11.325, 12.045, 11.131, 9.61, 8.75, 8.897, 8.818, 7.838, 7.351, 7.31, 6.68, 6.396, 5.787, 5.536, 5.536, 5.513, 5.474, 5.643, 5.926, 6.342, 6.775, 6.794, 7.313, 8.278, 9.084, 9.853, 10.798, 10.269, 8.397, 7.634, 7.677, 8.592, 10.456, 11.672, 12.915, 13.23, 12.23, 10.526, 8.167, 6.824, 6.436, 6.766, 7.101, 6.768, 6.067, 5.47, 5.389, 5.263, 4.299, 4.044, 3.943, 3.706, 3.39, 2.775, 2.241, 2.525, 1.74, 1.31, 1.3, 1.18, 1.29, 0, 1.78, 1.88, 1.89, 1.9, 1.81, 1.69, 2.23, 2.52, 2.92, 3.14, 4.6, 5.721, 6.849, 7.65, 9.025, 9.208, 9.998, 9.869, 9.275, 9.244, 9.943], [6.706, 7.037, 8.334, 10.23, 10.925, 10.133, 8.758, 7.881, 8.046, 7.874, 6.87, 6.409, 6.22, 5.514, 5.245, 4.887, 4.956, 4.816, 4.69, 4.517, 4.803, 5.023, 5.526, 6.002, 6.055, 6.486, 7.111, 7.903, 8.456, 9.524, 9.048, 7.207, 6.504, 6.498, 7.491, 9.35, 10.512, 11.714, 12.111, 11.061, 9.459, 7.067, 5.735, 5.398, 5.62, 6.0, 5.74, 5.111, 4.418, 4.332, 4.226, 3.4, 3.28, 3.17, 2.86, 2.27, 1.82, 1.42, 1.41, 1.62, 2.13, 2.296, 2.199, 2.47, 1.78, 0, 1.04, 1.59, 1.46, 1.25, 1.61, 2.05, 2.56, 3.0, 2.58, 3.58, 4.918, 6.226, 6.893, 7.894, 8.18, 8.688, 8.42, 7.805, 7.863, 8.503], [6.603, 7.019, 8.287, 10.264, 10.933, 10.037, 8.625, 7.711, 7.887, 7.783, 6.844, 6.343, 6.202, 5.604, 5.278, 4.684, 4.396, 4.216, 4.35, 4.282, 4.614, 4.825, 5.442, 5.912, 5.908, 6.35, 7.182, 7.92, 8.65, 9.592, 8.976, 7.179, 6.529, 6.395, 7.472, 9.35, 10.649, 11.815, 12.197, 11.203, 9.537, 7.142, 5.856, 5.49, 5.72, 6.2, 5.86, 5.18, 4.481, 4.395, 4.369, 3.68, 3.58, 3.47, 3.2, 2.65, 2.16, 1.72, 1.79, 1.78, 2.23, 2.32, 2.22, 2.51, 1.88, 1.04, 0, 1.05, 1.18, 1.11, 1.31, 1.85, 2.32, 2.66, 2.18, 3.419, 4.958, 6.149, 6.813, 7.891, 8.1, 8.783, 8.617, 8.034, 8.04, 8.671], [7.499, 7.946, 9.22, 11.16, 11.842, 10.95, 9.47, 8.576, 8.76, 8.704, 7.728, 7.246, 7.116, 6.499, 6.051, 5.097, 4.64, 4.646, 4.883, 5.019, 5.272, 5.497, 6.089, 6.662, 6.595, 7.083, 8.057, 8.821, 9.583, 10.453, 9.877, 8.095, 7.442, 7.287, 8.356, 10.251, 11.579, 12.693, 13.096, 12.069, 10.413, 8.095, 6.712, 6.4, 6.61, 7.09, 6.79, 6.124, 5.425, 5.319, 5.279, 4.59, 4.47, 4.38, 4.09, 3.34, 2.95, 2.47, 2.42, 2.11, 1.94, 1.97, 1.79, 1.94, 1.89, 1.59, 1.05, 0, 0.79, 1.18, 1.0, 1.34, 1.57, 2.01, 2.11, 3.781, 5.331, 6.662, 7.463, 8.544, 8.75, 9.495, 9.507, 8.887, 8.807, 9.484], [7.486, 7.885, 9.211, 11.081, 11.788, 10.933, 9.482, 8.572, 8.738, 8.673, 7.803, 7.279, 7.085, 6.472, 5.871, 5.087, 4.77, 4.753, 4.893, 5.181, 5.318, 5.578, 6.033, 6.546, 6.587, 7.047, 7.942, 8.755, 9.462, 10.346, 9.836, 7.999, 7.422, 7.235, 8.301, 10.201, 11.595, 12.637, 13.071, 11.985, 10.38, 8.045, 6.742, 6.35, 6.54, 7.0, 6.688, 6.034, 5.355, 5.249, 5.189, 4.48, 4.28, 4.19, 3.92, 3.23, 2.84, 2.38, 2.39, 2.1, 1.83, 1.88, 1.84, 1.93, 1.9, 1.46, 1.18, 0.79, 0, 0.77, 0.97, 1.37, 1.72, 2.14, 2.3, 3.868, 5.241, 6.609, 7.447, 8.634, 8.831, 9.588, 9.44, 8.84, 8.843, 9.44], [7.219, 7.512, 8.837, 10.717, 11.44, 10.596, 9.125, 8.265, 8.378, 8.309, 7.376, 6.829, 6.679, 5.968, 5.493, 4.757, 4.6, 4.586, 4.643, 4.847, 4.987, 5.321, 5.643, 6.136, 6.157, 6.637, 7.529, 8.425, 9.075, 9.996, 9.532, 7.687, 7.038, 6.956, 7.968, 9.866, 11.085, 12.25, 12.641, 11.603, 9.981, 7.595, 6.352, 5.96, 6.31, 6.73, 6.35, 5.71, 5.04, 4.963, 4.899, 4.19, 4.03, 3.98, 3.69, 3.14, 2.65, 2.19, 2.22, 2.09, 1.9, 2.01, 1.81, 1.88, 1.81, 1.25, 1.11, 1.18, 0.77, 0, 0.96, 1.48, 1.91, 2.33, 2.13, 3.618, 4.831, 6.239, 7.137, 8.424, 8.621, 9.358, 9.093, 8.495, 8.535, 9.133], [7.573, 7.978, 9.27, 11.209, 11.859, 10.953, 9.45, 8.596, 8.72, 8.629, 7.67, 7.232, 7.114, 6.439, 5.949, 5.08, 4.703, 4.729, 4.923, 5.127, 5.243, 5.574, 5.891, 6.589, 6.363, 6.997, 8.068, 8.855, 9.643, 10.584, 9.982, 8.158, 7.448, 7.355, 8.397, 10.299, 11.519, 12.799, 13.142, 12.136, 10.461, 8.057, 6.792, 6.42, 6.71, 7.15, 6.77, 6.104, 5.423, 5.339, 5.259, 4.55, 4.39, 4.32, 4.01, 3.56, 3.03, 2.51, 2.56, 2.25, 2.02, 1.93, 1.87, 1.74, 1.69, 1.61, 1.31, 1.0, 0.97, 0.96, 0, 0.9, 1.49, 2.01, 2.29, 3.758, 5.111, 6.499, 7.4, 8.698, 8.881, 9.675, 9.567, 8.987, 8.947, 9.664], [7.984, 8.432, 9.75, 11.68, 12.296, 11.439, 9.945, 9.054, 9.24, 9.127, 8.089, 7.709, 7.562, 6.901, 6.411, 5.58, 5.063, 5.226, 5.383, 5.607, 5.723, 6.011, 6.346, 7.0, 6.863, 7.454, 8.52, 9.344, 10.051, 11.027, 10.479, 8.658, 7.902, 7.846, 8.891, 10.739, 11.964, 13.277, 13.604, 12.61, 10.93, 8.537, 7.252, 6.88, 7.25, 7.61, 7.242, 6.604, 5.