[[0, 0.63, 0.62, 2.03, 2.55, 1.85, 1.63, 1.58, 1.9, 2.14, 2.23, 1.83, 1.96, 2.73, 2.95, 2.71, 2.4, 2.59, 2.6, 2.14, 2.17, 2.08, 2.13, 2.9, 3.3, 3.2, 2.77, 2.62, 2.88, 3.04, 3.25, 2.87, 3.35, 5.15, 6.16, 6.54, 6.49, 6.44, 5.34, 4.35, 5.3, 6.61, 6.38, 6.27, 6.12, 6.5, 5.82, 4.96, 3.75, 3.18, 2.84, 2.65, 3.55, 3.76, 3.17, 2.64, 2.69, 3.09, 3.58, 5.852, 7.0, 5.25, 4.79, 4.92, 5.09, 5.372, 5.057, 4.71, 4.55, 4.696, 5.096, 5.28, 5.23, 4.28, 4.43, 4.07, 4.1, 4.53, 4.77, 4.94, 4.85, 4.65, 4.6, 4.71, 4.76, 4.85], [0.63, 0, 0.53, 2.16, 2.74, 1.92, 1.56, 1.51, 1.97, 2.19, 2.26, 1.92, 1.73, 2.58, 2.8, 2.56, 2.35, 2.62, 2.57, 2.09, 2.08, 2.03, 2.06, 2.77, 3.19, 3.07, 2.58, 2.43, 2.65, 2.85, 3.1, 2.72, 3.16, 4.98, 5.95, 6.33, 6.26, 6.21, 5.11, 4.2, 5.15, 6.44, 6.25, 6.08, 5.95, 6.33, 5.59, 4.75, 3.58, 2.99, 2.69, 2.5, 3.58, 3.81, 3.26, 2.63, 2.58, 3.16, 3.63, 5.75, 6.827, 5.06, 4.68, 4.81, 4.92, 5.211, 4.873, 4.54, 4.473, 4.606, 5.006, 5.143, 5.06, 4.19, 4.22, 3.86, 3.97, 4.44, 4.66, 4.81, 4.74, 4.46, 4.39, 4.5, 4.65, 4.68], [0.62, 0.53, 0, 1.95, 2.55, 1.83, 1.63, 1.56, 1.98, 2.28, 2.29, 1.93, 1.78, 2.77, 2.99, 2.75, 2.5, 2.69, 2.68, 2.16, 2.19, 2.12, 2.17, 2.98, 3.36, 3.26, 2.77, 2.62, 2.9, 3.06, 3.31, 2.93, 3.33, 5.15, 6.18, 6.549, 6.51, 6.46, 5.34, 4.43, 5.36, 6.65, 6.44, 6.27, 6.14, 6.52, 5.84, 4.98, 3.77, 3.2, 2.86, 2.55, 3.55, 3.84, 3.23, 2.54, 2.49, 3.17, 3.68, 5.975, 7.038, 5.27, 4.81, 5.02, 5.09, 5.409, 5.081, 4.71, 4.646, 4.779, 5.159, 5.256, 5.23, 4.34, 4.33, 3.91, 3.94, 4.35, 4.65, 4.86, 4.77, 4.47, 4.44, 4.55, 4.64, 4.71], [2.03, 2.16, 1.95, 0, 1.28, 2.38, 2.48, 2.63, 2.85, 3.11, 3.32, 2.4, 2.75, 4.5, 4.76, 4.42, 4.01, 4.2, 4.13, 3.57, 3.6, 3.767, 3.974, 4.55, 5.01, 5.067, 4.62, 4.47, 4.747, 4.907, 5.12, 4.68, 5.12, 7.06, 8.078, 8.41, 8.377, 8.358, 7.23, 6.18, 7.142, 8.42, 8.21, 8.06, 7.91, 8.29, 7.727, 6.898, 5.62, 5.03, 4.43, 3.04, 3.8, 4.49, 3.88, 2.97, 2.92, 4.0, 5.21, 7.707, 8.822, 7.06, 6.28, 6.47, 6.826, 7.313, 6.862, 6.412, 6.306, 6.439, 6.771, 6.93, 6.972, 5.49, 4.58, 4.2, 3.99, 4.14, 4.42, 4.69, 4.58, 4.4, 4.35, 4.26, 4.35, 4.48], [2.55, 2.74, 2.55, 1.28, 0, 2.08, 2.78, 3.03, 3.09, 3.27, 3.28, 2.46, 3.29, 5.08, 5.36, 5.14, 4.77, 4.9, 4.79, 4.25, 4.38, 4.49, 4.6, 5.17, 5.65, 5.63, 5.2, 5.07, 5.31, 5.51, 5.72, 5.34, 5.84, 7.58, 8.59, 8.97, 8.92, 8.87, 7.75, 6.74, 7.699, 9.02, 8.79, 8.64, 8.55, 8.89, 8.25, 7.41, 6.14, 5.53, 4.91, 3.3, 3.2, 3.81, 3.32, 2.41, 2.56, 3.66, 5.69, 8.259, 9.41, 7.66, 6.86, 7.064, 7.346, 7.805, 7.45, 6.992, 6.853, 6.943, 7.32, 7.454, 7.521, 5.979, 4.56, 4.16, 3.83, 3.86, 4.12, 4.43, 4.38, 4.32, 4.31, 3.9, 3.79, 4.06], [1.85, 1.92, 1.83, 2.38, 2.08, 0, 0.94, 1.21, 1.35, 1.57, 1.6, 1.18, 1.89, 3.38, 3.62, 3.36, 3.03, 3.14, 3.17, 2.65, 2.7, 2.71, 2.92, 3.75, 4.03, 3.89, 3.44, 3.29, 3.53, 3.73, 3.94, 3.5, 4.2, 5.82, 6.75, 7.09, 7.02, 6.99, 5.87, 4.94, 5.83, 7.12, 6.93, 6.76, 6.71, 7.01, 6.37, 5.55, 4.36, 3.81, 3.31, 2.26, 2.26, 2.37, 1.92, 1.45, 1.7, 1.98, 3.77, 6.296, 7.441, 5.697, 4.897, 5.09, 5.426, 5.935, 5.504, 5.069, 4.835, 4.954, 5.319, 5.502, 5.549, 4.17, 3.82, 3.26, 3.03, 3.48, 3.62, 3.99, 3.96, 3.84, 3.77, 3.44, 3.33, 3.48], [1.63, 1.56, 1.63, 2.48, 2.78, 0.94, 0, 0.65, 1.09, 1.37, 1.4, 1.56, 1.33, 2.66, 2.92, 2.7, 2.37, 2.6, 2.67, 2.19, 2.1, 2.09, 2.42, 3.29, 3.53, 3.33, 2.92, 2.75, 2.81, 3.01, 3.18, 2.76, 3.44, 5.06, 5.99, 6.33, 6.24, 6.23, 5.11, 4.16, 5.07, 6.36, 6.15, 6.04, 5.97, 6.25, 5.59, 4.77, 3.54, 3.05, 2.55, 1.86, 2.5, 2.59, 2.26, 1.87, 2.0, 2.02, 3.23, 5.527, 6.673, 4.92, 4.12, 4.35, 4.651, 5.158, 4.722, 4.26, 4.115, 4.226, 4.568, 4.753, 4.83, 3.61, 3.46, 2.96, 2.87, 3.3, 3.48, 3.73, 3.72, 3.54, 3.41, 3.24, 3.37, 3.42], [1.58, 1.51, 1.56, 2.63, 3.03, 1.21, 0.65, 0, 1.0, 1.24, 1.31, 1.55, 1.34, 2.41, 2.67, 2.45, 2.16, 2.25, 2.3, 2.06, 1.89, 1.88, 2.29, 3.08, 3.32, 3.12, 2.69, 2.58, 2.58, 2.72, 2.95, 2.53, 3.21, 4.79, 5.72, 6.06, 5.99, 5.98, 4.86, 3.87, 4.78, 6.09, 5.88, 5.77, 5.7, 6.0, 5.34, 4.54, 3.31, 2.82, 2.3, 1.81, 2.41, 2.54, 2.35, 1.98, 2.11, 1.89, 2.9, 5.292, 6.431, 4.69, 4.01, 4.22, 4.53, 4.966, 4.477, 4.062, 3.853, 3.994, 4.394, 4.592, 4.619, 3.48, 3.51, 3.03, 3.02, 3.45, 3.51, 3.8, 3.63, 3.43, 3.36, 3.41, 3.44, 3.51], [1.9, 1.97, 1.98, 2.85, 3.09, 1.35, 1.09, 1.0, 0, 0.82, 0.95, 1.09, 1.12, 2.37, 2.69, 2.41, 2.12, 2.21, 2.32, 1.94, 1.83, 1.86, 2.29, 3.12, 3.22, 3.06, 2.61, 2.5, 2.52, 2.74, 2.93, 2.51, 3.19, 4.85, 5.84, 6.157, 6.124, 6.096, 5.0, 3.87, 4.82, 6.11, 5.88, 5.85, 5.72, 6.0, 5.48, 4.66, 3.43, 2.96, 2.4, 1.73, 1.85, 1.98, 1.83, 1.8, 1.87, 1.41, 2.74, 5.303, 6.448, 4.71, 3.93, 4.103, 4.498, 5.048, 4.586, 4.142, 3.85, 3.986, 4.346, 4.557, 4.579, 3.24, 3.35, 3.13, 3.2, 3.57, 3.57, 3.92, 3.83, 3.67, 3.44, 3.41, 3.36, 3.45], [2.14, 2.19, 2.28, 3.11, 3.27, 1.57, 1.37, 1.24, 0.82, 0, 0.67, 1.31, 1.2, 2.25, 2.51, 2.29, 2.18, 2.11, 2.1, 1.8, 1.63, 1.8, 2.29, 3.12, 3.14, 2.8, 2.65, 2.56, 2.5, 2.6, 2.63, 2.27, 3.07, 4.63, 5.56, 5.92, 5.85, 5.84, 4.7, 3.61, 4.54, 5.87, 5.66, 5.59, 5.5, 5.8, 5.2, 4.38, 3.17, 2.88, 2.38, 1.83, 1.99, 2.02, 2.05, 2.1, 2.17, 1.43, 2.48, 5.006, 6.16, 4.41, 3.63, 3.86, 4.279, 4.799, 4.417, 3.91, 3.69, 3.797, 4.137, 4.277, 4.336, 3.12, 3.39, 3.33, 3.5, 3.87, 3.91, 4.18, 3.99, 3.87, 3.64, 3.49, 3.44, 3.49], [2.23, 2.26, 2.29, 3.32, 3.28, 1.6, 1.4, 1.31, 0.95, 0.67, 0, 1.38, 1.33, 2.24, 2.42, 2.24, 2.11, 2.02, 2.09, 1.77, 1.64, 1.67, 2.28, 3.09, 3.21, 2.91, 2.7, 2.67, 2.59, 2.61, 2.68, 2.3, 2.98, 4.56, 5.55, 5.87, 5.82, 5.81, 4.69, 3.62, 4.57, 5.9, 5.65, 5.54, 5.41, 5.75, 5.19, 4.35, 3.16, 2.81, 2.41, 1.94, 2.14, 2.03, 2.0, 2.03, 2.06, 1.38, 2.53, 5.113, 6.25, 4.5, 3.72, 3.93, 4.257, 4.787, 4.344, 3.96, 3.74, 3.85, 4.185, 4.339, 4.4, 3.39, 3.66, 3.52, 3.67, 4.14, 4.14, 4.39, 4.26, 4.08, 3.85, 3.74, 3.65, 3.78], [1.83, 1.92, 1.93, 2.4, 2.46, 1.18, 1.56, 1.55, 1.09, 1.31, 1.38, 0, 1.33, 3.02, 3.4, 3.08, 2.71, 2.82, 2.91, 2.39, 2.4, 2.47, 2.74, 3.53, 3.73, 3.67, 3.22, 3.03, 3.27, 3.47, 3.6, 3.16, 3.84, 5.7, 6.695, 7.018, 6.985, 6.975, 5.852, 4.731, 5.684, 6.96, 6.73, 6.66, 6.51, 6.85, 6.335, 5.515, 4.26, 3.669, 3.07, 2.06, 1.92, 2.25, 1.72, 1.55, 1.46, 1.78, 3.47, 6.087, 7.244, 5.5, 4.7, 4.93, 5.44, 5.895, 5.479, 4.86, 4.686, 4.796, 5.159, 5.353, 5.392, 3.93, 3.78, 3.56, 3.57, 3.94, 4.0, 4.33, 4.12, 4.02, 3.83, 3.6, 3.45, 3.68], [1.96, 1.73, 1.78, 2.75, 3.29, 1.89, 1.33, 1.34, 1.12, 1.2, 1.33, 1.33, 0, 2.15, 2.61, 2.31, 2.06, 2.21, 2.12, 1.62, 1.55, 1.8, 2.15, 2.9, 3.06, 2.98, 2.59, 2.44, 2.48, 2.66, 2.83, 2.41, 2.85, 4.818, 5.86, 6.183, 6.15, 6.128, 5.0, 3.91, 4.877, 6.15, 5.96, 5.85, 5.68, 6.04, 5.5, 4.648, 3.41, 2.84, 2.54, 1.81, 2.33, 2.64, 2.39, 2.18, 1.89, 1.83, 2.9, 5.417, 6.478, 4.71, 3.93, 4.18, 4.599, 5.099, 4.661, 4.113, 4.056, 4.169, 4.506, 4.643, 4.67, 3.7, 3.53, 3.35, 3.66, 4.01, 4.05, 4.3, 4.15, 3.93, 3.68, 3.63, 3.66, 3.67], [2.73, 2.58, 2.77, 4.5, 5.08, 3.38, 2.66, 2.41, 2.37, 2.25, 2.24, 3.02, 2.15, 0, 0.8, 1.06, 1.05, 1.38, 1.49, 1.73, 1.5, 1.11, 1.18, 1.59, 1.49, 1.35, 1.26, 1.29, 1.17, 1.01, 1.14, 1.0, 1.36, 2.74, 3.77, 4.09, 4.02, 4.01, 2.89, 2.06, 3.03, 4.04, 3.89, 3.76, 3.61, 3.93, 3.37, 2.65, 1.98, 2.03, 2.21, 2.72, 3.68, 3.87, 3.9, 3.93, 3.78, 2.5, 1.85, 3.37, 4.413, 2.84, 2.84, 3.11, 3.2, 3.61, 3.09, 2.9, 2.96, 3.03, 3.25, 3.37, 3.18, 3.29, 4.16, 4.28, 4.73, 5.12, 5.24, 5.27, 5.14, 4.86, 4.63, 4.9, 5.05, 4.9], [2.95, 2.8, 2.99, 4.76, 5.36, 3.62, 2.92, 2.67, 2.69, 2.51, 2.42, 3.4, 2.61, 0.8, 0, 0.78, 1.07, 1.58, 1.65, 1.91, 1.66, 1.19, 1.24, 1.23, 1.39, 1.01, 1.12, 1.25, 1.01, 0.89, 1.04, 1.06, 1.4, 2.48, 3.43, 3.77, 3.64, 3.65, 2.61, 2.22, 3.07, 3.8, 3.63, 3.44, 3.21, 3.57, 3.01, 2.33, 1.72, 2.01, 2.37, 3.02, 4.1, 4.23, 4.3, 4.37, 4.22, 3.02, 2.25, 3.43, 4.23, 3.12, 3.2, 3.53, 3.46, 3.51, 3.15, 3.1, 3.34, 3.39, 3.57, 3.59, 3.6, 3.65, 4.54, 4.62, 5.05, 5.52, 5.6, 5.63, 5.56, 5.24, 5.01, 5.34, 5.49, 5.34], [2.71, 2.56, 2.75, 4.42, 5.14, 3.36, 2.7, 2.45, 2.41, 2.29, 2.24, 3.08, 2.31, 1.06, 0.78, 0, 0.87, 1.26, 1.41, 1.59, 1.28, 1.05, 1.12, 1.45, 1.47, 1.13, 1.26, 1.37, 1.31, 1.13, 1.34, 1.1, 1.64, 2.9, 3.93, 4.21, 4.12, 4.092, 3.03, 2.44, 3.41, 4.22, 4.03, 3.88, 3.61, 3.95, 3.47, 2.71, 1.94, 2.17, 2.47, 2.9, 3.8, 3.93, 3.96, 4.03, 3.82, 2.8, 2.25, 3.57, 4.55, 3.18, 3.18, 3.47, 3.44, 3.65, 3.19, 2.88, 3.28, 3.31, 3.49, 3.51, 3.52, 3.49, 4.42, 4.5, 4.89, 5.32, 5.42, 5.45, 5.38, 5.06, 4.83, 5.14, 5.29, 5.14], [2.4, 2.35, 2.5, 4.01, 4.77, 3.03, 2.37, 2.16, 2.12, 2.18, 2.11, 2.71, 2.06, 1.05, 1.07, 0.87, 0, 0.93, 1.22, 1.28, 0.99, 0.76, 0.97, 1.4, 1.7, 1.58, 1.39, 1.42, 1.38, 1.26, 1.39, 1.23, 1.59, 3.33, 4.3, 4.62, 4.575, 4.565, 3.48, 2.61, 3.6, 4.59, 4.34, 4.25, 4.08, 4.44, 3.94, 3.18, 2.41, 2.46, 2.5, 2.85, 3.59, 3.72, 3.73, 3.8, 3.59, 2.53, 2.24, 3.84, 4.98, 3.53, 3.43, 3.54, 3.81, 4.04, 3.52, 3.31, 3.21, 3.38, 3.7, 3.88, 3.85, 3.76, 4.41, 4.35, 4.66, 5.11, 5.23, 5.26, 5.19, 4.91, 4.7, 4.97, 5.1, 4.97], [2.59, 2.62, 2.69, 4.2, 4.9, 3.14, 2.6, 2.25, 2.21, 2.11, 2.02, 2.82, 2.21, 1.38, 1.58, 1.26, 0.93, 0, 0.75, 1.17, 0.96, 1.07, 1.5, 2.01, 2.07, 1.91, 1.88, 2.03, 2.03, 1.65, 1.62, 1.38, 1.7, 3.32, 4.35, 4.658, 4.628, 4.618, 3.51, 2.48, 3.43, 4.64, 4.41, 4.3, 4.138, 4.51, 3.99, 3.29, 2.62, 2.75, 2.77, 2.94, 3.58, 3.65, 3.72, 3.81, 3.62, 2.34, 1.67, 3.844, 4.984, 3.32, 3.08, 3.17, 3.58, 4.03, 3.43, 3.52, 2.96, 3.07, 3.33, 3.45, 3.54, 3.63, 4.64, 4.52, 4.71, 5.12, 5.14, 5.31, 5.22, 4.96, 4.81, 5.06, 5.07, 5.06], [2.6, 2.57, 2.68, 4.13, 4.79, 3.17, 2.67, 2.3, 2.32, 2.1, 2.09, 2.91, 2.12, 1.49, 1.65, 1.41, 1.22, 0.75, 0, 0.92, 0.91, 1.1, 1.47, 1.96, 1.96, 1.82, 1.87, 2.02, 2.06, 1.72, 1.69, 1.51, 1.77, 3.21, 4.2, 4.52, 4.49, 4.48, 3.36, 2.33, 3.4, 4.63, 4.38, 4.23, 4.08, 4.46, 3.84, 3.28, 2.75, 2.92, 2.92, 3.07, 3.83, 3.94, 3.99, 4.06, 3.85, 2.67, 1.86, 3.834, 4.969, 3.31, 2.99, 3.14, 3.55, 4.02, 3.54, 3.63, 3.23, 3.26, 3.32, 3.48, 3.51, 3.68, 4.67, 4.59, 4.92, 5.35, 5.41, 5.5, 5.37, 5.13, 4.98, 5.19, 5.24, 5.17], [2.14, 2.09, 2.16, 3.57, 4.25, 2.65, 2.19, 2.06, 1.94, 1.8, 1.77, 2.39, 1.62, 1.73, 1.91, 1.59, 1.28, 1.17, 0.92, 0, 0.57, 1.02, 1.31, 1.92, 2.14, 2.0, 1.89, 1.9, 2.02, 1.92, 2.11, 1.73, 1.95, 3.85, 4.88, 5.18, 5.15, 5.14, 4.02, 3.05, 4.0, 5.27, 5.08, 4.91, 4.74, 5.12, 4.5, 3.74, 2.85, 2.82, 2.86, 2.73, 3.59, 3.62, 3.55, 3.62, 3.39, 2.53, 2.4, 4.6, 5.657, 3.91, 3.33, 3.62, 3.81, 4.36, 3.88, 3.69, 3.37, 3.46, 3.8, 3.86, 3.97, 3.8, 4.39, 4.35, 4.82, 5.23, 5.27, 5.36, 5.23, 4.95, 4.72, 4.91, 5.06, 4.97], [2.17, 2.08, 2.19, 3.6, 4.38, 2.7, 2.1, 1.89, 1.83, 1.63, 1.64, 2.4, 1.55, 1.5, 1.66, 1.28, 0.99, 0.96, 0.91, 0.57, 0, 0.71, 1.18, 1.93, 2.13, 1.91, 1.74, 1.75, 1.81, 1.69, 1.78, 1.38, 1.88, 3.72, 4.75, 5.07, 5.04, 5.03, 3.91, 2.88, 3.81, 5.12, 4.89, 4.76, 4.57, 4.95, 4.39, 3.59, 2.56, 2.55, 2.61, 2.62, 3.4, 3.45, 3.42, 3.49, 3.26, 2.36, 2.21, 4.37, 5.462, 3.78, 3.34, 3.55, 3.7, 4.11, 3.55, 3.44, 3.18, 3.39, 3.71, 3.79, 3.86, 3.59, 4.24, 4.2, 4.63, 5.02, 5.08, 5.15, 5.0, 4.74, 4.55, 4.74, 4.89, 4.78], [2.08, 2.03, 2.12, 3.767, 4.49, 2.71, 2.09, 1.88, 1.86, 1.8, 1.67, 2.47, 1.8, 1.11, 1.19, 1.05, 0.76, 1.07, 1.1, 1.02, 0.71, 0, 0.87, 1.62, 1.8, 1.58, 1.39, 1.44, 1.38, 1.32, 1.47, 1.11, 1.73, 3.41, 4.42, 4.74, 4.71, 4.7, 3.58, 2.69, 3.6, 4.79, 4.54, 4.41, 4.24, 4.62, 4.06, 3.26, 2.23, 2.22, 2.3, 2.53, 3.43, 3.5, 3.49, 3.56, 3.35, 2.41, 2.2, 4.06, 5.14, 3.53, 3.39, 3.5, 3.53, 3.8, 3.3, 3.19, 3.13, 3.22, 3.58, 3.76, 3.67, 3.38, 4.13, 4.03, 4.46, 4.93, 5.05, 5.1, 5.01, 4.69, 4.48, 4.77, 4.92, 4.79], [2.13, 2.06, 2.17, 3.974, 4.6, 2.92, 2.42, 2.29, 2.29, 2.29, 2.28, 2.74, 2.15, 1.18, 1.24, 1.12, 0.97, 1.5, 1.47, 1.31, 1.18, 0.87, 0, 1.17, 1.39, 1.29, 1.14, 1.09, 1.15, 1.15, 1.5, 1.18, 1.56, 3.16, 4.21, 4.59, 4.58, 4.49, 3.45, 2.84, 3.73, 4.78, 4.53, 4.32, 4.17, 4.55, 3.87, 3.07, 2.3, 2.37, 2.47, 2.92, 3.96, 4.01, 3.86, 3.91, 3.74, 2.9, 2.67, 4.07, 5.07, 3.66, 3.72, 3.93, 3.7, 3.77, 3.47, 3.46, 3.68, 3.71, 3.91, 4.05, 3.9, 3.85, 4.5, 4.42, 4.93, 5.42, 5.52, 5.59, 5.5, 5.18, 4.99, 5.24, 5.37, 5.32], [2.9, 2.77, 2.98, 4.55, 5.17, 3.75, 3.29, 3.08, 3.12, 3.12, 3.09, 3.53, 2.9, 1.59, 1.23, 1.45, 1.4, 2.01, 1.96, 1.92, 1.93, 1.62, 1.17, 0, 1.02, 0.98, 0.95, 1.0, 1.04, 1.0, 1.63, 1.55, 1.53, 2.97, 3.96, 4.5, 4.33, 4.12, 3.44, 3.27, 3.8, 4.57, 4.3, 4.11, 3.84, 4.2, 3.44, 2.7, 2.15, 2.42, 2.78, 3.61, 4.75, 4.84, 4.75, 4.82, 4.57, 3.61, 3.28, 4.28, 4.96, 4.09, 4.25, 4.54, 4.19, 3.86, 3.88, 4.05, 4.33, 4.4, 4.6, 4.58, 4.43, 4.6, 5.19, 5.19, 5.7, 6.19, 6.29, 6.36, 6.27, 5.97, 5.76, 5.99, 6.14, 6.09], [3.3, 3.19, 3.36, 5.01, 5.65, 4.03, 3.53, 3.32, 3.22, 3.14, 3.21, 3.73, 3.06, 1.49, 1.39, 1.47, 1.7, 2.07, 1.96, 2.14, 2.13, 1.8, 1.39, 1.02, 0, 0.62, 0.91, 0.94, 1.06, 0.94, 1.37, 1.45, 1.49, 2.69, 3.52, 4.22, 4.03, 3.84, 3.28, 2.95, 3.4, 4.09, 3.8, 3.59, 3.3, 3.56, 2.96, 2.28, 2.09, 2.62, 3.02, 3.91, 4.77, 4.92, 4.87, 4.92, 4.67, 3.53, 2.9, 3.8, 4.54, 3.69, 3.85, 4.24, 4.03, 3.84, 3.76, 4.03, 4.15, 4.18, 4.24, 4.24, 4.07, 4.42, 5.31, 5.47, 5.92, 6.29, 6.43, 6.5, 6.35, 6.07, 5.86, 6.07, 6.2, 6.09], [3.2, 3.07, 3.26, 5.067, 5.63, 3.89, 3.33, 3.12, 3.06, 2.8, 2.91, 3.67, 2.98, 1.35, 1.01, 1.13, 1.58, 1.91, 1.82, 2.0, 1.91, 1.58, 1.29, 0.98, 0.62, 0, 0.71, 0.84, 0.88, 0.74, 1.13, 1.15, 1.53, 2.47, 3.36, 3.86, 3.71, 3.52, 2.88, 2.57, 3.16, 3.85, 3.6, 3.47, 3.18, 3.5, 2.82, 2.28, 1.81, 2.34, 2.78, 3.69, 4.61, 4.68, 4.71, 4.74, 4.59, 3.45, 2.68, 3.5, 4.24, 3.41, 3.61, 3.94, 3.71, 3.54, 3.44, 3.65, 3.81, 3.88, 3.98, 3.98, 3.83, 4.08, 5.03, 5.25, 5.68, 6.07, 6.19, 6.26, 6.11, 5.83, 5.62, 5.85, 6.0, 5.87], [2.77, 2.58, 2.77, 4.62, 5.2, 3.44, 2.92, 2.69, 2.61, 2.65, 2.7, 3.22, 2.59, 1.26, 1.12, 1.26, 1.39, 1.88, 1.87, 1.89, 1.74, 1.39, 1.14, 0.95, 0.91, 0.71, 0, 0.55, 0.69, 0.73, 1.26, 1.16, 1.46, 2.78, 3.73, 4.27, 4.12, 3.97, 3.31, 2.9, 3.33, 4.22, 4.01, 3.82, 3.59, 3.91, 3.23, 2.55, 1.9, 2.09, 2.53, 3.3, 4.26, 4.35, 4.28, 4.27, 4.1, 3.16, 2.77, 3.85, 4.59, 3.56, 3.7, 4.01, 3.72, 3.53, 3.43, 3.58, 3.8, 3.85, 4.03, 4.05, 3.88, 4.05, 4.74, 4.82, 5.29, 5.66, 5.8, 5.87, 5.72, 5.46, 5.25, 5.48, 5.63, 5.52], [2.62, 2.43, 2.62, 4.47, 5.07, 3.29, 2.75, 2.58, 2.5, 2.56, 2.67, 3.03, 2.44, 1.29, 1.25, 1.37, 1.42, 2.03, 2.02, 1.9, 1.75, 1.44, 1.09, 1.0, 0.94, 0.84, 0.55, 0, 0.72, 0.82, 1.37, 1.29, 1.55, 2.93, 3.92, 4.42, 4.25, 4.16, 3.44, 2.97, 3.44, 4.39, 4.12, 4.03, 3.78, 4.1, 3.44, 2.7, 2.07, 2.18, 2.68, 3.31, 4.21, 4.3, 4.11, 4.06, 3.85, 3.19, 2.84, 3.92, 4.68, 3.63, 3.77, 4.1, 3.91, 3.76, 3.68, 3.67, 3.87, 3.96, 4.14, 4.22, 3.95, 4.12, 4.75, 4.79, 5.2, 5.59, 5.71, 5.82, 5.65, 5.41, 5.22, 5.35, 5.5, 5.47], [2.88, 2.65, 2.9, 4.747, 5.31, 3.53, 2.81, 2.58, 2.52, 2.5, 2.59, 3.27, 2.48, 1.17, 1.01, 1.31, 1.38, 2.03, 2.06, 2.02, 1.81, 1.38, 1.15, 1.04, 1.06, 0.88, 0.69, 0.72, 0, 0.58, 1.01, 1.03, 1.47, 2.83, 3.68, 4.12, 4.01, 3.88, 3.14, 2.89, 3.46, 4.15, 3.94, 3.77, 3.58, 3.9, 3.22, 2.48, 1.89, 2.06, 2.46, 3.23, 4.19, 4.22, 4.17, 4.18, 4.01, 3.03, 2.76, 3.7, 4.4, 3.53, 3.67, 4.04, 3.75, 3.58, 3.44, 3.49, 3.79, 3.84, 4.06, 4.12, 3.85, 3.92, 4.63, 4.73, 5.18, 5.57, 5.69, 5.78, 5.63, 5.37, 5.16, 5.31, 5.4, 5.37], [3.04, 2.85, 3.06, 4.907, 5.51, 3.73, 3.01, 2.72, 2.74, 2.6, 2.61, 3.47, 2.66, 1.01, 0.89, 1.13, 1.26, 1.65, 1.72, 1.92, 1.69, 1.32, 1.15, 1.0, 0.94, 0.74, 0.73, 0.82, 0.58, 0, 0.83, 0.91, 1.13, 2.39, 3.32, 3.82, 3.73, 3.62, 2.9, 2.47, 2.98, 3.77, 3.54, 3.41, 3.22, 3.56, 2.92, 2.18, 1.71, 1.94, 2.36, 3.21, 4.21, 4.28, 4.33, 4.36, 4.23, 2.99, 2.48, 3.44, 4.12, 3.25, 3.43, 3.7, 3.47, 3.36, 3.16, 3.29, 3.51, 3.54, 3.76, 3.82, 3.61, 3.76, 4.59, 4.77, 5.22, 5.61, 5.73, 5.82, 5.69, 5.39, 5.18, 5.43, 5.58, 5.47], [3.25, 3.1, 3.31, 5.12, 5.72, 3.94, 3.18, 2.95, 2.93, 2.63, 2.68, 3.6, 2.83, 1.14, 1.04, 1.34, 1.39, 1.62, 1.69, 2.11, 1.78, 1.47, 1.5, 1.63, 1.37, 1.13, 1.26, 1.37, 1.01, 0.83, 0, 0.86, 1.5, 2.34, 3.23, 3.65, 3.62, 3.51, 2.73, 2.24, 2.77, 3.58, 3.33, 3.28, 3.11, 3.47, 2.85, 2.15, 1.58, 1.89, 2.27, 3.42, 4.36, 4.43, 4.54, 4.57, 4.38, 3.12, 2.05, 2.99, 3.89, 2.88, 3.06, 3.31, 3.22, 3.13, 2.83, 3.16, 3.2, 3.13, 3.31, 3.45, 3.16, 3.31, 4.72, 4.86, 5.29, 5.68, 5.78, 5.77, 5.66, 5.36, 5.11, 5.4, 5.51, 5.36], [2.87, 2.72, 2.93, 4.68, 5.34, 3.5, 2.76, 2.53, 2.51, 2.27, 2.3, 3.16, 2.41, 1.0, 1.06, 1.1, 1.23, 1.38, 1.51, 1.73, 1.38, 1.11, 1.18, 1.55, 1.45, 1.15, 1.16, 1.29, 1.03, 0.91, 0.86, 0, 1.36, 2.8, 3.67, 4.07, 4.04, 3.93, 3.07, 2.38, 3.03, 4.06, 3.81, 3.64, 3.49, 3.83, 3.31, 2.51, 1.64, 1.87, 2.09, 2.94, 3.96, 3.99, 4.14, 4.17, 3.98, 2.7, 1.93, 3.21, 4.21, 2.82, 2.96, 3.23, 3.12, 3.23, 2.69, 2.9, 2.98, 2.99, 3.17, 3.33, 3.1, 3.13, 4.26, 4.34, 4.71, 5.12, 5.22, 5.31, 5.16, 4.88, 4.67, 4.86, 4.97, 4.86], [3.35, 3.16, 3.33, 5.12, 5.84, 4.2, 3.44, 3.21, 3.19, 3.07, 2.98, 3.84, 2.85, 1.36, 1.4, 1.64, 1.59, 1.7, 1.77, 1.95, 1.88, 1.73, 1.56, 1.53, 1.49, 1.53, 1.46, 1.55, 1.47, 1.13, 1.5, 1.36, 0, 2.04, 3.11, 3.71, 3.54, 3.55, 2.77, 2.4, 2.73, 3.58, 3.41, 3.22, 3.05, 3.43, 2.77, 2.01, 1.64, 1.87, 2.27, 3.1, 4.3, 4.43, 4.56, 4.69, 4.5, 3.16, 2.37, 3.53, 4.21, 3.14, 3.28, 3.53, 3.5, 3.31, 3.21, 3.42, 3.42, 3.31, 3.63, 3.73, 3.5, 3.71, 4.6, 4.66, 5.15, 5.64, 5.74, 5.77, 5.7, 5.38, 5.15, 5.46, 5.61, 5.46], [5.15, 4.98, 5.15, 7.06, 7.58, 5.82, 5.06, 4.79, 4.85, 4.63, 4.56, 5.7, 4.818, 2.74, 2.48, 2.9, 3.33, 3.32, 3.21, 3.85, 3.72, 3.41, 3.16, 2.97, 2.69, 2.47, 2.78, 2.93, 2.83, 2.39, 2.34, 2.8, 2.04, 0, 1.27, 1.95, 1.84, 1.79, 1.39, 1.66, 1.39, 1.8, 1.57, 1.4, 1.35, 1.57, 1.29, 1.43, 2.04, 2.15, 2.79, 4.38, 5.64, 5.71, 5.94, 6.11, 6.121, 4.705, 2.51, 1.93, 2.51, 2.16, 2.7, 2.99, 3.16, 2.79, 2.85, 3.5, 3.48, 3.21, 3.09, 2.95, 2.96, 3.79, 5.36, 5.48, 5.99, 6.4, 6.48, 6.31, 6.24, 5.88, 5.65, 6.04, 6.25, 6.08], [6.16, 5.95, 6.18, 8.078, 8.59, 6.75, 5.99, 5.72, 5.84, 5.56, 5.55, 6.695, 5.86, 3.77, 3.43, 3.93, 4.3, 4.35, 4.2, 4.88, 4.75, 4.42, 4.21, 3.96, 3.52, 3.36, 3.73, 3.92, 3.68, 3.32, 3.23, 3.67, 3.11, 1.27, 0, 1.0, 1.07, 1.06, 1.36, 2.05, 1.38, 1.09, 0.82, 0.95, 1.0, 1.02, 1.32, 1.9, 2.73, 3.1, 3.72, 5.41, 6.603, 6.6, 6.79, 7.033, 7.128, 5.708, 3.393, 1.8, 1.76, 2.25, 3.07, 3.18, 3.29, 2.88, 2.88, 3.75, 3.75, 3.58, 3.28, 3.12, 3.23, 4.32, 5.97, 6.11, 6.66, 7.01, 7.13, 6.76, 6.67, 6.29, 6.0, 6.47, 6.78, 6.55], [6.54, 6.33, 6.549, 8.41, 8.97, 7.09, 6.33, 6.06, 6.157, 5.92, 5.87, 7.018, 6.183, 4.09, 3.77, 4.21, 4.62, 4.658, 4.52, 5.18, 5.07, 4.74, 4.59, 4.5, 4.22, 3.86, 4.27, 4.42, 4.12, 3.82, 3.65, 4.07, 3.71, 1.95, 1.0, 0, 0.89, 1.1, 1.58, 2.35, 1.72, 1.13, 1.18, 1.45, 1.54, 1.56, 2.08, 2.64, 3.47, 3.76, 4.26, 5.776, 6.9, 6.879, 7.089, 7.336, 7.434, 6.014, 3.72, 1.84, 1.66, 2.39, 3.15, 3.06, 3.15, 2.94, 2.9, 3.65, 3.71, 3.56, 3.24, 3.02, 3.15, 4.38, 5.97, 6.17, 6.7, 7.09, 7.17, 6.82, 6.75, 6.35, 6.08, 6.55, 6.9, 6.65], [6.49, 6.26, 6.51, 8.377, 8.92, 7.02, 6.24, 5.99, 6.124, 5.85, 5.82, 6.985, 6.15, 4.02, 3.64, 4.12, 4.575, 4.628, 4.49, 5.15, 5.04, 4.71, 4.58, 4.33, 4.03, 3.71, 4.12, 4.25, 4.01, 3.73, 3.62, 4.04, 3.54, 1.84, 1.07, 0.89, 0, 0.77, 1.29, 2.28, 1.59, 1.26, 1.39, 1.56, 1.65, 1.57, 1.71, 2.35, 3.32, 3.63, 4.23, 5.74, 6.867, 6.826, 7.039, 7.28, 7.401, 5.981, 3.623, 1.75, 1.49, 2.14, 3.02, 2.91, 2.96, 2.67, 2.81, 3.48, 3.58, 3.41, 3.07, 2.85, 3.02, 4.27, 5.84, 6.04, 6.57, 6.96, 7.04, 6.69, 6.62, 6.22, 5.95, 6.44, 6.79, 6.52], [6.44, 6.21, 6.46, 8.358, 8.87, 6.99, 6.23, 5.98, 6.096, 5.84, 5.81, 6.975, 6.128, 4.01, 3.65, 4.092, 4.565, 4.618, 4.48, 5.14, 5.03, 4.7, 4.49, 4.12, 3.84, 3.52, 3.97, 4.16, 3.88, 3.62, 3.51, 3.93, 3.55, 1.79, 1.06, 1.1, 0.77, 0, 1.36, 2.27, 1.52, 1.23, 1.36, 1.51, 1.54, 1.48, 1.46, 2.1, 3.01, 3.42, 4.0, 5.69, 6.843, 6.796, 7.029, 7.27, 7.391, 5.971, 3.613, 1.66, 1.42, 2.13, 3.01, 2.94, 3.01, 2.48, 2.72, 3.53, 3.59, 3.4, 3.1, 2.86, 2.95, 4.24, 5.83, 6.01, 6.58, 6.93, 7.03, 6.66, 6.59, 6.21, 5.94, 6.45, 6.78, 6.51], [5.34, 5.11, 5.34, 7.23, 7.75, 5.87, 5.11, 4.86, 5.0, 4.7, 4.69, 5.852, 5.0, 2.89, 2.61, 3.03, 3.48, 3.51, 3.36, 4.02, 3.91, 3.58, 3.45, 3.44, 3.28, 2.88, 3.31, 3.44, 3.14, 2.9, 2.73, 3.07, 2.77, 1.39, 1.36, 1.58, 1.29, 1.36, 0, 1.29, 1.44, 1.73, 1.74, 1.71, 1.62, 1.74, 1.34, 1.8, 2.49, 2.74, 3.28, 4.57, 5.741, 5.7, 5.95, 6.164, 6.285, 4.865, 2.51, 1.74, 2.14, 1.51, 2.13, 2.34, 2.47, 2.42, 2.28, 2.89, 2.89, 2.72, 2.44, 2.2, 2.45, 3.42, 5.03, 5.19, 5.7, 6.07, 6.17, 5.8, 5.73, 5.41, 5.08, 5.55, 5.8, 5.61], [4.35, 4.2, 4.43, 6.18, 6.74, 4.94, 4.16, 3.87, 3.87, 3.61, 3.62, 4.731, 3.91, 2.06, 2.22, 2.44, 2.61, 2.48, 2.33, 3.05, 2.88, 2.69, 2.84, 3.27, 2.95, 2.57, 2.9, 2.97, 2.89, 2.47, 2.24, 2.38, 2.4, 1.66, 2.05, 2.35, 2.28, 2.27, 1.29, 0, 1.39, 2.36, 2.23, 2.38, 2.23, 2.33, 2.03, 2.17, 2.28, 2.41, 2.61, 3.66, 4.639, 4.63, 4.84, 5.023, 5.145, 3.725, 1.63, 1.71, 2.724, 1.52, 1.48, 1.77, 2.38, 2.67, 2.23, 2.48, 2.2, 2.09, 1.99, 2.03, 2.1, 2.73, 4.24, 4.38, 4.83, 5.1, 5.18, 4.87, 4.84, 4.48, 4.21, 4.6, 4.85, 4.64], [5.3, 5.15, 5.36, 7.142, 7.699, 5.83, 5.07, 4.78, 4.82, 4.54, 4.57, 5.684, 4.877, 3.03, 3.07, 3.41, 3.6, 3.43, 3.4, 4.0, 3.81, 3.6, 3.73, 3.8, 3.4, 3.16, 3.33, 3.44, 3.46, 2.98, 2.77, 3.03, 2.73, 1.39, 1.38, 1.72, 1.59, 1.52, 1.44, 1.39, 0, 1.57, 1.4, 1.71, 1.74, 1.84, 1.74, 2.14, 2.41, 2.46, 3.02, 4.59, 5.546, 5.52, 5.755, 5.976, 6.118, 4.678, 2.44, 1.56, 1.84, 1.65, 2.09, 2.18, 2.69, 2.58, 2.38, 2.99, 2.69, 2.56, 2.38, 2.36, 2.35, 3.32, 5.03, 5.17, 5.62, 5.93, 6.03, 5.66, 5.55, 5.21, 4.9, 5.35, 5.66, 5.43], [6.61, 6.44, 6.65, 8.42, 9.02, 7.12, 6.36, 6.09, 6.11, 5.87, 5.9, 6.96, 6.15, 4.04, 3.8, 4.22, 4.59, 4.64, 4.63, 5.27, 5.12, 4.79, 4.78, 4.57, 4.09, 3.85, 4.22, 4.39, 4.15, 3.77, 3.58, 4.06, 3.58, 1.8, 1.09, 1.13, 1.26, 1.23, 1.73, 2.36, 1.57, 0, 0.73, 1.14, 1.33, 1.17, 1.89, 2.41, 3.36, 3.63, 4.19, 5.84, 6.78, 6.79, 7.0, 7.198, 7.305, 5.911, 3.65, 1.85, 1.51, 2.16, 3.2, 3.19, 3.58, 3.29, 3.23, 3.82, 3.88, 3.65, 3.39, 3.21, 3.22, 4.47, 6.26, 6.44, 6.91, 7.16, 7.26, 6.91, 6.82, 6.42, 6.15, 6.62, 6.93, 6.72], [6.38, 6.25, 6.44, 8.21, 8.79, 6.93, 6.15, 5.88, 5.88, 5.66, 5.65, 6.73, 5.96, 3.89, 3.63, 4.03, 4.34, 4.41, 4.38, 5.08, 4.89, 4.54, 4.53, 4.3, 3.8, 3.6, 4.01, 4.12, 3.94, 3.54, 3.33, 3.81, 3.41, 1.57, 0.82, 1.18, 1.39, 1.36, 1.74, 2.23, 1.4, 0.73, 0, 0.71, 0.9, 0.8, 1.78, 2.3, 3.11, 3.36, 3.92, 5.65, 6.63, 6.62, 6.83, 7.033, 7.155, 5.715, 3.4, 1.9, 1.8, 2.41, 3.27, 3.34, 3.71, 3.36, 3.3, 3.99, 3.89, 3.76, 3.46, 3.36, 3.39, 4.52, 6.33, 6.47, 6.88, 7.19, 7.29, 6.92, 6.81, 6.47, 6.16, 6.61, 6.92, 6.69], [6.27, 6.08, 6.27, 8.06, 8.64, 6.76, 6.04, 5.77, 5.85, 5.59, 5.54, 6.66, 5.85, 3.76, 3.44, 3.88, 4.25, 4.3, 4.23, 4.91, 4.76, 4.41, 4.32, 4.11, 3.59, 3.47, 3.82, 4.03, 3.77, 3.41, 3.28, 3.64, 3.22, 1.4, 0.95, 1.45, 1.56, 1.51, 1.71, 2.38, 1.71, 1.14, 0.71, 0, 0.73, 0.73, 1.45, 1.99, 2.86, 3.21, 3.77, 5.48, 6.58, 6.67, 6.84, 7.05, 7.082, 5.7, 3.31, 1.99, 1.99, 2.52, 3.36, 3.55, 3.84, 3.43, 3.31, 4.1, 4.1, 3.93, 3.67, 3.53, 3.58, 4.65, 6.42, 6.48, 6.89, 7.3, 7.38, 7.03, 6.94, 6.62, 6.29, 6.76, 7.03, 6.84], [6.12, 5.95, 6.14, 7.91, 8.55, 6.71, 5.97, 5.7, 5.72, 5.5, 5.41, 6.51, 5.68, 3.61, 3.21, 3.61, 4.08, 4.138, 4.08, 4.74, 4.57, 4.24, 4.17, 3.84, 3.3, 3.18, 3.59, 3.78, 3.58, 3.22, 3.11, 3.49, 3.05, 1.35, 1.0, 1.54, 1.65, 1.54, 1.62, 2.23, 1.74, 1.33, 0.9, 0.73, 0, 0.7, 1.5, 2.02, 2.75, 3.12, 3.68, 5.39, 6.51, 6.6, 6.79, 6.96, 6.935, 5.57, 3.22, 2.12, 2.12, 2.53, 3.19, 3.42, 3.57, 3.28, 3.12, 3.91, 3.93, 3.76, 3.48, 3.2, 3.41, 4.46, 6.19, 6.33, 6.78, 7.13, 7.23, 6.86, 6.79, 6.45, 6.18, 6.59, 6.86, 6.65], [6.5, 6.33, 6.52, 8.29, 8.89, 7.01, 6.25, 6.0, 6.0, 5.8, 5.75, 6.85, 6.04, 3.93, 3.57, 3.95, 4.44, 4.51, 4.46, 5.12, 4.95, 4.62, 4.55, 4.2, 3.56, 3.5, 3.91, 4.1, 3.9, 3.56, 3.47, 3.83, 3.43, 1.57, 1.02, 1.56, 1.57, 1.48, 1.74, 2.33, 1.84, 1.17, 0.8, 0.73, 0.7, 0, 1.34, 1.82, 2.89, 3.42, 4.02, 5.71, 6.75, 6.78, 6.95, 7.173, 7.255, 5.835, 3.5, 2.12, 2.12, 2.33, 3.25, 3.4, 3.59, 3.22, 3.18, 3.95, 3.93, 3.8, 3.48, 3.22, 3.37, 4.56, 6.31, 6.47, 6.92, 7.23, 7.35, 6.98, 6.87, 6.51, 6.24, 6.67, 6.96, 6.75], [5.82, 5.59, 5.84, 7.727, 8.25, 6.37, 5.59, 5.34, 5.48, 5.2, 5.19, 6.335, 5.5, 3.37, 3.01, 3.47, 3.94, 3.99, 3.84, 4.5, 4.39, 4.06, 3.87, 3.44, 2.96, 2.82, 3.23, 3.44, 3.22, 2.92, 2.85, 3.31, 2.77, 1.29, 1.32, 2.08, 1.71, 1.46, 1.34, 2.03, 1.74, 1.89, 1.78, 1.45, 1.5, 1.34, 0, 1.18, 2.15, 2.78, 3.4, 5.11, 6.243, 6.22, 6.426, 6.693, 6.768, 5.348, 3.013, 2.06, 2.36, 2.13, 2.97, 3.26, 3.29, 2.78, 2.9, 3.73, 3.75, 3.52, 3.3, 3.12, 3.17, 4.2, 5.77, 5.93, 6.4, 6.81, 6.89, 6.64, 6.55, 6.25, 5.96, 6.39, 6.6, 6.43], [4.96, 4.75, 4.98, 6.898, 7.41, 5.55, 4.77, 4.54, 4.66, 4.38, 4.35, 5.515, 4.648, 2.65, 2.33, 2.71, 3.18, 3.29, 3.28, 3.74, 3.59, 3.26, 3.07, 2.7, 2.28, 2.28, 2.55, 2.7, 2.48, 2.18, 2.15, 2.51, 2.01, 1.43, 1.9, 2.64, 2.35, 2.1, 1.8, 2.17, 2.14, 2.41, 2.3, 1.99, 2.02, 1.82, 1.18, 0, 1.37, 2.02, 2.68, 4.23, 5.45, 5.36, 5.65, 5.913, 5.975, 4.555, 2.48, 2.64, 3.0, 2.29, 3.05, 3.12, 2.89, 2.32, 2.42, 3.19, 3.29, 3.08, 3.26, 3.08, 2.93, 3.64, 5.17, 5.27, 5.78, 6.17, 6.29, 6.08, 5.99, 5.67, 5.4, 5.81, 6.02, 5.85], [3.75, 3.58, 3.77, 5.62, 6.14, 4.36, 3.54, 3.31, 3.43, 3.17, 3.16, 4.26, 3.41, 1.98, 1.72, 1.94, 2.41, 2.62, 2.75, 2.85, 2.56, 2.23, 2.3, 2.15, 2.09, 1.81, 1.9, 2.07, 1.89, 1.71, 1.58, 1.64, 1.64, 2.04, 2.73, 3.47, 3.32, 3.01, 2.49, 2.28, 2.41, 3.36, 3.11, 2.86, 2.75, 2.89, 2.15, 1.37, 0, 0.99, 1.59, 3.04, 4.2, 4.21, 4.36, 4.61, 4.682, 3.46, 2.23, 3.11, 3.73, 2.84, 3.0, 3.23, 2.82, 2.39, 2.31, 2.72, 2.96, 2.93, 3.23, 3.17, 3.06, 2.93, 4.2, 4.22, 4.73, 5.18, 5.28, 5.17, 5.1, 4.74, 4.51, 4.9, 5.07, 4.92], [3.18, 2.99, 3.2, 5.03, 5.53, 3.81, 3.05, 2.82, 2.96, 2.88, 2.81, 3.669, 2.84, 2.03, 2.01, 2.17, 2.46, 2.75, 2.92, 2.82, 2.55, 2.22, 2.37, 2.42, 2.62, 2.34, 2.09, 2.18, 2.06, 1.94, 1.89, 1.87, 1.87, 2.15, 3.1, 3.76, 3.63, 3.42, 2.74, 2.41, 2.46, 3.63, 3.36, 3.21, 3.12, 3.42, 2.78, 2.02, 0.99, 0, 0.98, 2.37, 3.69, 3.8, 3.99, 4.1, 4.13, 3.17, 2.26, 3.34, 4.02, 2.83, 2.97, 3.18, 2.87, 2.576, 2.46, 2.55, 2.79, 2.82, 3.16, 3.22, 2.91, 2.66, 3.59, 3.61, 4.1, 4.57, 4.67, 4.5, 4.43, 4.07, 3.84, 4.23, 4.44, 4.27], [2.84, 2.69, 2.86, 4.43, 4.91, 3.31, 2.55, 2.3, 2.4, 2.38, 2.41, 3.07, 2.54, 2.21, 2.37, 2.47, 2.5, 2.77, 2.92, 2.86, 2.61, 2.3, 2.47, 2.78, 3.02, 2.78, 2.53, 2.68, 2.46, 2.36, 2.27, 2.09, 2.27, 2.79, 3.72, 4.26, 4.23, 4.0, 3.28, 2.61, 3.02, 4.19, 3.92, 3.77, 3.68, 4.02, 3.4, 2.68, 1.59, 0.98, 0, 1.91, 3.03, 3.24, 3.37, 3.46, 3.51, 2.73, 2.3, 3.56, 4.64, 3.23, 3.15, 3.28, 3.15, 3.064, 2.827, 2.83, 2.83, 2.88, 3.27, 3.45, 3.17, 2.3, 3.11, 3.11, 3.52, 3.97, 4.05, 3.92, 3.85, 3.53, 3.3, 3.65, 3.82, 3.67], [2.65, 2.5, 2.55, 3.04, 3.3, 2.26, 1.86, 1.81, 1.73, 1.83, 1.94, 2.06, 1.81, 2.72, 3.02, 2.9, 2.85, 2.94, 3.07, 2.73, 2.62, 2.53, 2.92, 3.61, 3.91, 3.69, 3.3, 3.31, 3.23, 3.21, 3.42, 2.94, 3.1, 4.38, 5.41, 5.776, 5.74, 5.69, 4.57, 3.66, 4.59, 5.84, 5.65, 5.48, 5.39, 5.71, 5.11, 4.23, 3.04, 2.37, 1.91, 0, 1.7, 2.37, 2.48, 2.37, 2.54, 2.16, 2.97, 5.21, 6.253, 4.48, 3.74, 4.03, 4.212, 4.656, 4.299, 3.849, 3.887, 3.937, 4.239, 4.373, 4.427, 2.905, 2.16, 1.94, 2.43, 2.86, 2.94, 3.09, 3.0, 2.72, 2.47, 2.66, 2.79, 2.7], [3.55, 3.58, 3.55, 3.8, 3.2, 2.26, 2.5, 2.41, 1.85, 1.99, 2.14, 1.92, 2.33, 3.68, 4.1, 3.8, 3.59, 3.58, 3.83, 3.59, 3.4, 3.43, 3.96, 4.75, 4.77, 4.61, 4.26, 4.21, 4.19, 4.21, 4.36, 3.96, 4.3, 5.64, 6.603, 6.9, 6.867, 6.843, 5.741, 4.639, 5.546, 6.78, 6.63, 6.58, 6.51, 6.75, 6.243, 5.45, 4.2, 3.69, 3.03, 1.7, 0, 1.07, 1.42, 1.61, 1.84, 1.62, 3.53, 5.961, 7.087, 5.374, 4.554, 4.767, 5.208, 5.774, 5.321, 4.746, 4.552, 4.568, 4.999, 5.144, 5.192, 3.693, 2.82, 2.74, 2.69, 2.78, 2.84, 3.13, 3.24, 3.16, 3.01, 2.82, 2.49, 2.42], [3.76, 3.81, 3.84, 4.49, 3.81, 2.37, 2.59, 2.54, 1.98, 2.02, 2.03, 2.25, 2.64, 3.87, 4.23, 3.93, 3.72, 3.65, 3.94, 3.62, 3.45, 3.5, 4.01, 4.84, 4.92, 4.68, 4.35, 4.3, 4.22, 4.28, 4.43, 3.99, 4.43, 5.71, 6.6, 6.879, 6.826, 6.796, 5.7, 4.63, 5.52, 6.79, 6.62, 6.67, 6.6, 6.78, 6.22, 5.36, 4.21, 3.8, 3.24, 2.37, 1.07, 0, 1.01, 1.74, 2.19, 1.77, 3.66, 5.882, 7.036, 5.318, 4.518, 4.693, 5.117, 5.707, 5.224, 4.71, 4.475, 4.554, 4.899, 5.056, 5.123, 3.8, 3.45, 3.37, 3.26, 3.41, 3.35, 3.72, 3.85, 3.77, 3.64, 3.39, 3.06, 3.05], [3.17, 3.26, 3.23, 3.88, 3.32, 1.92, 2.26, 2.35, 1.83, 2.05, 2.0, 1.72, 2.39, 3.9, 4.3, 3.96, 3.73, 3.72, 3.99, 3.55, 3.42, 3.49, 3.86, 4.75, 4.87, 4.71, 4.28, 4.11, 4.17, 4.33, 4.54, 4.14, 4.56, 5.94, 6.79, 7.089, 7.039, 7.029, 5.95, 4.84, 5.755, 7.0, 6.83, 6.84, 6.79, 6.95, 6.426, 5.65, 4.36, 3.99, 3.37, 2.48, 1.42, 1.01, 0, 1.15, 1.66, 1.74, 3.75, 6.135, 7.292, 5.568, 4.768, 4.946, 5.413, 5.977, 5.517, 4.894, 4.705, 4.789, 5.141, 5.312, 5.379, 4.11, 3.62, 3.5, 3.39, 3.62, 3.54, 3.95, 4.04, 3.92, 3.77, 3.46, 3.25, 3.32], [2.64, 2.63, 2.54, 2.97, 2.41, 1.45, 1.87, 1.98, 1.8, 2.1, 2.03, 1.55, 2.18, 3.93, 4.37, 4.03, 3.8, 3.81, 4.06, 3.62, 3.49, 3.56, 3.91, 4.82, 4.92, 4.74, 4.27, 4.06, 4.18, 4.36, 4.57, 4.17, 4.69, 6.11, 7.033, 7.336, 7.28, 7.27, 6.164, 5.023, 5.976, 7.198, 7.033, 7.05, 6.96, 7.173, 6.693, 5.913, 4.61, 4.1, 3.46, 2.37, 1.61, 1.74, 1.15, 0, 1.01, 1.83, 3.94, 6.403, 7.494, 5.798, 4.958, 5.188, 5.646, 6.19, 5.736, 5.081, 4.968, 4.975, 5.42, 5.532, 5.599, 4.2, 3.57, 3.25, 2.96, 3.19, 3.19, 3.62, 3.57, 3.45, 3.38, 3.05, 2.92, 3.15], [2.69, 2.58, 2.49, 2.92, 2.56, 1.7, 2.0, 2.11, 1.87, 2.17, 2.06, 1.46, 1.89, 3.78, 4.22, 3.82, 3.59, 3.62, 3.85, 3.39, 3.26, 3.35, 3.74, 4.57, 4.67, 4.59, 4.1, 3.85, 4.01, 4.23, 4.38, 3.98, 4.5, 6.121, 7.128, 7.434, 7.401, 7.391, 6.285, 5.145, 6.118, 7.305, 7.155, 7.082, 6.935, 7.255, 6.768, 5.975, 4.682, 4.13, 3.51, 2.54, 1.84, 2.19, 1.66, 1.01, 0, 1.76, 3.93, 6.481, 7.57, 5.856, 5.022, 5.269, 5.759, 6.317, 5.889, 5.177, 5.132, 5.119, 5.519, 5.653, 5.72, 4.41, 3.94, 3.62, 3.39, 3.6, 3.56, 3.93, 3.84, 3.74, 3.61, 3.18, 3.19, 3.4], [3.09, 3.16, 3.17, 4.0, 3.66, 1.98, 2.02, 1.89, 1.41, 1.43, 1.38, 1.78, 1.83, 2.5, 3.02, 2.8, 2.53, 2.34, 2.67, 2.53, 2.36, 2.41, 2.9, 3.61, 3.53, 3.45, 3.16, 3.19, 3.03, 2.99, 3.12, 2.7, 3.16, 4.705, 5.708, 6.014, 5.981, 5.971, 4.865, 3.725, 4.678, 5.911, 5.715, 5.7, 5.57, 5.835, 5.348, 4.555, 3.46, 3.17, 2.73, 2.16, 1.62, 1.77, 1.74, 1.83, 1.76, 0, 2.49, 5.036, 6.15, 4.451, 3.611, 3.864, 4.473, 5.106, 4.586, 4.0, 3.728, 3.782, 4.096, 4.278, 4.306, 3.41, 3.66, 3.48, 3.53, 3.78, 3.74, 4.13, 4.02, 3.9, 3.69, 3.42, 3.29, 3.4], [3.58, 3.63, 3.68, 5.21, 5.69, 3.77, 3.23, 2.9, 2.74, 2.48, 2.53, 3.47, 2.9, 1.85, 2.25, 2.25, 2.24, 1.67, 1.86, 2.4, 2.21, 2.2, 2.67, 3.28, 2.9, 2.68, 2.77, 2.84, 2.76, 2.48, 2.05, 1.93, 2.37, 2.51, 3.393, 3.72, 3.623, 3.613, 2.51, 1.63, 2.44, 3.65, 3.4, 3.31, 3.22, 3.5, 3.013, 2.48, 2.23, 2.26, 2.3, 2.97, 3.53, 3.66, 3.75, 3.94, 3.93, 2.49, 0, 2.7, 3.811, 2.11, 1.83, 2.02, 2.69, 3.28, 2.72, 2.77, 2.29, 2.24, 2.38, 2.48, 2.41, 2.84, 4.17, 4.21, 4.36, 4.63, 4.71, 4.72, 4.63, 4.35, 4.16, 4.41, 4.34, 4.33], [5.852, 5.75, 5.975, 7.707, 8.259, 6.296, 5.527, 5.292, 5.303, 5.006, 5.113, 6.087, 5.417, 3.37, 3.43, 3.57, 3.84, 3.844, 3.834, 4.6, 4.37, 4.06, 4.07, 4.28, 3.8, 3.5, 3.85, 3.92, 3.7, 3.44, 2.99, 3.21, 3.53, 1.93, 1.8, 1.84, 1.75, 1.66, 1.74, 1.71, 1.56, 1.85, 1.9, 1.99, 2.12, 2.12, 2.06, 2.64, 3.11, 3.34, 3.56, 5.21, 5.961, 5.882, 6.135, 6.403, 6.481, 5.036, 2.7, 0, 1.34, 1.37, 1.91, 2.26, 2.93, 2.78, 2.46, 2.91, 2.85, 2.56, 2.4, 2.38, 2.21, 3.1, 5.05, 5.21, 5.56, 5.77, 5.89, 5.68, 5.53, 5.27, 5.06, 5.35, 5.54, 5.35], [7.0, 6.827, 7.038, 8.822, 9.41, 7.441, 6.673, 6.431, 6.448, 6.16, 6.25, 7.244, 6.478, 4.413, 4.23, 4.55, 4.98, 4.984, 4.969, 5.657, 5.462, 5.14, 5.07, 4.96, 4.54, 4.24, 4.59, 4.68, 4.4, 4.12, 3.89, 4.21, 4.21, 2.51, 1.76, 1.66, 1.49, 1.42, 2.14, 2.724, 1.84, 1.51, 1.8, 1.99, 2.12, 2.12, 2.36, 3.0, 3.73, 4.02, 4.64, 6.253, 7.087, 7.036, 7.292, 7.494, 7.57, 6.15, 3.811, 1.34, 0, 1.83, 2.65, 2.6, 2.89, 2.68, 2.6, 3.13, 3.21, 2.98, 2.66, 2.48, 2.47, 3.78, 5.73, 5.99, 6.44, 6.75, 6.81, 6.46, 6.35, 6.03, 5.74, 6.295, 6.62, 6.39], [5.25, 5.06, 5.27, 7.06, 7.66, 5.697, 4.92, 4.69, 4.71, 4.41, 4.5, 5.5, 4.71, 2.84, 3.12, 3.18, 3.53, 3.32, 3.31, 3.91, 3.78, 3.53, 3.66, 4.09, 3.69, 3.41, 3.56, 3.63, 3.53, 3.25, 2.88, 2.82, 3.14, 2.16, 2.25, 2.39, 2.14, 2.13, 1.51, 1.52, 1.65, 2.16, 2.41, 2.52, 2.53, 2.33, 2.13, 2.29, 2.84, 2.83, 3.23, 4.48, 5.374, 5.318, 5.568, 5.798, 5.856, 4.451, 2.11, 1.37, 1.83, 0, 1.32, 1.71, 2.16, 2.37, 1.99, 2.18, 2.18, 1.91, 1.79, 1.75, 1.66, 2.63, 4.5, 4.68, 5.15, 5.4, 5.5, 5.21, 5.04, 4.7, 4.47, 4.84, 5.11, 4.9], [4.79, 4.68, 4.81, 6.28, 6.86, 4.897, 4.12, 4.01, 3.93, 3.63, 3.72, 4.7, 3.93, 2.84, 3.2, 3.18, 3.43, 3.08, 2.99, 3.33, 3.34, 3.39, 3.72, 4.25, 3.85, 3.61, 3.7, 3.77, 3.67, 3.43, 3.06, 2.96, 3.28, 2.7, 3.07, 3.15, 3.02, 3.01, 2.13, 1.48, 2.09, 3.2, 3.27, 3.36, 3.19, 3.25, 2.97, 3.05, 3.0, 2.97, 3.15, 3.74, 4.554, 4.518, 4.768, 4.958, 5.022, 3.611, 1.83, 1.91, 2.65, 1.32, 0, 1.13, 2.06, 2.75, 2.21, 1.92, 1.8, 1.63, 1.29, 1.31, 1.5, 2.11, 3.6, 3.82, 4.27, 4.5, 4.54, 4.29, 4.22, 3.88, 3.57, 3.88, 4.21, 3.98], [4.92, 4.81, 5.02, 6.47, 7.064, 5.09, 4.35, 4.22, 4.103, 3.86, 3.93, 4.93, 4.18, 3.11, 3.53, 3.47, 3.54, 3.17, 3.14, 3.62, 3.55, 3.5, 3.93, 4.54, 4.24, 3.94, 4.01, 4.1, 4.04, 3.7, 3.31, 3.23, 3.53, 2.99, 3.18, 3.06, 2.91, 2.94, 2.34, 1.77, 2.18, 3.19, 3.34, 3.55, 3.42, 3.4, 3.26, 3.12, 3.23, 3.18, 3.28, 4.03, 4.767, 4.693, 4.946, 5.188, 5.269, 3.864, 2.02, 2.26, 2.6, 1.71, 1.13, 0, 1.45, 2.0, 1.52, 1.49, 1.21, 1.04, 0.88, 1.06, 1.15, 1.98, 3.51, 3.65, 4.06, 4.33, 4.39, 4.08, 4.13, 3.89, 3.52, 4.01, 4.351, 4.11], [5.09, 4.92, 5.09, 6.826, 7.346, 5.426, 4.651, 4.53, 4.498, 4.279, 4.257, 5.44, 4.599, 3.2, 3.46, 3.44, 3.81, 3.58, 3.55, 3.81, 3.7, 3.53, 3.7, 4.19, 4.03, 3.71, 3.72, 3.91, 3.75, 3.47, 3.22, 3.12, 3.5, 3.16, 3.29, 3.15, 2.96, 3.01, 2.47, 2.38, 2.69, 3.58, 3.71, 3.84, 3.57, 3.59, 3.29, 2.89, 2.82, 2.87, 3.15, 4.212, 5.208, 5.117, 5.413, 5.646, 5.759, 4.473, 2.69, 2.93, 2.89, 2.16, 2.06, 1.45, 0, 1.03, 0.97, 1.34, 1.34, 1.31, 1.23, 1.19, 1.3, 1.93, 3.44, 3.82, 4.324, 4.736, 4.747, 4.398, 4.493, 4.179, 3.849, 4.436, 4.783, 4.559], [5.372, 5.211, 5.409, 7.313, 7.805, 5.935, 5.158, 4.966, 5.048, 4.799, 4.787, 5.895, 5.099, 3.61, 3.51, 3.65, 4.04, 4.03, 4.02, 4.36, 4.11, 3.8, 3.77, 3.86, 3.84, 3.54, 3.53, 3.76, 3.58, 3.36, 3.13, 3.23, 3.31, 2.79, 2.88, 2.94, 2.67, 2.48, 2.42, 2.67, 2.58, 3.29, 3.36, 3.43, 3.28, 3.22, 2.78, 2.32, 2.39, 2.576, 3.064, 4.656, 5.774, 5.707, 5.977, 6.19, 6.317, 5.106, 3.28, 2.78, 2.68, 2.37, 2.75, 2.0, 1.03, 0, 0.8, 1.73, 1.87, 1.76, 1.84, 1.78, 1.69, 2.36, 4.03, 4.29, 4.848, 5.297, 5.32, 4.95, 5.043, 4.666, 4.399, 5.0, 5.344, 5.097], [5.057, 4.873, 5.081, 6.862, 7.45, 5.504, 4.722, 4.477, 4.586, 4.417, 4.344, 5.479, 4.661, 3.09, 3.15, 3.19, 3.52, 3.43, 3.54, 3.88, 3.55, 3.3, 3.47, 3.88, 3.76, 3.44, 3.43, 3.68, 3.44, 3.16, 2.83, 2.69, 3.21, 2.85, 2.88, 2.9, 2.81, 2.72, 2.28, 2.23, 2.38, 3.23, 3.3, 3.31, 3.12, 3.18, 2.9, 2.42, 2.31, 2.46, 2.827, 4.299, 5.321, 5.224, 5.517, 5.736, 5.889, 4.586, 2.72, 2.46, 2.6, 1.99, 2.21, 1.52, 0.97, 0.8, 0, 1.29, 1.29, 1.26, 1.34, 1.38, 1.23, 1.94, 3.69, 3.91, 4.42, 4.895, 4.898, 4.499, 4.581, 4.246, 3.956, 4.575, 4.916, 4.652], [4.71, 4.54, 4.71, 6.412, 6.992, 5.069, 4.26, 4.062, 4.142, 3.91, 3.96, 4.86, 4.113, 2.9, 3.1, 2.88, 3.31, 3.52, 3.63, 3.69, 3.44, 3.19, 3.46, 4.05, 4.03, 3.65, 3.58, 3.67, 3.49, 3.29, 3.16, 2.9, 3.42, 3.5, 3.75, 3.65, 3.48, 3.53, 2.89, 2.48, 2.99, 3.82, 3.99, 4.1, 3.91, 3.95, 3.73, 3.19, 2.72, 2.55, 2.83, 3.849, 4.746, 4.71, 4.894, 5.081, 5.177, 4.0, 2.77, 2.91, 3.13, 2.18, 1.92, 1.49, 1.34, 1.73, 1.29, 0, 0.98, 1.05, 1.17, 1.37, 1.36, 1.73, 3.1, 3.4, 3.89, 4.252, 4.337, 3.95, 3.94, 3.58, 3.33, 3.888, 4.233, 4.017], [4.55, 4.473, 4.646, 6.306, 6.853, 4.835, 4.115, 3.853, 3.85, 3.69, 3.74, 4.686, 4.056, 2.96, 3.34, 3.28, 3.21, 2.96, 3.23, 3.37, 3.18, 3.13, 3.68, 4.33, 4.15, 3.81, 3.8, 3.87, 3.79, 3.51, 3.2, 2.98, 3.42, 3.48, 3.75, 3.71, 3.58, 3.59, 2.89, 2.2, 2.69, 3.88, 3.89, 4.1, 3.93, 3.93, 3.75, 3.29, 2.96, 2.79, 2.83, 3.887, 4.552, 4.475, 4.705, 4.968, 5.132, 3.728, 2.29, 2.85, 3.21, 2.18, 1.8, 1.21, 1.34, 1.87, 1.29, 0.98, 0, 0.77, 0.95, 1.23, 1.28, 1.83, 3.16, 3.32, 3.73, 4.08, 4.1, 3.75, 3.78, 3.5, 3.25, 3.8, 4.13, 3.88], [4.696, 4.606, 4.779, 6.439, 6.943, 4.954, 4.226, 3.994, 3.986, 3.797, 3.85, 4.796, 4.169, 3.03, 3.39, 3.31, 3.38, 3.07, 3.26, 3.46, 3.39, 3.22, 3.71, 4.4, 4.18, 3.88, 3.85, 3.96, 3.84, 3.54, 3.13, 2.99, 3.31, 3.21, 3.58, 3.56, 3.41, 3.4, 2.72, 2.09, 2.56, 3.65, 3.76, 3.93, 3.76, 3.8, 3.52, 3.08, 2.93, 2.82, 2.88, 3.937, 4.568, 4.554, 4.789, 4.975, 5.119, 3.782, 2.24, 2.56, 2.98, 1.91, 1.63, 1.04, 1.31, 1.76, 1.26, 1.05, 0.77, 0, 0.74, 0.9, 0.87, 1.52, 3.19, 3.43, 3.84, 4.122, 4.162, 3.9, 3.85, 3.53, 3.32, 3.89, 4.212, 4.01], [5.096, 5.006, 5.159, 6.771, 7.32, 5.319, 4.568, 4.394, 4.346, 4.137, 4.185, 5.159, 4.506, 3.25, 3.57, 3.49, 3.7, 3.33, 3.32, 3.8, 3.71, 3.58, 3.91, 4.6, 4.24, 3.98, 4.03, 4.14, 4.06, 3.76, 3.31, 3.17, 3.63, 3.09, 3.28, 3.24, 3.07, 3.1, 2.44, 1.99, 2.38, 3.39, 3.46, 3.67, 3.48, 3.48, 3.3, 3.26, 3.23, 3.16, 3.27, 4.239, 4.999, 4.899, 5.141, 5.42, 5.519, 4.096, 2.38, 2.4, 2.66, 1.79, 1.29, 0.88, 1.23, 1.84, 1.34, 1.17, 0.95, 0.74, 0, 0.66, 0.87, 1.74, 3.47, 3.75, 4.16, 4.522, 4.584, 4.24, 4.242, 3.93, 3.68, 4.204, 4.512, 4.262], [5.28, 5.143, 5.256, 6.93, 7.454, 5.502, 4.753, 4.592, 4.557, 4.277, 4.339, 5.353, 4.643, 3.37, 3.59, 3.51, 3.88, 3.45, 3.48, 3.86, 3.79, 3.76, 4.05, 4.58, 4.24, 3.98, 4.05, 4.22, 4.12, 3.82, 3.45, 3.33, 3.73, 2.95, 3.12, 3.02, 2.85, 2.86, 2.2, 2.03, 2.36, 3.21, 3.36, 3.53, 3.2, 3.22, 3.12, 3.08, 3.17, 3.22, 3.45, 4.373, 5.144, 5.056, 5.312, 5.532, 5.653, 4.278, 2.48, 2.38, 2.48, 1.75, 1.31, 1.06, 1.19, 1.78, 1.38, 1.37, 1.23, 0.9, 0.66, 0, 0.89, 1.88, 3.61, 3.97, 4.46, 4.71, 4.747, 4.44, 4.381, 4.07, 3.785, 4.361, 4.717, 4.49], [5.23, 5.06, 5.23, 6.972, 7.521, 5.549, 4.83, 4.619, 4.579, 4.336, 4.4, 5.392, 4.67, 3.18, 3.6, 3.52, 3.85, 3.54, 3.51, 3.97, 3.86, 3.67, 3.9, 4.43, 4.07, 3.83, 3.88, 3.95, 3.85, 3.61, 3.16, 3.1, 3.5, 2.96, 3.23, 3.15, 3.02, 2.95, 2.45, 2.1, 2.35, 3.22, 3.39, 3.58, 3.41, 3.37, 3.17, 2.93, 3.06, 2.91, 3.17, 4.427, 5.192, 5.123, 5.379, 5.599, 5.72, 4.306, 2.41, 2.21, 2.47, 1.66, 1.5, 1.15, 1.3, 1.69, 1.23, 1.36, 1.28, 0.87, 0.87, 0.89, 0, 1.65, 3.64, 3.98, 4.45, 4.746, 4.82, 4.53, 4.471, 4.14, 3.895, 4.431, 4.727, 4.52], [4.28, 4.19, 4.34, 5.49, 5.979, 4.17, 3.61, 3.48, 3.24, 3.12, 3.39, 3.93, 3.7, 3.29, 3.65, 3.49, 3.76, 3.63, 3.68, 3.8, 3.59, 3.38, 3.85, 4.6, 4.42, 4.08, 4.05, 4.12, 3.92, 3.76, 3.31, 3.13, 3.71, 3.79, 4.32, 4.38, 4.27, 4.24, 3.42, 2.73, 3.32, 4.47, 4.52, 4.65, 4.46, 4.56, 4.2, 3.64, 2.93, 2.66, 2.3, 2.905, 3.693, 3.8, 4.11, 4.2, 4.41, 3.41, 2.84, 3.1, 3.78, 2.63, 2.11, 1.98, 1.93, 2.36, 1.94, 1.73, 1.83, 1.52, 1.74, 1.88, 1.65, 0, 2.15, 2.47, 2.9, 3.19, 3.27, 3.1, 3.11, 2.83, 2.56, 3.05, 3.28, 3.11], [4.43, 4.22, 4.33, 4.58, 4.56, 3.82, 3.46, 3.51, 3.35, 3.39, 3.66, 3.78, 3.53, 4.16, 4.54, 4.42, 4.41, 4.64, 4.67, 4.39, 4.24, 4.13, 4.5, 5.19, 5.31, 5.03, 4.74, 4.75, 4.63, 4.59, 4.72, 4.26, 4.6, 5.36, 5.97, 5.97, 5.84, 5.83, 5.03, 4.24, 5.03, 6.26, 6.33, 6.42, 6.19, 6.31, 5.77, 5.17, 4.2, 3.59, 3.11, 2.16, 2.82, 3.45, 3.62, 3.57, 3.94, 3.66, 4.17, 5.05, 5.73, 4.5, 3.6, 3.51, 3.44, 4.03, 3.69, 3.1, 3.16, 3.19, 3.47, 3.61, 3.64, 2.15, 0, 0.88, 1.21, 1.52, 1.62, 1.57, 1.8, 1.54, 1.41, 1.72, 1.85, 1.74], [4.07, 3.86, 3.91, 4.2, 4.16, 3.26, 2.96, 3.03, 3.13, 3.33, 3.52, 3.56, 3.35, 4.28, 4.62, 4.5, 4.35, 4.52, 4.59, 4.35, 4.2, 4.03, 4.42, 5.19, 5.47, 5.25, 4.82, 4.79, 4.73, 4.77, 4.86, 4.34, 4.66, 5.48, 6.11, 6.17, 6.04, 6.01, 5.19, 4.38, 5.17, 6.44, 6.47, 6.48, 6.33, 6.47, 5.93, 5.27, 4.22, 3.61, 3.11, 1.94, 2.74, 3.37, 3.5, 3.25, 3.62, 3.48, 4.21, 5.21, 5.99, 4.68, 3.82, 3.65, 3.82, 4.29, 3.91, 3.4, 3.32, 3.43, 3.75, 3.97, 3.98, 2.47, 0.88, 0, 0.91, 1.46, 1.5, 1.61, 1.72, 1.54, 1.37, 1.72, 1.71, 1.64], [4.1, 3.97, 3.94, 3.99, 3.83, 3.03, 2.87, 3.02, 3.2, 3.5, 3.67, 3.57, 3.66, 4.73, 5.05, 4.89, 4.66, 4.71, 4.92, 4.82, 4.63, 4.46, 4.93, 5.7, 5.92, 5.68, 5.29, 5.2, 5.18, 5.22, 5.29, 4.71, 5.15, 5.99, 6.66, 6.7, 6.57, 6.58, 5.7, 4.83, 5.62, 6.91, 6.88, 6.89, 6.78, 6.92, 6.4, 5.78, 4.73, 4.1, 3.52, 2.43, 2.69, 3.26, 3.39, 2.96, 3.39, 3.53, 4.36, 5.56, 6.44, 5.15, 4.27, 4.06, 4.324, 4.848, 4.42, 3.89, 3.73, 3.84, 4.16, 4.46, 4.45, 2.9, 1.21, 0.91, 0, 0.93, 1.03, 1.34, 1.61, 1.47, 1.48, 1.49, 1.38, 1.51], [4.53, 4.44, 4.35, 4.14, 3.86, 3.48, 3.3, 3.45, 3.57, 3.87, 4.14, 3.94, 4.01, 5.12, 5.52, 5.32, 5.11, 5.12, 5.35, 5.23, 5.02, 4.93, 5.42, 6.19, 6.29, 6.07, 5.66, 5.59, 5.57, 5.61, 5.68, 5.12, 5.64, 6.4, 7.01, 7.09, 6.96, 6.93, 6.07, 5.1, 5.93, 7.16, 7.19, 7.3,