[[0, 0.66, 0.71, 1.38, 1.95, 2.2, 2.53, 3.548, 6.666, 8.687, 9.847, 10.123, 9.443, 8.936, 8.777, 8.432, 7.969, 7.801, 8.486, 9.056, 8.915, 8.716, 8.691, 9.234, 9.132, 8.18, 8.18, 8.423, 9.018, 9.011, 7.63, 6.497, 6.247, 6.03, 5.617, 4.767, 4.24, 3.957, 3.73, 3.36, 2.32, 2.43, 1.78, 2.59, 2.89, 2.56, 2.43, 3.02, 3.32, 3.93, 4.68, 4.9, 5.77, 6.562, 6.905, 7.17, 7.48, 7.36, 6.77, 5.15, 4.99, 6.163, 6.796, 7.652, 8.053, 7.796, 7.489, 7.376, 7.706, 7.83, 7.877, 7.606, 7.982, 8.191, 6.851, 4.965, 4.16, 3.981, 3.955, 4.57, 4.97, 4.8, 4.24, 3.49, 2.84, 2.43], [0.66, 0, 0.33, 1.06, 1.55, 1.82, 2.11, 3.13, 6.252, 8.275, 9.421, 9.695, 9.017, 8.507, 8.337, 7.989, 7.65, 7.421, 8.078, 8.622, 8.483, 8.258, 8.28, 8.808, 8.712, 7.72, 7.72, 8.015, 8.613, 8.586, 7.205, 6.074, 5.824, 5.61, 5.194, 4.344, 3.814, 3.534, 3.29, 2.92, 1.86, 2.05, 1.9, 2.99, 3.37, 2.94, 2.73, 3.42, 3.72, 4.37, 5.12, 5.34, 6.21, 7.005, 7.348, 7.6, 7.89, 7.84, 7.25, 5.69, 5.51, 6.61, 7.248, 8.083, 8.485, 8.208, 7.901, 7.825, 8.129, 8.262, 8.291, 8.044, 8.405, 8.63, 7.248, 5.421, 4.64, 4.47, 4.43, 5.03, 5.45, 5.32, 4.74, 3.95, 3.22, 2.89], [0.71, 0.33, 0, 0.91, 1.4, 1.69, 1.98, 3.038, 6.156, 8.162, 9.326, 9.602, 8.924, 8.414, 8.224, 7.879, 7.54, 7.254, 7.948, 8.472, 8.333, 8.125, 8.17, 8.715, 8.617, 7.61, 7.63, 7.904, 8.499, 8.49, 7.112, 5.979, 5.729, 5.52, 5.102, 4.252, 3.722, 3.442, 3.2, 2.81, 1.77, 2.0, 1.85, 3.18, 3.5, 3.07, 2.76, 3.51, 3.81, 4.44, 5.17, 5.39, 6.28, 7.095, 7.438, 7.69, 8.02, 7.95, 7.42, 5.86, 5.68, 6.72, 7.338, 8.173, 8.575, 8.311, 8.002, 7.939, 8.219, 8.352, 8.39, 8.169, 8.515, 8.726, 7.376, 5.554, 4.81, 4.58, 4.54, 5.16, 5.58, 5.43, 4.87, 4.12, 3.39, 3.08], [1.38, 1.06, 0.91, 0, 0.65, 0.98, 1.27, 2.43, 5.526, 7.517, 8.664, 8.94, 8.28, 7.779, 7.52, 7.168, 7.19, 6.93, 7.467, 7.96, 7.747, 7.534, 7.517, 8.059, 7.949, 6.98, 7.04, 7.26, 7.838, 7.828, 6.45, 5.317, 5.067, 4.864, 4.437, 3.607, 3.08, 2.82, 2.57, 2.1, 1.24, 1.55, 1.9, 3.57, 4.01, 3.66, 3.43, 4.02, 4.397, 5.122, 5.82, 6.008, 6.901, 7.765, 8.072, 8.357, 8.67, 8.58, 8.07, 6.41, 6.288, 7.398, 7.986, 8.856, 9.242, 8.968, 8.69, 8.617, 8.892, 9.034, 9.081, 8.825, 9.128, 9.36, 8.019, 6.136, 5.24, 5.185, 5.144, 5.71, 6.128, 5.96, 5.34, 4.55, 3.88, 3.47], [1.95, 1.55, 1.4, 0.65, 0, 0.61, 0.88, 1.84, 4.947, 6.951, 8.08, 8.344, 7.684, 7.189, 6.939, 6.63, 6.88, 6.683, 7.197, 7.61, 7.297, 7.004, 6.93, 7.463, 7.362, 6.39, 6.45, 6.688, 7.282, 7.244, 5.854, 4.741, 4.491, 4.28, 3.841, 3.011, 2.51, 2.27, 2.02, 1.61, 0.97, 1.4, 2.19, 3.96, 4.52, 4.27, 4.04, 4.63, 4.987, 5.712, 6.373, 6.51, 7.431, 8.333, 8.642, 8.9, 9.2, 9.17, 8.58, 6.92, 6.798, 7.999, 8.569, 9.431, 9.829, 9.578, 9.305, 9.221, 9.519, 9.658, 9.684, 9.434, 9.749, 9.915, 8.604, 6.611, 5.728, 5.733, 5.71, 6.26, 6.737, 6.55, 5.93, 5.04, 4.33, 3.94], [2.2, 1.82, 1.69, 0.98, 0.61, 0, 0.43, 1.55, 4.646, 6.643, 7.804, 8.08, 7.4, 6.916, 6.657, 6.4, 6.45, 6.21, 6.747, 7.16, 6.947, 6.674, 6.654, 7.196, 7.086, 6.1, 6.16, 6.38, 6.978, 6.968, 5.59, 4.457, 4.207, 4.004, 3.577, 2.727, 2.32, 2.18, 1.97, 1.62, 1.24, 1.81, 2.66, 4.35, 4.77, 4.5, 4.29, 4.9, 5.237, 5.942, 6.603, 6.788, 7.741, 8.585, 8.912, 9.188, 9.49, 9.4, 8.89, 7.23, 7.108, 8.229, 8.845, 9.713, 10.099, 9.825, 9.547, 9.451, 9.749, 9.888, 9.926, 9.664, 10.003, 10.211, 8.855, 6.941, 6.08, 6.004, 5.982, 6.53, 6.968, 6.8, 6.18, 5.29, 4.66, 4.29], [2.53, 2.11, 1.98, 1.27, 0.88, 0.43, 0, 1.28, 4.381, 6.364, 7.514, 7.787, 7.127, 6.629, 6.367, 6.11, 6.16, 5.94, 6.457, 6.91, 6.697, 6.393, 6.364, 6.906, 6.799, 5.83, 5.89, 6.107, 6.685, 6.681, 5.297, 4.164, 3.914, 3.731, 3.301, 2.52, 2.21, 2.09, 1.96, 1.73, 1.53, 2.04, 2.95, 4.7, 5.1, 4.83, 4.6, 5.17, 5.51, 6.215, 6.908, 7.058, 8.011, 8.913, 9.202, 9.487, 9.78, 9.725, 9.18, 7.547, 7.404, 8.545, 9.132, 9.994, 10.392, 10.12, 9.86, 9.784, 10.062, 10.201, 10.235, 9.98, 10.298, 10.486, 9.17, 7.234, 6.337, 6.317, 6.278, 6.819, 7.281, 7.097, 6.517, 5.62, 4.95, 4.6], [3.548, 3.13, 3.038, 2.43, 1.84, 1.55, 1.28, 0, 3.16, 5.18, 6.319, 6.59, 5.91, 5.403, 5.247, 5.15, 5.54, 5.546, 6.046, 6.37, 5.777, 5.24, 5.178, 5.704, 5.61, 4.65, 4.65, 4.908, 5.508, 5.484, 4.1, 2.97, 2.72, 2.52, 2.23, 1.76, 1.91, 1.95, 1.88, 1.99, 2.05, 2.56, 3.63, 5.42, 6.06, 5.939, 5.672, 6.33, 6.69, 7.346, 8.078, 8.29, 9.211, 10.095, 10.418, 10.677, 10.917, 10.82, 10.18, 8.424, 8.338, 9.65, 10.321, 11.188, 11.589, 11.32, 11.003, 10.895, 11.242, 11.355, 11.396, 11.128, 11.507, 11.718, 10.327, 8.334, 7.534, 7.443, 7.399, 7.952, 8.424, 8.253, 7.636, 6.753, 6.029, 5.56], [6.666, 6.252, 6.156, 5.526, 4.947, 4.646, 4.381, 3.16, 0, 2.08, 3.213, 3.487, 2.85, 2.34, 2.22, 2.93, 3.68, 3.86, 4.226, 4.553, 3.86, 2.76, 2.2, 2.62, 2.59, 1.97, 1.95, 1.97, 2.45, 2.52, 2.32, 2.63, 2.48, 2.58, 3.11, 3.4, 3.65, 3.71, 3.74, 3.97, 4.67, 4.66, 5.93, 8.233, 9.184, 9.054, 8.769, 9.383, 9.788, 10.444, 11.176, 11.414, 12.344, 13.207, 13.519, 13.79, 14.054, 13.928, 13.27, 11.384, 11.353, 12.782, 13.459, 14.318, 14.713, 14.439, 14.124, 14.027, 14.349, 14.493, 14.514, 14.251, 14.636, 14.837, 13.467, 11.433, 10.638, 10.558, 10.491, 11.02, 11.535, 11.359, 10.734, 9.827, 9.12, 8.59], [8.687, 8.275, 8.162, 7.517, 6.951, 6.643, 6.364, 5.18, 2.08, 0, 1.35, 1.65, 1.17, 1.28, 0.86, 1.91, 2.88, 3.18, 3.28, 3.49, 2.82, 1.68, 1.0, 1.2, 1.75, 2.09, 2.29, 2.25, 2.41, 2.48, 2.8, 3.37, 3.34, 3.4, 4.15, 4.46, 4.91, 5.09, 5.22, 5.731, 6.67, 6.52, 7.9, 10.253, 11.19, 11.052, 10.771, 11.379, 11.806, 12.459, 13.215, 13.403, 14.347, 15.217, 15.523, 15.822, 16.073, 15.945, 15.25, 13.366, 13.353, 14.801, 15.477, 16.33, 16.714, 16.447, 16.135, 16.045, 16.358, 16.508, 16.529, 16.273, 16.642, 16.819, 15.498, 13.458, 12.653, 12.588, 12.525, 13.06, 13.563, 13.387, 12.758, 11.867, 11.146, 10.624], [9.847, 9.421, 9.326, 8.664, 8.08, 7.804, 7.514, 6.319, 3.213, 1.35, 0, 0.6, 0.72, 1.21, 1.29, 2.44, 3.63, 3.93, 3.97, 3.84, 3.33, 2.09, 1.47, 1.15, 1.52, 2.2, 2.24, 2.16, 2.18, 2.09, 2.63, 3.56, 3.81, 3.95, 4.54, 5.25, 5.76, 6.027, 6.24, 6.794, 7.784, 7.619, 8.963, 11.385, 12.363, 12.23, 11.963, 12.556, 12.973, 13.629, 14.355, 14.569, 15.487, 16.374, 16.698, 16.971, 17.21, 17.104, 16.364, 14.445, 14.501, 15.958, 16.64, 17.499, 17.894, 17.614, 17.3, 17.212, 17.533, 17.672, 17.696, 17.441, 17.792, 17.986, 16.637, 14.566, 13.744, 13.733, 13.673, 14.196, 14.703, 14.521, 13.907, 12.98, 12.235, 11.747], [10.123, 9.695, 9.602, 8.94, 8.344, 8.08, 7.787, 6.59, 3.487, 1.65, 0.6, 0, 0.82, 1.29, 1.47, 2.66, 3.85, 4.19, 4.13, 3.94, 3.51, 2.23, 1.63, 1.37, 1.64, 2.4, 2.44, 2.3, 2.28, 2.25, 2.73, 3.82, 4.05, 4.19, 4.76, 5.47, 5.96, 6.24, 6.457, 7.027, 8.001, 7.856, 9.217, 11.636, 12.631, 12.512, 12.245, 12.832, 13.255, 13.894, 14.606, 14.831, 15.764, 16.657, 16.977, 17.244, 17.46, 17.358, 16.631, 14.677, 14.739, 16.208, 16.903, 17.775, 18.173, 17.887, 17.564, 17.48, 17.812, 17.934, 17.957, 17.693, 18.059, 18.244, 16.908, 14.818, 14.003, 13.984, 13.924, 14.447, 14.954, 14.781, 14.158, 13.233, 12.505, 12.002], [9.443, 9.017, 8.924, 8.28, 7.684, 7.4, 7.127, 5.91, 2.85, 1.17, 0.72, 0.82, 0, 0.75, 0.97, 2.62, 3.81, 4.11, 4.17, 4.06, 3.53, 2.23, 1.39, 0.91, 1.16, 1.78, 1.9, 1.92, 2.04, 2.01, 2.45, 3.2, 3.43, 3.55, 4.26, 4.83, 5.34, 5.58, 5.79, 6.347, 7.321, 7.205, 8.54, 10.956, 11.951, 11.832, 11.565, 12.152, 12.575, 13.214, 13.935, 14.157, 15.092, 15.985, 16.297, 16.564, 16.795, 16.681, 15.951, 13.997, 14.062, 15.534, 16.228, 17.095, 17.493, 17.207, 16.887, 16.8, 17.132, 17.26, 17.283, 17.015, 17.397, 17.573, 16.229, 14.138, 13.343, 13.313, 13.253, 13.779, 14.288, 14.113, 13.49, 12.573, 11.843, 11.342], [8.936, 8.507, 8.414, 7.779, 7.189, 6.916, 6.629, 5.403, 2.34, 1.28, 1.21, 1.29, 0.75, 0, 0.98, 2.85, 4.08, 4.38, 4.42, 4.33, 3.82, 2.46, 1.42, 0.92, 0.81, 1.33, 1.49, 1.61, 1.75, 1.72, 2.16, 2.83, 3.14, 3.2, 3.91, 4.42, 4.91, 5.11, 5.267, 5.837, 6.811, 6.695, 8.03, 10.466, 11.449, 11.337, 11.057, 11.665, 12.07, 12.713, 13.437, 13.676, 14.582, 15.475, 15.804, 16.063, 16.285, 16.188, 15.461, 13.527, 13.592, 15.038, 15.721, 16.588, 16.989, 16.709, 16.388, 16.295, 16.634, 16.755, 16.779, 16.511, 16.887, 17.101, 15.719, 13.668, 12.873, 12.818, 12.743, 13.269, 13.778, 13.603, 12.986, 12.07, 11.333, 10.833], [8.777, 8.337, 8.224, 7.52, 6.939, 6.657, 6.367, 5.247, 2.22, 0.86, 1.29, 1.47, 0.97, 0.98, 0, 1.95, 3.28, 3.46, 3.5, 3.49, 2.92, 1.68, 0.92, 1.08, 1.61, 1.97, 2.31, 2.33, 2.45, 2.44, 2.76, 3.47, 3.52, 3.66, 4.23, 4.52, 5.01, 5.17, 5.24, 5.65, 6.613, 6.52, 7.83, 10.219, 11.267, 11.094, 10.858, 11.403, 11.826, 12.482, 13.2, 13.42, 14.346, 15.225, 15.559, 15.827, 16.054, 15.954, 15.308, 13.379, 13.445, 14.808, 15.491, 16.355, 16.75, 16.459, 16.161, 16.045, 16.38, 16.514, 16.54, 16.278, 16.639, 16.848, 15.485, 13.442, 12.63, 12.607, 12.523, 13.047, 13.548, 13.366, 12.752, 11.819, 11.083, 10.602], [8.432, 7.989, 7.879, 7.168, 6.63, 6.4, 6.11, 5.15, 2.93, 1.91, 2.44, 2.66, 2.62, 2.85, 1.95, 0, 1.37, 1.63, 1.69, 1.897, 1.41, 1.13, 1.91, 2.75, 3.36, 3.62, 3.94, 3.94, 3.94, 3.95, 4.27, 4.96, 4.89, 5.01, 5.52, 5.85, 6.26, 6.38, 6.31, 6.4, 6.7, 7.19, 8.24, 10.181, 11.015, 10.732, 10.539, 11.128, 11.416, 12.044, 12.746, 12.981, 13.881, 14.755, 15.088, 15.364, 15.603, 15.503, 14.866, 13.003, 13.019, 14.366, 15.053, 15.89, 16.276, 15.998, 15.701, 15.587, 15.909, 16.056, 16.08, 15.835, 16.181, 16.39, 15.028, 13.009, 12.223, 12.185, 12.15, 12.77, 13.169, 13.046, 12.414, 11.556, 10.888, 10.418], [7.969, 7.65, 7.54, 7.19, 6.88, 6.45, 6.16, 5.54, 3.68, 2.88, 3.63, 3.85, 3.81, 4.08, 3.28, 1.37, 0, 0.82, 1.1, 1.55, 1.46, 1.8, 3.08, 3.96, 4.51, 4.75, 5.01, 4.99, 5.05, 5.16, 5.4, 5.99, 5.84, 5.94, 6.49, 6.76, 7.13, 7.19, 7.18, 7.39, 7.47, 8.02, 8.97, 10.37, 10.672, 10.268, 9.987, 10.665, 11.018, 11.517, 12.281, 12.498, 13.397, 14.19, 14.475, 14.775, 15.08, 14.966, 14.376, 12.881, 12.658, 13.906, 14.453, 15.336, 15.694, 15.414, 15.085, 15.038, 15.312, 15.441, 15.455, 15.266, 15.65, 15.855, 14.537, 12.583, 11.936, 11.755, 11.735, 12.403, 12.794, 12.66, 12.131, 11.344, 10.71, 10.293], [7.801, 7.421, 7.254, 6.93, 6.683, 6.21, 5.94, 5.546, 3.86, 3.18, 3.93, 4.19, 4.11, 4.38, 3.46, 1.63, 0.82, 0, 1.0, 1.77, 1.74, 2.18, 3.4, 4.28, 4.83, 4.99, 5.31, 5.31, 5.35, 5.44, 5.64, 6.21, 6.02, 6.16, 6.647, 6.915, 7.262, 7.322, 7.269, 7.336, 7.313, 7.923, 8.784, 10.193, 10.481, 9.857, 9.627, 10.174, 10.437, 11.053, 11.8, 11.99, 12.889, 13.753, 14.027, 14.342, 14.721, 14.681, 14.22, 12.7, 12.508, 13.496, 13.967, 14.764, 15.155, 14.913, 14.641, 14.584, 14.836, 14.977, 15.008, 14.809, 15.086, 15.324, 14.042, 12.262, 11.532, 11.262, 11.281, 11.995, 12.312, 12.294, 11.645, 11.067, 10.378, 10.09], [8.486, 8.078, 7.948, 7.467, 7.197, 6.747, 6.457, 6.046, 4.226, 3.28, 3.97, 4.13, 4.17, 4.42, 3.5, 1.69, 1.1, 1.0, 0, 1.13, 1.18, 1.98, 3.42, 4.3, 4.85, 5.01, 5.35, 5.47, 5.47, 5.6, 5.96, 6.55, 6.457, 6.517, 7.125, 7.395, 7.742, 7.819, 7.769, 7.816, 7.787, 8.423, 9.324, 10.853, 11.101, 10.437, 10.267, 10.834, 11.046, 11.677, 12.443, 12.662, 13.548, 14.375, 14.728, 15.139, 15.56, 15.584, 15.106, 13.532, 13.386, 14.376, 14.684, 15.456, 15.824, 15.56, 15.33, 15.258, 15.518, 15.671, 15.82, 15.523, 15.758, 16.0, 14.83, 13.144, 12.312, 11.94, 11.898, 12.51, 12.966, 12.794, 12.257, 11.547, 10.818, 10.75], [9.056, 8.622, 8.472, 7.96, 7.61, 7.16, 6.91, 6.37, 4.553, 3.49, 3.84, 3.94, 4.06, 4.33, 3.49, 1.897, 1.55, 1.77, 1.13, 0, 0.87, 1.99, 3.31, 4.17, 4.74, 5.04, 5.5, 5.6, 5.52, 5.65, 6.11, 6.717, 6.647, 6.727, 7.355, 7.662, 8.012, 8.109, 8.059, 8.186, 8.14, 8.773, 9.674, 11.283, 11.608, 11.304, 11.077, 11.671, 11.978, 12.595, 13.321, 13.515, 14.449, 15.291, 15.629, 15.88, 16.262, 16.19, 15.712, 14.113, 13.962, 15.013, 15.58, 16.396, 16.775, 16.508, 16.213, 16.137, 16.418, 16.554, 16.624, 16.385, 16.728, 16.92, 15.601, 13.804, 12.989, 12.745, 12.765, 13.325, 13.75, 13.618, 12.995, 12.154, 11.458, 11.2], [8.915, 8.483, 8.333, 7.747, 7.297, 6.947, 6.697, 5.777, 3.86, 2.82, 3.33, 3.51, 3.53, 3.82, 2.92, 1.41, 1.46, 1.74, 1.18, 0.87, 0, 1.4, 2.84, 3.7, 4.27, 4.49, 4.91, 4.99, 4.93, 5.06, 5.5, 6.09, 6.02, 6.08, 6.71, 7.0, 7.35, 7.41, 7.36, 7.49, 7.447, 8.08, 9.098, 10.854, 11.422, 11.163, 10.933, 11.546, 11.857, 12.446, 13.183, 13.433, 14.316, 15.194, 15.534, 15.856, 16.214, 16.109, 15.606, 13.857, 13.783, 14.955, 15.513, 16.311, 16.683, 16.407, 16.106, 16.044, 16.345, 16.49, 16.585, 16.286, 16.59, 16.842, 15.511, 13.688, 12.893, 12.628, 12.542, 13.079, 13.551, 13.387, 12.859, 11.979, 11.334, 10.971], [8.716, 8.258, 8.125, 7.534, 7.004, 6.674, 6.393, 5.24, 2.76, 1.68, 2.09, 2.23, 2.23, 2.46, 1.68, 1.13, 1.8, 2.18, 1.98, 1.99, 1.4, 0, 1.5, 2.34, 2.89, 3.15, 3.55, 3.63, 3.61, 3.78, 4.16, 4.75, 4.68, 4.74, 5.39, 5.68, 6.03, 6.13, 6.08, 6.37, 6.83, 7.06, 8.33, 10.379, 11.209, 11.043, 10.739, 11.392, 11.786, 12.442, 13.199, 13.423, 14.333, 15.194, 15.531, 15.805, 16.053, 15.959, 15.392, 13.601, 13.532, 14.798, 15.463, 16.295, 16.682, 16.424, 16.115, 16.022, 16.332, 16.476, 16.506, 16.253, 16.616, 16.848, 15.481, 13.516, 12.725, 12.585, 12.502, 13.067, 13.54, 13.372, 12.757, 11.864, 11.177, 10.687], [8.691, 8.28, 8.17, 7.517, 6.93, 6.654, 6.364, 5.178, 2.2, 1.0, 1.47, 1.63, 1.39, 1.42, 0.92, 1.91, 3.08, 3.4, 3.42, 3.31, 2.84, 1.5, 0, 1.04, 1.63, 2.13, 2.55, 2.51, 2.45, 2.54, 2.88, 3.57, 3.54, 3.66, 4.23, 4.54, 5.03, 5.15, 5.24, 5.73, 6.688, 6.6, 7.89, 10.226, 11.207, 11.071, 10.79, 11.397, 11.828, 12.47, 13.205, 13.419, 14.354, 15.219, 15.54, 15.827, 16.065, 15.948, 15.221, 13.278, 13.329, 14.798, 15.488, 16.341, 16.728, 16.461, 16.15, 16.053, 16.372, 16.519, 16.543, 16.283, 16.642, 16.833, 15.499, 13.408, 12.593, 12.588, 12.534, 13.08, 13.555, 13.373, 12.756, 11.826, 11.113, 10.592], [9.234, 8.808, 8.715, 8.059, 7.463, 7.196, 6.906, 5.704, 2.62, 1.2, 1.15, 1.37, 0.91, 0.92, 1.08, 2.75, 3.96, 4.28, 4.3, 4.17, 3.7, 2.34, 1.04, 0, 0.79, 1.45, 1.85, 1.87, 1.95, 1.98, 2.32, 3.03, 3.1, 3.3, 3.85, 4.56, 5.09, 5.35, 5.58, 6.15, 7.153, 7.0, 8.347, 10.766, 11.747, 11.625, 11.355, 11.945, 12.365, 13.007, 13.733, 13.95, 14.874, 15.767, 16.09, 16.358, 16.587, 16.485, 15.743, 13.8, 13.866, 15.335, 16.019, 16.885, 17.284, 17.001, 16.68, 16.59, 16.925, 17.05, 17.076, 16.82, 17.175, 17.367, 16.015, 13.934, 13.122, 13.112, 13.051, 13.594, 14.081, 13.899, 13.293, 12.352, 11.612, 11.121], [9.132, 8.712, 8.617, 7.949, 7.362, 7.086, 6.799, 5.61, 2.59, 1.75, 1.52, 1.64, 1.16, 0.81, 1.61, 3.36, 4.51, 4.83, 4.85, 4.74, 4.27, 2.89, 1.63, 0.79, 0, 1.12, 1.3, 1.36, 1.42, 1.55, 2.09, 2.74, 2.97, 3.17, 3.74, 4.45, 4.96, 5.24, 5.49, 6.06, 7.04, 6.89, 8.24, 10.656, 11.643, 11.515, 11.245, 11.832, 12.252, 12.908, 13.634, 13.852, 14.784, 15.657, 15.98, 16.256, 16.497, 16.375, 15.648, 13.71, 13.77, 15.222, 15.912, 16.781, 17.171, 16.894, 16.576, 16.494, 16.812, 16.943, 16.972, 16.707, 17.068, 17.265, 15.923, 13.835, 13.018, 13.012, 12.958, 13.484, 13.979, 13.797, 13.189, 12.25, 11.537, 11.017], [8.18, 7.72, 7.61, 6.98, 6.39, 6.1, 5.83, 4.65, 1.97, 2.09, 2.2, 2.4, 1.78, 1.33, 1.97, 3.62, 4.75, 4.99, 5.01, 5.04, 4.49, 3.15, 2.13, 1.45, 1.12, 0, 0.7, 1.2, 1.48, 1.67, 1.87, 2.04, 2.23, 2.35, 3.14, 3.69, 4.14, 4.42, 4.61, 5.12, 5.96, 5.91, 7.3, 9.65, 10.676, 10.503, 10.25, 10.84, 11.238, 11.882, 12.606, 12.857, 13.758, 14.642, 14.985, 15.236, 15.455, 15.369, 14.79, 12.89, 12.87, 14.199, 14.891, 15.758, 16.159, 15.868, 15.544, 15.454, 15.795, 15.917, 15.937, 15.673, 16.048, 16.279, 14.883, 12.868, 12.076, 11.999, 11.898, 12.442, 12.934, 12.764, 12.15, 11.237, 10.518, 10.028], [8.18, 7.72, 7.63, 7.04, 6.45, 6.16, 5.89, 4.65, 1.95, 2.29, 2.24, 2.44, 1.9, 1.49, 2.31, 3.94, 5.01, 5.31, 5.35, 5.5, 4.91, 3.55, 2.55, 1.85, 1.3, 0.7, 0, 0.76, 1.26, 1.33, 1.59, 1.94, 2.19, 2.33, 3.0, 3.61, 4.06, 4.38, 4.59, 5.16, 6.02, 5.97, 7.36, 9.69, 10.67, 10.56, 10.27, 10.889, 11.28, 11.925, 12.649, 12.905, 13.815, 14.699, 15.04, 15.29, 15.495, 15.42, 14.79, 12.87, 12.85, 14.242, 14.945, 15.797, 16.198, 15.918, 15.598, 15.502, 15.84, 15.959, 15.988, 15.712, 16.102, 16.327, 14.911, 12.911, 12.119, 12.027, 11.943, 12.473, 12.982, 12.809, 12.195, 11.28, 10.561, 10.071], [8.423, 8.015, 7.904, 7.26, 6.688, 6.38, 6.107, 4.908, 1.97, 2.25, 2.16, 2.3, 1.92, 1.61, 2.33, 3.94, 4.99, 5.31, 5.47, 5.6, 4.99, 3.63, 2.51, 1.87, 1.36, 1.2, 0.76, 0, 0.78, 0.95, 1.27, 2.06, 2.325, 2.483, 3.075, 3.803, 4.293, 4.59, 4.837, 5.418, 6.357, 6.19, 7.58, 9.97, 10.931, 10.812, 10.545, 11.132, 11.555, 12.194, 12.94, 13.143, 14.092, 14.965, 15.277, 15.562, 15.8, 15.672, 14.974, 13.057, 13.057, 14.525, 15.214, 16.075, 16.473, 16.187, 15.875, 15.78, 16.112, 16.245, 16.269, 16.006, 16.383, 16.559, 15.231, 13.164, 12.366, 12.31, 12.244, 12.77, 13.279, 13.103, 12.478, 11.571, 10.866, 10.335], [9.018, 8.613, 8.499, 7.838, 7.282, 6.978, 6.685, 5.508, 2.45, 2.41, 2.18, 2.28, 2.04, 1.75, 2.45, 3.94, 5.05, 5.35, 5.47, 5.52, 4.93, 3.61, 2.45, 1.95, 1.42, 1.48, 1.26, 0.78, 0, 0.51, 1.59, 2.62, 2.89, 3.05, 3.635, 4.41, 4.9, 5.2, 5.45, 6.018, 6.958, 6.79, 8.18, 10.57, 11.531, 11.39, 11.114, 11.713, 12.138, 12.794, 13.54, 13.743, 14.688, 15.539, 15.861, 16.16, 16.4, 16.272, 15.574, 13.657, 13.657, 15.125, 15.808, 16.668, 17.046, 16.785, 16.473, 16.38, 16.696, 16.845, 16.864, 16.606, 16.963, 17.157, 15.831, 13.764, 12.946, 12.91, 12.844, 13.37, 13.879, 13.703, 13.078, 12.171, 11.466, 10.935], [9.011, 8.586, 8.49, 7.828, 7.244, 6.968, 6.681, 5.484, 2.52, 2.48, 2.09, 2.25, 2.01, 1.72, 2.44, 3.95, 5.16, 5.44, 5.6, 5.65, 5.06, 3.78, 2.54, 1.98, 1.55, 1.67, 1.33, 0.95, 0.51, 0, 1.44, 2.63, 2.858, 3.08, 3.48, 4.329, 4.89, 5.136, 5.36, 5.901, 6.931, 6.766, 8.09, 10.535, 11.522, 11.394, 11.127, 11.72, 12.137, 12.785, 13.514, 13.734, 14.654, 15.542, 15.865, 16.138, 16.368, 16.26, 15.527, 13.576, 13.641, 15.11, 15.8, 16.663, 17.059, 16.779, 16.464, 16.365, 16.697, 16.831, 16.86, 16.595, 16.956, 17.15, 15.799, 13.718, 12.905, 12.892, 12.837, 13.36, 13.867, 13.685, 13.071, 12.138, 11.396, 10.904], [7.63, 7.205, 7.112, 6.45, 5.854, 5.59, 5.297, 4.1, 2.32, 2.8, 2.63, 2.73, 2.45, 2.16, 2.76, 4.27, 5.4, 5.64, 5.96, 6.11, 5.5, 4.16, 2.88, 2.32, 2.09, 1.87, 1.59, 1.27, 1.59, 1.44, 0, 1.25, 1.48, 1.64, 2.11, 2.9, 3.45, 3.73, 3.96, 4.53, 5.513, 5.38, 6.707, 9.146, 10.141, 10.022, 9.752, 10.339, 10.762, 11.401, 12.113, 12.338, 13.271, 14.164, 14.484, 14.751, 14.967, 14.865, 14.123, 12.18, 12.246, 13.715, 14.41, 15.282, 15.68, 15.394, 15.071, 14.987, 15.319, 15.441, 15.464, 15.2, 15.566, 15.752, 14.395, 12.314, 11.502, 11.492, 11.431, 11.954, 12.461, 12.279, 11.665, 10.732, 9.992, 9.501], [6.497, 6.074, 5.979, 5.317, 4.741, 4.457, 4.164, 2.97, 2.63, 3.37, 3.56, 3.82, 3.2, 2.83, 3.47, 4.96, 5.99, 6.21, 6.55, 6.717, 6.09, 4.75, 3.57, 3.03, 2.74, 2.04, 1.94, 2.06, 2.62, 2.63, 1.25, 0, 0.63, 0.61, 1.32, 1.89, 2.38, 2.6, 2.85, 3.42, 4.36, 4.25, 5.62, 8.01, 9.004, 8.886, 8.619, 9.2, 9.623, 10.262, 10.971, 11.199, 12.143, 13.028, 13.348, 13.616, 13.817, 13.726, 13.01, 11.07, 11.09, 12.559, 13.264, 14.143, 14.542, 14.256, 13.929, 13.848, 14.18, 14.302, 14.316, 14.058, 14.421, 14.6, 13.267, 11.175, 10.36, 10.349, 10.295, 10.821, 11.316, 11.14, 10.517, 9.59, 8.879, 8.359], [6.247, 5.824, 5.729, 5.067, 4.491, 4.207, 3.914, 2.72, 2.48, 3.34, 3.81, 4.05, 3.43, 3.14, 3.52, 4.89, 5.84, 6.02, 6.457, 6.647, 6.02, 4.68, 3.54, 3.1, 2.97, 2.23, 2.19, 2.325, 2.89, 2.858, 1.48, 0.63, 0, 0.62, 1.11, 1.66, 2.13, 2.35, 2.6, 3.19, 4.13, 4.0, 5.37, 7.76, 8.754, 8.636, 8.369, 8.95, 9.373, 10.012, 10.721, 10.949, 11.893, 12.778, 13.098, 13.366, 13.567, 13.476, 12.76, 10.82, 10.84, 12.309, 13.014, 13.893, 14.292, 14.006, 13.679, 13.598, 13.93, 14.052, 14.066, 13.808, 14.171, 14.35, 13.017, 10.925, 10.11, 10.099, 10.045, 10.571, 11.066, 10.89, 10.267, 9.34, 8.629, 8.109], [6.03, 5.61, 5.52, 4.864, 4.28, 4.004, 3.731, 2.52, 2.58, 3.4, 3.95, 4.19, 3.55, 3.2, 3.66, 5.01, 5.94, 6.16, 6.517, 6.727, 6.08, 4.74, 3.66, 3.3, 3.17, 2.35, 2.33, 2.483, 3.05, 3.08, 1.64, 0.61, 0.62, 0, 1.03, 1.46, 1.95, 2.19, 2.4, 3.01, 3.97, 3.82, 5.17, 7.54, 8.534, 8.416, 8.16, 8.776, 9.17, 9.82, 10.533, 10.746, 11.705, 12.583, 12.892, 13.151, 13.367, 13.27, 12.56, 10.62, 10.62, 12.092, 12.797, 13.679, 14.08, 13.797, 13.462, 13.38, 13.722, 13.835, 13.849, 13.59, 13.954, 14.133, 12.801, 10.728, 9.913, 9.882, 9.828, 10.363, 10.851, 10.673, 10.05, 9.138, 8.432, 7.901], [5.617, 5.194, 5.102, 4.437, 3.841, 3.577, 3.301, 2.23, 3.11, 4.15, 4.54, 4.76, 4.26, 3.91, 4.23, 5.52, 6.49, 6.647, 7.125, 7.355, 6.71, 5.39, 4.23, 3.85, 3.74, 3.14, 3.0, 3.075, 3.635, 3.48, 2.11, 1.32, 1.11, 1.03, 0, 0.93, 1.6, 1.82, 2.01, 2.52, 3.52, 3.47, 4.74, 7.13, 8.124, 8.006, 7.742, 8.346, 8.751, 9.39, 10.103, 10.319, 11.263, 12.156, 12.468, 12.736, 12.934, 12.846, 12.11, 10.13, 10.196, 11.665, 12.387, 13.266, 13.664, 13.379, 13.052, 12.97, 13.303, 13.425, 13.439, 13.18, 13.544, 13.723, 12.365, 10.264, 9.454, 9.472, 9.415, 9.944, 10.439, 10.257, 9.64, 8.693, 7.942, 7.451], [4.767, 4.344, 4.252, 3.607, 3.011, 2.727, 2.52, 1.76, 3.4, 4.46, 5.25, 5.47, 4.83, 4.42, 4.52, 5.85, 6.76, 6.915, 7.395, 7.662, 7.0, 5.68, 4.54, 4.56, 4.45, 3.69, 3.61, 3.803, 4.41, 4.329, 2.9, 1.89, 1.66, 1.46, 0.93, 0, 0.77, 0.93, 1.14, 1.69, 2.69, 2.58, 3.87, 6.263, 7.274, 7.156, 6.889, 7.476, 7.901, 8.54, 9.253, 9.469, 10.413, 11.306, 11.618, 11.886, 12.087, 11.996, 11.26, 9.28, 9.349, 10.821, 11.537, 12.416, 12.814, 12.529, 12.202, 12.12, 12.453, 12.575, 12.589, 12.33, 12.706, 12.873, 11.52, 9.426, 8.633, 8.622, 8.568, 9.103, 9.591, 9.413, 8.79, 7.863, 7.13, 6.629], [4.24, 3.814, 3.722, 3.08, 2.51, 2.32, 2.21, 1.91, 3.65, 4.91, 5.76, 5.96, 5.34, 4.91, 5.01, 6.26, 7.13, 7.262, 7.742, 8.012, 7.35, 6.03, 5.03, 5.09, 4.96, 4.14, 4.06, 4.293, 4.9, 4.89, 3.45, 2.38, 2.13, 1.95, 1.6, 0.77, 0, 0.48, 0.61, 1.26, 2.16, 2.01, 3.34, 5.75, 6.75, 6.64, 6.362, 6.966, 7.38, 8.007, 8.72, 8.962, 9.883, 10.776, 11.102, 11.361, 11.554, 11.48, 10.75, 8.83, 8.85, 10.296, 11.007, 11.886, 12.287, 12.004, 11.677, 11.593, 11.929, 12.047, 12.059, 11.8, 12.173, 12.375, 10.987, 8.918, 8.125, 8.101, 8.035, 8.57, 9.058, 8.88, 8.263, 7.33, 6.582, 6.082], [3.957, 3.534, 3.442, 2.82, 2.27, 2.18, 2.09, 1.95, 3.71, 5.09, 6.027, 6.24, 5.58, 5.11, 5.17, 6.38, 7.19, 7.322, 7.819, 8.109, 7.41, 6.13, 5.15, 5.35, 5.24, 4.42, 4.38, 4.59, 5.2, 5.136, 3.73, 2.6, 2.35, 2.19, 1.82, 0.93, 0.48, 0, 0.37, 1.04, 1.92, 1.75, 3.04, 5.47, 6.464, 6.346, 6.082, 6.666, 7.1, 7.727, 8.46, 8.702, 9.603, 10.496, 10.822, 11.081, 11.274, 11.2, 10.45, 8.51, 8.55, 10.002, 10.724, 11.603, 12.002, 11.724, 11.397, 11.308, 11.649, 11.762, 11.779, 11.52, 11.893, 12.08, 10.707, 8.618, 7.825, 7.809, 7.755, 8.29, 8.778, 8.6, 7.977, 7.05, 6.302, 5.802], [3.73, 3.29, 3.2, 2.57, 2.02, 1.97, 1.96, 1.88, 3.74, 5.22, 6.24, 6.457, 5.79, 5.267, 5.24, 6.31, 7.18, 7.269, 7.769, 8.059, 7.36, 6.08, 5.24, 5.58, 5.49, 4.61, 4.59, 4.837, 5.45, 5.36, 3.96, 2.85, 2.6, 2.4, 2.01, 1.14, 0.61, 0.37, 0, 0.77, 1.71, 1.54, 2.81, 5.22, 6.22, 6.11, 5.84, 6.47, 6.85, 7.5, 8.213, 8.435, 9.37, 10.263, 10.572, 10.831, 11.047, 10.95, 10.24, 8.28, 8.36, 9.775, 10.5, 11.365, 11.76, 11.477, 11.15, 11.066, 11.402, 11.52, 11.549, 11.276, 11.646, 11.851, 10.46, 8.428, 7.62, 7.574, 7.513, 8.043, 8.543, 8.353, 7.736, 6.82, 6.07, 5.57], [3.36, 2.92, 2.81, 2.1, 1.61, 1.62, 1.73, 1.99, 3.97, 5.731, 6.794, 7.027, 6.347, 5.837, 5.65, 6.4, 7.39, 7.336, 7.816, 8.186, 7.49, 6.37, 5.73, 6.15, 6.06, 5.12, 5.16, 5.418, 6.018, 5.901, 4.53, 3.42, 3.19, 3.01, 2.52, 1.69, 1.26, 1.04, 0.77, 0, 1.18, 1.17, 2.36, 4.77, 5.85, 5.68, 5.45, 6.0, 6.357, 7.079, 7.737, 7.877, 8.818, 9.717, 10.026, 10.324, 10.54, 10.52, 9.87, 7.91, 7.979, 9.345, 9.977, 10.855, 11.253, 11.002, 10.726, 10.628, 10.943, 11.065, 11.099, 10.821, 11.167, 11.281, 9.988, 7.857, 7.05, 7.048, 6.996, 7.493, 8.062, 7.863, 7.264, 6.305, 5.521, 5.14], [2.32, 1.86, 1.77, 1.24, 0.97, 1.24, 1.53, 2.05, 4.67, 6.67, 7.784, 8.001, 7.321, 6.811, 6.613, 6.7, 7.47, 7.313, 7.787, 8.14, 7.447, 6.83, 6.688, 7.153, 7.04, 5.96, 6.02, 6.357, 6.958, 6.931, 5.513, 4.36, 4.13, 3.97, 3.52, 2.69, 2.16, 1.92, 1.71, 1.18, 0, 0.83, 1.84, 3.85, 4.81, 4.64, 4.39, 4.92, 5.294, 5.999, 6.66, 6.92, 7.815, 8.699, 9.04, 9.29, 9.515, 9.5, 8.93, 7.01, 6.99, 8.319, 8.962, 9.821, 10.216, 9.927, 9.655, 9.551, 9.869, 9.988, 10.045, 9.747, 10.102, 10.328, 8.925, 6.928, 6.136, 6.059, 5.999, 6.496, 6.999, 6.812, 6.195, 5.279, 4.56, 4.15], [2.43, 2.05, 2.0, 1.55, 1.4, 1.81, 2.04, 2.56, 4.66, 6.52, 7.619, 7.856, 7.205, 6.695, 6.52, 7.19, 8.02, 7.923, 8.423, 8.773, 8.08, 7.06, 6.6, 7.0, 6.89, 5.91, 5.97, 6.19, 6.79, 6.766, 5.38, 4.25, 4.0, 3.82, 3.47, 2.58, 2.01, 1.75, 1.54, 1.17, 0.83, 0, 1.43, 3.82, 4.883, 4.75, 4.5, 5.03, 5.467, 6.149, 6.853, 7.075, 7.948, 8.807, 9.145, 9.412, 9.645, 9.556, 8.94, 7.04, 7.04, 8.406, 9.071, 9.931, 10.33, 10.041, 9.76, 9.644, 9.963, 10.093, 10.136, 9.857, 10.218, 10.424, 9.076, 7.021, 6.209, 6.198, 6.122, 6.626, 7.127, 6.945, 6.329, 5.398, 4.692, 4.201], [1.78, 1.9, 1.85, 1.9, 2.19, 2.66, 2.95, 3.63, 5.93, 7.9, 8.963, 9.217, 8.54, 8.03, 7.83, 8.24, 8.97, 8.784, 9.324, 9.674, 9.098, 8.33, 7.89, 8.347, 8.24, 7.3, 7.36, 7.58, 8.18, 8.09, 6.707, 5.62, 5.37, 5.17, 4.74, 3.87, 3.34, 3.04, 2.81, 2.36, 1.84, 1.43, 0, 2.53, 3.65, 3.66, 3.41, 4.0, 4.3, 4.922, 5.603, 5.808, 6.661, 7.503, 7.812, 8.07, 8.283, 8.269, 7.61, 5.69, 5.743, 7.088, 7.729, 8.601, 8.999, 8.728, 8.455, 8.354, 8.669, 8.791, 8.831, 8.55, 8.899, 9.076, 7.729, 5.669, 4.853, 4.851, 4.802, 5.302, 5.805, 5.606, 5.027, 4.065, 3.323, 2.883], [2.59, 2.99, 3.18, 3.57, 3.96, 4.35, 4.7, 5.42, 8.233, 10.253, 11.385, 11.636, 10.956, 10.466, 10.219, 10.181, 10.37, 10.193, 10.853, 11.283, 10.854, 10.379, 10.226, 10.766, 10.656, 9.65, 9.69, 9.97, 10.57, 10.535, 9.146, 8.01, 7.76, 7.54, 7.13, 6.263, 5.75, 5.47, 5.22, 4.77, 3.85, 3.82, 2.53, 0, 1.22, 1.71, 1.78, 1.87, 2.35, 2.7, 3.21, 3.43, 4.3, 5.075, 5.398, 5.66, 5.87, 5.79, 5.22, 3.4, 3.315, 4.612, 5.295, 6.171, 6.572, 6.277, 5.959, 5.861, 6.205, 6.318, 6.335, 6.074, 6.455, 6.64, 5.281, 3.245, 2.47, 2.6, 2.6, 2.914, 3.392, 3.29, 2.73, 1.9, 1.65, 1.16], [2.89, 3.37, 3.5, 4.01, 4.52, 4.77, 5.1, 6.06, 9.184, 11.19, 12.363, 12.631, 11.951, 11.449, 11.267, 11.015, 10.672, 10.481, 11.101, 11.608, 11.422, 11.209, 11.207, 11.747, 11.643, 10.676, 10.67, 10.931, 11.531, 11.522, 10.141, 9.004, 8.754, 8.534, 8.124, 7.274, 6.75, 6.464, 6.22, 5.85, 4.81, 4.883, 3.65, 1.22, 0, 1.09, 1.28, 1.03, 1.37, 1.64, 2.23, 2.41, 3.3, 4.11, 4.41, 4.68, 5.03, 4.91, 4.36, 2.7, 2.58, 3.69, 4.313, 5.153, 5.554, 5.274, 4.965, 4.872, 5.196, 5.327, 5.356, 5.119, 5.484, 5.702, 4.35, 2.56, 2.09, 2.08, 2.16, 2.32, 2.54, 2.55, 2.19, 1.98, 1.89, 1.68], [2.56, 2.94, 3.07, 3.66, 4.27, 4.5, 4.83, 5.939, 9.054, 11.052, 12.23, 12.512, 11.832, 11.337, 11.094, 10.732, 10.268, 9.857, 10.437, 11.304, 11.163, 11.043, 11.071, 11.625, 11.515, 10.503, 10.56, 10.812, 11.39, 11.394, 10.022, 8.886, 8.636, 8.416, 8.006, 7.156, 6.64, 6.346, 6.11, 5.68, 4.64, 4.75, 3.66, 1.71, 1.09, 0, 0.67, 0.72, 1.06, 1.59, 2.4, 2.64, 3.51, 4.32, 4.62, 4.99, 5.38, 5.3, 4.83, 3.21, 3.03, 4.045, 4.46, 5.316, 5.699, 5.455, 5.13, 5.023, 5.338, 5.483, 5.563, 5.285, 5.651, 5.938, 4.618, 3.03, 2.68, 2.39, 2.49, 2.75, 2.81, 2.8, 2.64, 2.55, 2.28, 2.05], [2.43, 2.73, 2.76, 3.43, 4.04, 4.29, 4.6, 5.672, 8.769, 10.771, 11.963, 12.245, 11.565, 11.057, 10.858, 10.539, 9.987, 9.627, 10.267, 11.077, 10.933, 10.739, 10.79, 11.355, 11.245, 10.25, 10.27, 10.545, 11.114, 11.127, 9.752, 8.619, 8.369, 8.16, 7.742, 6.889, 6.362, 6.082, 5.84, 5.45, 4.39, 4.5, 3.41, 1.78, 1.28, 0.67, 0, 0.89, 1.27, 1.78, 2.63, 2.87, 3.76, 4.59, 4.85, 5.22, 5.61, 5.55, 5.04, 3.48, 3.3, 4.32, 4.744, 5.585, 5.967, 5.741, 5.411, 5.307, 5.61, 5.764, 5.821, 5.568, 5.921, 6.201, 4.895, 3.22, 2.91, 2.5, 2.58, 2.94, 3.1, 2.97, 2.73, 2.6, 2.23, 2.06], [3.02, 3.42, 3.51, 4.02, 4.63, 4.9, 5.17, 6.33, 9.383, 11.379, 12.556, 12.832, 12.152, 11.665, 11.403, 11.128, 10.665, 10.174, 10.834, 11.671, 11.546, 11.392, 11.397, 11.945, 11.832, 10.84, 10.889, 11.132, 11.713, 11.72, 10.339, 9.2, 8.95, 8.776, 8.346, 7.476, 6.966, 6.666, 6.47, 6.0, 4.92, 5.03, 4.0, 1.87, 1.03, 0.72, 0.89, 0, 0.92, 1.35, 2.06, 2.28, 3.19, 3.98, 4.28, 4.63, 5.02, 5.0, 4.55, 2.95, 2.81, 3.75, 4.11, 4.992, 5.374, 5.128, 4.84, 4.73, 5.034, 5.15, 5.21, 4.98, 5.29, 5.57, 4.29, 2.75, 2.54, 2.37, 2.53, 2.61, 2.67, 2.74, 2.64, 2.69, 2.48, 2.33], [3.32, 3.72, 3.81, 4.397, 4.987, 5.237, 5.51, 6.69, 9.788, 11.806, 12.973, 13.255, 12.575, 12.07, 11.826, 11.416, 11.018, 10.437, 11.046, 11.978, 11.857, 11.786, 11.828, 12.365, 12.252, 11.238, 11.28, 11.555, 12.138, 12.137, 10.762, 9.623, 9.373, 9.17, 8.751, 7.901, 7.38, 7.1, 6.85, 6.357, 5.294, 5.467, 4.3, 2.35, 1.37, 1.06, 1.27, 0.92, 0, 0.91, 1.66, 1.96, 2.77, 3.6, 3.92, 4.31, 4.7, 4.74, 4.27, 2.69, 2.63, 3.45, 3.81, 4.555, 4.939, 4.688, 4.48, 4.31, 4.62, 4.77, 4.968, 4.7, 4.93, 5.248, 3.91, 2.61, 2.46, 2.15, 2.39, 2.55, 2.61, 2.86, 2.66, 2.89, 2.76, 2.69], [3.93, 4.37, 4.44, 5.122, 5.712, 5.942, 6.215, 7.346, 10.444, 12.459, 13.629, 13.894, 13.214, 12.713, 12.482, 12.044, 11.517, 11.053, 11.677, 12.595, 12.446, 12.442, 12.47, 13.007, 12.908, 11.882, 11.925, 12.194, 12.794, 12.785, 11.401, 10.262, 10.012, 9.82, 9.39, 8.54, 8.007, 7.727, 7.5, 7.079, 5.999, 6.149, 4.922, 2.7, 1.64, 1.59, 1.78, 1.35, 0.91, 0, 1.09, 1.69, 2.4, 3.09, 3.35, 3.76, 4.13, 4.13, 3.7, 2.3, 2.18, 2.86, 3.22, 3.95, 4.32, 4.04, 3.75, 3.68, 4.03, 4.14, 4.3, 3.99, 4.28, 4.6, 3.3, 2.12, 2.15, 1.86, 2.32, 2.38, 2.42, 2.71, 2.61, 2.82, 2.75, 2.7], [4.68, 5.12, 5.17, 5.82, 6.373, 6.603, 6.908, 8.078, 11.176, 13.215, 14.355, 14.606, 13.935, 13.437, 13.2, 12.746, 12.281, 11.8, 12.443, 13.321, 13.183, 13.199, 13.205, 13.733, 13.634, 12.606, 12.649, 12.94, 13.54, 13.514, 12.113, 10.971, 10.721, 10.533, 10.103, 9.253, 8.72, 8.46, 8.213, 7.737, 6.66, 6.853, 5.603, 3.21, 2.23, 2.4, 2.63, 2.06, 1.66, 1.09, 0, 0.82, 1.51, 2.24, 2.62, 2.97, 3.32, 3.38, 2.93, 1.83, 1.89, 2.11, 2.73, 3.4, 3.69, 3.49, 3.24, 3.07, 3.5, 3.59, 3.65, 3.46, 3.65, 3.77, 2.57, 1.91, 2.12, 1.89, 2.43, 2.33, 2.21, 2.5, 2.58, 2.87, 3.02, 3.31], [4.9, 5.34, 5.39, 6.008, 6.51, 6.788, 7.058, 8.29, 11.414, 13.403, 14.569, 14.831, 14.157, 13.676, 13.42, 12.981, 12.498, 11.99, 12.662, 13.515, 13.433, 13.423, 13.419, 13.95, 13.852, 12.857, 12.905, 13.143, 13.743, 13.734, 12.338, 11.199, 10.949, 10.746, 10.319, 9.469, 8.962, 8.702, 8.435, 7.877, 6.92, 7.075, 5.808, 3.43, 2.41, 2.64, 2.87, 2.28, 1.96, 1.69, 0.82, 0, 1.09, 1.94, 2.26, 2.63, 3.04, 3.14, 2.75, 1.81, 2.01, 2.21, 2.69, 3.36, 3.71, 3.53, 3.38, 3.27, 3.68, 3.77, 3.65, 3.58, 3.85, 3.53, 2.65, 2.17, 2.38, 2.29, 2.75, 2.61, 2.41, 2.74, 2.84, 3.19, 3.3, 3.75], [5.77, 6.21, 6.28, 6.901, 7.431, 7.741, 8.011, 9.211, 12.344, 14.347, 15.487, 15.764, 15.092, 14.582, 14.346, 13.881, 13.397, 12.889, 13.548, 14.449, 14.316, 14.333, 14.354, 14.874, 14.784, 13.758, 13.815, 14.092, 14.688, 14.654, 13.271, 12.143, 11.893, 11.705, 11.263, 10.413, 9.883, 9.603, 9.37, 8.818, 7.815, 7.948, 6.661, 4.3, 3.3, 3.51, 3.76, 3.19, 2.77, 2.4, 1.51, 1.09, 0, 1.15, 1.47, 1.78, 2.25, 2.27, 2.08, 2.16, 2.46, 2.36, 2.82, 3.15, 3.46, 3.32, 3.17, 3.16, 3.39, 3.46, 3.48, 3.47, 3.52, 3.44, 2.5, 2.5, 2.97, 2.94, 3.28, 3.02, 2.84, 3.17, 3.35, 3.72, 4.17, 4.62], [6.562, 7.005, 7.095, 7.765, 8.333, 8.585, 8.913, 10.095, 13.207, 15.217, 16.374, 16.657, 15.985, 15.475, 15.225, 14.755, 14.19, 13.753, 14.375, 15.291, 15.194, 15.194, 15.219, 15.767, 15.657, 14.642, 14.699, 14.965, 15.539, 15.542, 14.164, 13.028, 12.778, 12.583, 12.156, 11.306, 10.776, 10.496, 10.263, 9.717, 8.699, 8.807, 7.503, 5.075, 4.11, 4.32, 4.59, 3.98, 3.6, 3.09, 2.24, 1.94, 1.15, 0, 0.6, 1.11, 1.52, 1.56, 1.63, 2.65, 2.97, 2.45, 2.59, 2.92, 3.17, 2.95, 2.94, 2.99, 3.08, 3.15, 3.21, 3.24, 3.25, 3.25, 2.55, 2.83, 3.48, 3.43, 3.67, 3.21, 2.91, 3.3, 3.62, 4.17, 4.7, 5.15], [6.905, 7.348, 7.438, 8.072, 8.642, 8.912, 9.202, 10.418, 13.519, 15.523, 16.698, 16.977, 16.297, 15.804, 15.559, 15.088, 14.475, 14.027, 14.728, 15.629, 15.534, 15.531, 15.54, 16.09, 15.98, 14.985, 15.04, 15.277, 15.861, 15.865, 14.484, 13.348, 13.098, 12.892, 12.468, 11.618, 11.102, 10.822, 10.572, 10.026, 9.04, 9.145, 7.812, 5.398, 4.41, 4.62, 4.85, 4.28, 3.92, 3.35, 2.62, 2.26, 1.47, 0.6, 0, 0.77, 1.16, 1.2, 1.45, 2.83, 3.17, 2.47, 2.57, 2.84, 3.13, 3.01, 2.94, 3.03, 3.08, 3.09, 3.15, 3.32, 3.39, 3.23, 2.57, 3.03, 3.7, 3.65, 3.95, 3.43, 3.11, 3.48, 3.76, 4.39, 4.96, 5.37], [7.17, 7.6, 7.69, 8.357, 8.9, 9.188, 9.487, 10.677, 13.79, 15.822, 16.971, 17.244, 16.564, 16.063, 15.827, 15.364, 14.775, 14.342, 15.139, 15.88, 15.856, 15.805, 15.827, 16.358, 16.256, 15.236, 15.29, 15.562, 16.16, 16.138, 14.751, 13.616, 13.366, 13.151, 12.736, 11.886, 11.361, 11.081, 10.831, 10.324, 9.29, 9.412, 8.07, 5.66, 4.68, 4.99, 5.22, 4.63, 4.31, 3.76, 2.97, 2.63, 1.78, 1.11, 0.77, 0, 0.65, 0.89, 1.52, 2.98, 3.32, 2.78, 2.88, 3.07, 3.34, 3.32, 3.23, 3.34, 3.33, 3.3, 3.34, 3.59, 3.72, 3.56, 2.86, 3.28, 3.91, 3.96, 4.3, 3.76, 3.56, 3.87, 4.13, 4.64, 5.27, 5.56], [7.48, 7.89, 8.02, 8.67, 9.2, 9.49, 9.78, 10.917, 14.054, 16.073, 17.21, 17.46, 16.795, 16.285, 16.054, 15.603, 15.08, 14.721, 15.56, 16.262, 16.214, 16.053, 16.065, 16.587, 16.497, 15.455, 15.495, 15.8, 16.4, 16.368, 14.967, 13.817, 13.567, 13.367, 12.934, 12.087, 11.554, 11.274, 11.047, 10.54, 9.515, 9.645, 8.283, 5.87, 5.03, 5.38, 5.61, 5.02, 4.7, 4.13, 3.32, 3.04, 2.25, 1.52, 1.16, 0.65, 0, 0.76, 1.49, 3.09, 3.43, 2.93, 3.11, 3.3, 3.57, 3.47, 3.4, 3.51, 3.56, 3.43, 3.49, 3.74, 3.87, 3.77, 3.09, 3.39, 4.14, 4.35, 4.61, 4.09, 3.81, 4.1, 4.4, 4.87, 5.52, 5.71], [7.36, 7.84, 7.95, 8.58, 9.17, 9.4, 9.725, 10.82, 13.928, 15.945, 17.104, 17.358, 16.681, 16.188, 15.954, 15.503, 14.966, 14.681, 15.584, 16.19, 16.109, 15.959, 15.948, 16.485, 16.375, 15.369, 15.42, 15.672, 16.272, 16.26, 14.865, 13.726, 13.476, 13.27, 12.846, 11.996, 11.48, 11.2, 10.95, 10.52, 9.5, 9.556, 8.269, 5.79, 4.91, 5.3, 5.55, 5.0, 4.74, 4.13, 3.38, 3.14, 2.27, 1.56, 1.2, 0.89, 0.76, 0, 1.13, 3.01, 3.41, 2.77, 3.13, 3.4, 3.71, 3.57, 3.48, 3.47, 3.62, 3.63, 3.61, 3.7, 3.87, 3.83, 3.07, 3.47, 4.18, 4.39, 4.67, 4.11, 3.67, 4.06, 4.28, 4.85, 5.64, 5.69], [6.77, 7.25, 7.42, 8.07, 8.58, 8.89, 9.18, 10.18, 13.27, 15.25, 16.364, 16.631, 15.951, 15.461, 15.308, 14.866, 14.376, 14.22, 15.106, 15.712, 15.606, 15.392, 15.221, 15.743, 15.648, 14.79, 14.79, 14.974, 15.574, 15.527, 14.123, 13.01, 12.76, 12.56, 12.11, 11.26, 10.75, 10.45, 10.24, 9.87, 8.93, 8.94, 7.61, 5.22, 4.36, 4.83, 5.04, 4.55, 4.27, 3.7, 2.93, 2.75, 2.08, 1.63, 1.45, 1.52, 1.49, 1.13, 0, 2.06, 2.5, 2.28, 2.82, 3.17, 3.52, 3.42, 3.29, 3.18, 3.43, 3.56, 3.4, 3.41, 3.7, 3.58, 2.74, 2.84, 3.41, 3.7, 4.0, 3.4, 3.12, 3.49, 3.75, 4.16, 4.91, 5.04], [5.15, 5.69, 5.86, 6.41, 6.92, 7.23, 7.547, 8.424, 11.384, 13.366, 14.445, 14.677, 13.997, 13.527, 13.379, 13.003, 12.881, 12.7, 13.532, 14.113, 13.857, 13.601, 13.278, 13.8, 13.71, 12.89, 12.87, 13.057, 13.657, 13.576, 12.18, 11.07, 10.82, 10.62, 10.13, 9.28, 8.83, 8.51, 8.28, 7.91, 7.01, 7.04, 5.69, 3.4, 2.7, 3.21, 3.48, 2.95, 2.69, 2.3, 1.83, 1.81, 2.16, 2.65, 2.83, 2.98, 3.09, 3.01, 2.06, 0, 0.94, 1.78, 2.42, 3.227, 3.597, 3.383, 3.03, 3.04, 3.41, 3.54, 3.4, 3.27, 3.7, 3.653, 2.56, 1.8, 2.01, 2.24, 2.56, 2.12, 1.88, 2.25, 2.39, 2.74, 3.31, 3.34], [4.99, 5.51, 5.68, 6.288, 6.798, 7.108, 7.404, 8.338, 11.353, 13.353, 14.501, 14.739, 14.062, 13.592, 13.445, 13.019, 12.658, 12.508, 13.386, 13.962, 13.783, 13.532, 13.329, 13.866, 13.77, 12.87, 12.85, 13.057, 13.657, 13.641, 12.246, 11.09, 10.84, 10.62, 10.196, 9.349, 8.85, 8.55, 8.36, 7.979, 6.99, 7.04, 5.743, 3.315, 2.58, 3.03, 3.3, 2.81, 2.63, 2.18, 1.89, 2.01, 2.46, 2.97, 3.17, 3.32, 3.43, 3.41, 2.5, 0.94, 0, 1.62, 2.28, 3.087, 3.497, 3.243, 2.902, 2.889, 3.256, 3.34, 3.249, 3.016, 3.463, 3.585, 2.3, 1.34, 1.67, 1.88, 2.04, 1.68, 1.34, 1.73, 1.77, 2.26, 3.03, 3.12], [6.163, 6.61, 6.72, 7.398, 7.999, 8.229, 8.545, 9.65, 12.782, 14.801, 15.958, 16.208, 15.534, 15.038, 14.808, 14.366, 13.906, 13.496, 14.376, 15.013, 14.955, 14.798, 14.798, 15.335, 15.222, 14.199, 14.242, 14.525, 15.125, 15.11, 13.715, 12.559, 12.309, 12.092, 11.665, 10.821, 10.296, 10.002, 9.775, 9.345, 8.319, 8.406, 7.088, 4.612, 3.69, 4.045, 4.32, 3.75, 3.45, 2.86, 2.11, 2.21, 2.36, 2.45, 2.47, 2.78, 2.93, 2.77, 2.28, 1.78, 1.62, 0, 1.12, 1.75, 2.1, 1.92, 1.67, 1.52, 1.99, 2.06, 1.9, 1.79, 2.2, 2.14, 1.1, 1.88, 2.61, 2.7, 2.92, 2.26, 1.56, 1.79, 2.29, 3.2, 4.07, 4.26], [6.796, 7.248, 7.338, 7.986, 8.569, 8.845, 9.132, 10.321, 13.459, 15.477, 16.64, 16.903, 16.228, 15.721, 15.491, 15.053, 14.453, 13.967, 14.684, 15.58, 15.513, 15.463, 15.488, 16.019, 15.912, 14.891, 14.945, 15.214, 15.808, 15.8, 14.41, 13.264, 13.014, 12.797, 12.387, 11.537, 11.007, 10.724, 10.5, 9.977, 8.962, 9.071, 7.729, 5.295, 4.313, 4.46, 4.744, 4.11, 3.81, 3.22, 2.73, 2.69, 2.82, 2.59, 2.57, 2.88, 3.11, 3.13, 2.82, 2.42, 2.28, 1.12, 0, 1.01, 1.32, 1.18, 1.05, 0.9, 1.23, 1.36, 1.24, 1.27, 1.48, 1.5, 1.08, 2.48, 3.27, 3.18, 3.32, 2.66, 2.04, 2.27, 2.77, 3.8, 4.65, 4.96], [7.652, 8.083, 8.173, 8.856, 9.431, 9.713, 9.994, 11.188, 14.318, 16.33, 17.499, 17.775, 17.095, 16.588, 16.355, 15.89, 15.336, 14.764, 15.456, 16.396, 16.311, 16.295, 16.341, 16.885, 16.781, 15.758, 15.797, 16.075, 16.668, 16.663, 15.282, 14.143, 13.893, 13.679, 13.266, 12.416, 11.886, 11.603, 11.365, 10.855, 9.821, 9.931, 8.601, 6.171, 5.153, 5.316, 5.585, 4.992, 4.555, 3.95, 3.4, 3.36, 3.15, 2.92, 2.84, 3.07, 3.3, 3.4, 3.17, 3.227, 3.087, 1.75, 1.01, 0, 0.59, 0.69, 0.86, 0.85, 0.88, 1.13, 0.97, 1.04, 1.19, 1.23, 1.51, 3.19, 4.02, 3.97, 4.09, 3.43, 2.867, 3.1, 3.64, 4.65, 5.5, 5.85], [8.053, 8.485, 8.575, 9.242, 9.829, 10.099, 10.392, 11.589, 14.713, 16.714, 17.894, 18.173, 17.493, 16.989, 16.75, 16.276, 15.694, 15.155, 15.824, 16.775, 16.683, 16.682, 16.728, 17.284, 17.171, 16.159, 16.198, 16.473, 17.046, 17.059, 15.68, 14.542, 14.292, 14.08, 13.664, 12.814, 12.287, 12.002, 11.76, 11.253, 10.216, 10.33, 8.999, 6.572, 5.554, 5.699, 5.967, 5.374, 4.939, 4.32, 3.69, 3.71, 3.46, 3.17, 3.13, 3.34, 3.57, 3.71, 3.52, 3.597, 3.497, 2.1, 1.32, 0.59, 0, 0.58, 0.83, 0.82, 0.85, 1.0, 0.86, 1.11, 1.18, 1.1, 1.8, 3.62, 4.45, 4.36, 4.46, 3.76, 3.252, 3.47, 4.05, 5.04, 5.89, 6.26], [7.796, 8.208, 8.311, 8.968, 9.578, 9.825, 10.12, 11.32, 14.439, 16.447, 17.614, 17.887, 17.207, 16.709, 16.459, 15.998, 15.414, 14.913, 15.56, 16.508, 16.407, 16.424, 16.461, 17.001, 16.894, 15.868, 15.918, 16.187, 16.785, 16.779, 15.394, 14.256, 14.006, 13.797, 13.379, 12.529, 12.004, 11.724, 11.477, 11.002, 9.927, 10.041, 8.728, 6.277, 5.274, 5.455, 5.741, 5.128, 4.688, 4.04, 3.49, 3.53, 3.32, 2.95, 3.01, 3.32, 3.47, 3.57, 3.42, 3.383, 3.243, 1.92, 1.18, 0.69, 0.58, 0, 0.59, 0.78, 0.79, 0.9, 0.84, 1.01, 0.98, 1.14, 1.56, 3.38, 4.19, 4.12, 4.2, 3.52, 2.949, 3.17, 3.77, 4.74, 5.61, 5.98], [7.489, 7.901, 8.002, 8.69, 9.305, 9.547, 9.86, 11.003, 14.124, 16.135, 17.3, 17.564, 16.887, 16.388, 16.161, 15.701, 15.085, 14.641, 15.33, 16.213, 16.106, 16.115, 16.15, 16.68, 16.576, 15.544, 15.598, 15.875, 16.473, 16.464, 15.071, 13.929, 13.679, 13.462, 13.052, 12.202, 11.677, 11.397, 11.15, 10.726, 9.655, 9.76, 8.455, 5.959, 4.965, 5.13, 5.411, 4.84, 4.48, 3.75, 3.24, 3.38, 3.17, 2.94, 2.94, 3.23, 3.4, 3.48, 3.29, 3.03, 2.902, 1.67, 1.05, 0.86, 0.83, 0.59, 0, 0.67, 0.7, 0.67, 0.83, 0.88, 0.99, 1.25, 1.35, 3.09, 3.9, 3.83, 3.95, 3.29, 2.67, 2.9, 3.48, 4.47, 5.34, 5.63], [7.376, 7.825, 7.939, 8.617, 9.221, 9.451, 9.784, 10.895, 14.027, 16.045, 17.212, 17.48, 16.8, 16.295, 16.045, 15.587, 15.038, 14.584, 15.258, 16.137, 16.044, 16.022, 16.053, 16.59, 16.494, 15.454, 15.502, 15.78, 16.38, 16.365, 14.987, 13.848, 13.598, 13.38, 12.97, 12.12, 11.593, 11.308, 11.066, 10.628, 9.551, 9.644, 8.354, 5.861, 4.872, 5.023, 5.307, 4.73, 4.31, 3.68, 3.07, 3.27, 3.16, 2.99, 3.03, 3.34, 3.51, 3.47, 3.18, 3.04, 2.889, 1.52, 0.9, 0.85, 0.82, 0.78, 0.67, 0, 0.71, 0.78, 0.86, 0.77, 1.0, 1.16, 1.18, 2.98, 3.81, 3.76, 3.88, 3.22, 2.62, 2.85, 3.37, 4.42, 5.29, 5.54], [7.706, 8.129, 8.219, 8.892, 9.519, 9.749, 10.062, 11.242, 14.349, 16.358, 17.533, 17.812, 17.132, 16.634, 16.38, 15.909, 15.312, 14.836, 15.518, 16.418, 16.345, 16.332, 16.372, 16.925, 16.812, 15.795, 15.84, 16.112, 16.696, 16.697, 15.319, 14.18, 13.93, 13.722, 13.303, 12.453, 11.929, 11.649, 11.402, 10.943, 9.869, 9.963, 8.669, 6.205, 5.196, 5.338, 5.61, 5.034, 4.62, 4.03, 3.5, 3.68, 3.39, 3.08, 3.08, 3.33, 3.56, 3.62, 3.43, 3.41, 3.256, 1.99, 1.23, 0.88, 0.85, 0.79, 0.7, 0.71