[[0, 0.82, 1.18, 1.41, 2.1, 1.99, 1.63, 1.66, 1.5, 1.52, 1.9, 2.11, 1.88, 1.74, 1.63, 1.57, 1.94, 1.97, 1.92, 1.69, 1.65, 1.79, 1.84, 1.84, 1.59, 1.8, 4.146, 6.303, 6.696, 5.824, 5.39, 5.88, 6.675, 7.839, 7.907, 7.432, 6.899, 6.159, 6.06, 6.99, 7.36, 7.545, 7.002, 7.296, 7.757, 7.6, 8.604, 10.154, 11.316, 11.576, 12.057, 11.711, 10.899, 9.83, 9.076, 9.414, 9.626, 9.735, 9.714, 9.044, 7.914, 7.715, 7.596, 7.456, 7.14, 6.649, 6.338, 6.12, 7.17, 9.152, 10.432, 10.555, 10.491, 12.131, 13.007, 12.193, 11.986, 11.571, 11.534, 11.432, 10.901, 10.933, 11.46, 11.136, 11.054, 11.523], [0.82, 0, 0.8, 1.03, 1.94, 1.93, 2.03, 2.02, 1.76, 1.86, 2.14, 2.31, 2.14, 1.9, 1.69, 1.49, 1.7, 1.73, 1.88, 1.83, 1.85, 1.93, 1.84, 1.7, 1.51, 1.88, 4.326, 6.432, 6.791, 5.996, 5.43, 5.996, 6.772, 8.04, 8.118, 7.676, 7.122, 6.398, 6.316, 7.122, 7.492, 7.72, 7.08, 7.48, 7.911, 7.829, 8.794, 10.326, 11.52, 11.719, 12.186, 11.809, 11.073, 9.959, 9.208, 9.686, 9.741, 9.91, 9.846, 9.188, 8.058, 7.825, 7.792, 7.613, 7.279, 6.838, 6.55, 6.329, 7.307, 9.296, 10.554, 10.691, 10.616, 12.232, 13.198, 12.34, 12.139, 11.762, 11.679, 11.555, 11.027, 11.047, 11.619, 11.249, 11.181, 11.695], [1.18, 0.8, 0, 0.93, 2.0, 1.99, 2.11, 2.1, 1.8, 2.04, 2.4, 2.53, 2.4, 2.22, 1.81, 1.65, 1.8, 1.79, 2.1, 2.01, 1.87, 2.01, 1.82, 1.86, 1.49, 1.98, 4.426, 6.514, 6.894, 6.2, 5.509, 6.168, 7.066, 8.269, 8.316, 7.886, 7.461, 6.75, 6.551, 7.478, 7.639, 7.856, 7.248, 7.7, 8.174, 7.99, 8.903, 10.437, 11.702, 11.914, 12.354, 11.969, 11.204, 10.09, 9.604, 9.956, 10.004, 10.043, 10.065, 9.418, 8.254, 8.002, 7.999, 7.878, 7.554, 7.114, 6.729, 6.516, 7.469, 9.392, 10.634, 10.783, 10.754, 12.42, 13.304, 12.493, 12.28, 11.862, 11.781, 11.667, 11.187, 11.199, 11.837, 11.451, 11.416, 11.864], [1.41, 1.03, 0.93, 0, 1.51, 1.54, 1.72, 1.87, 1.81, 2.21, 2.59, 2.66, 2.49, 2.23, 1.6, 1.3, 1.43, 1.46, 1.67, 1.66, 1.54, 1.52, 1.33, 1.41, 1.06, 2.05, 4.334, 6.461, 6.883, 6.26, 5.671, 6.366, 6.983, 8.26, 8.315, 7.979, 7.612, 6.942, 6.785, 7.652, 7.833, 8.013, 7.194, 7.644, 8.068, 7.993, 8.882, 10.414, 11.689, 11.917, 12.312, 11.929, 11.195, 10.182, 9.718, 10.073, 10.078, 10.06, 10.022, 9.429, 8.239, 7.997, 8.116, 8.052, 7.745, 7.305, 6.906, 6.713, 7.586, 9.446, 10.577, 10.73, 10.706, 12.337, 13.303, 12.426, 12.213, 11.84, 11.686, 11.641, 11.079, 11.121, 11.799, 11.393, 11.373, 11.845], [2.1, 1.94, 2.0, 1.51, 0, 0.87, 1.63, 2.2, 2.2, 2.62, 3.04, 3.03, 2.56, 2.46, 2.01, 1.45, 1.54, 1.71, 1.78, 1.87, 1.87, 1.87, 1.52, 1.28, 1.47, 2.48, 4.8, 7.002, 7.348, 6.566, 6.386, 6.938, 7.428, 8.303, 8.32, 8.103, 7.906, 7.355, 7.332, 8.04, 8.187, 8.43, 7.591, 7.847, 8.227, 8.014, 9.068, 10.771, 11.775, 12.009, 12.426, 11.954, 11.383, 10.532, 9.943, 10.107, 10.168, 10.206, 10.103, 9.422, 8.366, 8.286, 8.416, 8.511, 8.376, 7.822, 7.369, 7.135, 8.025, 9.878, 11.086, 11.194, 11.17, 12.733, 13.448, 12.666, 12.383, 12.039, 11.98, 11.864, 11.512, 11.482, 11.963, 11.59, 11.658, 12.04], [1.99, 1.93, 1.99, 1.54, 0.87, 0, 1.22, 1.67, 1.75, 2.37, 2.77, 2.82, 2.35, 2.19, 1.66, 1.42, 1.67, 1.82, 1.83, 1.66, 1.62, 1.68, 1.37, 1.33, 1.3, 2.51, 4.57, 6.66, 7.07, 6.45, 6.22, 6.77, 7.26, 8.181, 8.255, 8.061, 7.87, 7.31, 7.13, 7.876, 8.04, 8.228, 7.34, 7.63, 8.055, 7.908, 8.828, 10.539, 11.733, 11.878, 12.271, 11.825, 11.2, 10.315, 9.882, 10.102, 10.045, 10.09, 9.987, 9.299, 8.24, 7.977, 8.263, 8.33, 8.19, 7.68, 7.19, 6.936, 7.845, 9.644, 10.766, 10.853, 10.876, 12.482, 13.268, 12.415, 12.199, 11.826, 11.712, 11.569, 11.162, 11.177, 11.752, 11.382, 11.372, 11.738], [1.63, 2.03, 2.11, 1.72, 1.63, 1.22, 0, 0.79, 0.93, 1.57, 1.93, 1.86, 1.47, 1.57, 1.28, 1.48, 1.81, 2.16, 2.01, 1.36, 1.28, 1.38, 1.31, 1.65, 1.32, 1.89, 3.75, 5.66, 6.19, 5.53, 5.4, 5.97, 6.41, 7.285, 7.322, 7.161, 7.05, 6.57, 6.37, 7.04, 7.14, 7.319, 6.48, 6.76, 7.142, 6.975, 7.895, 9.696, 10.798, 10.978, 11.364, 10.949, 10.337, 9.504, 9.046, 9.213, 9.209, 9.21, 9.015, 8.343, 7.26, 7.083, 7.313, 7.45, 7.35, 6.82, 6.25, 6.03, 6.94, 8.797, 9.864, 9.992, 10.024, 11.628, 12.352, 11.568, 11.365, 10.928, 10.75, 10.59, 10.212, 10.302, 10.895, 10.456, 10.453, 10.804], [1.66, 2.02, 2.1, 1.87, 2.2, 1.67, 0.79, 0, 0.82, 1.32, 1.52, 1.51, 1.24, 1.34, 1.25, 1.75, 2.2, 2.57, 2.36, 1.37, 1.15, 1.31, 1.42, 1.86, 1.55, 1.66, 3.46, 5.23, 5.66, 5.18, 5.13, 5.68, 5.98, 6.955, 6.959, 6.79, 6.74, 6.3, 6.06, 6.71, 6.83, 6.93, 6.11, 6.49, 6.85, 6.65, 7.56, 9.122, 10.425, 10.542, 10.96, 10.558, 9.821, 8.98, 8.66, 8.93, 9.04, 9.0, 8.77, 8.02, 6.95, 6.66, 6.95, 7.04, 7.08, 6.55, 5.84, 5.58, 6.53, 8.168, 9.258, 9.332, 9.41, 11.053, 11.947, 11.085, 10.943, 10.545, 10.37, 10.21, 9.7, 9.775, 10.457, 10.21, 10.129, 10.489], [1.5, 1.76, 1.8, 1.81, 2.2, 1.75, 0.93, 0.82, 0, 0.98, 1.46, 1.63, 1.54, 1.48, 1.35, 1.61, 1.88, 2.25, 2.08, 1.37, 1.01, 1.27, 1.3, 1.66, 1.43, 1.78, 3.82, 5.55, 5.86, 5.28, 5.07, 5.54, 6.22, 7.44, 7.422, 7.074, 6.82, 6.3, 6.02, 6.746, 6.77, 6.922, 6.43, 6.921, 7.332, 7.132, 8.06, 9.561, 10.842, 11.005, 11.425, 11.043, 10.278, 9.144, 8.916, 9.199, 9.315, 9.32, 9.136, 8.533, 7.33, 6.953, 7.059, 7.04, 6.86, 6.27, 5.72, 5.516, 6.546, 8.35, 9.519, 9.764, 9.789, 11.456, 12.444, 11.539, 11.363, 10.953, 10.779, 10.588, 10.112, 10.225, 10.871, 10.622, 10.519, 10.95], [1.52, 1.86, 2.04, 2.21, 2.62, 2.37, 1.57, 1.32, 0.98, 0, 0.96, 1.33, 1.28, 1.26, 1.47, 1.81, 2.08, 2.41, 2.1, 1.39, 1.19, 1.35, 1.64, 1.88, 1.81, 1.92, 3.88, 5.59, 5.859, 5.096, 5.05, 5.316, 6.154, 7.328, 7.425, 6.914, 6.556, 5.956, 5.619, 6.241, 6.561, 6.712, 6.486, 6.863, 7.252, 7.086, 7.936, 9.527, 10.707, 10.936, 11.375, 10.994, 10.245, 9.05, 8.447, 8.903, 9.185, 9.383, 9.159, 8.42, 7.326, 6.897, 6.735, 6.656, 6.46, 5.869, 5.376, 5.099, 6.269, 8.212, 9.447, 9.706, 9.664, 11.416, 12.357, 11.466, 11.31, 10.919, 10.748, 10.511, 10.087, 10.183, 10.796, 10.544, 10.389, 10.799], [1.9, 2.14, 2.4, 2.59, 3.04, 2.77, 1.93, 1.52, 1.46, 0.96, 0, 0.65, 1.08, 1.28, 1.83, 2.25, 2.52, 2.85, 2.48, 1.65, 1.55, 1.67, 2.0, 2.34, 2.41, 1.9, 3.36, 5.05, 5.399, 4.536, 4.55, 4.816, 5.611, 6.683, 6.802, 6.398, 6.036, 5.436, 5.119, 5.761, 6.081, 6.118, 5.946, 6.361, 6.695, 6.495, 7.193, 8.772, 9.922, 10.285, 10.58, 10.242, 9.487, 8.341, 7.851, 8.343, 8.608, 8.851, 8.581, 7.851, 6.744, 6.351, 6.181, 6.094, 6.06, 5.509, 4.976, 4.611, 5.65, 7.483, 8.715, 8.99, 8.925, 10.718, 11.576, 10.787, 10.624, 10.296, 10.156, 9.918, 9.468, 9.467, 10.039, 9.978, 9.755, 10.109], [2.11, 2.31, 2.53, 2.66, 3.03, 2.82, 1.86, 1.51, 1.63, 1.33, 0.65, 0, 0.85, 1.17, 1.76, 2.3, 2.57, 2.96, 2.71, 1.7, 1.72, 1.84, 2.15, 2.57, 2.6, 1.85, 3.15, 4.88, 5.11, 4.27, 4.32, 4.65, 5.184, 6.168, 6.312, 5.928, 5.75, 5.246, 4.969, 5.611, 5.754, 5.848, 5.596, 5.88, 6.225, 6.005, 6.752, 8.349, 9.443, 9.854, 10.151, 9.811, 9.084, 7.935, 7.601, 7.908, 8.138, 8.361, 8.131, 7.361, 6.336, 5.966, 5.851, 5.95, 6.11, 5.52, 4.806, 4.401, 5.44, 7.182, 8.405, 8.621, 8.53, 10.346, 11.138, 10.305, 10.195, 9.828, 9.708, 9.548, 9.038, 9.077, 9.594, 9.488, 9.325, 9.694], [1.88, 2.14, 2.4, 2.49, 2.56, 2.35, 1.47, 1.24, 1.54, 1.28, 1.08, 0.85, 0, 0.82, 1.51, 2.03, 2.42, 2.83, 2.6, 1.49, 1.47, 1.63, 1.94, 2.28, 2.21, 1.68, 3.44, 5.25, 5.5, 4.68, 4.87, 5.22, 5.554, 6.418, 6.482, 6.126, 6.18, 5.739, 5.539, 6.004, 6.224, 6.284, 5.889, 6.07, 6.404, 6.206, 6.962, 8.596, 9.717, 9.984, 10.351, 9.99, 9.275, 8.325, 7.914, 8.086, 8.328, 8.554, 8.344, 7.534, 6.609, 6.279, 6.229, 6.52, 6.72, 6.13, 5.419, 4.936, 5.81, 7.584, 8.789, 8.946, 8.87, 10.55, 11.349, 10.608, 10.361, 10.045, 9.958, 9.822, 9.371, 9.291, 9.773, 9.638, 9.515, 9.844], [1.74, 1.9, 2.22, 2.23, 2.46, 2.19, 1.57, 1.34, 1.48, 1.26, 1.28, 1.17, 0.82, 0, 0.95, 1.53, 1.96, 2.37, 2.18, 1.23, 1.37, 1.51, 1.76, 1.98, 2.09, 2.02, 3.88, 5.59, 5.859, 5.076, 5.17, 5.516, 5.894, 6.878, 6.897, 6.404, 6.276, 5.916, 5.779, 6.241, 6.484, 6.541, 6.206, 6.404, 6.704, 6.646, 7.476, 9.028, 10.027, 10.266, 10.669, 10.271, 9.552, 8.445, 8.034, 8.321, 8.691, 9.074, 8.864, 8.071, 7.106, 6.736, 6.661, 6.816, 6.96, 6.389, 5.716, 5.274, 6.21, 7.923, 9.206, 9.383, 9.27, 11.001, 11.849, 11.078, 10.85, 10.573, 10.501, 10.341, 9.851, 9.729, 10.284, 10.118, 9.975, 10.341], [1.63, 1.69, 1.81, 1.6, 2.01, 1.66, 1.28, 1.25, 1.35, 1.47, 1.83, 1.76, 1.51, 0.95, 0, 1.12, 1.55, 1.98, 1.81, 1.1, 1.06, 1.2, 1.21, 1.71, 1.46, 2.09, 3.97, 5.66, 5.949, 5.426, 5.3, 5.746, 6.061, 7.201, 7.181, 6.788, 6.606, 6.186, 6.069, 6.668, 6.768, 6.961, 6.236, 6.568, 6.928, 6.923, 7.936, 9.411, 10.537, 10.66, 11.115, 10.641, 9.936, 8.957, 8.598, 8.861, 9.051, 9.221, 9.088, 8.417, 7.294, 6.998, 7.175, 7.221, 7.25, 6.66, 6.006, 5.769, 6.679, 8.444, 9.572, 9.745, 9.704, 11.374, 12.304, 11.432, 11.231, 10.874, 10.772, 10.667, 10.114, 10.159, 10.777, 10.421, 10.392, 10.84], [1.57, 1.49, 1.65, 1.3, 1.45, 1.42, 1.48, 1.75, 1.61, 1.81, 2.25, 2.3, 2.03, 1.53, 1.12, 0, 0.75, 1.08, 0.97, 0.96, 1.34, 1.4, 1.05, 1.11, 1.3, 2.53, 4.43, 6.232, 6.48, 5.737, 5.356, 5.841, 6.716, 7.876, 7.88, 7.378, 6.911, 6.318, 6.275, 6.902, 7.153, 7.401, 6.752, 7.207, 7.683, 7.56, 8.599, 10.127, 11.256, 11.441, 11.844, 11.453, 10.722, 9.548, 8.985, 9.406, 9.591, 9.816, 9.732, 8.985, 7.864, 7.568, 7.586, 7.462, 7.206, 6.676, 6.323, 6.046, 7.073, 9.017, 10.248, 10.436, 10.362, 12.09, 13.006, 12.152, 11.98, 11.586, 11.459, 11.265, 10.793, 10.835, 11.437, 11.085, 10.996, 11.435], [1.94, 1.7, 1.8, 1.43, 1.54, 1.67, 1.81, 2.2, 1.88, 2.08, 2.52, 2.57, 2.42, 1.96, 1.55, 0.75, 0, 0.67, 0.8, 1.31, 1.59, 1.65, 1.3, 1.3, 1.65, 3.02, 4.96, 6.75, 6.922, 6.184, 5.57, 6.052, 7.094, 8.264, 8.316, 7.772, 7.254, 6.621, 6.458, 7.165, 7.427, 7.662, 7.24, 7.596, 8.037, 7.997, 9.017, 10.539, 11.654, 11.843, 12.252, 11.877, 11.139, 9.954, 9.289, 9.785, 9.925, 10.22, 10.135, 9.455, 8.328, 8.0, 7.933, 7.74, 7.3, 6.826, 6.566, 6.329, 7.385, 9.459, 10.65, 10.853, 10.796, 12.531, 13.439, 12.604, 12.403, 12.006, 11.838, 11.685, 11.17, 11.275, 11.874, 11.451, 11.389, 11.891], [1.97, 1.73, 1.79, 1.46, 1.71, 1.82, 2.16, 2.57, 2.25, 2.41, 2.85, 2.96, 2.83, 2.37, 1.98, 1.08, 0.67, 0, 0.75, 1.58, 1.92, 1.9, 1.59, 1.51, 1.88, 3.19, 5.047, 6.899, 7.188, 6.416, 5.76, 6.295, 7.332, 8.526, 8.585, 8.05, 7.547, 6.892, 6.728, 7.441, 7.679, 7.868, 7.405, 7.864, 8.307, 8.288, 9.31, 10.801, 11.88, 12.129, 12.536, 12.17, 11.414, 10.203, 9.601, 10.066, 10.184, 10.484, 10.426, 9.734, 8.587, 8.298, 8.195, 7.996, 7.411, 6.962, 6.736, 6.525, 7.608, 9.684, 10.879, 11.107, 11.075, 12.77, 13.714, 12.861, 12.643, 12.28, 12.077, 11.894, 11.451, 11.532, 12.124, 11.726, 11.694, 12.15], [1.92, 1.88, 2.1, 1.67, 1.78, 1.83, 2.01, 2.36, 2.08, 2.1, 2.48, 2.71, 2.6, 2.18, 1.81, 0.97, 0.8, 0.75, 0, 1.27, 1.69, 1.69, 1.32, 1.44, 1.81, 2.96, 4.8, 6.58, 6.92, 6.127, 5.603, 6.027, 7.057, 8.214, 8.289, 7.751, 7.187, 6.524, 6.312, 6.973, 7.378, 7.556, 7.191, 7.585, 8.02, 7.957, 8.977, 10.529, 11.625, 11.83, 12.26, 11.902, 11.147, 9.936, 9.21, 9.743, 9.835, 10.24, 10.125, 9.384, 8.291, 7.95, 7.876, 7.619, 7.016, 6.64, 6.42, 6.186, 7.292, 9.409, 10.586, 10.834, 10.75, 12.504, 13.412, 12.563, 12.371, 11.975, 11.831, 11.624, 11.192, 11.245, 11.819, 11.418, 11.357, 11.841], [1.69, 1.83, 2.01, 1.66, 1.87, 1.66, 1.36, 1.37, 1.37, 1.39, 1.65, 1.7, 1.49, 1.23, 1.1, 0.96, 1.31, 1.58, 1.27, 0, 0.78, 0.96, 0.97, 1.43, 1.6, 2.31, 3.987, 5.685, 6.043, 5.266, 5.065, 5.426, 6.137, 7.217, 7.359, 6.918, 6.546, 6.006, 5.826, 6.421, 6.604, 6.75, 6.416, 6.762, 7.177, 7.02, 7.95, 9.511, 10.706, 10.914, 11.336, 10.918, 10.195, 9.065, 8.468, 8.901, 9.022, 9.389, 9.222, 8.438, 7.413, 7.007, 6.912, 6.883, 6.835, 6.299, 5.706, 5.457, 6.344, 8.364, 9.536, 9.81, 9.734, 11.484, 12.373, 11.532, 11.307, 10.975, 10.855, 10.647, 10.22, 10.212, 10.788, 10.456, 10.382, 10.828], [1.65, 1.85, 1.87, 1.54, 1.87, 1.62, 1.28, 1.15, 1.01, 1.19, 1.55, 1.72, 1.47, 1.37, 1.06, 1.34, 1.59, 1.92, 1.69, 0.78, 0, 0.54, 0.75, 1.33, 1.16, 1.91, 3.904, 5.648, 5.912, 5.349, 5.245, 5.686, 6.257, 7.492, 7.452, 7.095, 6.946, 6.406, 6.132, 6.838, 6.844, 6.987, 6.496, 6.958, 7.375, 7.151, 8.072, 9.553, 10.85, 10.996, 11.439, 10.982, 10.27, 9.196, 8.96, 9.247, 9.38, 9.374, 9.215, 8.537, 7.37, 6.982, 7.084, 7.106, 7.075, 6.482, 5.849, 5.611, 6.604, 8.291, 9.489, 9.743, 9.786, 11.432, 12.43, 11.52, 11.316, 10.952, 10.758, 10.605, 10.129, 10.22, 10.923, 10.667, 10.56, 10.968], [1.79, 1.93, 2.01, 1.52, 1.87, 1.68, 1.38, 1.31, 1.27, 1.35, 1.67, 1.84, 1.63, 1.51, 1.2, 1.4, 1.65, 1.9, 1.69, 0.96, 0.54, 0, 0.69, 1.29, 1.18, 2.01, 4.004, 5.725, 6.012, 5.509, 5.485, 5.889, 6.437, 7.579, 7.552, 7.198, 7.149, 6.669, 6.392, 7.044, 7.007, 7.078, 6.696, 7.104, 7.478, 7.225, 8.135, 9.57, 10.917, 11.078, 11.437, 10.991, 10.321, 9.289, 9.114, 9.352, 9.522, 9.534, 9.304, 8.614, 7.496, 7.106, 7.244, 7.289, 7.275, 6.662, 6.029, 5.754, 6.665, 8.385, 9.517, 9.815, 9.825, 11.526, 12.463, 11.587, 11.478, 11.067, 10.855, 10.64, 10.227, 10.287, 10.995, 10.772, 10.647, 11.03], [1.84, 1.84, 1.82, 1.33, 1.52, 1.37, 1.31, 1.42, 1.3, 1.64, 2.0, 2.15, 1.94, 1.76, 1.21, 1.05, 1.3, 1.59, 1.32, 0.97, 0.75, 0.69, 0, 0.9, 1.01, 2.2, 4.114, 5.912, 6.31, 5.696, 5.529, 6.053, 6.687, 7.829, 7.802, 7.468, 7.333, 6.813, 6.53, 7.214, 7.197, 7.377, 6.886, 7.337, 7.745, 7.512, 8.395, 9.903, 11.211, 11.368, 11.738, 11.324, 10.617, 9.579, 9.341, 9.577, 9.727, 9.784, 9.552, 8.873, 7.76, 7.324, 7.422, 7.49, 7.399, 6.846, 6.216, 6.012, 6.934, 8.7, 9.849, 10.121, 10.138, 11.856, 12.761, 11.931, 11.787, 11.372, 11.165, 10.917, 10.51, 10.617, 11.286, 11.037, 10.891, 11.297], [1.84, 1.7, 1.86, 1.41, 1.28, 1.33, 1.65, 1.86, 1.66, 1.88, 2.34, 2.57, 2.28, 1.98, 1.71, 1.11, 1.3, 1.51, 1.44, 1.43, 1.33, 1.29, 0.9, 0, 0.99, 2.4, 4.414, 6.396, 6.895, 6.03, 6.043, 6.45, 7.267, 8.434, 8.422, 7.985, 7.684, 7.13, 6.951, 7.678, 7.785, 7.977, 7.406, 7.934, 8.317, 8.032, 9.001, 10.603, 11.82, 12.033, 12.406, 11.964, 11.299, 10.199, 9.741, 10.054, 10.267, 10.301, 10.146, 9.46, 8.278, 7.947, 7.877, 7.918, 7.736, 7.203, 6.735, 6.561, 7.472, 9.327, 10.512, 10.809, 10.802, 12.499, 13.418, 12.497, 12.345, 11.907, 11.717, 11.497, 11.13, 11.278, 11.846, 11.629, 11.491, 11.868], [1.59, 1.51, 1.49, 1.06, 1.47, 1.3, 1.32, 1.55, 1.43, 1.81, 2.41, 2.6, 2.21, 2.09, 1.46, 1.3, 1.65, 1.88, 1.81, 1.6, 1.16, 1.18, 1.01, 0.99, 0, 1.87, 4.11, 6.209, 6.608, 6.057, 5.89, 6.457, 7.051, 8.136, 8.189, 7.95, 7.691, 7.157, 6.978, 7.725, 7.792, 7.915, 7.114, 7.612, 8.001, 7.835, 8.756, 10.38, 11.668, 11.793, 12.184, 11.756, 11.091, 10.1, 9.788, 10.012, 10.034, 10.068, 9.91, 9.227, 8.041, 7.665, 7.918, 7.985, 7.763, 7.23, 6.737, 6.548, 7.459, 9.269, 10.362, 10.613, 10.639, 12.263, 13.192, 12.332, 12.188, 11.757, 11.525, 11.279, 10.858, 10.994, 11.7, 11.338, 11.252, 11.663], [1.8, 1.88, 1.98, 2.05, 2.48, 2.51, 1.89, 1.66, 1.78, 1.92, 1.9, 1.85, 1.68, 2.02, 2.09, 2.53, 3.02, 3.19, 2.96, 2.31, 1.91, 2.01, 2.2, 2.4, 1.87, 0, 2.94, 5.144, 5.558, 4.947, 4.844, 5.431, 5.918, 6.862, 6.836, 6.577, 6.564, 5.988, 5.925, 6.652, 6.755, 6.972, 6.044, 6.409, 6.826, 6.602, 7.576, 9.219, 10.263, 10.45, 10.922, 10.536, 9.858, 9.016, 8.558, 8.734, 8.824, 8.592, 8.557, 7.852, 6.662, 6.535, 6.808, 6.938, 6.79, 6.244, 5.756, 5.579, 6.472, 8.154, 9.318, 9.472, 9.506, 11.068, 11.883, 11.031, 10.838, 10.401, 10.272, 10.175, 9.777, 9.829, 10.373, 10.114, 10.088, 10.496], [4.146, 4.326, 4.426, 4.334, 4.8, 4.57, 3.75, 3.46, 3.82, 3.88, 3.36, 3.15, 3.44, 3.88, 3.97, 4.43, 4.96, 5.047, 4.8, 3.987, 3.904, 4.004, 4.114, 4.414, 4.11, 2.94, 0, 2.43, 3.0, 2.38, 2.41, 3.0, 3.42, 4.33, 4.316, 4.17, 4.16, 3.64, 3.52, 4.21, 4.27, 4.41, 3.47, 3.83, 4.21, 3.97, 4.89, 6.627, 7.82, 7.94, 8.302, 7.883, 7.238, 6.51, 6.16, 6.33, 6.38, 6.24, 6.01, 5.38, 4.21, 4.02, 4.25, 4.44, 4.3, 3.77, 3.22, 3.12, 3.99, 5.648, 6.683, 6.846, 6.96, 8.522, 9.337, 8.502, 8.36, 7.903, 7.637, 7.41, 7.038, 7.217, 7.87, 7.59, 7.55, 7.89], [6.303, 6.432, 6.514, 6.461, 7.002, 6.66, 5.66, 5.23, 5.55, 5.59, 5.05, 4.88, 5.25, 5.59, 5.66, 6.232, 6.75, 6.899, 6.58, 5.685, 5.648, 5.725, 5.912, 6.396, 6.209, 5.144, 2.43, 0, 0.95, 1.19, 1.68, 1.67, 1.65, 2.32, 2.19, 2.02, 2.03, 1.93, 1.81, 2.2, 2.04, 2.16, 1.42, 2.02, 2.32, 1.96, 2.88, 4.35, 5.67, 5.786, 6.169, 5.766, 5.016, 4.26, 4.03, 4.24, 4.29, 4.15, 3.96, 3.35, 2.16, 1.91, 2.14, 2.25, 2.15, 1.78, 1.61, 2.15, 1.94, 3.36, 4.26, 4.54, 4.71, 6.21, 7.18, 6.27, 6.1, 5.66, 5.42, 5.24, 4.81, 4.94, 5.72, 5.5, 5.4, 5.78], [6.696, 6.791, 6.894, 6.883, 7.348, 7.07, 6.19, 5.66, 5.86, 5.859, 5.399, 5.11, 5.5, 5.859, 5.949, 6.48, 6.922, 7.188, 6.92, 6.043, 5.912, 6.012, 6.31, 6.895, 6.608, 5.558, 3.0, 0.95, 0, 1.08, 1.59, 1.26, 1.16, 1.81, 1.86, 1.57, 1.56, 1.7, 1.54, 1.91, 1.59, 1.65, 0.91, 1.67, 1.85, 1.61, 2.41, 3.9, 5.199, 5.296, 5.719, 5.376, 4.606, 3.57, 3.4, 3.63, 3.7, 3.58, 3.47, 2.78, 1.57, 1.32, 1.69, 1.7, 1.78, 1.49, 1.16, 1.74, 1.41, 2.75, 3.87, 4.11, 4.1, 5.78, 6.721, 5.857, 5.701, 5.25, 5.07, 4.89, 4.4, 4.504, 5.21, 4.97, 4.81, 5.23], [5.824, 5.996, 6.2, 6.26, 6.566, 6.45, 5.53, 5.18, 5.28, 5.096, 4.536, 4.27, 4.68, 5.076, 5.426, 5.737, 6.184, 6.416, 6.127, 5.266, 5.349, 5.509, 5.696, 6.03, 6.057, 4.947, 2.38, 1.19, 1.08, 0, 0.99, 1.06, 1.44, 2.569, 2.68, 2.17, 1.92, 1.76, 1.64, 2.11, 2.13, 2.35, 1.65, 2.15, 2.51, 2.31, 3.17, 4.78, 5.959, 6.176, 6.599, 6.236, 5.506, 4.39, 3.9, 4.11, 4.36, 4.44, 4.27, 3.571, 2.37, 2.02, 2.05, 2.14, 2.16, 1.63, 1.14, 1.5, 1.79, 3.55, 4.73, 4.988, 4.94, 6.638, 7.581, 6.657, 6.501, 6.067, 5.847, 5.693, 5.255, 5.41, 5.998, 5.73, 5.55, 6.01], [5.39, 5.43, 5.509, 5.671, 6.386, 6.22, 5.4, 5.13, 5.07, 5.05, 4.55, 4.32, 4.87, 5.17, 5.3, 5.356, 5.57, 5.76, 5.603, 5.065, 5.245, 5.485, 5.529, 6.043, 5.89, 4.844, 2.41, 1.68, 1.59, 0.99, 0, 0.85, 1.83, 3.142, 3.266, 2.72, 2.23, 1.79, 1.65, 2.28, 2.32, 2.6, 2.04, 2.596, 3.027, 2.92, 3.78, 5.338, 6.552, 6.749, 7.212, 6.879, 6.039, 4.853, 4.31, 4.72, 4.73, 4.867, 4.806, 4.142, 2.949, 2.65, 2.64, 2.53, 2.21, 1.88, 1.47, 1.55, 2.08, 4.1, 5.32, 5.521, 5.47, 7.199, 8.174, 7.259, 7.109, 6.663, 6.5, 6.366, 5.867, 5.972, 6.572, 6.183, 6.052, 6.554], [5.88, 5.996, 6.168, 6.366, 6.938, 6.77, 5.97, 5.68, 5.54, 5.316, 4.816, 4.65, 5.22, 5.516, 5.746, 5.841, 6.052, 6.295, 6.027, 5.426, 5.686, 5.889, 6.053, 6.45, 6.457, 5.431, 3.0, 1.67, 1.26, 1.06, 0.85, 0, 1.34, 2.672, 2.776, 2.15, 1.78, 1.42, 1.22, 1.73, 1.77, 1.97, 1.61, 2.09, 2.497, 2.43, 3.25, 4.808, 6.022, 6.219, 6.682, 6.349, 5.509, 4.28, 3.66, 4.097, 4.173, 4.317, 4.276, 3.592, 2.459, 2.12, 2.03, 1.84, 1.72, 1.31, 1.24, 1.5, 1.49, 3.51, 4.75, 4.964, 4.932, 6.669, 7.644, 6.729, 6.559, 6.133, 5.97, 5.796, 5.337, 5.442, 6.042, 5.653, 5.522, 6.024], [6.675, 6.772, 7.066, 6.983, 7.428, 7.26, 6.41, 5.98, 6.22, 6.154, 5.611, 5.184, 5.554, 5.894, 6.061, 6.716, 7.094, 7.332, 7.057, 6.137, 6.257, 6.437, 6.687, 7.267, 7.051, 5.918, 3.42, 1.65, 1.16, 1.44, 1.83, 1.34, 0, 1.49, 1.84, 1.49, 1.6, 1.7, 1.7, 1.55, 1.43, 1.47, 1.21, 1.17, 1.41, 1.63, 2.25, 3.64, 4.82, 5.034, 5.512, 5.177, 4.39, 3.41, 3.02, 3.21, 3.34, 3.42, 3.25, 2.58, 1.75, 1.58, 1.85, 1.96, 2.2, 1.89, 1.44, 1.62, 1.45, 2.79, 3.91, 4.05, 3.94, 5.532, 6.507, 5.66, 5.424, 5.067, 5.01, 4.91, 4.36, 4.362, 4.95, 4.61, 4.59, 5.03], [7.839, 8.04, 8.269, 8.26, 8.303, 8.181, 7.285, 6.955, 7.44, 7.328, 6.683, 6.168, 6.418, 6.878, 7.201, 7.876, 8.264, 8.526, 8.214, 7.217, 7.492, 7.579, 7.829, 8.434, 8.136, 6.862, 4.33, 2.32, 1.81, 2.569, 3.142, 2.672, 1.49, 0, 0.83, 1.52, 1.95, 2.33, 2.65, 2.26, 2.14, 1.92, 1.64, 1.34, 1.28, 1.32, 1.78, 3.05, 3.95, 4.25, 4.63, 4.19, 3.58, 3.16, 3.21, 2.96, 3.01, 3.05, 2.88, 2.13, 1.66, 1.75, 2.12, 2.45, 2.81, 2.72, 2.45, 2.73, 1.98, 2.68, 3.5, 3.58, 3.67, 5.13, 5.68, 5.03, 4.88, 4.52, 4.48, 4.22, 3.85, 3.84, 4.44, 4.24, 4.38, 4.66], [7.907, 8.118, 8.316, 8.315, 8.32, 8.255, 7.322, 6.959, 7.422, 7.425, 6.802, 6.312, 6.482, 6.897, 7.181, 7.88, 8.316, 8.585, 8.289, 7.359, 7.452, 7.552, 7.802, 8.422, 8.189, 6.836, 4.316, 2.19, 1.86, 2.68, 3.266, 2.776, 1.84, 0.83, 0, 1.19, 1.82, 2.32, 2.6, 2.21, 2.05, 1.95, 1.67, 1.53, 1.33, 1.13, 1.69, 2.8, 3.76, 3.9, 4.4, 3.94, 3.29, 2.95, 3.0, 2.75, 2.74, 2.7, 2.55, 1.9, 1.49, 1.5, 1.81, 2.12, 2.52, 2.53, 2.6, 2.84, 2.05, 2.31, 3.23, 3.27, 3.5, 4.8, 5.45, 4.8, 4.57, 4.17, 4.13, 3.97, 3.6, 3.53, 4.23, 4.03, 4.15, 4.39], [7.432, 7.676, 7.886, 7.979, 8.103, 8.061, 7.161, 6.79, 7.074, 6.914, 6.398, 5.928, 6.126, 6.404, 6.788, 7.378, 7.772, 8.05, 7.751, 6.918, 7.095, 7.198, 7.468, 7.985, 7.95, 6.577, 4.17, 2.02, 1.57, 2.17, 2.72, 2.15, 1.49, 1.52, 1.19, 0, 1.05, 1.67, 1.97, 1.6, 1.46, 1.56, 1.52, 1.48, 1.48, 1.3, 1.86, 3.17, 4.09, 4.35, 4.802, 4.49, 3.66, 2.78, 2.39, 2.32, 2.73, 2.89, 2.72, 2.03, 1.4, 1.27, 1.18, 1.49, 1.97, 1.98, 2.11, 2.47, 1.68, 2.24, 3.48, 3.62, 3.57, 5.168, 5.946, 5.159, 4.94, 4.506, 4.52, 4.42, 3.95, 3.96, 4.44, 4.18, 4.22, 4.6], [6.899, 7.122, 7.461, 7.612, 7.906, 7.87, 7.05, 6.74, 6.82, 6.556, 6.036, 5.75, 6.18, 6.276, 6.606, 6.911, 7.254, 7.547, 7.187, 6.546, 6.946, 7.149, 7.333, 7.684, 7.691, 6.564, 4.16, 2.03, 1.56, 1.92, 2.23, 1.78, 1.6, 1.95, 1.82, 1.05, 0, 1.0, 1.42, 1.43, 1.49, 1.73, 1.59, 1.89, 2.05, 2.01, 2.61, 3.76, 4.74, 5.014, 5.517, 5.217, 4.37, 3.27, 2.6, 2.75, 3.04, 3.44, 3.384, 2.692, 1.93, 1.74, 1.55, 1.46, 1.84, 1.79, 1.98, 2.46, 1.87, 2.79, 4.05, 4.23, 4.12, 5.729, 6.667, 5.84, 5.624, 5.227, 5.19, 5.093, 4.555, 4.559, 5.104, 4.69, 4.656, 5.19], [6.159, 6.398, 6.75, 6.942, 7.355, 7.31, 6.57, 6.3, 6.3, 5.956, 5.436, 5.246, 5.739, 5.916, 6.186, 6.318, 6.621, 6.892, 6.524, 6.006, 6.406, 6.669, 6.813, 7.13, 7.157, 5.988, 3.64, 1.93, 1.7, 1.76, 1.79, 1.42, 1.7, 2.33, 2.32, 1.67, 1.0, 0, 0.82, 1.29, 1.69, 1.95, 1.69, 2.11, 2.51, 2.33, 3.09, 4.5, 5.577, 5.837, 6.34, 6.04, 5.19, 4.048, 3.16, 3.553, 3.76, 4.054, 4.067, 3.394, 2.47, 2.28, 1.99, 1.8, 1.86, 1.67, 1.98, 2.36, 1.97, 3.47, 4.79, 4.95, 4.86, 6.452, 7.39, 6.563, 6.347, 5.95, 5.913, 5.816, 5.269, 5.282, 5.827, 5.413, 5.379, 5.916], [6.06, 6.316, 6.551, 6.785, 7.332, 7.13, 6.37, 6.06, 6.02, 5.619, 5.119, 4.969, 5.539, 5.779, 6.069, 6.275, 6.458, 6.728, 6.312, 5.826, 6.132, 6.392, 6.53, 6.951, 6.978, 5.925, 3.52, 1.81, 1.54, 1.64, 1.65, 1.22, 1.7, 2.65, 2.6, 1.97, 1.42, 0.82, 0, 1.13, 1.69, 1.95, 1.73, 2.25, 2.65, 2.37, 3.11, 4.598, 5.806, 6.052, 6.517, 6.197, 5.347, 4.151, 3.277, 3.804, 3.932, 4.212, 4.144, 3.457, 2.47, 2.22, 2.07, 1.86, 1.64, 1.59, 1.72, 2.06, 1.79, 3.45, 4.788, 4.914, 4.818, 6.555, 7.447, 6.617, 6.407, 5.99, 5.933, 5.799, 5.292, 5.325, 5.907, 5.473, 5.402, 5.913], [6.99, 7.122, 7.478, 7.652, 8.04, 7.876, 7.04, 6.71, 6.746, 6.241, 5.761, 5.611, 6.004, 6.241, 6.668, 6.902, 7.165, 7.441, 6.973, 6.421, 6.838, 7.044, 7.214, 7.678, 7.725, 6.652, 4.21, 2.2, 1.91, 2.11, 2.28, 1.73, 1.55, 2.26, 2.21, 1.6, 1.43, 1.29, 1.13, 0, 1.14, 1.38, 1.68, 2.0, 2.26, 2.3, 2.7, 3.89, 5.007, 5.193, 5.619, 5.302, 4.523, 3.42, 2.63, 3.16, 3.15, 3.65, 3.48, 2.75, 2.22, 1.99, 1.84, 1.77, 1.87, 1.9, 2.03, 2.17, 1.7, 2.74, 4.02, 4.164, 4.074, 5.785, 6.723, 5.856, 5.632, 5.26, 5.166, 5.029, 4.482, 4.535, 5.094, 4.706, 4.612, 5.129], [7.36, 7.492, 7.639, 7.833, 8.187, 8.04, 7.14, 6.83, 6.77, 6.561, 6.081, 5.754, 6.224, 6.484, 6.768, 7.153, 7.427, 7.679, 7.378, 6.604, 6.844, 7.007, 7.197, 7.785, 7.792, 6.755, 4.27, 2.04, 1.59, 2.13, 2.32, 1.77, 1.43, 2.14, 2.05, 1.46, 1.49, 1.69, 1.69, 1.14, 0, 0.68, 1.24, 1.76, 1.98, 2.16, 2.3, 3.31, 4.464, 4.65, 5.076, 4.759, 4.1, 2.92, 2.63, 2.86, 2.91, 3.07, 2.92, 2.37, 2.06, 1.69, 1.64, 1.63, 1.97, 2.0, 1.85, 2.09, 1.66, 2.44, 3.4, 3.58, 3.51, 5.239, 6.18, 5.299, 5.089, 4.703, 4.56, 4.366, 3.907, 3.992, 4.552, 4.22, 4.132, 4.6], [7.545, 7.72, 7.856, 8.013, 8.43, 8.228, 7.319, 6.93, 6.922, 6.712, 6.118, 5.848, 6.284, 6.541, 6.961, 7.401, 7.662, 7.868, 7.556, 6.75, 6.987, 7.078, 7.377, 7.977, 7.915, 6.972, 4.41, 2.16, 1.65, 2.35, 2.6, 1.97, 1.47, 1.92, 1.95, 1.56, 1.73, 1.95, 1.95, 1.38, 0.68, 0, 1.24, 1.76, 1.82, 1.94, 2.12, 3.087, 4.264, 4.49, 4.936, 4.579, 3.96, 2.84, 2.71, 2.92, 2.93, 3.19, 2.96, 2.39, 2.06, 1.71, 1.66, 1.75, 1.97, 1.96, 1.85, 2.11, 1.44, 2.4, 3.28, 3.44, 3.33, 5.039, 5.988, 5.139, 4.929, 4.583, 4.46, 4.24, 3.79, 3.792, 4.392, 4.06, 3.96, 4.44], [7.002, 7.08, 7.248, 7.194, 7.591, 7.34, 6.48, 6.11, 6.43, 6.486, 5.946, 5.596, 5.889, 6.206, 6.236, 6.752, 7.24, 7.405, 7.191, 6.416, 6.496, 6.696, 6.886, 7.406, 7.114, 6.044, 3.47, 1.42, 0.91, 1.65, 2.04, 1.61, 1.21, 1.64, 1.67, 1.52, 1.59, 1.69, 1.73, 1.68, 1.24, 1.24, 0, 1.22, 1.38, 1.42, 2.16, 3.503, 4.694, 4.905, 5.279, 4.899, 4.193, 3.3, 3.05, 3.2, 3.21, 3.25, 3.16, 2.53, 1.66, 1.43, 1.88, 1.89, 1.97, 1.72, 1.51, 2.01, 1.54, 2.76, 3.735, 3.853, 3.89, 5.465, 6.395, 5.545, 5.335, 4.975, 4.773, 4.644, 4.131, 4.195, 4.847, 4.476, 4.456, 4.887], [7.296, 7.48, 7.7, 7.644, 7.847, 7.63, 6.76, 6.49, 6.921, 6.863, 6.361, 5.88, 6.07, 6.404, 6.568, 7.207, 7.596, 7.864, 7.585, 6.762, 6.958, 7.104, 7.337, 7.934, 7.612, 6.409, 3.83, 2.02, 1.67, 2.15, 2.596, 2.09, 1.17, 1.34, 1.53, 1.48, 1.89, 2.11, 2.25, 2.0, 1.76, 1.76, 1.22, 0, 0.72, 1.1, 1.84, 3.34, 4.348, 4.525, 4.94, 4.55, 3.88, 3.32, 2.91, 2.86, 2.97, 3.09, 2.9, 2.33, 1.66, 1.51, 1.98, 2.19, 2.41, 2.14, 1.93, 2.07, 1.56, 2.88, 3.8, 3.84, 3.95, 5.383, 6.091, 5.358, 5.153, 4.751, 4.62, 4.498, 4.028, 4.12, 4.74, 4.26, 4.4, 4.8], [7.757, 7.911, 8.174, 8.068, 8.227, 8.055, 7.142, 6.85, 7.332, 7.252, 6.695, 6.225, 6.404, 6.704, 6.928, 7.683, 8.037, 8.307, 8.02, 7.177, 7.375, 7.478, 7.745, 8.317, 8.001, 6.826, 4.21, 2.32, 1.85, 2.51, 3.027, 2.497, 1.41, 1.28, 1.33, 1.48, 2.05, 2.51, 2.65, 2.26, 1.98, 1.82, 1.38, 0.72, 0, 0.8, 1.48, 3.01, 3.93, 4.025, 4.445, 4.022, 3.4, 2.98, 2.61, 2.62, 2.71, 2.75, 2.54, 1.91, 1.34, 1.31, 1.88, 2.01, 2.35, 2.22, 2.15, 2.45, 1.62, 2.62, 3.48, 3.5, 3.63, 5.043, 5.675, 5.023, 4.76, 4.36, 4.28, 4.1, 3.67, 3.78, 4.4, 4.0, 4.14, 4.48], [7.6, 7.829, 7.99, 7.993, 8.014, 7.908, 6.975, 6.65, 7.132, 7.086, 6.495, 6.005, 6.206, 6.646, 6.923, 7.56, 7.997, 8.288, 7.957, 7.02, 7.151, 7.225, 7.512, 8.032, 7.835, 6.602, 3.97, 1.96, 1.61, 2.31, 2.92, 2.43, 1.63, 1.32, 1.13, 1.3, 2.01, 2.33, 2.37, 2.3, 2.16, 1.94, 1.42, 1.1, 0.8, 0, 1.34, 3.017, 4.07, 4.23, 4.625, 4.185, 3.564, 3.02, 2.75, 2.76, 2.83, 2.83, 2.6, 1.87, 1.14, 1.17, 1.6, 1.89, 2.15, 2.02, 2.03, 2.39, 1.46, 2.4, 3.413, 3.52, 3.61, 5.08, 5.7, 5.02, 4.76, 4.32, 4.28, 4.14, 3.77, 3.8, 4.4, 4.14, 4.24, 4.5], [8.604, 8.794, 8.903, 8.882, 9.068, 8.828, 7.895, 7.56, 8.06, 7.936, 7.193, 6.752, 6.962, 7.476, 7.936, 8.599, 9.017, 9.31, 8.977, 7.95, 8.072, 8.135, 8.395, 9.001, 8.756, 7.576, 4.89, 2.88, 2.41, 3.17, 3.78, 3.25, 2.25, 1.78, 1.69, 1.86, 2.61, 3.09, 3.11, 2.7, 2.3, 2.12, 2.16, 1.84, 1.48, 1.34, 0, 1.97, 3.09, 3.29, 3.611, 3.199, 2.6, 2.04, 2.07, 2.14, 2.07, 2.05, 1.82, 1.11, 1.22, 1.43, 1.7, 1.93, 2.55, 2.82, 2.89, 3.13, 2.04, 1.54, 2.34, 2.46, 2.41, 3.99, 4.62, 3.97, 3.84, 3.44, 3.4, 3.18, 2.89, 2.86, 3.34, 3.24, 3.22, 3.38], [10.154, 10.326, 10.437, 10.414, 10.771, 10.539, 9.696, 9.122, 9.561, 9.527, 8.772, 8.349, 8.596, 9.028, 9.411, 10.127, 10.539, 10.801, 10.529, 9.511, 9.553, 9.57, 9.903, 10.603, 10.38, 9.219, 6.627, 4.35, 3.9, 4.78, 5.338, 4.808, 3.64, 3.05, 2.8, 3.17, 3.76, 4.5, 4.598, 3.89, 3.31, 3.087, 3.503, 3.34, 3.01, 3.017, 1.97, 0, 1.66, 1.94, 2.06, 1.76, 1.33, 1.45, 2.2, 1.85, 1.7, 1.62, 1.71, 1.76, 2.77, 2.92, 3.13, 3.22, 3.98, 4.335, 4.408, 4.631, 3.484, 1.63, 1.49, 1.33, 1.46, 2.38, 3.19, 2.6, 2.59, 2.25, 2.21, 2.39, 2.1, 1.99, 2.39, 2.41, 2.43, 2.61], [11.316, 11.52, 11.702, 11.689, 11.775, 11.733, 10.798, 10.425, 10.842, 10.707, 9.922, 9.443, 9.717, 10.027, 10.537, 11.256, 11.654, 11.88, 11.625, 10.706, 10.85, 10.917, 11.211, 11.82, 11.668, 10.263, 7.82, 5.67, 5.199, 5.959, 6.552, 6.022, 4.82, 3.95, 3.76, 4.09, 4.74, 5.577, 5.806, 5.007, 4.464, 4.264, 4.694, 4.348, 3.93, 4.07, 3.09, 1.66, 0, 0.9, 1.06, 1.3, 1.33, 1.99, 2.9, 2.27, 2.08, 1.96, 2.03, 2.74, 3.81, 4.1, 4.223, 4.45, 5.193, 5.589, 5.662, 5.865, 4.698, 2.775, 1.77, 1.63, 1.36, 1.92, 2.37, 2.1, 1.91, 1.65, 1.73, 1.79, 1.94, 1.69, 1.55, 1.67, 1.79, 1.91], [11.576, 11.719, 11.914, 11.917, 12.009, 11.878, 10.978, 10.542, 11.005, 10.936, 10.285, 9.854, 9.984, 10.266, 10.66, 11.441, 11.843, 12.129, 11.83, 10.914, 10.996, 11.078, 11.368, 12.033, 11.793, 10.45, 7.94, 5.786, 5.296, 6.176, 6.749, 6.219, 5.034, 4.25, 3.9, 4.35, 5.014, 5.837, 6.052, 5.193, 4.65, 4.49, 4.905, 4.525, 4.025, 4.23, 3.29, 1.94, 0.9, 0, 0.8, 1.24, 1.31, 2.25, 3.06, 2.51, 2.26, 2.12, 2.15, 2.84, 3.91, 4.253, 4.443, 4.63, 5.393, 5.783, 5.856, 6.082, 4.895, 3.01, 2.13, 1.83, 1.76, 1.66, 2.09, 1.86, 1.61, 1.43, 1.55, 1.63, 1.88, 1.61, 1.53, 1.53, 1.55, 1.69], [12.057, 12.186, 12.354, 12.312, 12.426, 12.271, 11.364, 10.96, 11.425, 11.375, 10.58, 10.151, 10.351, 10.669, 11.115, 11.844, 12.252, 12.536, 12.26, 11.336, 11.439, 11.437, 11.738, 12.406, 12.184, 10.922, 8.302, 6.169, 5.719, 6.599, 7.212, 6.682, 5.512, 4.63, 4.4, 4.802, 5.517, 6.34, 6.517, 5.619, 5.076, 4.936, 5.279, 4.94, 4.445, 4.625, 3.611, 2.06, 1.06, 0.8, 0, 0.98, 1.37, 2.53, 3.44, 2.99, 2.7, 2.68, 2.59, 3.24, 4.39, 4.676, 4.906, 5.053, 5.816, 6.22, 6.293, 6.493, 5.318, 3.255, 2.15, 1.91, 1.88, 1.74, 2.01, 1.78, 1.73, 1.55, 1.57, 1.73, 1.76, 1.65, 1.57, 1.75, 1.81, 1.91], [11.711, 11.809, 11.969, 11.929, 11.954, 11.825, 10.949, 10.558, 11.043, 10.994, 10.242, 9.811, 9.99, 10.271, 10.641, 11.453, 11.877, 12.17, 11.902, 10.918, 10.982, 10.991, 11.324, 11.964, 11.756, 10.536, 7.883, 5.766, 5.376, 6.236, 6.879, 6.349, 5.177, 4.19, 3.94, 4.49, 5.217, 6.04, 6.197, 5.302, 4.759, 4.579, 4.899, 4.55, 4.022, 4.185, 3.199, 1.76, 1.3, 1.24, 0.98, 0, 1.09, 2.25, 3.14, 2.71, 2.46, 2.3, 2.37, 2.82, 4.03, 4.313, 4.503, 4.747, 5.473, 5.886, 5.959, 6.182, 4.995, 2.912, 2.07, 1.73, 1.78, 2.06, 2.53, 2.08, 2.01, 1.81, 1.69, 1.89, 1.86, 1.81, 2.01, 2.15, 2.17, 2.21], [10.899, 11.073, 11.204, 11.195, 11.383, 11.2, 10.337, 9.821, 10.278, 10.245, 9.487, 9.084, 9.275, 9.552, 9.936, 10.722, 11.139, 11.414, 11.147, 10.195, 10.27, 10.321, 10.617, 11.299, 11.091, 9.858, 7.238, 5.016, 4.606, 5.506, 6.039, 5.509, 4.39, 3.58, 3.29, 3.66, 4.37, 5.19, 5.347, 4.523, 4.1, 3.96, 4.193, 3.88, 3.4, 3.564, 2.6, 1.33, 1.33, 1.31, 1.37, 1.09, 0, 1.46, 2.35, 1.88, 1.67, 1.85, 1.94, 2.23, 3.34, 3.61, 3.8, 3.937, 4.683, 5.096, 5.169, 5.372, 4.205, 2.182, 1.56, 1.34, 1.49, 2.31, 2.88, 2.33, 2.32, 2.04, 1.98, 2.2, 1.97, 1.88, 2.18, 2.34, 2.32, 2.48], [9.83, 9.959, 10.09, 10.182, 10.532, 10.315, 9.504, 8.98, 9.144, 9.05, 8.341, 7.935, 8.325, 8.445, 8.957, 9.548, 9.954, 10.203, 9.936, 9.065, 9.196, 9.289, 9.579, 10.199, 10.1, 9.016, 6.51, 4.26, 3.57, 4.39, 4.853, 4.28, 3.41, 3.16, 2.95, 2.78, 3.27, 4.048, 4.151, 3.42, 2.92, 2.84, 3.3, 3.32, 2.98, 3.02, 2.04, 1.45, 1.99, 2.25, 2.53, 2.25, 1.46, 0, 1.25, 1.08, 1.35, 1.77, 1.84, 1.71, 2.5, 2.61, 2.66, 2.69, 3.377, 3.77, 3.923, 4.145, 3.078, 1.56, 1.72, 1.78, 1.49, 3.07, 3.8, 3.13, 3.08, 2.72, 2.82, 2.74, 2.53, 2.52, 2.68, 2.68, 2.5, 2.84], [9.076, 9.208, 9.604, 9.718, 9.943, 9.882, 9.046, 8.66, 8.916, 8.447, 7.851, 7.601, 7.914, 8.034, 8.598, 8.985, 9.289, 9.601, 9.21, 8.468, 8.96, 9.114, 9.341, 9.741, 9.788, 8.558, 6.16, 4.03, 3.4, 3.9, 4.31, 3.66, 3.02, 3.21, 3.0, 2.39, 2.6, 3.16, 3.277, 2.63, 2.63, 2.71, 3.05, 2.91, 2.61, 2.75, 2.07, 2.2, 2.9, 3.06, 3.44, 3.14, 2.35, 1.25, 0, 0.93, 1.26, 1.86, 1.89, 1.5, 2.15, 2.3, 2.03, 1.98, 2.615, 3.05, 3.42, 3.62, 2.669, 1.91, 2.61, 2.65, 2.48, 3.9, 4.65, 3.86, 3.65, 3.29, 3.35, 3.33, 3.08, 3.29, 3.53, 3.07, 3.07, 3.57], [9.414, 9.686, 9.956, 10.073, 10.107, 10.102, 9.213, 8.93, 9.199, 8.903, 8.343, 7.908, 8.086, 8.321, 8.861, 9.406, 9.785, 10.066, 9.743, 8.901, 9.247, 9.352, 9.577, 10.054, 10.012, 8.734, 6.33, 4.24, 3.63, 4.11, 4.72, 4.097, 3.21, 2.96, 2.75, 2.32, 2.75, 3.553, 3.804, 3.16, 2.86, 2.92, 3.2, 2.86, 2.62, 2.76, 2.14, 1.85, 2.27, 2.51, 2.99, 2.71, 1.88, 1.08, 0.93, 0, 0.91, 1.45, 1.74, 1.43, 2.28, 2.43, 2.34, 2.508, 3.171, 3.564, 3.87, 4.06, 2.979, 1.88, 2.28, 2.28, 2.09, 3.45, 4.16, 3.45, 3.22, 2.82, 2.96, 2.9, 2.77, 2.92, 3.1, 2.54, 2.64, 3.12], [9.626, 9.741, 10.004, 10.078, 10.168, 10.045, 9.209, 9.04, 9.315, 9.185, 8.608, 8.138, 8.328, 8.691, 9.051, 9.591, 9.925, 10.184, 9.835, 9.022, 9.38, 9.522, 9.727, 10.267, 10.034, 8.824, 6.38, 4.29, 3.7, 4.36, 4.73, 4.173, 3.34, 3.01, 2.74, 2.73, 3.04, 3.76, 3.932, 3.15, 2.91, 2.93, 3.21, 2.97, 2.71, 2.83, 2.07, 1.7, 2.08, 2.26, 2.7, 2.46, 1.67, 1.35, 1.26, 0.91, 0, 1.02, 1.29, 1.32, 2.33, 2.5, 2.53, 2.66, 3.328, 3.761, 4.02, 4.26, 3.07, 1.77, 1.89, 1.89, 1.76, 3.08, 3.79, 3.08, 2.87, 2.43, 2.57, 2.47, 2.28, 2.45, 2.67, 2.13, 2.17, 2.65], [9.735, 9.91, 10.043, 10.06, 10.206, 10.09, 9.21, 9.0, 9.32, 9.383, 8.851, 8.361, 8.554, 9.074, 9.221, 9.816, 10.22, 10.484, 10.24, 9.389, 9.374, 9.534, 9.784, 10.301, 10.068, 8.592, 6.24, 4.15, 3.58, 4.44, 4.867, 4.317, 3.42, 3.05, 2.7, 2.89, 3.44, 4.054, 4.212, 3.65, 3.07, 3.19, 3.25, 3.09, 2.75, 2.83, 2.05, 1.62, 1.96, 2.12, 2.68, 2.3, 1.85, 1.77, 1.86, 1.45, 1.02, 0, 0.89, 1.26, 2.19, 2.6, 2.81, 2.88, 3.54, 3.95, 4.2, 4.54, 3.509, 1.75, 1.71, 1.65, 1.62, 2.88, 3.59, 2.86, 2.59, 2.13, 2.21, 2.17, 1.94, 2.17, 2.47, 2.07, 2.15, 2.55], [9.714, 9.846, 10.065, 10.022, 10.103, 9.987, 9.015, 8.77, 9.136, 9.159, 8.581, 8.131, 8.344, 8.864, 9.088, 9.732, 10.135, 10.426, 10.125, 9.222, 9.215, 9.304, 9.552, 10.146, 9.91, 8.557, 6.01, 3.96, 3.47, 4.27, 4.806, 4.276, 3.25, 2.88, 2.55, 2.72, 3.384, 4.067, 4.144, 3.48, 2.92, 2.96, 3.16, 2.9, 2.54, 2.6, 1.82, 1.71, 2.03, 2.15, 2.59, 2.37, 1.94, 1.84, 1.89, 1.74, 1.29, 0.89, 0, 1.05, 1.98, 2.33, 2.58, 2.73, 3.427, 3.84, 4.01, 4.29, 3.239, 1.58, 1.52, 1.5, 1.51, 2.85, 3.54, 2.79, 2.54, 2.1, 2.06, 1.96, 1.75, 1.88, 2.34, 1.98, 2.08, 2.44], [9.044, 9.188, 9.418, 9.429, 9.422, 9.299, 8.343, 8.02, 8.533, 8.42, 7.851, 7.361, 7.534, 8.071, 8.417, 8.985, 9.455, 9.734, 9.384, 8.438, 8.537, 8.614, 8.873, 9.46, 9.227, 7.852, 5.38, 3.35, 2.78, 3.571, 4.142, 3.592, 2.58, 2.13, 1.9, 2.03, 2.692, 3.394, 3.457, 2.75, 2.37, 2.39, 2.53, 2.33, 1.91, 1.87, 1.11, 1.76, 2.74, 2.84, 3.24, 2.82, 2.23, 1.71, 1.5, 1.43, 1.32, 1.26, 1.05, 0, 1.29, 1.6, 1.87, 2.02, 2.78, 3.161, 3.272, 3.54, 2.509, 1.31, 2.07, 2.15, 2.1, 3.56, 4.25, 3.5, 3.21, 2.85, 2.81, 2.65, 2.4, 2.57, 2.97, 2.67, 2.67, 3.03], [7.914, 8.058, 8.254, 8.239, 8.366, 8.24, 7.26, 6.95, 7.33, 7.326, 6.744, 6.336, 6.609, 7.106, 7.294, 7.864, 8.328, 8.587, 8.291, 7.413, 7.37, 7.496, 7.76, 8.278, 8.041, 6.662, 4.21, 2.16, 1.57, 2.37, 2.949, 2.459, 1.75, 1.66, 1.49, 1.4, 1.93, 2.47, 2.47, 2.22, 2.06, 2.06, 1.66, 1.66, 1.34, 1.14, 1.22, 2.77, 3.81, 3.91, 4.39, 4.03, 3.34, 2.5, 2.15, 2.28, 2.33, 2.19, 1.98, 1.29, 0, 0.65, 1.24, 1.15, 1.65, 1.963, 2.11, 2.63, 1.66, 1.94, 3.0, 3.08, 3.07, 4.59, 5.32, 4.51, 4.32, 3.84, 3.76, 3.62, 3.25, 3.44, 3.92, 3.64, 3.64, 4.02], [7.715, 7.825, 8.002, 7.997, 8.286, 7.977, 7.083, 6.66, 6.953, 6.897, 6.351, 5.966, 6.279, 6.736, 6.998, 7.568, 8.0, 8.298, 7.95, 7.007, 6.982, 7.106, 7.324, 7.947, 7.665, 6.535, 4.02, 1.91, 1.32, 2.02, 2.65, 2.12, 1.58, 1.75, 1.5, 1.27, 1.74, 2.28, 2.22, 1.99, 1.69, 1.71, 1.43, 1.51, 1.31, 1.17, 1.43, 2.92, 4.1, 4.253, 4.676, 4.313, 3.61, 2.61, 2.3, 2.43, 2.5, 2.6, 2.33, 1.6, 0.65, 0, 0.91, 0.98, 1.48, 1.65, 1.82, 2.24, 1.27, 1.79, 2.95, 3.09, 3.12, 4.78, 5.67, 4.76, 4.63, 4.17, 3.97, 3.79, 3.34, 3.51, 4.11, 3.79, 3.69, 4.07], [7.596, 7.792, 7.999, 8.116, 8.416, 8.263, 7.313, 6.95, 7.059, 6.735, 6.181, 5.851, 6.229, 6.661, 7.175, 7.586, 7.933, 8.195, 7.876, 6.912, 7.084, 7.244, 7.422, 7.877, 7.918, 6.808, 4.25, 2.14, 1.69, 2.05, 2.64, 2.03, 1.85, 2.12, 1.81, 1.18, 1.55, 1.99, 2.07, 1.84, 1.64, 1.66, 1.88, 1.98, 1.88, 1.6, 1.7, 3.13, 4.223, 4.443, 4.906, 4.503, 3.8, 2.66, 2.03, 2.34, 2.53, 2.81, 2.58, 1.87, 1.24, 0.91, 0, 0.69, 1.25, 1.48, 1.77, 2.15, 1.16, 1.82, 3.04, 3.26, 3.23, 4.97, 5.868, 4.97, 4.8, 4.38, 4.18, 3.96, 3.59, 3.76, 4.3, 3.92, 3.82, 4.32], [7.456, 7.613, 7.878, 8.052, 8.511, 8.33, 7.45, 7.04, 7.04, 6.656, 6.094, 5.95, 6.52, 6.816, 7.221, 7.462, 7.74, 7.996, 7.619, 6.883, 7.106, 7.289, 7.49, 7.918, 7.985, 6.938, 4.44, 2.25, 1.7, 2.14, 2.53, 1.84, 1.96, 2.45, 2.12, 1.49, 1.46, 1.8, 1.86, 1.77, 1.63, 1.75, 1.89, 2.19, 2.01, 1.89, 1.93, 3.22, 4.45, 4.63, 5.053, 4.747, 3.937, 2.69, 1.98, 2.508, 2.66, 2.88, 2.73, 2.02, 1.15, 0.98, 0.69, 0, 0.88, 1.21, 1.7, 2.18, 1.33, 1.95, 3.17, 3.33, 3.32, 5.06, 6.055, 5.14, 4.97, 4.541, 4.33, 4.19, 3.7, 3.85, 4.45, 4.11, 3.95, 4.45], [7.14, 7.279, 7.554, 7.745, 8.376, 8.19, 7.35, 7.08, 6.86, 6.46, 6.06, 6.11, 6.72, 6.96, 7.25, 7.206, 7.3, 7.411, 7.016, 6.835, 7.075, 7.275, 7.399, 7.736, 7.763, 6.79, 4.3, 2.15, 1.78, 2.16, 2.21, 1.72, 2.2, 2.81, 2.52, 1.97, 1.84, 1.86, 1.64, 1.87, 1.97, 1.97, 1.97, 2.41, 2.35, 2.15, 2.55, 3.98, 5.193, 5.393, 5.816, 5.473, 4.683, 3.377, 2.615, 3.171, 3.328, 3.54, 3.427, 2.78, 1.65, 1.48, 1.25, 0.88, 0, 0.73, 1.66, 2.2, 1.47, 2.69, 3.87, 4.13, 4.08, 5.814, 6.818, 5.894, 5.718, 5.304, 5.084, 4.91, 4.48, 4.69, 5.25, 4.85, 4.75, 5.27], [6.649, 6.838, 7.114, 7.305, 7.822, 7.68, 6.82, 6.55, 6.27, 5.869, 5.509, 5.52, 6.13, 6.389, 6.66, 6.676, 6.826, 6.962, 6.64, 6.299, 6.482, 6.662, 6.846, 7.203, 7.23, 6.244, 3.77, 1.78, 1.49, 1.63, 1.88, 1.31, 1.89, 2.72, 2.53, 1.98, 1.79, 1.67, 1.59, 1.9, 2.0, 1.96, 1.72, 2.14, 2.22, 2.02, 2.82, 4.335, 5.589, 5.783, 6.22, 5.886, 5.096, 3.77, 3.05, 3.564, 3.761, 3.95, 3.84, 3.161, 1.963, 1.65, 1.48, 1.21, 0.73, 0, 1.11, 1.67, 1.24, 3.02, 4.24, 4.54, 4.51, 6.227, 7.203, 6.278, 6.103, 5.691, 5.475, 5.287, 4.884, 5.054, 5.628, 5.225, 5.131, 5.66], [6.338, 6.55, 6.729, 6.906, 7.369, 7.19, 6.25, 5.84, 5.72, 5.376, 4.976, 4.806, 5.419, 5.716, 6.006, 6.323, 6.566, 6.736, 6.42, 5.706, 5.849, 6.029, 6.216, 6.735, 6.737, 5.756, 3.22, 1.61, 1.16, 1.14, 1.47, 1.24, 1.44, 2.45, 2.6, 2.11, 1.98, 1.98, 1.72, 2.03, 1.85, 1.85, 1.51, 1.93, 2.15, 2.03, 2.89, 4.408, 5.662, 5.856, 6.293, 5.959, 5.169, 3.923, 3.42, 3.87, 4.02, 4.2, 4.01, 3.272, 2.11, 1.82, 1.77, 1.7, 1.66, 1.11, 0, 0.86, 1.31, 3.13, 4.339, 4.604, 4.594, 6.3, 7.276, 6.351, 6.176, 5.79, 5.61, 5.416, 4.937, 5.122, 5.721, 5.398, 5.23, 5.75], [6.12, 6.329, 6.516, 6.713, 7.135, 6.936, 6.03, 5.58, 5.516, 5.099, 4.611, 4.401, 4.936, 5.274, 5.769, 6.046, 6.329, 6.525, 6.186, 5.457, 5.611, 5.754, 6.012, 6.561, 6.548, 5.579, 3.12, 2.15, 1.74, 1.5, 1.55, 1.5, 1.62, 2.73, 2.84, 2.47, 2.46, 2.36, 2.06, 2.17, 2.09, 2.11, 2.01, 2.07, 2.45, 2.39, 3.13, 4.631, 5.865, 6.082, 6.493, 6.182, 5.372, 4.145, 3.62, 4.06, 4.26, 4.54, 4.29, 3.54, 2.63, 2.24, 2.15, 2.18, 2.2, 1.67, 0.86, 0, 1.41, 3.35, 4.622, 4.796, 4.786, 6.512, 7.496, 6.592, 6.422, 6.033, 5.89, 5.699, 5.2, 5.304, 5.893, 5.621, 5.464, 5.907], [7.17, 7.307, 7.469, 7.586, 8.025, 7.845, 6.94, 6.53, 6.546, 6.269, 5.65, 5.44, 5.81, 6.21, 6.679, 7.073, 7.385, 7.608, 7.292, 6.344, 6.604, 6.665, 6.934, 7.472, 7.459, 6.472, 3.99, 1.94, 1.41, 1.79, 2.08, 1.49, 1.45, 1.98, 2.05, 1.68, 1.87, 1.97, 1.79, 1.7, 1.66, 1.44, 1.54, 1.56, 1.62, 1.46, 2.04, 3.484, 4.698, 4.895, 5.318, 4.995, 4.205, 3.078, 2.669, 2.979, 3.07, 3.509, 3.239, 2.509, 1.66, 1.27, 1.16, 1.33, 1.47, 1.24, 1.31, 1.41, 0, 2.24, 3.42, 3.667, 3.628, 5.344, 6.32, 5.444, 5.274, 4.906, 4.746, 4.552, 4.106, 4.157, 4.717, 4.454, 4.277, 4.74], [9.152, 9.296, 9.392, 9.446, 9.878, 9.644, 8.797, 8.168, 8.35, 8.212, 7.483, 7.182, 7.584, 7.923, 8.444, 9.017, 9.459, 9.684, 9.409, 8.364, 8.291, 8.385, 8.7, 9.327, 9.269, 8.154, 5.648, 3.36, 2.75, 3.55, 4.1, 3.51, 2.79, 2.68, 2.31, 2.24, 2.79, 3.47, 3.45, 2.74, 2.44, 2.4, 2.76, 2.88, 2.62, 2.4, 1.54, 1.63, 2.775, 3.01, 3.255, 2.912, 2.182, 1.56, 1.91, 1.88, 1.77, 1.75, 1.58, 1.31, 1.94, 1.79, 1.82, 1.95, 2.69, 3.02, 3.13, 3.35, 2.24, 0, 1.36, 1.62, 1.67, 3.31, 4.297, 3.41, 3.28, 2.94, 2.82, 2.74, 2.27, 2.26, 2.88, 2.88, 2.7, 2.96], [10.432, 10.554, 10.634, 10.577, 11.086, 10.766, 9.864, 9.258, 9.519, 9.447, 8.715, 8.405, 8.789, 9.206, 9.572, 10.248, 10.65, 10.879, 10.586, 9.536, 9.489, 9.517, 9.849, 10.512, 10.362, 9.318, 6.683, 4.26, 3.87, 4.73, 5.32, 4.75, 3.91, 3.5, 3.23, 3.48, 4.05, 4.79, 4.788, 4.02, 3.4, 3.28, 3.735, 3.8, 3.48, 3.413, 2.34, 1.49, 1.77, 2.13, 2.15, 2.07, 1.56, 1.72, 2.61, 2.28, 1.89, 1.71, 1.52, 2.07, 3.0, 2.95, 3.04, 3.17, 3.87, 4.24, 4.339, 4.622, 3.42, 1.36, 0, 0.64, 0.85, 2.15, 3.14, 2.29, 2.26, 1.9, 1.74, 1.74, 1.33, 1.34, 1.94, 2.0, 1.84, 2.1], [10.555, 10.691, 10.783, 10.73, 11.194, 10.853, 9.992, 9.332, 9.764, 9.706, 8.99, 8.621, 8.946, 9.383, 9.745, 10.436, 10.853, 11.107, 10.834, 9.81, 9.743, 9.815, 10.121, 10.809, 10.613, 9.472, 6.846, 4.54, 4.11, 4.988, 5.521, 4.964, 4.05, 3.58, 3.27, 3.62, 4.23, 4.95, 4.914, 4.164, 3.58,