[[0, 0.71, 0.78, 1.18, 1.51, 1.37, 1.8, 1.87, 1.84, 2.28, 2.43, 2.55, 3.43, 4.784, 3.43, 1.95, 2.31, 2.812, 2.84, 2.59, 2.11, 1.7, 1.77, 1.94, 1.32, 1.57, 1.55, 1.45, 1.44, 1.77, 1.99, 1.91, 1.75, 2.64, 2.65, 2.25, 2.55, 3.31, 3.72, 3.23, 3.19, 3.87, 3.23, 2.41, 2.8, 3.78, 4.806, 4.882, 5.401, 4.893, 3.55, 3.14, 3.81, 4.69, 6.1, 7.551, 7.66, 7.421, 8.788, 10.398, 10.702, 10.07, 11.11, 12.78, 13.59, 12.77, 12.55, 13.25, 13.57, 13.54, 13.48, 13.64, 13.514, 13.287, 13.194, 12.79, 13.152, 12.831, 11.111, 10.131, 10.776, 9.45, 9.095, 9.841, 10.247, 10.287], [0.71, 0, 0.69, 1.25, 1.46, 1.48, 1.85, 1.86, 1.89, 2.19, 2.42, 2.42, 3.22, 4.411, 3.16, 1.74, 1.98, 2.5, 2.51, 2.52, 2.02, 1.61, 1.9, 1.93, 1.61, 2.08, 1.94, 1.76, 1.63, 1.92, 2.28, 2.02, 1.72, 2.41, 2.36, 2.08, 2.58, 3.16, 3.53, 2.94, 2.9, 3.58, 2.86, 2.34, 2.57, 3.61, 4.465, 4.489, 5.028, 4.57, 3.24, 2.79, 3.5, 4.38, 5.77, 7.23, 7.31, 7.04, 8.395, 10.011, 10.299, 9.62, 10.72, 12.41, 13.3, 12.5, 12.28, 12.98, 13.26, 13.15, 13.13, 13.31, 13.13, 12.88, 12.79, 12.46, 12.75, 12.458, 10.744, 9.738, 10.443, 9.089, 8.711, 9.448, 9.86, 9.9], [0.78, 0.69, 0, 1.12, 1.45, 1.43, 1.86, 1.81, 1.84, 2.12, 2.27, 2.41, 3.35, 4.541, 3.29, 1.71, 2.11, 2.61, 2.6, 2.39, 1.89, 1.42, 1.69, 1.82, 1.42, 1.89, 1.61, 1.55, 1.4, 1.77, 2.07, 1.71, 1.63, 2.36, 2.35, 1.97, 2.49, 3.19, 3.56, 3.03, 3.03, 3.63, 3.01, 2.29, 2.56, 3.52, 4.575, 4.639, 5.172, 4.72, 3.33, 2.96, 3.63, 4.53, 5.96, 7.38, 7.44, 7.17, 8.545, 10.17, 10.449, 9.83, 10.91, 12.58, 13.47, 12.65, 12.45, 13.17, 13.47, 13.36, 13.32, 13.44, 13.3, 13.07, 12.98, 12.65, 12.9, 12.576, 10.888, 9.908, 10.553, 9.222, 8.881, 9.618, 10.01, 10.05], [1.18, 1.25, 1.12, 0, 0.83, 1.17, 1.78, 1.83, 1.74, 2.24, 2.37, 2.67, 4.03, 5.304, 3.93, 2.33, 2.79, 3.369, 3.342, 3.11, 2.39, 1.88, 2.19, 2.26, 1.44, 1.57, 1.33, 1.41, 1.26, 1.51, 1.79, 1.43, 2.17, 2.72, 2.89, 2.59, 3.01, 3.95, 4.38, 3.85, 3.79, 4.45, 3.69, 2.75, 3.04, 4.08, 5.338, 5.402, 5.935, 5.453, 4.11, 3.72, 4.41, 5.31, 6.6, 8.14, 8.2, 7.95, 9.328, 10.938, 11.192, 10.51, 11.57, 13.34, 14.27, 13.43, 13.23, 13.93, 14.17, 14.14, 14.12, 14.28, 14.074, 13.807, 13.76, 13.43, 13.609, 13.351, 11.657, 10.691, 11.376, 9.985, 9.644, 10.381, 10.75, 10.79], [1.51, 1.46, 1.45, 0.83, 0, 0.98, 1.31, 1.5, 1.55, 2.09, 2.08, 2.42, 4.04, 5.374, 4.06, 2.44, 2.88, 3.44, 3.409, 3.16, 2.5, 2.15, 2.36, 2.23, 1.49, 1.88, 1.68, 1.62, 1.39, 1.48, 1.8, 1.78, 2.38, 2.83, 3.06, 2.74, 3.12, 4.06, 4.43, 3.9, 3.88, 4.52, 3.82, 2.94, 3.07, 4.13, 5.388, 5.455, 5.985, 5.543, 4.18, 3.73, 4.38, 5.24, 6.59, 8.11, 8.192, 7.965, 9.378, 10.968, 11.282, 10.66, 11.8, 13.47, 14.3, 13.4, 13.26, 14.02, 14.24, 14.29, 14.27, 14.43, 14.23, 13.897, 13.85, 13.5, 13.67, 13.409, 11.747, 10.79, 11.466, 10.075, 9.734, 10.471, 10.8, 10.92], [1.37, 1.48, 1.43, 1.17, 0.98, 0, 0.89, 1.06, 1.17, 1.61, 1.78, 2.06, 3.74, 5.434, 4.008, 2.44, 2.9, 3.496, 3.489, 3.16, 2.5, 2.17, 2.3, 2.19, 1.69, 1.86, 1.58, 1.6, 1.29, 1.32, 1.6, 1.88, 2.38, 2.91, 3.1, 2.74, 3.02, 4.06, 4.55, 4.02, 4.02, 4.64, 3.98, 2.94, 3.07, 4.21, 5.468, 5.512, 6.05, 5.623, 4.24, 3.75, 4.36, 5.26, 6.65, 8.141, 8.251, 8.031, 9.438, 11.048, 11.342, 10.74, 11.86, 13.43, 14.2, 13.3, 13.12, 13.96, 14.22, 14.29, 14.25, 14.37, 14.25, 13.96, 13.89, 13.46, 13.779, 13.481, 11.767, 10.801, 11.446, 10.112, 9.754, 10.511, 10.94, 10.98], [1.8, 1.85, 1.86, 1.78, 1.31, 0.89, 0, 0.65, 1.12, 1.36, 1.53, 1.77, 3.966, 5.721, 4.292, 2.71, 3.23, 3.81, 3.8, 3.49, 2.85, 2.6, 2.63, 2.5, 2.0, 2.25, 2.03, 2.07, 1.9, 1.97, 2.27, 2.51, 2.65, 3.2, 3.39, 3.01, 3.29, 4.31, 4.78, 4.27, 4.27, 4.93, 4.27, 3.23, 3.36, 4.52, 5.755, 5.819, 6.338, 5.88, 4.49, 3.98, 4.63, 5.53, 6.882, 8.428, 8.542, 8.318, 9.705, 11.321, 11.629, 10.97, 12.07, 13.62, 14.45, 13.55, 13.33, 14.15, 14.45, 14.5, 14.46, 14.58, 14.48, 14.21, 14.12, 13.69, 14.04, 13.768, 12.054, 11.048, 11.713, 10.399, 10.021, 10.758, 11.19, 11.23], [1.87, 1.86, 1.81, 1.83, 1.5, 1.06, 0.65, 0, 0.83, 1.15, 1.34, 1.4, 3.84, 5.58, 4.28, 2.84, 3.16, 3.74, 3.73, 3.36, 2.88, 2.49, 2.58, 2.41, 2.13, 2.32, 2.1, 2.16, 1.87, 2.02, 2.32, 2.44, 2.58, 3.11, 3.4, 3.02, 3.2, 4.22, 4.71, 4.18, 4.22, 4.88, 4.16, 3.04, 3.19, 4.41, 5.62, 5.69, 6.219, 5.723, 4.36, 3.85, 4.48, 5.4, 6.83, 8.31, 8.426, 8.199, 9.59, 11.22, 11.556, 10.94, 11.98, 13.65, 14.46, 13.56, 13.4, 14.16, 14.44, 14.43, 14.37, 14.47, 14.41, 14.18, 14.11, 13.68, 14.01, 13.643, 12.03, 11.03, 11.58, 10.349, 10.0, 10.74, 11.1, 11.18], [1.84, 1.89, 1.84, 1.74, 1.55, 1.17, 1.12, 0.83, 0, 1.04, 1.25, 1.41, 3.55, 5.29, 4.05, 2.71, 3.01, 3.55, 3.5, 3.03, 2.73, 2.46, 2.47, 2.4, 2.32, 2.51, 2.29, 2.31, 2.0, 2.19, 2.51, 2.29, 2.45, 2.86, 3.15, 2.75, 2.95, 3.97, 4.5, 3.95, 3.97, 4.61, 3.81, 2.69, 2.88, 4.08, 5.33, 5.38, 5.93, 5.52, 4.21, 3.76, 4.37, 5.25, 6.82, 8.04, 8.16, 7.99, 9.28, 10.93, 11.266, 10.57, 11.55, 13.28, 14.19, 13.43, 13.13, 13.81, 14.05, 14.08, 14.02, 14.16, 14.12, 13.87, 13.78, 13.37, 13.64, 13.353, 11.72, 10.74, 11.264, 10.059, 9.71, 10.45, 10.77, 10.85], [2.28, 2.19, 2.12, 2.24, 2.09, 1.61, 1.36, 1.15, 1.04, 0, 0.73, 0.87, 3.15, 4.95, 3.51, 2.45, 2.77, 3.19, 3.12, 2.71, 2.37, 2.36, 2.51, 2.5, 2.66, 3.07, 2.87, 2.89, 2.52, 2.39, 2.61, 2.31, 2.37, 2.64, 2.75, 2.45, 2.73, 3.75, 4.28, 3.83, 3.75, 4.37, 3.95, 3.09, 3.02, 3.78, 4.93, 4.98, 5.51, 5.2, 3.93, 3.84, 4.21, 4.99, 6.44, 7.66, 7.78, 7.55, 8.88, 10.55, 10.87, 10.59, 11.73, 13.3, 14.07, 13.31, 13.21, 13.89, 14.23, 14.12, 14.08, 14.08, 13.88, 13.63, 13.62, 13.19, 13.5, 12.94, 11.277, 10.32, 10.88, 9.528, 9.27, 10.07, 10.65, 10.69], [2.43, 2.42, 2.27, 2.37, 2.08, 1.78, 1.53, 1.34, 1.25, 0.73, 0, 0.76, 3.2, 5.1, 3.72, 2.64, 2.88, 3.26, 3.13, 2.7, 2.4, 2.35, 2.52, 2.51, 2.79, 3.24, 3.04, 3.08, 2.67, 2.24, 2.46, 2.28, 2.32, 2.59, 2.82, 2.5, 2.66, 3.62, 4.13, 3.76, 3.78, 4.48, 4.14, 3.34, 3.19, 3.97, 4.98, 5.15, 5.54, 5.35, 4.24, 4.15, 4.54, 5.06, 6.57, 7.69, 7.77, 7.66, 8.95, 10.62, 11.02, 10.88, 12.04, 13.61, 14.34, 13.62, 13.54, 14.16, 14.52, 14.43, 14.39, 14.39, 14.13, 13.82, 13.87, 13.5, 13.69, 12.964, 11.35, 10.49, 10.97, 9.57, 9.36, 10.22, 10.82, 10.94], [2.55, 2.42, 2.41, 2.67, 2.42, 2.06, 1.77, 1.4, 1.41, 0.87, 0.76, 0, 3.0, 4.98, 3.38, 2.6, 2.82, 3.18, 2.95, 2.76, 2.28, 2.47, 2.66, 2.61, 2.93, 3.46, 3.22, 3.26, 2.83, 2.46, 2.74, 2.54, 2.32, 2.55, 2.78, 2.44, 2.54, 3.38, 3.91, 3.48, 3.56, 4.3, 4.08, 3.4, 3.21, 3.67, 4.68, 4.81, 5.38, 5.29, 4.18, 4.07, 4.46, 5.08, 6.49, 7.59, 7.67, 7.48, 8.87, 10.52, 10.98, 10.88, 12.06, 13.65, 14.4, 13.64, 13.56, 14.22, 14.58, 14.45, 14.41, 14.43, 14.11, 13.72, 13.89, 13.54, 13.63, 12.81, 11.19, 10.47, 10.93, 9.45, 9.28, 10.1, 10.7, 10.88], [3.43, 3.22, 3.35, 4.03, 4.04, 3.74, 3.966, 3.84, 3.55, 3.15, 3.2, 3.0, 0, 2.08, 1.56, 1.96, 1.6, 1.86, 1.89, 1.76, 2.5, 3.17, 3.32, 3.37, 3.89, 4.5, 4.02, 3.94, 4.01, 4.0, 4.2, 4.0, 2.92, 2.79, 2.72, 2.7, 2.52, 2.56, 2.93, 2.66, 2.54, 2.5, 2.2, 2.44, 2.65, 2.93, 2.8, 2.41, 2.7, 2.87, 2.34, 2.45, 2.68, 3.16, 4.57, 5.61, 5.25, 5.1, 6.05, 7.62, 8.08, 8.0, 9.22, 10.79, 11.66, 10.98, 10.86, 11.46, 11.76, 11.61, 11.51, 11.59, 11.21, 10.84, 10.99, 10.7, 10.71, 9.93, 8.37, 7.59, 8.05, 6.65, 6.4, 7.22, 7.78, 7.96], [4.784, 4.411, 4.541, 5.304, 5.374, 5.434, 5.721, 5.58, 5.29, 4.95, 5.1, 4.98, 2.08, 0, 1.96, 3.12, 2.74, 2.38, 2.55, 2.82, 3.578, 4.147, 3.9, 3.93, 4.847, 5.926, 5.508, 5.128, 5.159, 5.518, 5.878, 5.138, 3.941, 3.43, 3.3, 3.51, 3.675, 3.54, 3.27, 2.82, 2.42, 1.92, 1.98, 3.097, 3.15, 2.83, 2.5, 1.99, 2.06, 2.59, 2.3, 2.53, 2.3, 2.66, 3.71, 4.57, 4.29, 4.06, 4.55, 5.9, 6.28, 6.28, 7.52, 9.01, 10.0, 9.36, 9.22, 9.8, 10.12, 9.91, 9.71, 9.89, 9.35, 9.0, 9.13, 9.0, 8.95, 8.07, 6.45, 5.89, 6.45, 4.93, 4.64, 5.32, 5.84, 6.0], [3.43, 3.16, 3.29, 3.93, 4.06, 4.008, 4.292, 4.28, 4.05, 3.51, 3.72, 3.38, 1.56, 1.96, 0, 1.66, 1.48, 1.18, 1.25, 1.54, 2.14, 3.03, 3.02, 3.05, 3.79, 4.663, 4.166, 3.966, 4.056, 4.2, 4.472, 3.88, 2.86, 2.61, 2.42, 2.7, 2.84, 2.82, 2.83, 2.54, 2.4, 2.36, 2.1, 2.32, 2.51, 2.23, 1.98, 1.95, 2.38, 2.53, 1.68, 1.91, 1.92, 2.42, 3.57, 4.63, 4.73, 4.52, 5.79, 7.4, 7.82, 7.72, 8.98, 10.53, 11.36, 10.6, 10.5, 11.18, 11.52, 11.39, 11.27, 11.31, 10.95, 10.58, 10.73, 10.48, 10.49, 9.71, 7.95, 7.27, 7.81, 6.23, 6.08, 6.9, 7.52, 7.68], [1.95, 1.74, 1.71, 2.33, 2.44, 2.44, 2.71, 2.84, 2.71, 2.45, 2.64, 2.6, 1.96, 3.12, 1.66, 0, 0.88, 1.36, 1.41, 1.26, 1.32, 1.95, 2.08, 2.13, 2.37, 3.16, 2.674, 2.42, 2.53, 2.832, 3.152, 2.56, 2.06, 2.19, 2.04, 2.02, 2.36, 2.86, 3.23, 2.8, 2.7, 2.66, 2.24, 1.84, 1.91, 2.29, 3.08, 3.15, 3.68, 3.41, 2.2, 2.01, 2.52, 3.36, 4.75, 5.99, 6.09, 5.8, 7.11, 8.72, 9.0, 8.7, 9.92, 11.49, 12.3, 11.56, 11.42, 12.1, 12.46, 12.33, 12.23, 12.31, 12.03, 11.66, 11.71, 11.46, 11.55, 11.078, 9.41, 8.45, 9.25, 7.77, 7.4, 8.1, 8.66, 8.76], [2.31, 1.98, 2.11, 2.79, 2.88, 2.9, 3.23, 3.16, 3.01, 2.77, 2.88, 2.82, 1.6, 2.74, 1.48, 0.88, 0, 0.84, 1.01, 1.1, 1.38, 2.07, 2.24, 2.33, 2.63, 3.386, 2.963, 2.68, 2.79, 3.1, 3.395, 2.8, 2.2, 2.33, 2.3, 2.28, 2.5, 2.7, 2.93, 2.56, 2.5, 2.62, 2.0, 1.74, 1.79, 2.33, 2.72, 2.73, 3.24, 2.99, 1.94, 1.69, 2.14, 2.88, 4.33, 5.55, 5.61, 5.4, 6.71, 8.3, 8.58, 8.44, 9.66, 11.25, 12.02, 11.3, 11.16, 11.82, 12.18, 12.05, 11.97, 12.07, 11.77, 11.34, 11.47, 11.18, 11.25, 10.63, 9.13, 8.17, 8.81, 7.39, 7.1, 7.84, 8.28, 8.42], [2.812, 2.5, 2.61, 3.369, 3.44, 3.496, 3.81, 3.74, 3.55, 3.19, 3.26, 3.18, 1.86, 2.38, 1.18, 1.36, 0.84, 0, 0.75, 1.1, 1.44, 2.01, 2.08, 2.23, 2.91, 3.856, 3.465, 3.145, 3.23, 3.458, 3.778, 3.22, 2.26, 2.27, 2.28, 2.48, 2.7, 2.72, 2.75, 2.46, 2.44, 2.64, 2.08, 1.96, 1.97, 2.09, 2.34, 2.37, 2.8, 2.49, 1.68, 1.67, 1.84, 2.3, 3.71, 5.03, 5.09, 5.0, 6.19, 7.88, 8.32, 8.18, 9.42, 10.99, 11.78, 11.0, 10.92, 11.6, 11.96, 11.83, 11.73, 11.77, 11.41, 11.14, 11.19, 10.92, 10.93, 10.224, 8.699, 7.77, 8.11, 6.91, 6.64, 7.52, 8.06, 8.16], [2.84, 2.51, 2.6, 3.342, 3.409, 3.489, 3.8, 3.73, 3.5, 3.12, 3.13, 2.95, 1.89, 2.55, 1.25, 1.41, 1.01, 0.75, 0, 0.89, 1.27, 1.94, 1.91, 2.1, 2.9, 3.829, 3.455, 3.135, 3.225, 3.425, 3.685, 3.13, 2.15, 1.92, 1.95, 2.21, 2.43, 2.49, 2.6, 2.41, 2.31, 2.41, 1.97, 1.83, 2.02, 2.06, 2.33, 2.48, 2.91, 2.66, 1.81, 1.74, 1.99, 2.53, 3.86, 5.06, 5.22, 5.11, 6.34, 8.05, 8.47, 8.41, 9.65, 11.22, 12.01, 11.23, 11.15, 11.83, 12.19, 12.06, 11.96, 12.0, 11.64, 11.27, 11.42, 11.15, 11.16, 10.354, 8.8, 8.0, 8.24, 6.98, 6.81, 7.67, 8.23, 8.41], [2.59, 2.52, 2.39, 3.11, 3.16, 3.16, 3.49, 3.36, 3.03, 2.71, 2.7, 2.76, 1.76, 2.82, 1.54, 1.26, 1.1, 1.1, 0.89, 0, 1.2, 1.85, 2.06, 2.21, 2.79, 3.565, 3.188, 2.9, 2.99, 3.14, 3.38, 2.82, 1.9, 1.89, 1.94, 2.02, 2.16, 2.48, 2.83, 2.6, 2.56, 2.58, 2.18, 1.74, 1.79, 2.11, 2.7, 2.81, 3.14, 2.99, 2.12, 2.07, 2.32, 2.88, 4.31, 5.35, 5.47, 5.46, 6.65, 8.318, 8.778, 8.7, 9.9, 11.47, 12.26, 11.54, 11.46, 12.08, 12.42, 12.29, 12.23, 12.25, 11.928, 11.58, 11.708, 11.38, 11.445, 10.647, 9.136, 8.29, 8.588, 7.328, 7.152, 7.983, 8.546, 8.712], [2.11, 2.02, 1.89, 2.39, 2.5, 2.5, 2.85, 2.88, 2.73, 2.37, 2.4, 2.28, 2.5, 3.578, 2.14, 1.32, 1.38, 1.44, 1.27, 1.2, 0, 1.17, 1.42, 1.47, 1.95, 2.885, 2.52, 2.24, 2.25, 2.44, 2.62, 2.18, 1.6, 1.55, 1.7, 1.74, 2.08, 2.54, 2.87, 2.6, 2.5, 2.92, 2.56, 1.86, 2.05, 2.37, 3.354, 3.544, 3.92, 3.69, 2.64, 2.55, 2.98, 3.5, 4.81, 5.99, 6.17, 6.08, 7.388, 9.118, 9.558, 9.478, 10.68, 12.25, 13.02, 12.24, 12.18, 12.84, 13.2, 13.07, 13.01, 13.03, 12.708, 12.36, 12.488, 12.16, 12.225, 11.41, 9.839, 9.065, 9.288, 7.988, 7.895, 8.775, 9.326, 9.472], [1.7, 1.61, 1.42, 1.88, 2.15, 2.17, 2.6, 2.49, 2.46, 2.36, 2.35, 2.47, 3.17, 4.147, 3.03, 1.95, 2.07, 2.01, 1.94, 1.85, 1.17, 0, 0.89, 1.02, 1.42, 2.306, 2.07, 1.83, 1.7, 1.95, 2.23, 1.89, 1.45, 1.78, 2.01, 1.87, 2.33, 2.83, 3.04, 2.75, 2.63, 3.37, 2.95, 2.27, 2.28, 3.02, 4.042, 4.154, 4.55, 3.98, 3.01, 2.86, 3.29, 3.85, 5.3, 6.64, 6.82, 6.75, 7.972, 9.688, 10.13, 9.868, 11.07, 12.64, 13.45, 12.65, 12.57, 13.25, 13.61, 13.48, 13.4, 13.42, 13.135, 12.93, 12.918, 12.57, 12.74, 12.057, 10.512, 9.555, 9.658, 8.692, 8.45, 9.333, 9.873, 9.959], [1.77, 1.9, 1.69, 2.19, 2.36, 2.3, 2.63, 2.58, 2.47, 2.51, 2.52, 2.66, 3.32, 3.9, 3.02, 2.08, 2.24, 2.08, 1.91, 2.06, 1.42, 0.89, 0, 0.63, 1.43, 2.436, 2.2, 1.96, 1.83, 2.1, 2.3, 1.96, 1.44, 1.73, 2.04, 2.04, 2.38, 2.92, 2.93, 2.72, 2.42, 3.14, 2.74, 2.06, 2.41, 2.85, 3.8, 3.95, 4.38, 3.83, 2.86, 2.61, 2.88, 3.56, 5.07, 6.41, 6.55, 6.42, 7.77, 9.477, 9.88, 9.64, 10.76, 12.31, 13.02, 12.22, 12.14, 12.82, 13.18, 13.15, 13.09, 13.09, 12.91, 12.68, 12.67, 12.2, 12.49, 11.824, 10.299, 9.35, 9.51, 8.519, 8.26, 9.1, 9.64, 9.72], [1.94, 1.93, 1.82, 2.26, 2.23, 2.19, 2.5, 2.41, 2.4, 2.5, 2.51, 2.61, 3.37, 3.93, 3.05, 2.13, 2.33, 2.23, 2.1, 2.21, 1.47, 1.02, 0.63, 0, 1.4, 2.516, 2.25, 2.03, 1.9, 2.17, 2.47, 2.19, 1.77, 1.78, 2.05, 2.01, 2.43, 2.99, 3.04, 2.75, 2.41, 3.07, 2.73, 2.09, 2.36, 2.8, 3.81, 4.0, 4.45, 3.9, 2.81, 2.5, 2.85, 3.41, 4.9, 6.299, 6.48, 6.33, 7.7, 9.407, 9.81, 9.55, 10.67, 12.22, 12.85, 12.03, 11.95, 12.71, 13.03, 13.06, 13.0, 13.0, 12.82, 12.59, 12.58, 12.09, 12.4, 11.732, 10.146, 9.26, 9.48, 8.389, 8.15, 9.01, 9.55, 9.63], [1.32, 1.61, 1.42, 1.44, 1.49, 1.69, 2.0, 2.13, 2.32, 2.66, 2.79, 2.93, 3.89, 4.847, 3.79, 2.37, 2.63, 2.91, 2.9, 2.79, 1.95, 1.42, 1.43, 1.4, 0, 1.19, 1.07, 1.01, 1.02, 1.53, 1.87, 1.89, 1.85, 2.4, 2.69, 2.43, 2.87, 3.57, 3.7, 3.29, 3.29, 4.01, 3.47, 2.45, 2.76, 3.637, 4.779, 4.849, 5.41, 4.886, 3.599, 3.186, 3.748, 4.501, 5.876, 7.442, 7.545, 7.376, 8.763, 10.425, 10.811, 10.439, 11.508, 13.118, 13.808, 12.874, 12.78, 13.611, 13.931, 13.918, 13.838, 13.838, 13.712, 13.553, 13.489, 13.016, 13.398, 12.846, 11.263, 10.26, 10.693, 9.514, 9.23, 10.01, 10.496, 10.576], [1.57, 2.08, 1.89, 1.57, 1.88, 1.86, 2.25, 2.32, 2.51, 3.07, 3.24, 3.46, 4.5, 5.926, 4.663, 3.16, 3.386, 3.856, 3.829, 3.565, 2.885, 2.306, 2.436, 2.516, 1.19, 0, 0.88, 1.0, 1.11, 1.62, 1.82, 2.1, 2.54, 3.41, 3.72, 3.32, 3.48, 4.3, 4.57, 4.22, 4.28, 5.012, 4.38, 3.22, 3.45, 4.722, 5.868, 5.893, 6.457, 5.898, 4.629, 4.076, 4.726, 5.565, 6.94, 8.494, 8.618, 8.451, 9.829, 11.511, 11.838, 11.329, 12.318, 14.013, 14.801, 13.869, 13.683, 14.526, 14.809, 14.799, 14.739, 14.822, 14.759, 14.544, 14.473, 14.029, 14.359, 13.904, 12.338, 11.347, 11.694, 10.578, 10.317, 11.063, 11.466, 11.546], [1.55, 1.94, 1.61, 1.33, 1.68, 1.58, 2.03, 2.1, 2.29, 2.87, 3.04, 3.22, 4.02, 5.508, 4.166, 2.674, 2.963, 3.465, 3.455, 3.188, 2.52, 2.07, 2.2, 2.25, 1.07, 0.88, 0, 0.6, 1.03, 1.46, 1.66, 1.92, 2.4, 3.05, 3.34, 2.96, 3.14, 3.98, 4.37, 3.92, 3.98, 4.7, 4.04, 2.88, 3.21, 4.404, 5.483, 5.496, 6.062, 5.501, 4.235, 3.662, 4.314, 5.176, 6.569, 8.135, 8.232, 8.066, 9.441, 11.094, 11.426, 10.915, 11.964, 13.614, 14.372, 13.472, 13.29, 14.124, 14.395, 14.414, 14.354, 14.434, 14.368, 14.129, 14.065, 13.632, 13.95, 13.51, 11.956, 10.936, 11.326, 10.204, 9.92, 10.652, 11.052, 11.132], [1.45, 1.76, 1.55, 1.41, 1.62, 1.6, 2.07, 2.16, 2.31, 2.89, 3.08, 3.26, 3.94, 5.128, 3.966, 2.42, 2.68, 3.145, 3.135, 2.9, 2.24, 1.83, 1.96, 2.03, 1.01, 1.0, 0.6, 0, 0.77, 1.48, 1.86, 2.04, 2.22, 2.81, 3.08, 2.72, 3.1, 3.86, 4.15, 3.7, 3.72, 4.38, 3.7, 2.58, 2.91, 4.01, 5.12, 5.156, 5.719, 5.121, 3.892, 3.331, 3.974, 4.836, 6.237, 7.795, 7.886, 7.726, 9.081, 10.74, 11.086, 10.538, 11.624, 13.234, 14.006, 13.072, 12.904, 13.744, 14.018, 14.034, 13.994, 14.094, 14.008, 13.749, 13.685, 13.232, 13.57, 13.158, 11.576, 10.556, 11.009, 9.858, 9.54, 10.272, 10.669, 10.749], [1.44, 1.63, 1.4, 1.26, 1.39, 1.29, 1.9, 1.87, 2.0, 2.52, 2.67, 2.83, 4.01, 5.159, 4.056, 2.53, 2.79, 3.23, 3.225, 2.99, 2.25, 1.7, 1.83, 1.9, 1.02, 1.11, 1.03, 0.77, 0, 1.03, 1.49, 1.75, 2.15, 2.74, 3.07, 2.73, 3.19, 3.95, 4.18, 3.75, 3.79, 4.45, 3.79, 2.69, 2.82, 4.014, 5.133, 5.166, 5.746, 5.151, 3.905, 3.361, 3.984, 4.846, 6.331, 7.822, 7.914, 7.736, 9.1, 10.753, 11.113, 10.608, 11.694, 13.284, 14.036, 13.151, 12.94, 13.774, 14.088, 14.084, 14.044, 14.124, 14.038, 13.779, 13.715, 13.282, 13.603, 13.183, 11.609, 10.586, 11.019, 9.883, 9.576, 10.302, 10.702, 10.782], [1.77, 1.92, 1.77, 1.51, 1.48, 1.32, 1.97, 2.02, 2.19, 2.39, 2.24, 2.46, 4.0, 5.518, 4.2, 2.832, 3.1, 3.458, 3.425, 3.14, 2.44, 1.95, 2.1, 2.17, 1.53, 1.62, 1.46, 1.48, 1.03, 0, 0.7, 1.18, 2.04, 2.79, 3.14, 2.76, 3.06, 3.94, 4.25, 3.88, 4.0, 4.82, 4.46, 3.44, 3.35, 4.373, 5.4, 5.533, 6.026, 5.588, 4.424, 4.097, 4.567, 5.21, 6.62, 8.058, 8.185, 8.017, 9.405, 11.075, 11.535, 11.321, 12.464, 14.017, 14.63, 13.73, 13.715, 14.527, 14.85, 14.854, 14.797, 14.797, 14.571, 14.295, 14.328, 13.867, 14.128, 13.476, 11.89, 10.968, 11.374, 10.145, 9.875, 10.712, 11.275, 11.381], [1.99, 2.28, 2.07, 1.79, 1.8, 1.6, 2.27, 2.32, 2.51, 2.61, 2.46, 2.74, 4.2, 5.878, 4.472, 3.152, 3.395, 3.778, 3.685, 3.38, 2.62, 2.23, 2.3, 2.47, 1.87, 1.82, 1.66, 1.86, 1.49, 0.7, 0, 1.24, 2.3, 3.119, 3.46, 3.08, 3.24, 4.02, 4.45, 4.14, 4.24, 5.08, 4.8, 3.78, 3.75, 4.659, 5.717, 5.813, 6.312, 5.888, 4.784, 4.417, 4.907, 5.55, 6.917, 8.338, 8.445, 8.332, 9.745, 11.455, 11.875, 11.701, 12.844, 14.397, 15.01, 14.121, 14.095, 14.907, 15.23, 15.234, 15.177, 15.177, 14.951, 14.675, 14.708, 14.247, 14.508, 13.779, 12.239, 11.368, 11.654, 10.465, 10.295, 11.092, 11.655, 11.761], [1.91, 2.02, 1.71, 1.43, 1.78, 1.88, 2.51, 2.44, 2.29, 2.31, 2.28, 2.54, 4.0, 5.138, 3.88, 2.56, 2.8, 3.22, 3.13, 2.82, 2.18, 1.89, 1.96, 2.19, 1.89, 2.1, 1.92, 2.04, 1.75, 1.18, 1.24, 0, 1.7, 2.453, 2.726, 2.46, 2.72, 3.56, 3.83, 3.42, 3.5, 4.3, 3.94, 3.26, 3.25, 3.973, 5.094, 5.153, 5.677, 5.397, 4.2, 4.08, 4.447, 5.224, 6.72, 7.897, 8.008, 7.807, 9.148, 10.707, 11.035, 10.898, 12.093, 13.643, 14.438, 13.681, 13.584, 14.258, 14.598, 14.488, 14.423, 14.423, 14.174, 13.835, 13.917, 13.555, 13.674, 13.073, 11.542, 10.608, 11.137, 9.813, 9.535, 10.292, 10.815, 10.921], [1.75, 1.72, 1.63, 2.17, 2.38, 2.38, 2.65, 2.58, 2.45, 2.37, 2.32, 2.32, 2.92, 3.941, 2.86, 2.06, 2.2, 2.26, 2.15, 1.9, 1.6, 1.45, 1.44, 1.77, 1.85, 2.54, 2.4, 2.22, 2.15, 2.04, 2.3, 1.7, 0, 1.17, 1.38, 1.12, 1.48, 2.14, 2.39, 2.02, 2.04, 2.88, 2.76, 2.56, 2.67, 2.83, 3.78, 3.91, 4.518, 4.47, 3.56, 3.37, 3.74, 4.36, 5.87, 6.99, 6.925, 6.86, 8.008, 9.495, 9.91, 9.955, 11.175, 12.705, 13.658, 12.94, 12.858, 13.458, 13.775, 13.623, 13.443, 13.565, 13.103, 12.727, 12.9, 12.715, 12.625, 11.668, 10.168, 9.503, 9.945, 8.537, 8.273, 8.978, 9.518, 9.767], [2.64, 2.41, 2.36, 2.72, 2.83, 2.91, 3.2, 3.11, 2.86, 2.64, 2.59, 2.55, 2.79, 3.43, 2.61, 2.19, 2.33, 2.27, 1.92, 1.89, 1.55, 1.78, 1.73, 1.78, 2.4, 3.41, 3.05, 2.81, 2.74, 2.79, 3.119, 2.453, 1.17, 0, 0.61, 0.83, 1.17, 1.89, 2.08, 1.73, 1.49, 2.25, 2.47, 2.41, 2.58, 2.5, 3.25, 3.52, 3.99, 4.08, 3.31, 3.18, 3.47, 3.95, 5.42, 6.5, 6.48, 6.43, 7.46, 8.99, 9.51, 9.53, 10.75, 12.28, 13.19, 12.51, 12.39, 12.99, 13.33, 13.2, 13.02, 13.12, 12.68, 12.31, 12.48, 12.27, 12.2, 11.075, 9.518, 9.04, 9.44, 7.94, 7.75, 8.51, 8.99, 9.35], [2.65, 2.36, 2.35, 2.89, 3.06, 3.1, 3.39, 3.4, 3.15, 2.75, 2.82, 2.78, 2.72, 3.3, 2.42, 2.04, 2.3, 2.28, 1.95, 1.94, 1.7, 2.01, 2.04, 2.05, 2.69, 3.72, 3.34, 3.08, 3.07, 3.14, 3.46, 2.726, 1.38, 0.61, 0, 0.7, 1.18, 1.72, 1.99, 1.72, 1.44, 2.12, 2.36, 2.5, 2.63, 2.51, 3.3, 3.49, 3.96, 4.09, 3.26, 3.13, 3.44, 3.94, 5.31, 6.39, 6.39, 6.34, 7.43, 8.88, 9.32, 9.26, 10.48, 12.01, 12.98, 12.34, 12.18, 12.78, 13.08, 12.93, 12.75, 12.87, 12.41, 12.04, 12.23, 12.04, 12.03, 11.005, 9.268, 8.79, 9.27, 7.71, 7.5, 8.26, 8.82, 9.14], [2.25, 2.08, 1.97, 2.59, 2.74, 2.74, 3.01, 3.02, 2.75, 2.45, 2.5, 2.44, 2.7, 3.51, 2.7, 2.02, 2.28, 2.48, 2.21, 2.02, 1.74, 1.87, 2.04, 2.01, 2.43, 3.32, 2.96, 2.72, 2.73, 2.76, 3.08, 2.46, 1.12, 0.83, 0.7, 0, 0.92, 1.74, 2.05, 1.52, 1.52, 2.3, 2.58, 2.42, 2.55, 2.57, 3.66, 3.81, 4.36, 4.47, 3.4, 3.31, 3.74, 4.32, 5.79, 6.87, 6.79, 6.7, 7.83, 9.235, 9.613, 9.578, 10.798, 12.308, 13.298, 12.64, 12.498, 13.098, 13.398, 13.208, 13.025, 13.188, 12.683, 12.273, 12.463, 12.315, 12.308, 11.228, 9.497, 9.148, 9.745, 8.097, 7.815, 8.49, 9.033, 9.35], [2.55, 2.58, 2.49, 3.01, 3.12, 3.02, 3.29, 3.2, 2.95, 2.73, 2.66, 2.54, 2.52, 3.675, 2.84, 2.36, 2.5, 2.7, 2.43, 2.16, 2.08, 2.33, 2.38, 2.43, 2.87, 3.48, 3.14, 3.1, 3.19, 3.06, 3.24, 2.72, 1.48, 1.17, 1.18, 0.92, 0, 1.08, 1.67, 1.32, 1.66, 2.4, 2.82, 2.66, 2.85, 2.93, 3.8, 3.99, 4.54, 4.65, 3.74, 3.63, 4.04, 4.52, 6.03, 7.11, 6.97, 6.9, 7.99, 9.415, 9.853, 9.938, 11.158, 12.668, 13.658, 12.98, 12.858, 13.458, 13.758, 13.568, 13.385, 13.548, 13.025, 12.613, 12.803, 12.675, 12.588, 11.291, 9.7, 9.448, 9.905, 8.265, 8.135, 8.773, 9.293, 9.61], [3.31, 3.16, 3.19, 3.95, 4.06, 4.06, 4.31, 4.22, 3.97, 3.75, 3.62, 3.38, 2.56, 3.54, 2.82, 2.86, 2.7, 2.72, 2.49, 2.48, 2.54, 2.83, 2.92, 2.99, 3.57, 4.3, 3.98, 3.86, 3.95, 3.94, 4.02, 3.56, 2.14, 1.89, 1.72, 1.74, 1.08, 0, 1.01, 1.2, 1.62, 2.22, 2.78, 3.04, 3.37, 3.47, 3.76, 3.85, 4.34, 4.35, 3.76, 3.57, 3.92, 4.32, 5.73, 6.81, 6.73, 6.82, 7.81, 9.215, 9.635, 9.82, 11.06, 12.55, 13.54, 12.9, 12.76, 13.338, 13.66, 13.448, 13.248, 13.428, 12.888, 12.453, 12.643, 12.54, 12.468, 10.96, 9.503, 9.308, 9.385, 7.985, 7.975, 8.613, 9.133, 9.433], [3.72, 3.53, 3.56, 4.38, 4.43, 4.55, 4.78, 4.71, 4.5, 4.28, 4.13, 3.91, 2.93, 3.27, 2.83, 3.23, 2.93, 2.75, 2.6, 2.83, 2.87, 3.04, 2.93, 3.04, 3.7, 4.57, 4.37, 4.15, 4.18, 4.25, 4.45, 3.83, 2.39, 2.08, 1.99, 2.05, 1.67, 1.01, 0, 0.91, 1.37, 2.15, 2.73, 3.27, 3.62, 3.62, 3.77, 3.74, 4.19, 4.38, 3.85, 3.66, 3.73, 4.17, 5.62, 6.7, 6.54, 6.583, 7.507, 8.908, 9.328, 9.514, 10.754, 12.244, 13.234, 12.594, 12.454, 13.031, 13.354, 13.141, 12.941, 13.121, 12.581, 12.145, 12.335, 12.234, 12.161, 10.764, 9.25, 9.001, 9.098, 7.718, 7.668, 8.323, 8.825, 9.163], [3.23, 2.94, 3.03, 3.85, 3.9, 4.02, 4.27, 4.18, 3.95, 3.83, 3.76, 3.48, 2.66, 2.82, 2.54, 2.8, 2.56, 2.46, 2.41, 2.6, 2.6, 2.75, 2.72, 2.75, 3.29, 4.22, 3.92, 3.7, 3.75, 3.88, 4.14, 3.42, 2.02, 1.73, 1.72, 1.52, 1.32, 1.2, 0.91, 0, 0.96, 1.86, 2.4, 2.86, 3.19, 3.19, 3.44, 3.45, 3.9, 4.25, 3.56, 3.35, 3.5, 3.94, 5.31, 6.39, 6.123, 6.093, 7.134, 8.538, 8.995, 9.041, 10.264, 11.771, 12.761, 12.104, 11.964, 12.561, 12.864, 12.671, 12.471, 12.651, 12.131, 11.715, 11.905, 11.761, 11.691, 10.494, 8.84, 8.571, 9.008, 7.425, 7.218, 7.913, 8.395, 8.733], [3.19, 2.9, 3.03, 3.79, 3.88, 4.02, 4.27, 4.22, 3.97, 3.75, 3.78, 3.56, 2.54, 2.42, 2.4, 2.7, 2.5, 2.44, 2.31, 2.56, 2.5, 2.63, 2.42, 2.41, 3.29, 4.28, 3.98, 3.72, 3.79, 4.0, 4.24, 3.5, 2.04, 1.49, 1.44, 1.52, 1.66, 1.62, 1.37, 0.96, 0, 1.22, 1.72, 2.64, 2.97, 2.71, 2.88, 2.87, 3.32, 3.65, 3.0, 2.87, 2.92, 3.48, 5.05, 6.03, 5.79, 5.653, 6.694, 8.098, 8.515, 8.481, 9.704, 11.211, 12.201, 11.544, 11.404, 12.001, 12.304, 12.128, 11.948, 12.111, 11.625, 11.195, 11.385, 11.238, 11.148, 10.091, 8.42, 8.091, 8.668, 7.04, 6.798, 7.433, 7.875, 8.233], [3.87, 3.58, 3.63, 4.45, 4.52, 4.64, 4.93, 4.88, 4.61, 4.37, 4.48, 4.3, 2.5, 1.92, 2.36, 2.66, 2.62, 2.64, 2.41, 2.58, 2.92, 3.37, 3.14, 3.07, 4.01, 5.012, 4.7, 4.38, 4.45, 4.82, 5.08, 4.3, 2.88, 2.25, 2.12, 2.3, 2.4, 2.22, 2.15, 1.86, 1.22, 0, 1.26, 2.42, 2.71, 2.47, 2.52, 2.43, 2.82, 3.29, 2.78, 2.65, 2.56, 3.06, 4.61, 5.59, 5.29, 5.1, 6.03, 7.315, 7.615, 7.64, 8.88, 10.37, 11.38, 10.74, 10.58, 11.158, 11.48, 11.268, 11.068, 11.288, 10.808, 10.293, 10.463, 10.38, 10.288, 9.266, 7.651, 7.328, 7.945, 6.285, 6.035, 6.553, 6.953, 7.27], [3.23, 2.86, 3.01, 3.69, 3.82, 3.98, 4.27, 4.16, 3.81, 3.95, 4.14, 4.08, 2.2, 1.98, 2.1, 2.24, 2.0, 2.08, 1.97, 2.18, 2.56, 2.95, 2.74, 2.73, 3.47, 4.38, 4.04, 3.7, 3.79, 4.46, 4.8, 3.94, 2.76, 2.47, 2.36, 2.58, 2.82, 2.78, 2.73, 2.4, 1.72, 1.26, 0, 1.54, 1.93, 2.27, 2.62, 2.33, 2.72, 2.63, 2.06, 1.81, 2.08, 2.84, 4.51, 5.61, 5.35, 5.04, 6.028, 7.511, 7.802, 7.294, 8.494, 10.124, 11.297, 10.58, 10.317, 10.917, 11.114, 11.038, 10.878, 11.164, 10.755, 10.439, 10.432, 10.331, 10.221, 9.772, 8.156, 7.381, 8.041, 6.603, 6.228, 6.927, 7.236, 7.356], [2.41, 2.34, 2.29, 2.75, 2.94, 2.94, 3.23, 3.04, 2.69, 3.09, 3.34, 3.4, 2.44, 3.097, 2.32, 1.84, 1.74, 1.96, 1.83, 1.74, 1.86, 2.27, 2.06, 2.09, 2.45, 3.22, 2.88, 2.58, 2.69, 3.44, 3.78, 3.26, 2.56, 2.41, 2.5, 2.42, 2.66, 3.04, 3.27, 2.86, 2.64, 2.42, 1.54, 0, 1.39, 2.23, 3.24, 3.15, 3.688, 3.25, 2.1, 1.71, 2.24, 3.14, 4.77, 6.01, 5.91, 5.76, 7.012, 8.582, 8.962, 8.312, 9.235, 11.05, 12.02, 11.24, 10.96, 11.6, 11.88, 11.856, 11.803, 11.97, 11.85, 11.62, 11.498, 11.18, 11.328, 11.009, 9.392, 8.461, 8.908, 7.709, 7.374, 8.122, 8.486, 8.566], [2.8, 2.57, 2.56, 3.04, 3.07, 3.07, 3.36, 3.19, 2.88, 3.02, 3.19, 3.21, 2.65, 3.15, 2.51, 1.91, 1.79, 1.97, 2.02, 1.79, 2.05, 2.28, 2.41, 2.36, 2.76, 3.45, 3.21, 2.91, 2.82, 3.35, 3.75, 3.25, 2.67, 2.58, 2.63, 2.55, 2.85, 3.37, 3.62, 3.19, 2.97, 2.71, 1.93, 1.39, 0, 1.64, 2.75, 2.8, 3.341, 3.0, 1.87, 1.6, 2.15, 2.91, 4.46, 5.7, 5.64, 5.51, 6.698, 8.324, 8.63, 8.163, 9.337, 11.007, 11.948, 11.25, 11.048, 11.668, 11.883, 11.793, 11.747, 11.875, 11.601, 11.314, 11.301, 11.02, 11.134, 10.66, 9.086, 8.16, 8.739, 7.434, 7.088, 7.801, 8.197, 8.297], [3.78, 3.61, 3.52, 4.08, 4.13, 4.21, 4.52, 4.41, 4.08, 3.78, 3.97, 3.67, 2.93, 2.83, 2.23, 2.29, 2.33, 2.09, 2.06, 2.11, 2.37, 3.02, 2.85, 2.8, 3.637, 4.722, 4.404, 4.01, 4.014, 4.373, 4.659, 3.973, 2.83, 2.5, 2.51, 2.57, 2.93, 3.47, 3.62, 3.19, 2.71, 2.47, 2.27, 2.23, 1.64, 0, 1.59, 1.72, 2.23, 2.3, 1.59, 1.86, 1.85, 2.27, 3.7, 4.76, 4.68, 4.53, 5.74, 7.27, 7.67, 7.51, 8.75, 10.3, 11.23, 10.51, 10.41, 11.01, 11.33, 11.18, 11.04, 11.14, 10.76, 10.37, 10.5, 10.29, 10.2, 9.4, 7.8, 7.18, 7.8, 6.3, 6.01, 6.67, 7.13, 7.39], [4.806, 4.465, 4.575, 5.338, 5.388, 5.468, 5.755, 5.62, 5.33, 4.93, 4.98, 4.68, 2.8, 2.5, 1.98, 3.08, 2.72, 2.34, 2.33, 2.7, 3.354, 4.042, 3.8, 3.81, 4.779, 5.868, 5.483, 5.12, 5.133, 5.4, 5.717, 5.094, 3.78, 3.25, 3.3, 3.66, 3.8, 3.76, 3.77, 3.44, 2.88, 2.52, 2.62, 3.24, 2.75, 1.59, 0, 0.87, 1.26, 1.55, 1.68, 2.13, 1.64, 1.62, 2.59, 3.47, 3.45, 3.3, 4.53, 6.16, 6.6, 6.54, 7.78, 9.33, 10.18, 9.46, 9.38, 10.0, 10.34, 10.21, 10.07, 10.11, 9.75, 9.38, 9.53, 9.28, 9.23, 8.35, 6.77, 6.13, 6.61, 5.13, 4.94, 5.68, 6.22, 6.46], [4.882, 4.489, 4.639, 5.402, 5.455, 5.512, 5.819, 5.69, 5.38, 4.98, 5.15, 4.81, 2.41, 1.99, 1.95, 3.15, 2.73, 2.37, 2.48, 2.81, 3.544, 4.154, 3.95, 4.0, 4.849, 5.893, 5.496, 5.156, 5.166, 5.533, 5.813, 5.153, 3.91, 3.52, 3.49, 3.81, 3.99, 3.85, 3.74, 3.45, 2.87, 2.43, 2.33, 3.15, 2.8, 1.72, 0.87, 0, 0.91, 1.38, 1.55, 2.04, 1.61, 1.87, 2.78, 3.66, 3.42, 3.15, 4.36, 5.93, 6.29, 6.27, 7.51, 9.04, 9.91, 9.19, 9.11, 9.73, 10.07, 9.94, 9.78, 9.84, 9.5, 9.09, 9.24, 9.01, 8.96, 8.12, 6.6, 5.9, 6.4, 4.94, 4.73, 5.43, 5.97, 6.19], [5.401, 5.028, 5.172, 5.935, 5.985, 6.05, 6.338, 6.219, 5.93, 5.51, 5.54, 5.38, 2.7, 2.06, 2.38, 3.68, 3.24, 2.8, 2.91, 3.14, 3.92, 4.55, 4.38, 4.45, 5.41, 6.457, 6.062, 5.719, 5.746, 6.026, 6.312, 5.677, 4.518, 3.99, 3.96, 4.36, 4.54, 4.34, 4.19, 3.9, 3.32, 2.82, 2.72, 3.688, 3.341, 2.23, 1.26, 0.91, 0, 1.07, 1.98, 2.49, 2.0, 1.6, 2.39, 3.13, 2.91, 2.74, 3.69, 5.3, 5.76, 5.72, 6.92, 8.49, 9.32, 8.62, 8.52, 9.14, 9.48, 9.35, 9.23, 9.27, 8.93, 8.56, 8.71, 8.42, 8.43, 7.57, 6.07, 5.29, 5.73, 4.33, 4.12, 4.9, 5.46, 5.68], [4.893, 4.57, 4.72, 5.453, 5.543, 5.623, 5.88, 5.723, 5.52, 5.2, 5.35, 5.29, 2.87, 2.59, 2.53, 3.41, 2.99, 2.49, 2.66, 2.99, 3.69, 3.98, 3.83, 3.9, 4.886, 5.898, 5.501, 5.121, 5.151, 5.588, 5.888, 5.397, 4.47, 4.08, 4.09, 4.47, 4.65, 4.35, 4.38, 4.25, 3.65, 3.29, 2.63, 3.25, 3.0, 2.3, 1.55, 1.38, 1.07, 0, 1.49, 1.92, 1.71, 1.35, 2.22, 3.26, 3.22, 3.07, 4.18, 5.85, 6.29, 6.03, 7.25, 8.82, 9.65, 8.87, 8.75, 9.43, 9.79, 9.66, 9.58, 9.6, 9.28, 9.07, 9.04, 8.75, 8.92, 8.26, 6.78, 5.72, 5.98, 4.96, 4.71, 5.51, 6.01, 6.11], [3.55, 3.24, 3.33, 4.11, 4.18, 4.24, 4.49, 4.36, 4.21, 3.93, 4.24, 4.18, 2.34, 2.3, 1.68, 2.2, 1.94, 1.68, 1.81, 2.12, 2.64, 3.01, 2.86, 2.81, 3.599, 4.629, 4.235, 3.892, 3.905, 4.424, 4.784, 4.2, 3.56, 3.31, 3.26, 3.4, 3.74, 3.76, 3.85, 3.56, 3.0, 2.78, 2.06, 2.1, 1.87, 1.59, 1.68, 1.55, 1.98, 1.49, 0, 0.89, 0.96, 1.56, 2.97, 4.23, 4.23, 3.98, 5.35, 6.96, 7.34, 6.98, 8.12, 9.71, 10.48, 9.7, 9.58, 10.28, 10.62, 10.51, 10.47, 10.47, 10.25, 10.08, 10.01, 9.6, 9.93, 9.35, 7.81, 6.79, 7.29, 6.07, 5.78, 6.52, 7.02, 7.1], [3.14, 2.79, 2.96, 3.72, 3.73, 3.75, 3.98, 3.85, 3.76, 3.84, 4.15, 4.07, 2.45, 2.53, 1.91, 2.01, 1.69, 1.67, 1.74, 2.07, 2.55, 2.86, 2.61, 2.5, 3.186, 4.076, 3.662, 3.331, 3.361, 4.097, 4.417, 4.08, 3.37, 3.18, 3.13, 3.31, 3.63, 3.57, 3.66, 3.35, 2.87, 2.65, 1.81, 1.71, 1.6, 1.86, 2.13, 2.04, 2.49, 1.92, 0.89, 0, 0.91, 1.71, 3.2, 4.66, 4.639, 4.47, 5.86, 7.51, 7.81, 7.33, 8.45, 10.02, 10.81, 10.01, 9.81, 10.55, 10.87, 10.86, 10.82, 10.9, 10.78, 10.51, 10.46, 10.01, 10.34, 9.88, 8.36, 7.34, 7.8, 6.62, 6.33, 7.05, 7.43, 7.51], [3.81, 3.5, 3.63, 4.41, 4.38, 4.36, 4.63, 4.48, 4.37, 4.21, 4.54, 4.46, 2.68, 2.3, 1.92, 2.52, 2.14, 1.84, 1.99, 2.32, 2.98, 3.29, 2.88, 2.85, 3.748, 4.726, 4.314, 3.974, 3.984, 4.567, 4.907, 4.447, 3.74, 3.47, 3.44, 3.74, 4.04, 3.92, 3.73, 3.5, 2.92, 2.56, 2.08, 2.24, 2.15, 1.85, 1.64, 1.61, 2.0, 1.71, 0.96, 0.91, 0, 1.12, 2.71, 4.03, 4.07, 3.9, 5.29, 6.94, 7.28, 6.94, 8.06, 9.61, 10.28, 9.4, 9.38, 10.12, 10.46, 10.45, 10.39, 10.39, 10.27, 10.02, 9.97, 9.5, 9.83, 9.31, 7.79, 6.77, 7.15, 6.05, 5.76, 6.48, 6.96, 7.04], [4.69, 4.38, 4.53, 5.31, 5.24, 5.26, 5.53, 5.4, 5.25, 4.99, 5.06, 5.08, 3.16, 2.66, 2.42, 3.36, 2.88, 2.3, 2.53, 2.88, 3.5, 3.85, 3.56, 3.41, 4.501, 5.565, 5.176, 4.836, 4.846, 5.21, 5.55, 5.224, 4.36, 3.95, 3.94, 4.32, 4.52, 4.32, 4.17, 3.94, 3.48, 3.06, 2.84, 3.14, 2.91, 2.27, 1.62, 1.87, 1.6, 1.35, 1.56, 1.71, 1.12, 0, 1.95, 3.25, 3.21, 3.2, 4.47, 6.18, 6.64, 6.4, 7.54, 9.09, 9.72, 8.86, 8.82, 9.6, 9.92, 9.93, 9.87, 9.87, 9.65, 9.42, 9.41, 8.94, 9.25, 8.57, 7.03, 6.05, 6.29, 5.21, 4.98, 5.86, 6.38, 6.48], [6.1, 5.77, 5.96, 6.6, 6.59, 6.65, 6.882, 6.83, 6.82, 6.44, 6.57, 6.49, 4.57, 3.71, 3.57, 4.75, 4.33, 3.71, 3.86, 4.31, 4.81, 5.3, 5.07, 4.9, 5.876, 6.94, 6.569, 6.237, 6.331, 6.62, 6.917, 6.72, 5.87, 5.42, 5.31, 5.79, 6.03, 5.73, 5.62, 5.31, 5.05, 4.61, 4.51, 4.77, 4.46, 3.7, 2.59, 2.78, 2.39, 2.22, 2.97, 3.2, 2.71, 1.95, 0, 1.7, 1.94, 1.87, 3.2, 4.97, 5.43, 5.21, 6.37, 7.94, 8.59, 7.75, 7.73, 8.45, 8.81, 8.76, 8.72, 8.72, 8.46, 8.23, 8.22, 7.79, 8.04, 7.34, 5.76, 4.86, 4.9, 3.9, 3.77, 4.67, 5.19, 5.27], [7.551, 7.23, 7.38, 8.14, 8.11, 8.141, 8.428, 8.31, 8.04, 7.66, 7.69, 7.59, 5.61, 4.57, 4.63, 5.99, 5.55, 5.03, 5.06, 5.35, 5.99, 6.64, 6.41, 6.299, 7.442, 8.494, 8.135, 7.795, 7.822, 8.058, 8.338, 7.897, 6.99, 6.5, 6.39, 6.87, 7.11, 6.81, 6.7, 6.39, 6.03, 5.59, 5.61, 6.01, 5.7, 4.76, 3.47, 3.66, 3.13, 3.26, 4.23, 4.66, 4.03, 3.25, 1.7, 0, 0.82, 0.85, 1.84, 3.55, 4.03, 3.89, 5.05, 6.62, 7.31, 6.55, 6.47, 7.15, 7.47, 7.44, 7.4, 7.4, 7.16, 6.85, 6.88, 6.47, 6.68, 5.88, 4.28, 3.5, 3.54, 2.58, 2.77, 3.35, 3.87, 4.01], [7.66, 7.31, 7.44, 8.2, 8.192, 8.251, 8.542, 8.426, 8.16, 7.78, 7.77, 7.67, 5.25, 4.29, 4.73, 6.09, 5.61, 5.09, 5.22, 5.47, 6.17, 6.82, 6.55, 6.48, 7.545, 8.618, 8.232, 7.886, 7.914, 8.185, 8.445, 8.008, 6.925, 6.48, 6.39, 6.79, 6.97, 6.73, 6.54, 6.123, 5.79, 5.29, 5.35, 5.91, 5.64, 4.68, 3.45, 3.42, 2.91, 3.22, 4.23, 4.639, 4.07, 3.21, 1.94, 0.82, 0, 0.69, 1.54, 3.13, 3.61, 3.53, 4.69, 6.24, 7.01, 6.31, 6.19, 6.81, 7.13, 7.06, 7.02, 7.04, 6.78, 6.43, 6.5, 6.11, 6.26, 5.48, 3.92, 3.1, 3.44, 2.36, 2.57, 3.01, 3.47, 3.63], [7.421, 7.04, 7.17, 7.95, 7.965, 8.031, 8.318, 8.199, 7.99, 7.55, 7.66, 7.48, 5.1, 4.06, 4.52, 5.8, 5.4, 5.0, 5.11, 5.46, 6.08, 6.75, 6.42, 6.33, 7.376, 8.451, 8.066, 7.726, 7.736, 8.017, 8.332, 7.807, 6.86, 6.43, 6.34, 6.7, 6.9, 6.82, 6.583, 6.093, 5.653, 5.1, 5.04, 5.76, 5.51, 4.53, 3.3, 3.15, 2.74, 3.07, 3.98, 4.47, 3.9, 3.2, 1.87, 0.85, 0.69, 0, 1.57, 3.24, 3.66, 3.54, 4.7, 6.29, 7.0, 6.22, 6.16, 6.84, 7.2, 7.09, 7.05, 7.07, 6.79, 6.46, 6.53, 6.18, 6.29, 5.57, 3.95, 3.17, 3.65, 2.41, 2.48, 3.0, 3.5, 3.64], [8.788, 8.395, 8.545, 9.328, 9.378, 9.438, 9.705, 9.59, 9.28, 8.88, 8.95, 8.87, 6.05, 4.55, 5.79, 7.11, 6.71, 6.19, 6.34, 6.65, 7.388, 7.972, 7.77, 7.7, 8.763, 9.829, 9.441, 9.081, 9.1, 9.405, 9.745, 9.148, 8.008, 7.46, 7.43, 7.83, 7.99, 7.81, 7.507, 7.134, 6.694, 6.03, 6.028, 7.012, 6.698, 5.74, 4.53, 4.36, 3.69, 4.18, 5.35, 5.86, 5.29, 4.47, 3.2, 1.84, 1.54, 1.57, 0, 1.83, 2.27, 2.15, 3.37, 4.92, 5.77, 5.09, 4.97, 5.59, 5.91, 5.78, 5.66, 5.7, 5.34, 5.09, 5.12, 4.87, 4.88, 4.2, 2.62, 1.68, 2.16, 1.4, 1.57, 1.83, 2.09, 2.21], [10.398, 10.011, 10.17, 10.938, 10.968, 11.048, 11.321, 11.22, 10.93, 10.55, 10.62, 10.52, 7.62, 5.9, 7.4, 8.72, 8.3, 7.88, 8.05, 8.318, 9.118, 9.688, 9.477, 9.407, 10.425, 11.511, 11.094, 10.74, 10.753, 11.075, 11.455, 10.707, 9.495, 8.99, 8.88, 9.235, 9.415, 9.215, 8.908, 8.538, 8.098, 7.315, 7.511, 8.582, 8.324, 7.27, 6.16, 5.93, 5.3, 5.85, 6.96, 7.51, 6.94, 6.18, 4.97, 3.55, 3.13, 3.24, 1.83, 0, 0.82, 1.44, 2.26, 3.55, 4.44, 3.9, 3.84, 4.24, 4.56, 4.35, 4.29, 4.37, 3.91, 3.56, 3.61, 3.5, 3.43, 2.53, 1.21, 1.03, 1.17, 1.51, 1.72, 1.58, 1.36, 1.26], [10.702, 10.299, 10.449, 11.192, 11.282, 11.342, 11.629, 11.556, 11.266, 10.87, 11.02, 10.98, 8.08, 6.28, 7.82, 9.0, 8.58, 8.32, 8.47, 8.778, 9.558, 10.13, 9.88, 9.81, 10.811, 11.838, 11.426, 11.086, 11.113, 11.535, 11.875, 11.035, 9.91, 9.51, 9.32, 9.613, 9.853, 9.635, 9.328, 8.995, 8.515, 7.615, 7.802, 8.962, 8.63, 7.67, 6.6, 6.29, 5.76, 6.29, 7.34, 7.81, 7.28, 6.64, 5.43, 4.03, 3.61, 3.66, 2.27, 0.82, 0, 1.12, 1.94, 3.11, 3.98, 3.5, 3.4, 3.84, 4.14, 3.95, 3.93, 4.01, 3.53, 3.14, 3.17, 3.12, 3.07, 2.17, 0.91, 0.93, 1.27, 1.75, 1.92, 1.7, 1.18, 0.92], [10.07, 9.62, 9.83, 10.51, 10.66, 10.74, 10.97, 10.94, 10.57, 10.59, 10.88, 10.88, 8.0, 6.28, 7.72, 8.7, 8.44, 8.18, 8.41, 8.7, 9.478, 9.868, 9.64, 9.55, 10.439, 11.329, 10.915, 10.538, 10.608, 11.321, 11.701, 10.898, 9.955, 9.53, 9.26, 9.578, 9.938, 9.82, 9.514, 9.041, 8.481, 7.64, 7.294, 8.312, 8.163, 7.51, 6.54, 6.27, 5.72, 6.03, 6.98, 7.33, 6.94, 6.4, 5.21, 3.89, 3.53, 3.54, 2.15, 1.44, 1.12, 0, 1.36, 2.97, 4.02, 3.44, 3.1, 3.64, 3.84, 3.75, 3.65, 3.89, 3.61, 3.36, 3.27, 3.1, 3.17, 2.95, 1.39, 0.97, 1.47, 2.01, 2.02, 1.64, 1.1, 1.0], [11.11, 10.72, 10.91, 11.57, 11.8, 11.86, 12.07, 11.98, 11.55, 11.73, 12.04, 12.06, 9.22, 7.52, 8.98, 9.92, 9.66, 9.42, 9.65, 9.9, 10.68, 11.07, 10.76, 10.67, 11.508, 12.318, 11.964, 11.624, 11.694, 12.464, 12.844, 12.093, 11.175, 10.75, 10.48, 10.798, 11.158, 11.06, 10.754, 10.264, 9.704, 8.88, 8.494, 9.235, 9.337, 8.75, 7.78, 7.51, 6.92, 7.25, 8.12, 8.45, 8.06, 7.54, 6.37, 5.05, 4.69, 4.7, 3.37, 2.26, 1.94, 1.36, 0, 2.03, 3.24, 2.66, 2.28, 2.82, 2.94, 2.89, 2.79, 3.03, 2.91, 2.66, 2.57, 2.32, 2.49, 2.27, 2.07, 1.99, 2.25, 3.17, 3.16, 2.58, 2.1, 2.0], [12.78, 12.41, 12.58, 13.34, 13.47, 13.43, 13.62, 13.65, 13.28, 13.3, 13.61, 13.65, 10.79, 9.01, 10.53, 11.49, 11.25, 10.99, 11.22, 11.47, 12.25, 12.64, 12.31, 12.22, 13.118, 14.013, 13.614, 13.234, 13.284, 14.017, 14.397, 13.643, 12.705, 12.28, 12.01, 12.308, 12.668, 12.55, 12.244, 11.771, 11.211, 10.37, 10.124, 11.05, 11.007, 10.3, 9.33, 9.04, 8.49, 8.82, 9.71, 10.02, 9.61, 9.09, 7.94, 6.62, 6.24, 6.29, 4.92, 3.55, 3.11, 2.97, 2.03, 0, 1.43, 1.27, 0.97, 1.21, 1.39, 1.52, 1.64, 1.62, 1.5, 1.53, 1.16, 1.09, 1.0, 2.12, 3.34, 3.42, 3.6, 4.64, 4.65, 4.07, 3.61, 3.41], [13.59, 13.3, 13.47, 14.27, 14.3, 14.2, 14.45, 14.46, 14.19, 14.07, 14.34, 14.4, 11.66, 10.0, 11.36, 12.3, 12.02, 11.78, 12.01, 12.26, 13.02, 13.45, 13.02, 12.85, 13.808, 14.801, 14.372, 14.006, 14.036, 14.63, 15.01, 14.438, 13.658, 13.19, 12.98, 13.298, 13.658, 13.54, 13.234, 12.761, 12.201, 11.38, 11.297, 12.02, 11.948, 11.23, 10.18, 9.91, 9.32, 9.65, 10.48, 10.81, 10.28, 9.72, 8.59, 7.31, 7.01, 7.0, 5.77, 4.44, 3.98, 4.02, 3.24, 1.43, 0, 1.02, 1.2, 0.78, 1.18, 1.43, 1.61, 1.23, 1.29, 1.56, 1.41, 1.3, 1.33, 2.89, 4.27, 4.31, 4.55, 5.63, 5.62, 5.04, 4.6, 4.4], [12.77, 12.5, 12.65, 13.43, 13.4, 13.3, 13.55, 13.56, 13.43, 13.31, 13.62, 13.64, 10.98, 9.36, 10.6, 11.56, 11.3, 11.0, 11.23, 11.54, 12.24, 12.65, 12.22, 12.03, 12.874, 13.869, 13.472, 13.072, 13.151, 13.73, 14.121, 13.681, 12.94, 12.51, 12.34, 12.64, 12.98, 12.9, 12.594, 12.104, 11.544, 10.74, 10.58, 11.24, 11.25, 10.51, 9.46, 9.19, 8.62, 8.87, 9.7, 10.01, 9.4, 8.86, 7.75, 6.55, 6.31, 6.22, 5.09, 3.9, 3.5, 3.44, 2.66, 1.27, 1.02, 0, 0.66, 0.92, 1.42, 1.61, 1.73, 1.51, 1.43, 1.54, 1.23, 1.02, 1.13, 2.57, 3.77, 3.73, 4.01, 4.99, 5.02, 4.44, 4.02, 3.88], [12.55, 12.28, 12.45, 13.23, 13.26, 13.12, 13.33, 13.4, 13.13, 13.21, 13.54, 13.56, 10.86, 9.22, 10.5, 11.42, 11.16, 10.92, 11.15, 11.46, 12.18, 12.57, 12.14, 11.95, 12.78, 13.683, 13.29, 12.904, 12.94, 13.715, 14.095, 13.584, 12.858, 12.39, 12.18, 12.498, 12.858, 12.76, 12.454, 11.964, 11.404, 10.58, 10.317, 10.96, 11.048, 10.41, 9.38, 9.11, 8.52, 8.75, 9.58, 9.81, 9.38, 8.82, 7.73, 6.47, 6.19, 6.16, 4.97, 3.84, 3.4, 3.1, 2.28, 0.97, 1.2, 0.66, 0, 0.92, 1.32, 1.37, 1.47, 1.37, 1.35, 1.4, 1.07, 0.8, 0.99, 2.45, 3.67, 3.57, 3.91, 4.87, 4.88, 4.3, 3.84, 3.72], [13.25, 12.98, 13.17, 13.93, 14.02, 13.96, 14.15, 14.16, 13.81, 13.89, 14.16, 14.22, 11.46, 9.8, 11.18, 12.1, 11.82, 11.6, 11.83, 12.08, 12.84, 13.25, 12.82, 12.71, 13.611, 14.526, 14.124, 13.744, 13.774, 14.527, 14.907, 14.258, 13.458, 12.99, 12.78, 13.098, 13.458, 13.338, 13.031, 12.561, 12.001, 11.158, 10.917, 11.6, 11.668, 11.01, 10.0, 9.73, 9.14, 9.43, 10.28, 10.55, 10.12, 9.6, 8.45, 7.15, 6.81, 6.84, 5.59, 4.24, 3.84, 3.64, 2.82, 1.21, 0.78, 0.92, 0.92, 0, 0.8, 0.91, 1.07, 0.93, 1.19, 1.58, 1.23, 1.12, 1.07, 2.81, 4.11, 4.05, 4.37, 5.41, 5.4, 4.82, 4.32, 4.14], [13.57, 13.26, 13.47, 14.17, 14.24, 14.22, 14.45, 14.44, 14.05, 14.23, 14.52, 14.58, 11.76, 10.12, 11.52, 12.46, 12.18, 11.96, 12.19, 12.42, 13.2, 13.61, 13.18, 13.03, 13.931, 14.809, 14.395, 14.018, 14.088, 14.85, 15.23, 14.598, 13.775, 13.33, 13.08, 13.398, 13.758, 13.66, 13.354, 12.864, 12.304, 11.48, 11.114, 11.88, 11.883, 11.33, 10.34, 10.07, 9.48, 9.79, 10.62, 10.87, 10.46, 9.92, 8.81, 7.47, 7.13, 7.2, 5.91, 4.56, 4.14, 3.84, 2.94, 1.39, 1.18, 1.42, 1.32, 0.8, 0, 0.65, 1.05, 1.13, 1.43, 1.86, 1.55, 1.42, 1.35, 3.07, 4.43, 4.39, 4.71, 5.75, 5.74, 5.16, 4.64, 4.46], [13.54, 13.15, 13.36, 14.14, 14.29, 14.29, 14.5, 14.43, 14.08, 14.12, 14.43, 14.45, 11.61, 9.91, 11.39, 12.33, 12.05, 11.83, 12.06, 12.29, 13.07, 13.48, 13.15, 13.06, 13.918, 14.799, 14.414, 14.034, 14.084, 14.854, 15.234, 14.488, 13.623, 13.2, 12.93, 13.208, 13.568, 13.448, 13.141, 12.671, 12.128, 11.268, 11.038, 11.856, 11.793, 11.18, 10.21, 9.94, 9.35, 9.66, 10.51, 10.86, 10.45, 9.93, 8.76, 7.44, 7.06, 7.09, 5.78, 4.35, 3.95, 3.75, 2.89, 1.52, 1.43, 1.61, 1.37, 0.91, 0.65, 0, 0.68, 0.86, 1.14, 1.57, 1.3, 1.31, 1.28, 2.9, 4.22, 4.16, 4.5, 5.52, 5.51, 4.93, 4.41, 4.25], [13.48, 13.13, 13.32, 14.12, 14.27, 14.25, 14.46, 14.37, 14.02, 14.08, 14.39, 14.41, 11.51, 9.71, 11.27, 12.23, 11.97, 11.73, 11.96, 12.23, 13.01, 13.4, 13.09, 13.0, 13.838, 14.739, 14.354, 13.994, 14.044, 14.797, 15.177, 14.423, 13.443, 13.02, 12.75, 13.025, 13.385, 13.248, 12.941, 12.471, 11.948, 11.068, 10.878, 11.803, 11.747, 11.04, 10.07, 9.78, 9.23, 9.58, 10.47, 10.82, 10.39, 9.87, 8.72, 7.4, 7.02, 7.05, 5.66, 4.29, 3.93, 3.65, 2.79, 1.64, 1.61, 1.73, 1.47, 1.07, 1.05, 0.68, 0, 0.78, 0.88, 1.29, 1.02, 1.21, 1.4, 2.82, 4.12, 4.08, 4.4, 5.34, 5.33, 4.73, 4.23, 4.13], [13.64, 13.31, 13.44, 14.28, 14.43, 14.37, 14.58, 14.47, 14.16, 14.08, 14.39, 14.43, 11.59, 9.89, 11.31, 12.31, 12.07, 11.77, 12.0, 12.25, 13.03, 13.42, 13.09, 13.0, 13.838, 14.822, 14.434, 14.094, 14.124, 14.797, 15.177, 14.423, 13.565, 13.12, 12.87, 13.188, 13.548, 13.428, 13.121, 12.651, 12.111, 11.288, 11.164, 11.97, 11.875, 11.14, 10.11, 9.84, 9.27, 9.6, 10.47, 10.9, 10.39, 9.87, 8.72, 7.4, 7.04, 7.07, 5.7, 4.37, 4.01, 3.89, 3.03, 1.62, 1.23, 1.51, 1.37, 0.93, 1.13, 0.86, 0.78, 0, 0.7, 1.33, 1.16, 1.21, 1.38, 2.9, 4.28, 4.18, 4.52, 5.5, 5.49, 4.91, 4.51, 4.39], [13.514, 13.13, 13.3, 14.074, 14.23, 14.25, 14.48, 14.41, 14.12, 13.88, 14.13, 14.11, 11.21, 9.35, 10.95, 12.03, 11.77, 11.41, 11.64, 11.928, 12.708, 13.135, 12.91, 12.82, 13.712, 14.759, 14.368, 14.008, 14.038, 14.571, 14.951, 14.174, 13.103, 12.68, 12.41, 12.683, 13.025, 12.888, 12.581, 12.131, 11.625, 10.808, 10.755, 11.85, 11.601, 10.76, 9.75, 9.5, 8.93, 9.28, 10.25, 10.78, 10.27, 9.65, 8.46, 7.16, 6.78, 6.79, 5.34, 3.91, 3.53, 3.61, 2.91, 1.5, 1.29, 1.43, 1.35, 1.19, 1.43, 1.14, 0.88, 0.7, 0, 0.83, 0.68, 0.99, 1.04, 2.4, 3.74, 3.76, 4.1, 4.96, 4.97, 4.37, 4.01, 3.89], [13.287, 12.88, 13.07, 13.807, 13.897, 13.96, 14.21, 14.18, 13.87, 13.63, 13.82, 13.72, 10.84, 9.0, 10.58, 11.66, 11.34, 11.14, 11.27, 11.