[[0, 2.55, 2.24, 1.7, 2.09, 1.9, 2.17, 2.23, 2.67, 3.319, 2.976, 2.68, 2.13, 1.88, 1.88, 2.21, 2.07, 2.37, 1.91, 2.7, 3.46, 3.57, 3.59, 3.21, 2.74, 2.42, 1.96, 1.94, 1.93, 2.82, 3.24, 3.34, 3.59, 3.8, 4.91, 5.42, 5.36, 5.25, 5.79, 6.95, 7.05, 6.67, 6.73, 6.65, 6.36, 6.94, 6.46, 6.91, 6.1, 5.66, 6.08, 7.22, 8.84, 8.83, 8.54, 8.92, 8.48, 7.88, 7.54, 7.99, 8.6, 9.21, 9.72, 9.51, 8.91, 8.04, 7.48, 7.29, 8.16, 9.49, 10.55, 8.87, 6.43, 5.58, 5.07, 4.8, 5.14, 4.07, 2.76, 2.63, 2.37, 2.06, 2.35, 3.16, 3.53, 3.63], [2.55, 0, 1.07, 1.89, 2.72, 2.25, 1.74, 1.64, 1.72, 1.76, 1.52, 1.43, 1.96, 2.51, 2.57, 3.02, 3.1, 3.4, 3.18, 4.47, 5.649, 5.819, 5.7, 5.44, 4.884, 4.738, 3.938, 3.63, 3.16, 3.57, 4.15, 4.37, 4.54, 5.23, 7.3, 7.69, 7.63, 7.636, 8.1, 9.14, 9.1, 8.48, 8.22, 8.06, 8.01, 8.93, 8.75, 9.18, 8.33, 7.89, 8.37, 9.57, 11.23, 11.02, 10.83, 11.13, 10.65, 9.77, 9.15, 9.52, 10.49, 10.98, 11.95, 11.74, 11.1, 9.99, 9.19, 9.5, 10.47, 11.873, 12.92, 11.24, 8.38, 7.37, 7.0, 7.169, 7.569, 6.1, 3.73, 2.92, 2.58, 2.77, 1.7, 1.29, 1.48, 1.34], [2.24, 1.07, 0, 1.24, 1.91, 1.82, 1.51, 1.45, 1.41, 1.95, 1.77, 1.06, 1.59, 1.8, 1.94, 2.51, 2.51, 2.91, 2.73, 3.9, 5.04, 5.13, 5.07, 4.85, 4.32, 4.074, 3.3, 2.96, 2.57, 3.26, 3.92, 4.14, 4.37, 5.02, 6.65, 7.1, 7.04, 7.01, 7.47, 8.63, 8.53, 8.11, 7.85, 7.79, 7.68, 8.62, 8.22, 8.69, 7.98, 7.32, 7.84, 9.0, 10.68, 10.57, 10.3, 10.74, 10.28, 9.4, 8.94, 9.15, 10.04, 10.63, 11.38, 11.25, 10.61, 9.5, 8.78, 9.03, 9.88, 11.31, 12.21, 10.83, 8.01, 6.98, 6.57, 6.58, 6.92, 5.45, 3.4, 2.67, 2.37, 2.3, 1.69, 1.62, 1.99, 1.91], [1.7, 1.89, 1.24, 0, 1.21, 1.16, 1.37, 1.45, 1.75, 2.59, 2.17, 1.66, 1.45, 1.5, 1.56, 1.95, 2.01, 2.47, 2.13, 2.82, 3.9, 4.03, 4.03, 3.79, 3.24, 3.02, 2.28, 1.94, 1.87, 2.86, 3.5, 3.52, 3.83, 4.04, 5.51, 5.9, 5.88, 5.83, 6.33, 7.69, 7.61, 6.99, 7.01, 6.95, 6.72, 7.52, 7.1, 7.55, 6.82, 6.22, 6.78, 7.92, 9.64, 9.59, 9.36, 9.74, 9.16, 8.4, 7.94, 8.25, 9.12, 9.61, 10.36, 10.23, 9.55, 8.42, 7.78, 7.93, 8.84, 10.35, 11.21, 9.63, 6.89, 6.0, 5.53, 5.38, 5.82, 4.69, 3.18, 2.85, 2.53, 2.36, 2.09, 2.36, 2.69, 2.83], [2.09, 2.72, 1.91, 1.21, 0, 1.01, 1.72, 1.84, 2.3, 3.22, 2.9, 2.35, 2.1, 1.63, 1.81, 2.1, 1.88, 2.36, 2.1, 2.47, 3.33, 3.46, 3.3, 3.14, 2.61, 2.65, 2.21, 1.93, 1.8, 2.79, 3.15, 3.09, 3.36, 3.53, 4.92, 5.37, 5.29, 5.24, 5.78, 7.16, 7.02, 6.46, 6.3, 6.28, 6.05, 6.95, 6.55, 7.06, 6.31, 5.59, 6.19, 7.43, 9.03, 9.06, 8.79, 9.15, 8.69, 7.93, 7.43, 7.66, 8.51, 9.02, 9.81, 9.74, 9.12, 8.01, 7.39, 7.5, 8.31, 9.72, 10.66, 9.14, 6.4, 5.35, 5.02, 4.91, 5.15, 4.32, 3.35, 3.28, 3.06, 2.69, 2.68, 3.01, 3.44, 3.5], [1.9, 2.25, 1.82, 1.16, 1.01, 0, 1.05, 1.31, 1.97, 2.75, 2.63, 2.12, 1.77, 1.68, 1.82, 2.07, 1.87, 1.99, 1.83, 2.56, 3.76, 3.899, 3.67, 3.43, 2.932, 2.86, 2.28, 2.06, 1.77, 2.46, 2.94, 3.04, 3.21, 3.5, 5.235, 5.645, 5.579, 5.646, 6.056, 7.413, 7.176, 6.63, 6.55, 6.45, 6.3, 6.9, 6.854, 7.21, 6.452, 5.906, 6.429, 7.543, 9.263, 9.122, 9.123, 9.48, 8.763, 7.935, 7.42, 7.85, 8.68, 9.11, 10.183, 9.973, 9.202, 8.092, 7.34, 7.622, 8.683, 10.133, 11.016, 9.279, 6.43, 5.4, 4.99, 5.233, 5.574, 4.37, 3.26, 3.07, 2.89, 2.54, 2.65, 2.58, 2.87, 2.97], [2.17, 1.74, 1.51, 1.37, 1.72, 1.05, 0, 0.94, 1.64, 2.42, 2.38, 1.85, 1.72, 1.81, 1.93, 2.34, 2.24, 2.26, 2.14, 3.43, 4.56, 4.747, 4.6, 4.268, 3.755, 3.69, 3.01, 2.73, 2.26, 2.55, 3.15, 3.43, 3.56, 4.19, 6.127, 6.535, 6.469, 6.513, 6.913, 8.152, 7.9, 7.42, 7.0, 6.92, 6.85, 7.73, 7.706, 8.03, 7.178, 6.684, 7.073, 8.338, 9.99, 9.7, 9.863, 10.125, 9.509, 8.63, 8.07, 8.48, 9.41, 9.9, 10.965, 10.715, 9.94, 8.73, 7.95, 8.383, 9.448, 10.93, 11.83, 10.082, 7.145, 6.17, 5.8, 6.083, 6.429, 4.92, 3.07, 2.8, 2.74, 2.29, 2.34, 2.05, 2.26, 2.26], [2.23, 1.64, 1.45, 1.45, 1.84, 1.31, 0.94, 0, 1.08, 1.88, 1.7, 1.47, 1.68, 1.63, 1.81, 2.22, 2.16, 2.22, 2.18, 3.583, 4.76, 4.956, 4.728, 4.471, 3.927, 3.815, 3.19, 2.89, 2.34, 2.41, 2.97, 3.27, 3.5, 4.33, 6.336, 6.758, 6.689, 6.725, 7.131, 8.36, 8.18, 7.54, 7.06, 6.92, 6.95, 7.95, 7.866, 8.26, 7.396, 6.924, 7.39, 8.63, 10.31, 10.06, 10.13, 10.31, 9.75, 8.89, 8.27, 8.58, 9.53, 10.1, 11.17, 10.92, 10.24, 9.13, 8.39, 8.74, 9.728, 11.176, 12.125, 10.317, 7.38, 6.33, 6.06, 6.283, 6.632, 5.24, 3.03, 2.46, 2.34, 2.09, 2.08, 1.91, 2.3, 2.26], [2.67, 1.72, 1.41, 1.75, 2.3, 1.97, 1.64, 1.08, 0, 1.12, 1.16, 1.13, 1.64, 1.93, 1.981, 2.2, 2.32, 2.42, 2.7, 4.127, 5.338, 5.488, 5.288, 5.12, 4.627, 4.407, 3.618, 3.198, 2.8, 2.77, 3.57, 3.97, 4.24, 5.09, 6.9, 7.287, 7.195, 7.217, 7.76, 9.015, 8.735, 8.174, 7.872, 7.74, 7.764, 8.67, 8.419, 8.849, 8.142, 7.601, 8.107, 9.225, 10.958, 10.704, 10.745, 11.071, 10.437, 9.56, 8.87, 9.16, 10.202, 10.62, 11.651, 11.461, 10.727, 9.583, 8.81, 9.213, 10.184, 11.712, 12.577, 11.024, 8.153, 7.008, 6.618, 6.836, 7.241, 5.8, 3.19, 2.28, 1.96, 1.89, 1.76, 1.99, 2.4, 2.3], [3.319, 1.76, 1.95, 2.59, 3.22, 2.75, 2.42, 1.88, 1.12, 0, 0.7, 1.57, 2.28, 2.781, 2.812, 3.125, 3.187, 3.27, 3.513, 4.927, 6.121, 6.311, 6.114, 5.923, 5.37, 5.17, 4.469, 4.078, 3.7, 3.61, 4.45, 4.83, 5.06, 5.87, 7.671, 8.078, 8.032, 8.059, 8.506, 9.778, 9.48, 8.967, 8.633, 8.573, 8.557, 9.434, 9.227, 9.644, 8.904, 8.364, 8.87, 9.982, 11.701, 11.427, 11.505, 11.831, 11.214, 10.285, 9.717, 10.027, 10.994, 11.487, 12.494, 12.281, 11.533, 10.389, 9.714, 10.034, 11.015, 12.509, 13.4, 11.767, 8.841, 7.794, 7.404, 7.652, 7.97, 6.518, 3.79, 2.58, 2.12, 2.17, 1.76, 1.51, 2.12, 1.94], [2.976, 1.52, 1.77, 2.17, 2.9, 2.63, 2.38, 1.7, 1.16, 0.7, 0, 1.27, 2.04, 2.47, 2.432, 2.76, 2.82, 3.06, 3.207, 4.605, 5.764, 5.997, 5.844, 5.623, 5.107, 4.884, 4.132, 3.87, 3.4, 3.41, 4.17, 4.49, 4.86, 5.59, 7.44, 7.83, 7.75, 7.757, 8.289, 9.592, 9.492, 8.787, 8.407, 8.31, 8.297, 9.234, 8.999, 9.444, 8.634, 8.107, 8.662, 9.882, 11.542, 11.495, 11.279, 11.639, 10.994, 10.208, 9.617, 9.847, 10.774, 11.327, 12.359, 12.152, 11.455, 10.305, 9.594, 9.875, 10.822, 12.269, 13.212, 11.475, 8.678, 7.614, 7.344, 7.318, 7.702, 6.266, 3.63, 2.54, 2.06, 2.25, 1.66, 1.39, 2.04, 1.94], [2.68, 1.43, 1.06, 1.66, 2.35, 2.12, 1.85, 1.47, 1.13, 1.57, 1.27, 0, 1.15, 1.74, 1.9, 2.31, 2.41, 2.63, 2.87, 4.06, 5.332, 5.424, 5.35, 5.159, 4.734, 4.394, 3.46, 2.98, 2.87, 3.26, 4.0, 4.3, 4.57, 5.3, 6.89, 7.3, 7.06, 7.21, 7.764, 9.15, 8.99, 8.45, 8.13, 8.11, 8.02, 8.82, 8.6, 9.05, 8.34, 7.674, 8.229, 9.355, 11.009, 11.002, 10.86, 11.278, 10.6, 9.8, 9.26, 9.41, 10.38, 10.91, 11.82, 11.619, 10.905, 9.798, 8.98, 9.168, 10.1, 11.767, 12.456, 11.108, 8.35, 7.24, 6.85, 6.754, 7.295, 5.907, 3.52, 2.55, 2.15, 2.26, 1.75, 1.56, 2.17, 2.11], [2.13, 1.96, 1.59, 1.45, 2.1, 1.77, 1.72, 1.68, 1.64, 2.28, 2.04, 1.15, 0, 1.11, 1.31, 1.8, 1.96, 2.4, 2.38, 3.29, 4.57, 4.638, 4.64, 4.38, 3.97, 3.559, 2.57, 2.21, 2.4, 2.99, 3.69, 3.97, 4.22, 4.63, 6.04, 6.41, 6.21, 6.349, 6.972, 8.426, 8.3, 7.8, 7.7, 7.66, 7.51, 8.11, 7.85, 8.3, 7.55, 6.87, 7.439, 8.628, 10.236, 10.332, 10.133, 10.533, 9.93, 9.15, 8.65, 8.96, 9.85, 10.3, 11.073, 10.898, 10.22, 9.148, 8.35, 8.478, 9.336, 11.003, 11.746, 10.318, 7.6, 6.69, 6.24, 5.968, 6.476, 5.16, 3.21, 2.4, 2.16, 2.07, 1.74, 2.29, 2.84, 2.88], [1.88, 2.51, 1.8, 1.5, 1.63, 1.68, 1.81, 1.63, 1.93, 2.781, 2.47, 1.74, 1.11, 0, 0.88, 1.45, 1.47, 2.09, 2.19, 2.82, 3.98, 4.09, 4.11, 3.85, 3.44, 3.0, 2.04, 1.78, 2.07, 2.82, 3.24, 3.38, 3.71, 4.26, 5.49, 5.9, 5.7, 5.81, 6.47, 7.919, 7.87, 7.37, 7.13, 7.09, 6.96, 7.72, 7.38, 7.89, 7.12, 6.34, 6.972, 8.198, 9.732, 9.885, 9.589, 10.003, 9.54, 8.76, 8.28, 8.51, 9.4, 9.93, 10.54, 10.428, 9.81, 8.74, 7.94, 8.028, 8.815, 10.413, 11.239, 9.868, 7.21, 6.26, 5.85, 5.46, 5.917, 4.77, 3.18, 2.43, 2.29, 2.06, 2.21, 2.88, 3.49, 3.51], [1.88, 2.57, 1.94, 1.56, 1.81, 1.82, 1.93, 1.81, 1.981, 2.812, 2.432, 1.9, 1.31, 0.88, 0, 1.01, 1.17, 1.93, 1.95, 2.76, 3.92, 4.09, 4.03, 3.73, 3.42, 3.04, 1.98, 1.86, 1.83, 2.56, 3.08, 3.32, 3.61, 4.24, 5.53, 5.94, 5.74, 5.79, 6.53, 8.03, 7.95, 7.31, 7.11, 6.97, 6.86, 7.72, 7.38, 7.91, 7.12, 6.34, 7.08, 8.28, 9.84, 9.99, 9.64, 10.08, 9.54, 8.76, 8.26, 8.45, 9.34, 9.89, 10.64, 10.51, 9.85, 8.78, 7.98, 8.03, 8.9, 10.41, 11.35, 9.85, 7.23, 6.2, 5.85, 5.46, 5.877, 4.73, 2.88, 2.17, 2.05, 1.96, 2.21, 2.98, 3.59, 3.59], [2.21, 3.02, 2.51, 1.95, 2.1, 2.07, 2.34, 2.22, 2.2, 3.125, 2.76, 2.31, 1.8, 1.45, 1.01, 0, 0.74, 1.38, 1.66, 2.57, 3.79, 3.94, 3.84, 3.6, 3.29, 3.13, 1.95, 1.97, 1.7, 2.13, 2.63, 2.93, 3.28, 3.85, 5.3, 5.63, 5.53, 5.64, 6.32, 7.8, 7.72, 6.96, 6.82, 6.62, 6.55, 7.35, 7.13, 7.64, 6.87, 6.19, 6.85, 8.05, 9.61, 9.76, 9.45, 9.89, 9.31, 8.57, 7.89, 8.08, 9.07, 9.5, 10.41, 10.28, 9.62, 8.53, 7.61, 7.78, 8.67, 10.22, 11.12, 9.62, 6.98, 5.91, 5.52, 5.27, 5.764, 4.48, 2.75, 2.26, 2.22, 2.03, 2.66, 3.45, 3.98, 4.0], [2.07, 3.1, 2.51, 2.01, 1.88, 1.87, 2.24, 2.16, 2.32, 3.187, 2.82, 2.41, 1.96, 1.47, 1.17, 0.74, 0, 0.92, 1.24, 2.13, 3.33, 3.48, 3.3, 3.08, 2.79, 2.75, 1.95, 1.85, 1.34, 1.77, 2.23, 2.51, 2.84, 3.37, 4.88, 5.25, 5.13, 5.2, 5.8, 7.26, 7.18, 6.44, 6.28, 6.1, 5.97, 6.85, 6.65, 7.1, 6.35, 5.67, 6.33, 7.51, 9.07, 9.22, 8.95, 9.33, 8.77, 8.03, 7.45, 7.6, 8.51, 9.04, 9.982, 9.832, 9.175, 8.048, 7.19, 7.46, 8.33, 9.846, 10.589, 9.098, 6.458, 5.35, 5.018, 4.802, 5.244, 3.9, 2.37, 2.06, 2.08, 1.95, 2.64, 3.43, 4.02, 4.02], [2.37, 3.4, 2.91, 2.47, 2.36, 1.99, 2.26, 2.22, 2.42, 3.27, 3.06, 2.63, 2.4, 2.09, 1.93, 1.38, 0.92, 0, 1.02, 2.03, 3.21, 3.38, 3.2, 3.06, 2.71, 2.75, 2.21, 2.11, 1.48, 1.45, 1.95, 2.21, 2.4, 3.09, 4.72, 5.09, 5.01, 5.06, 5.6, 7.0, 6.8, 6.22, 5.94, 5.78, 5.79, 6.43, 6.47, 6.84, 6.15, 5.59, 6.03, 7.21, 8.85, 8.8, 8.75, 9.15, 8.43, 7.59, 6.93, 7.16, 8.13, 8.56, 9.73, 9.54, 8.74, 7.59, 6.71, 7.08, 8.09, 9.677, 10.366, 8.854, 6.055, 4.888, 4.515, 4.624, 5.122, 3.717, 2.11, 2.42, 2.52, 2.11, 3.12, 3.69, 4.1, 4.08], [1.91, 3.18, 2.73, 2.13, 2.1, 1.83, 2.14, 2.18, 2.7, 3.513, 3.207, 2.87, 2.38, 2.19, 1.95, 1.66, 1.24, 1.02, 0, 1.77, 2.75, 3.02, 2.8, 2.6, 2.19, 2.31, 2.01, 2.07, 1.28, 1.57, 2.11, 2.21, 2.46, 2.89, 4.42, 4.77, 4.71, 4.74, 5.2, 6.6, 6.42, 5.74, 5.48, 5.36, 5.29, 6.15, 5.99, 6.46, 5.67, 5.27, 5.67, 6.85, 8.49, 8.44, 8.33, 8.69, 8.01, 7.25, 6.67, 6.84, 7.71, 8.28, 9.35, 9.14, 8.4, 7.27, 6.51, 6.82, 7.79, 9.26, 10.16, 8.4, 5.64, 4.55, 4.24, 4.272, 4.676, 3.26, 1.85, 2.4, 2.58, 2.23, 3.02, 3.55, 3.96, 3.9], [2.7, 4.47, 3.9, 2.82, 2.47, 2.56, 3.43, 3.583, 4.127, 4.927, 4.605, 4.06, 3.29, 2.82, 2.76, 2.57, 2.13, 2.03, 1.77, 0, 1.42, 1.69, 1.69, 1.43, 1.22, 1.54, 1.54, 1.88, 1.95, 2.6, 2.56, 2.38, 2.57, 2.52, 3.21, 3.32, 3.2, 3.27, 3.87, 5.43, 5.29, 4.79, 4.77, 4.75, 4.56, 5.1, 4.9, 5.41, 4.64, 4.14, 4.64, 5.76, 7.26, 7.31, 7.16, 7.5, 6.92, 6.14, 5.68, 6.11, 6.9, 7.33, 8.12, 7.97, 7.27, 6.16, 5.46, 5.63, 6.5, 8.05, 8.81, 7.17, 4.57, 3.68, 3.17, 2.92, 3.317, 2.59, 2.42, 3.59, 3.77, 3.44, 4.07, 4.891, 5.301, 5.381], [3.46, 5.649, 5.04, 3.9, 3.33, 3.76, 4.56, 4.76, 5.338, 6.121, 5.764, 5.332, 4.57, 3.98, 3.92, 3.79, 3.33, 3.21, 2.75, 1.42, 0, 0.97, 1.17, 1.11, 1.12, 1.74, 2.44, 2.72, 2.79, 3.08, 2.72, 2.46, 2.59, 2.2, 2.43, 2.44, 2.4, 2.17, 2.79, 4.23, 4.23, 3.79, 3.99, 3.93, 3.62, 4.26, 3.9, 4.39, 3.78, 3.2, 3.68, 4.84, 6.18, 6.23, 5.96, 6.26, 5.88, 5.18, 4.72, 5.13, 5.86, 6.33, 6.96, 6.77, 6.17, 5.16, 4.7, 4.55, 5.38, 6.77, 7.73, 6.07, 3.55, 2.74, 2.35, 2.06, 2.12, 1.99, 2.9, 4.73, 4.91, 4.44, 5.05, 6.091, 6.48, 6.577], [3.57, 5.819, 5.13, 4.03, 3.46, 3.899, 4.747, 4.956, 5.488, 6.311, 5.997, 5.424, 4.638, 4.09, 4.09, 3.94, 3.48, 3.38, 3.02, 1.69, 0.97, 0, 0.86, 1.06, 1.21, 1.89, 2.45, 2.71, 2.9, 3.121, 2.65, 2.39, 2.38, 1.99, 2.18, 2.23, 2.19, 2.04, 2.56, 3.96, 4.12, 3.68, 3.9, 3.82, 3.55, 4.05, 3.57, 4.0, 3.43, 3.03, 3.43, 4.49, 5.93, 6.0, 5.63, 6.01, 5.65, 4.97, 4.51, 4.98, 5.79, 6.24, 6.65, 6.54, 5.96, 4.95, 4.47, 4.32, 5.13, 6.54, 7.36, 5.92, 3.46, 2.65, 2.14, 1.77, 2.03, 1.78, 3.15, 5.04, 5.16, 4.63, 5.22, 6.295, 6.684, 6.764], [3.59, 5.7, 5.07, 4.03, 3.3, 3.67, 4.6, 4.728, 5.288, 6.114, 5.844, 5.35, 4.64, 4.11, 4.03, 3.84, 3.3, 3.2, 2.8, 1.69, 1.17, 0.86, 0, 0.78, 1.29, 1.97, 2.65, 2.85, 2.76, 3.007, 2.63, 2.37, 2.38, 1.89, 2.16, 2.29, 2.23, 2.22, 2.62, 4.16, 3.98, 3.48, 3.66, 3.56, 3.29, 3.83, 3.55, 4.02, 3.35, 2.91, 3.39, 4.51, 5.97, 6.04, 5.83, 6.15, 5.63, 4.91, 4.51, 4.9, 5.59, 6.04, 6.87, 6.74, 6.1, 5.15, 4.53, 4.54, 5.29, 6.76, 7.6, 5.96, 3.4, 2.39, 1.96, 1.93, 2.17, 1.88, 2.91, 4.78, 4.92, 4.49, 5.2, 6.09, 6.425, 6.539], [3.21, 5.44, 4.85, 3.79, 3.14, 3.43, 4.268, 4.471, 5.12, 5.923, 5.623, 5.159, 4.38, 3.85, 3.73, 3.6, 3.08, 3.06, 2.6, 1.43, 1.11, 1.06, 0.78, 0, 1.05, 1.49, 2.33, 2.65, 2.62, 2.87, 2.61, 2.37, 2.38, 2.01, 2.4, 2.69, 2.55, 2.52, 3.02, 4.58, 4.4, 3.98, 4.1, 3.98, 3.75, 4.19, 3.97, 4.44, 3.61, 3.13, 3.69, 4.79, 6.25, 6.4, 6.23, 6.57, 6.05, 5.35, 4.99, 5.42, 6.09, 6.56, 7.33, 7.18, 6.54, 5.63, 5.05, 5.0, 5.77, 7.18, 8.04, 6.34, 3.84, 2.85, 2.46, 2.29, 2.41, 2.16, 2.67, 4.42, 4.62, 4.19, 4.88, 5.79, 6.153, 6.259], [2.74, 4.884, 4.32, 3.24, 2.61, 2.932, 3.755, 3.927, 4.627, 5.37, 5.107, 4.734, 3.97, 3.44, 3.42, 3.29, 2.79, 2.71, 2.19, 1.22, 1.12, 1.21, 1.29, 1.05, 0, 1.18, 1.94, 2.2, 2.19, 2.38, 2.26, 2.06, 2.23, 1.96, 2.63, 3.0, 2.96, 2.87, 3.33, 4.79, 4.71, 4.29, 4.27, 4.21, 3.96, 4.58, 4.28, 4.77, 3.88, 3.24, 3.78, 5.04, 6.54, 6.59, 6.46, 6.76, 6.28, 5.56, 5.18, 5.67, 6.4, 6.95, 7.54, 7.43, 6.79, 5.72, 5.24, 5.23, 6.04, 7.43, 8.39, 6.59, 4.05, 3.2, 2.73, 2.62, 2.72, 2.15, 2.26, 4.05, 4.17, 3.64, 4.33, 5.242, 5.632, 5.741], [2.42, 4.738, 4.074, 3.02, 2.65, 2.86, 3.69, 3.815, 4.407, 5.17, 4.884, 4.394, 3.559, 3.0, 3.04, 3.13, 2.75, 2.75, 2.31, 1.54, 1.74, 1.89, 1.97, 1.49, 1.18, 0, 1.34, 2.0, 2.19, 2.84, 3.02, 2.86, 3.03, 2.86, 3.05, 3.42, 3.48, 3.39, 3.99, 5.39, 5.71, 5.33, 5.35, 5.31, 5.06, 5.52, 5.2, 5.47, 4.82, 4.08, 4.54, 5.68, 7.04, 7.25, 6.92, 7.32, 7.14, 6.6, 6.22, 6.69, 7.44, 7.93, 8.18, 8.05, 7.61, 6.56, 6.12, 5.97, 6.54, 7.91, 8.725, 7.35, 5.05, 4.26, 3.69, 3.18, 3.1, 2.87, 2.54, 3.79, 3.95, 3.44, 4.03, 5.125, 5.515, 5.62], [1.96, 3.938, 3.3, 2.28, 2.21, 2.28, 3.01, 3.19, 3.618, 4.469, 4.132, 3.46, 2.57, 2.04, 1.98, 1.95, 1.95, 2.21, 2.01, 1.54, 2.44, 2.45, 2.65, 2.33, 1.94, 1.34, 0, 1.14, 1.71, 2.82, 3.1, 3.06, 3.25, 3.2, 3.69, 4.08, 3.96, 4.09, 4.79, 6.23, 6.43, 5.97, 6.01, 5.97, 5.72, 6.22, 5.84, 6.17, 5.54, 4.86, 5.3, 6.5, 8.02, 8.19, 7.88, 8.3, 7.9, 7.3, 6.8, 7.23, 8.078, 8.528, 8.798, 8.711, 8.168, 7.1, 6.46, 6.41, 7.18, 8.659, 9.522, 8.137, 5.73, 4.92, 4.29, 3.76, 4.123, 3.49, 2.7, 3.13, 3.35, 2.94, 3.47, 4.446, 4.816, 4.916], [1.94, 3.63, 2.96, 1.94, 1.93, 2.06, 2.73, 2.89, 3.198, 4.078, 3.87, 2.98, 2.21, 1.78, 1.86, 1.97, 1.85, 2.11, 2.07, 1.88, 2.72, 2.71, 2.85, 2.65, 2.2, 2.0, 1.14, 0, 1.71, 2.74, 3.06, 2.98, 3.15, 3.12, 4.15, 4.54, 4.42, 4.49, 5.03, 6.37, 6.39, 6.03, 6.19, 6.11, 5.88, 6.273, 5.958, 6.374, 5.7, 5.02, 5.46, 6.624, 8.255, 8.288, 8.066, 8.52, 8.04, 7.28, 6.8, 7.21, 8.038, 8.488, 9.024, 8.851, 8.288, 7.3, 6.7, 6.43, 7.238, 8.856, 9.659, 8.437, 5.79, 4.9, 4.37, 4.08, 4.552, 3.87, 2.92, 3.13, 3.19, 2.86, 3.19, 4.1, 4.452, 4.534], [1.93, 3.16, 2.57, 1.87, 1.8, 1.77, 2.26, 2.34, 2.8, 3.7, 3.4, 2.87, 2.4, 2.07, 1.83, 1.7, 1.34, 1.48, 1.28, 1.95, 2.79, 2.9, 2.76, 2.62, 2.19, 2.19, 1.71, 1.71, 0, 1.35, 1.81, 1.91, 2.22, 2.71, 4.4, 4.81, 4.73, 4.7, 5.28, 6.558, 6.498, 5.773, 5.66, 5.52, 5.39, 6.32, 5.96, 6.444, 5.717, 5.088, 5.688, 6.811, 8.548, 8.498, 8.145, 8.608, 8.11, 7.35, 6.77, 6.901, 7.828, 8.35, 9.188, 9.038, 8.401, 7.294, 6.517, 6.724, 7.588, 9.038, 10.035, 8.544, 5.784, 4.748, 4.33, 4.268, 4.664, 3.44, 2.13, 3.0, 2.98, 2.43, 3.1, 3.73, 4.1, 4.14], [2.82, 3.57, 3.26, 2.86, 2.79, 2.46, 2.55, 2.41, 2.77, 3.61, 3.41, 3.26, 2.99, 2.82, 2.56, 2.13, 1.77, 1.45, 1.57, 2.6, 3.08, 3.121, 3.007, 2.87, 2.38, 2.84, 2.82, 2.74, 1.35, 0, 0.98, 1.38, 1.59, 2.46, 4.53, 4.92, 4.9, 4.898, 5.37, 6.502, 6.408, 5.728, 5.365, 5.165, 5.178, 6.187, 6.0, 6.431, 5.637, 5.126, 5.595, 6.798, 8.472, 8.348, 8.209, 8.526, 7.958, 7.16, 6.54, 6.677, 7.615, 8.237, 9.309, 9.045, 8.408, 7.281, 6.507, 6.851, 7.799, 9.255, 10.182, 8.516, 5.671, 4.544, 4.311, 4.431, 4.814, 3.293, 1.84, 3.11, 3.25, 2.58, 3.51, 3.86, 4.29, 4.29], [3.24, 4.15, 3.92, 3.5, 3.15, 2.94, 3.15, 2.97, 3.57, 4.45, 4.17, 4.0, 3.69, 3.24, 3.08, 2.63, 2.23, 1.95, 2.11, 2.56, 2.72, 2.65, 2.63, 2.61, 2.26, 3.02, 3.1, 3.06, 1.81, 0.98, 0, 0.66, 0.89, 1.72, 3.83, 4.22, 4.18, 4.218, 4.69, 5.762, 5.745, 5.022, 4.57, 4.38, 4.42, 5.507, 5.311, 5.751, 4.918, 4.446, 4.915, 6.135, 7.832, 7.648, 7.432, 7.749, 7.278, 6.46, 5.82, 5.957, 6.964, 7.577, 8.592, 8.345, 7.708, 6.601, 5.847, 6.131, 7.092, 8.475, 9.502, 7.796, 4.951, 3.884, 3.654, 3.771, 4.134, 2.69, 2.24, 3.79, 3.93, 3.3, 4.25, 4.6, 5.01, 4.99], [3.34, 4.37, 4.14, 3.52, 3.09, 3.04, 3.43, 3.27, 3.97, 4.83, 4.49, 4.3, 3.97, 3.38, 3.32, 2.93, 2.51, 2.21, 2.21, 2.38, 2.46, 2.39, 2.37, 2.37, 2.06, 2.86, 3.06, 2.98, 1.91, 1.38, 0.66, 0, 0.53, 1.44, 3.49, 3.88, 3.84, 3.878, 4.35, 5.485, 5.485, 4.731, 4.248, 4.11, 4.106, 5.207, 4.981, 5.431, 4.581, 4.126, 4.615, 5.855, 7.495, 7.388, 7.152, 7.429, 6.98, 6.2, 5.58, 5.697, 6.684, 7.317, 8.312, 8.085, 7.451, 6.341, 5.587, 5.851, 6.775, 8.195, 9.185, 7.471, 4.671, 3.584, 3.43, 3.52, 3.914, 2.85, 2.56, 4.05, 4.19, 3.58, 4.53, 4.92, 5.27, 5.25], [3.59, 4.54, 4.37, 3.83, 3.36, 3.21, 3.56, 3.5, 4.24, 5.06, 4.86, 4.57, 4.22, 3.71, 3.61, 3.28, 2.84, 2.4, 2.46, 2.57, 2.59, 2.38, 2.38, 2.38, 2.23, 3.03, 3.25, 3.15, 2.22, 1.59, 0.89, 0.53, 0, 1.13, 3.24, 3.63, 3.59, 3.628, 4.08, 5.132, 5.095, 4.394, 3.96, 3.84, 3.824, 4.877, 4.681, 5.117, 4.313, 3.876, 4.325, 5.505, 7.202, 6.998, 6.799, 7.096, 6.648, 5.79, 5.15, 5.327, 6.334, 6.927, 7.959, 7.695, 7.058, 5.948, 5.177, 5.458, 6.406, 7.845, 8.872, 7.206, 4.321, 3.294, 3.1, 3.43, 3.784, 2.82, 2.81, 4.34, 4.52, 3.93, 4.82, 5.13, 5.42, 5.42], [3.8, 5.23, 5.02, 4.04, 3.53, 3.5, 4.19, 4.33, 5.09, 5.87, 5.59, 5.3, 4.63, 4.26, 4.24, 3.85, 3.37, 3.09, 2.89, 2.52, 2.2, 1.99, 1.89, 2.01, 1.96, 2.86, 3.2, 3.12, 2.71, 2.46, 1.72, 1.44, 1.13, 0, 2.21, 2.56, 2.58, 2.61, 3.03, 4.19, 4.13, 3.47, 3.41, 3.21, 3.06, 3.815, 3.669, 4.082, 3.297, 2.9, 3.295, 4.515, 6.192, 6.028, 5.929, 6.269, 5.64, 4.82, 4.24, 4.57, 5.461, 5.928, 6.989, 6.725, 6.068, 4.978, 4.3, 4.57, 5.512, 6.939, 7.862, 6.119, 3.268, 2.32, 2.29, 2.8, 2.8, 2.43, 3.28, 4.91, 5.07, 4.58, 5.27, 5.74, 6.05, 6.11], [4.91, 7.3, 6.65, 5.51, 4.92, 5.235, 6.127, 6.336, 6.9, 7.671, 7.44, 6.89, 6.04, 5.49, 5.53, 5.3, 4.88, 4.72, 4.42, 3.21, 2.43, 2.18, 2.16, 2.4, 2.63, 3.05, 3.69, 4.15, 4.4, 4.53, 3.83, 3.49, 3.24, 2.21, 0, 0.87, 1.29, 1.14, 1.4, 2.86, 2.98, 2.76, 2.92, 2.86, 2.71, 2.89, 2.57, 2.76, 2.19, 1.81, 1.95, 3.09, 4.53, 4.68, 4.55, 4.89, 4.49, 4.01, 3.65, 4.16, 4.79, 5.22, 5.537, 5.444, 4.92, 4.01, 3.73, 3.36, 4.05, 5.412, 6.195, 4.61, 2.46, 2.25, 2.2, 2.11, 1.89, 2.5, 4.63, 6.28, 6.5, 6.03, 6.64, 7.669, 8.045, 8.145], [5.42, 7.69, 7.1, 5.9, 5.37, 5.645, 6.535, 6.758, 7.287, 8.078, 7.83, 7.3, 6.41, 5.9, 5.94, 5.63, 5.25, 5.09, 4.77, 3.32, 2.44, 2.23, 2.29, 2.69, 3.0, 3.42, 4.08, 4.54, 4.81, 4.92, 4.22, 3.88, 3.63, 2.56, 0.87, 0, 0.88, 0.97, 1.17, 2.43, 2.63, 2.29, 2.53, 2.43, 2.32, 2.5, 2.26, 2.49, 2.08, 1.7, 1.88, 2.82, 4.22, 4.29, 4.14, 4.48, 4.06, 3.54, 3.14, 3.65, 4.34, 4.77, 5.14, 4.99, 4.45, 3.5, 3.28, 2.89, 3.56, 5.042, 5.745, 4.205, 2.05, 2.04, 1.95, 1.82, 1.74, 2.47, 4.94, 6.73, 6.95, 6.48, 7.11, 8.076, 8.452, 8.552], [5.36, 7.63, 7.04, 5.88, 5.29, 5.579, 6.469, 6.689, 7.195, 8.032, 7.75, 7.06, 6.21, 5.7, 5.74, 5.53, 5.13, 5.01, 4.71, 3.2, 2.4, 2.19, 2.23, 2.55, 2.96, 3.48, 3.96, 4.42, 4.73, 4.9, 4.18, 3.84, 3.59, 2.58, 1.29, 0.88, 0, 0.93, 1.59, 2.59, 2.65, 2.27, 2.43, 2.49, 2.26, 2.62, 2.38, 2.67, 2.12, 1.8, 2.06, 3.14, 4.54, 4.55, 4.38, 4.68, 4.14, 3.6, 3.18, 3.73, 4.42, 4.71, 5.24, 5.11, 4.49, 3.5, 3.0, 2.79, 3.62, 5.159, 5.862, 4.297, 2.21, 1.92, 1.83, 1.68, 1.78, 2.49, 4.88, 6.65, 6.87, 6.46, 7.09, 8.016, 8.382, 8.482], [5.25, 7.636, 7.01, 5.83, 5.24, 5.646, 6.513, 6.725, 7.217, 8.059, 7.757, 7.21, 6.349, 5.81, 5.79, 5.64, 5.2, 5.06, 4.74, 3.27, 2.17, 2.04, 2.22, 2.52, 2.87, 3.39, 4.09, 4.49, 4.7, 4.898, 4.218, 3.878, 3.628, 2.61, 1.14, 0.97, 0.93, 0, 1.16, 2.38, 2.54, 2.28, 2.54, 2.54, 2.29, 2.71, 2.35, 2.7, 2.21, 1.81, 2.11, 3.17, 4.47, 4.52, 4.19, 4.49, 4.13, 3.63, 3.23, 3.76, 4.45, 4.78, 4.99, 4.9, 4.32, 3.39, 2.97, 2.72, 3.45, 4.9, 5.729, 4.16, 1.98, 1.59, 1.56, 1.37, 1.33, 2.26, 4.85, 6.66, 6.86, 6.41, 7.02, 8.04, 8.43, 8.53], [5.79, 8.1, 7.47, 6.33, 5.78, 6.056, 6.913, 7.131, 7.76, 8.506, 8.289, 7.764, 6.972, 6.47, 6.53, 6.32, 5.8, 5.6, 5.2, 3.87, 2.79, 2.56, 2.62, 3.02, 3.33, 3.99, 4.79, 5.03, 5.28, 5.37, 4.69, 4.35, 4.08, 3.03, 1.4, 1.17, 1.59, 1.16, 0, 1.72, 1.84, 1.76, 2.22, 2.14, 2.11, 1.93, 1.75, 2.1, 1.97, 1.73, 1.83, 2.57, 3.73, 3.8, 3.49, 3.77, 3.47, 2.87, 2.63, 3.22, 3.65, 4.04, 4.43, 4.3, 3.76, 3.05, 3.03, 2.62, 2.93, 4.32, 5.14, 3.58, 1.54, 1.65, 1.78, 1.85, 1.67, 2.64, 5.27, 7.18, 7.34, 6.81, 7.46, 8.452, 8.83, 8.933], [6.95, 9.14, 8.63, 7.69, 7.16, 7.413, 8.152, 8.36, 9.015, 9.778, 9.592, 9.15, 8.426, 7.919, 8.03, 7.8, 7.26, 7.0, 6.6, 5.43, 4.23, 3.96, 4.16, 4.58, 4.79, 5.39, 6.23, 6.37, 6.558, 6.502, 5.762, 5.485, 5.132, 4.19, 2.86, 2.43, 2.59, 2.38, 1.72, 0, 1.0, 1.36, 1.86, 1.98, 2.07, 1.61, 1.41, 1.48, 1.89, 2.03, 1.67, 1.73, 2.91, 2.78, 2.23, 2.47, 2.35, 1.81, 1.85, 2.22, 2.51, 2.98, 3.05, 2.84, 2.42, 2.27, 2.51, 2.1, 1.87, 2.88, 3.8, 2.52, 2.1, 2.71, 2.98, 3.05, 2.79, 3.9, 6.49, 8.72, 8.84, 8.21, 8.78, 9.73, 10.08, 10.14], [7.05, 9.1, 8.53, 7.61, 7.02, 7.176, 7.9, 8.18, 8.735, 9.48, 9.492, 8.99, 8.3, 7.87, 7.95, 7.72, 7.18, 6.8, 6.42, 5.29, 4.23, 4.12, 3.98, 4.4, 4.71, 5.71, 6.43, 6.39, 6.498, 6.408, 5.745, 5.485, 5.095, 4.13, 2.98, 2.63, 2.65, 2.54, 1.84, 1.0, 0, 0.98, 1.58, 1.74, 1.69, 1.25, 1.15, 1.22, 1.61, 1.91, 1.67, 1.83, 3.09, 2.82, 2.59, 2.67, 2.25, 1.49, 1.35, 1.8, 2.25, 2.62, 3.13, 2.9, 2.22, 1.93, 2.09, 1.9, 1.83, 3.1, 3.982, 2.44, 1.82, 2.45, 2.8, 3.25, 3.15, 4.08, 6.41, 8.52, 8.66, 8.05, 8.72, 9.53, 9.82, 9.9], [6.67, 8.48, 8.11, 6.99, 6.46, 6.63, 7.42, 7.54, 8.174, 8.967, 8.787, 8.45, 7.8, 7.37, 7.31, 6.96, 6.44, 6.22, 5.74, 4.79, 3.79, 3.68, 3.48, 3.98, 4.29, 5.33, 5.97, 6.03, 5.773, 5.728, 5.022, 4.731, 4.394, 3.47, 2.76, 2.29, 2.27, 2.28, 1.76, 1.36, 0.98, 0, 1.14, 1.18, 1.13, 1.33, 1.25, 1.48, 1.43, 1.57, 1.71, 2.37, 3.65, 3.48, 3.11, 3.17, 2.67, 1.83, 1.31, 1.66, 2.55, 2.84, 3.73, 3.54, 2.9, 1.99, 1.95, 1.86, 2.31, 3.7, 4.66, 2.92, 1.56, 2.19, 2.42, 2.91, 2.83, 3.7, 5.85, 7.84, 8.02, 7.57, 8.22, 8.97, 9.24, 9.32], [6.73, 8.22, 7.85, 7.01, 6.3, 6.55, 7.0, 7.06, 7.872, 8.633, 8.407, 8.13, 7.7, 7.13, 7.11, 6.82, 6.28, 5.94, 5.48, 4.77, 3.99, 3.9, 3.66, 4.1, 4.27, 5.35, 6.01, 6.19, 5.66, 5.365, 4.57, 4.248, 3.96, 3.41, 2.92, 2.53, 2.43, 2.54, 2.22, 1.86, 1.58, 1.14, 0, 0.76, 0.79, 1.63, 1.61, 1.82, 1.37, 1.55, 1.67, 2.55, 3.77, 3.56, 3.37, 3.47, 3.05, 2.31, 1.87, 2.02, 2.91, 3.48, 4.33, 4.14, 3.5, 2.45, 2.19, 2.26, 2.91, 4.313, 5.28, 3.46, 2.06, 2.53, 2.92, 3.29, 3.21, 3.6, 5.35, 7.42, 7.72, 7.07, 8.08, 8.49, 8.88, 8.86], [6.65, 8.06, 7.79, 6.95, 6.28, 6.45, 6.92, 6.92, 7.74, 8.573, 8.31, 8.11, 7.66, 7.09, 6.97, 6.62, 6.1, 5.78, 5.36, 4.75, 3.93, 3.82, 3.56, 3.98, 4.21, 5.31, 5.97, 6.11, 5.52, 5.165, 4.38, 4.11, 3.84, 3.21, 2.86, 2.43, 2.49, 2.54, 2.14, 1.98, 1.74, 1.18, 0.76, 0, 0.65, 1.51, 1.41, 1.88, 1.29, 1.41, 1.63, 2.51, 3.75, 3.64, 3.47, 3.65, 3.17, 2.43, 1.87, 2.02, 2.95, 3.5, 4.49, 4.3, 3.66, 2.65, 2.25, 2.4, 3.09, 4.46, 5.46, 3.58, 2.14, 2.39, 2.8, 3.27, 3.17, 3.62, 5.27, 7.28, 7.58, 7.03, 7.98, 8.45, 8.76, 8.72], [6.36, 8.01, 7.68, 6.72, 6.05, 6.3, 6.85, 6.95, 7.764, 8.557, 8.297, 8.02, 7.51, 6.96, 6.86, 6.55, 5.97, 5.79, 5.29, 4.56, 3.62, 3.55, 3.29, 3.75, 3.96, 5.06, 5.72, 5.88, 5.39, 5.178, 4.42, 4.106, 3.824, 3.06, 2.71, 2.32, 2.26, 2.29, 2.11, 2.07, 1.69, 1.13, 0.79, 0.65, 0, 1.46, 1.34, 1.75, 1.16, 1.26, 1.58, 2.48, 3.68, 3.51, 3.34, 3.52, 3.06, 2.34, 1.82, 1.95, 2.86, 3.41, 4.38, 4.19, 3.57, 2.46, 2.06, 2.21, 2.96, 4.33, 5.33, 3.49, 2.09, 2.34, 2.69, 3.02, 3.02, 3.39, 5.2, 7.25, 7.43, 7.0, 7.83, 8.38, 8.67, 8.73], [6.94, 8.93, 8.62, 7.52, 6.95, 6.9, 7.73, 7.95, 8.67, 9.434, 9.234, 8.82, 8.11, 7.72, 7.72, 7.35, 6.85, 6.43, 6.15, 5.1, 4.26, 4.05, 3.83, 4.19, 4.58, 5.52, 6.22, 6.273, 6.32, 6.187, 5.507, 5.207, 4.877, 3.815, 2.89, 2.5, 2.62, 2.71, 1.93, 1.61, 1.25, 1.33, 1.63, 1.51, 1.46, 0, 1.1, 1.11, 1.28, 1.68, 1.38, 1.56, 2.7, 2.67, 2.6, 2.94, 2.16, 1.44, 1.28, 1.71, 2.2, 2.53, 3.56, 3.35, 2.61, 2.1, 2.22, 2.17, 2.1, 3.49, 4.31, 2.57, 2.27, 2.64, 2.91, 3.4, 3.4, 4.15, 6.36, 8.15, 8.35, 7.96, 8.71, 9.28, 9.57, 9.67], [6.46, 8.75, 8.22, 7.1, 6.55, 6.854, 7.706, 7.866, 8.419, 9.227, 8.999, 8.6, 7.85, 7.38, 7.38, 7.13, 6.65, 6.47, 5.99, 4.9, 3.9, 3.57, 3.55, 3.97, 4.28, 5.2, 5.84, 5.958, 5.96, 6.0, 5.311, 4.981, 4.681, 3.669, 2.57, 2.26, 2.38, 2.35, 1.75, 1.41, 1.15, 1.25, 1.61, 1.41, 1.34, 1.1, 0, 0.73, 0.94, 1.48, 1.24, 1.52, 2.86, 2.81, 2.58, 2.86, 2.3, 1.84, 1.56, 2.05, 2.46, 2.97, 3.42, 3.27, 2.73, 2.22, 2.26, 2.01, 2.32, 3.39, 4.35, 2.69, 2.17, 2.62, 2.83, 3.04, 3.06, 3.89, 6.1, 8.05, 8.17, 7.72, 8.29, 9.18, 9.57, 9.643], [6.91, 9.18, 8.69, 7.55, 7.06, 7.21, 8.03, 8.26, 8.849, 9.644, 9.444, 9.05, 8.3, 7.89, 7.91, 7.64, 7.1, 6.84, 6.46, 5.41, 4.39, 4.0, 4.02, 4.44, 4.77, 5.47, 6.17, 6.374, 6.444, 6.431, 5.751, 5.431, 5.117, 4.082, 2.76, 2.49, 2.67, 2.7, 2.1, 1.48, 1.22, 1.48, 1.82, 1.88, 1.75, 1.11, 0.73, 0, 1.09, 1.89, 1.39, 1.19, 2.47, 2.42, 2.21, 2.49, 1.83, 1.73, 1.59, 2.06, 2.37, 2.84, 3.09, 2.9, 2.52, 2.09, 2.37, 2.08, 2.09, 3.04, 3.9, 2.26, 2.4, 3.01, 3.2, 3.37, 3.35, 4.26, 6.59, 8.48, 8.58, 8.15, 8.7, 9.55, 9.939, 10.019], [6.1, 8.33, 7.98, 6.82, 6.31, 6.452, 7.178, 7.396, 8.142, 8.904, 8.634, 8.34, 7.55, 7.12, 7.12, 6.87, 6.35, 6.15, 5.67, 4.64, 3.78, 3.43, 3.35, 3.61, 3.88, 4.82, 5.54, 5.7, 5.717, 5.637, 4.918, 4.581, 4.313, 3.297, 2.19, 2.08, 2.12, 2.21, 1.97, 1.89, 1.61, 1.43, 1.37, 1.29, 1.16, 1.28, 0.94, 1.09, 0, 1.16, 1.14, 1.8, 3.08, 3.03, 2.92, 3.28, 2.58, 2.14, 1.82, 2.29, 2.94, 3.45, 4.0, 3.77, 3.23, 2.4, 2.2, 2.03, 2.68, 3.93, 4.85, 2.99, 2.11, 2.62, 2.75, 2.96, 2.96, 3.61, 5.74, 7.61, 7.83, 7.3, 7.95, 8.68, 9.07, 9.17], [5.66, 7.89, 7.32, 6.22, 5.59, 5.906, 6.684, 6.924, 7.601, 8.364, 8.107, 7.674, 6.87, 6.34, 6.34, 6.19, 5.67, 5.59, 5.27, 4.14, 3.2, 3.03, 2.91, 3.13, 3.24, 4.08, 4.86, 5.02, 5.088, 5.126, 4.446, 4.126, 3.876, 2.9, 1.81, 1.7, 1.8, 1.81, 1.73, 2.03, 1.91, 1.57, 1.55, 1.41, 1.26, 1.68, 1.48, 1.89, 1.16, 0, 1.02, 2.12, 3.56, 3.67, 3.62, 3.9, 3.52, 2.8, 2.42, 2.87, 3.56, 4.09, 4.7, 4.59, 3.97, 2.96, 2.58, 2.51, 3.1, 4.57, 5.49, 3.71, 2.19, 2.54, 2.65, 2.68, 2.6, 3.05, 5.2, 6.89, 7.09, 6.5, 7.23, 8.191, 8.575, 8.698], [6.08, 8.37, 7.84, 6.78, 6.19, 6.429, 7.073, 7.39, 8.107, 8.87, 8.662, 8.229, 7.439, 6.972, 7.08, 6.85, 6.33, 6.03, 5.67, 4.64, 3.68, 3.43, 3.39, 3.69, 3.78, 4.54, 5.3, 5.46, 5.688, 5.595, 4.915, 4.615, 4.325, 3.295, 1.95, 1.88, 2.06, 2.11, 1.83, 1.67, 1.67, 1.71, 1.67, 1.63, 1.58, 1.38, 1.24, 1.39, 1.14, 1.02, 0, 1.56, 3.04, 3.03, 3.04, 3.38, 2.96, 2.46, 2.14, 2.63, 3.2, 3.77, 4.14, 3.93, 3.43, 2.52, 2.7, 2.29, 2.64, 4.03, 4.91, 3.25, 2.31, 2.82, 2.85, 3.02, 2.86, 3.37, 5.62, 7.45, 7.71, 7.02, 7.77, 8.62, 8.967, 9.127], [7.22, 9.57, 9.0, 7.92, 7.43, 7.543, 8.338, 8.63, 9.225, 9.982, 9.882, 9.355, 8.628, 8.198, 8.28, 8.05, 7.51, 7.21, 6.85, 5.76, 4.84, 4.49, 4.51, 4.79, 5.04, 5.68, 6.5, 6.624, 6.811, 6.798, 6.135, 5.855, 5.505, 4.515, 3.09, 2.82, 3.14, 3.17, 2.57, 1.73, 1.83, 2.37, 2.55, 2.51, 2.48, 1.56, 1.52, 1.19, 1.8, 2.12, 1.56, 0, 1.78, 1.71, 1.72, 2.18, 1.82, 2.04, 2.5, 2.71, 2.64, 3.17, 3.08, 2.79, 2.73, 2.98, 3.36, 3.03, 2.48, 2.79, 3.55, 2.47, 3.29, 3.74, 3.79, 3.86, 3.86, 4.59, 6.88, 8.77, 8.93, 8.34, 8.99, 9.9, 10.25, 10.35], [8.84, 11.23, 10.68, 9.64, 9.03, 9.263, 9.99, 10.31, 10.958, 11.701, 11.542, 11.009, 10.236, 9.732, 9.84, 9.61, 9.07, 8.85, 8.49, 7.26, 6.18, 5.93, 5.97, 6.25, 6.54, 7.04, 8.02, 8.255, 8.548, 8.472, 7.832, 7.495, 7.202, 6.192, 4.53, 4.22, 4.54, 4.47, 3.73, 2.91, 3.09, 3.65, 3.77, 3.75, 3.68, 2.7, 2.86, 2.47, 3.08, 3.56, 3.04, 1.78, 0, 0.89, 1.28, 1.66, 1.86, 2.62, 3.64, 3.75, 2.98, 3.33, 3.08, 2.75, 3.33, 4.06, 4.5, 4.19, 3.22, 2.45, 2.53, 2.69, 4.59, 5.1, 5.27, 5.18, 4.92, 5.93, 8.4, 10.25, 10.53, 9.88, 10.63, 11.52, 11.901, 12.024], [8.83, 11.02, 10.57, 9.59, 9.06, 9.122, 9.7, 10.06, 10.704, 11.427, 11.495, 11.002, 10.332, 9.885, 9.99, 9.76, 9.22, 8.8, 8.44, 7.31, 6.23, 6.0, 6.04, 6.4, 6.59, 7.25, 8.19, 8.288, 8.498, 8.348, 7.648, 7.388, 6.998, 6.028, 4.68, 4.29, 4.55, 4.52, 3.8, 2.78, 2.82, 3.48, 3.56, 3.64, 3.51, 2.67, 2.81, 2.42, 3.03, 3.67, 3.03, 1.71, 0.89, 0, 1.23, 1.65, 1.61, 2.29, 3.19, 3.32, 2.77, 3.06, 2.85, 2.48, 2.92, 3.53, 4.19, 4.02, 3.13, 2.34, 2.58, 2.58, 4.36, 4.91, 5.02, 5.19, 5.03, 5.82, 8.29, 10.4, 10.6, 9.93, 10.6, 11.39, 11.66, 11.74], [8.54, 10.83, 10.3, 9.36, 8.79, 9.123, 9.863, 10.13, 10.745, 11.505, 11.279, 10.86, 10.133, 9.589, 9.64, 9.45, 8.95, 8.75, 8.33, 7.16, 5.96, 5.63, 5.83, 6.23, 6.46, 6.92, 7.88, 8.066, 8.145, 8.209, 7.432, 7.152, 6.799, 5.929, 4.55, 4.14, 4.38, 4.19, 3.49, 2.23, 2.59, 3.11, 3.37, 3.47, 3.34, 2.6, 2.58, 2.21, 2.92, 3.62, 3.04, 1.72, 1.28, 1.23, 0, 0.92, 1.22, 2.16, 2.84, 2.97, 2.52, 2.79, 2.38, 2.11, 2.69, 3.24, 3.72, 3.37, 2.44, 1.71, 2.19, 2.21, 4.05, 4.72, 4.83, 4.76, 4.52, 5.55, 8.22, 10.39, 10.49, 9.86, 10.45, 11.46, 11.803, 11.903], [8.92, 11.13, 10.74, 9.74, 9.15, 9.48, 10.125, 10.31, 11.071, 11.831, 11.639, 11.278, 10.533, 10.003, 10.08, 9.89, 9.33, 9.15, 8.69, 7.5, 6.26, 6.01, 6.15, 6.57, 6.76, 7.32, 8.3, 8.52, 8.608, 8.526, 7.749, 7.429, 7.096, 6.269, 4.89, 4.48, 4.68, 4.49, 3.77, 2.47, 2.67, 3.17, 3.47, 3.65, 3.52, 2.94, 2.86, 2.49, 3.28, 3.9, 3.38, 2.18, 1.66, 1.65, 0.92, 0, 1.24, 2.14, 2.8, 3.07, 2.58, 2.87, 2.14, 2.01, 2.77, 3.26, 3.72, 3.43, 2.64, 1.83, 2.21, 2.17, 4.11, 4.9, 5.13, 5.06, 4.82, 5.91, 8.46, 10.69, 10.81, 10.14, 10.75, 11.74, 12.05, 12.11], [8.48, 10.65, 10.28, 9.16, 8.69, 8.763, 9.509, 9.75, 10.437, 11.214, 10.994, 10.6, 9.93, 9.54, 9.54, 9.31, 8.77, 8.43, 8.01, 6.92, 5.88, 5.65, 5.63, 6.05, 6.28, 7.14, 7.9, 8.04, 8.11, 7.958, 7.278, 6.98, 6.648, 5.64, 4.49, 4.06, 4.14, 4.13, 3.47, 2.35, 2.25, 2.67, 3.05, 3.17, 3.06, 2.16, 2.3, 1.83, 2.58, 3.52, 2.96, 1.82, 1.86, 1.61, 1.22, 1.24, 0, 1.3, 2.08, 2.21, 1.78, 1.99, 2.12, 1.83, 2.07, 2.52, 3.02, 2.81, 2.2, 1.85, 2.39, 1.45, 3.55, 4.26, 4.51, 4.72, 4.7, 5.63, 8.12, 10.11, 10.23, 9.76, 10.41, 11.04, 11.386, 11.51], [7.88, 9.77, 9.4, 8.4, 7.93, 7.935, 8.63, 8.89, 9.56, 10.285, 10.208, 9.8, 9.15, 8.76, 8.76, 8.57, 8.03, 7.59, 7.25, 6.14, 5.18, 4.97, 4.91, 5.35, 5.56, 6.6, 7.3, 7.28, 7.35, 7.16, 6.46, 6.2, 5.79, 4.82, 4.01, 3.54, 3.6, 3.63, 2.87, 1.81, 1.49, 1.83, 2.31, 2.43, 2.34, 1.44, 1.84, 1.73, 2.14, 2.8, 2.46, 2.04, 2.62, 2.29, 2.16, 2.14, 1.3, 0, 1.2, 1.43, 1.18, 1.59, 2.4, 2.17, 1.63, 1.94, 2.3, 2.29, 1.8, 2.49, 3.272, 2.05, 2.73, 3.5, 3.69, 4.28, 4.26, 5.03, 7.34, 9.41, 9.53, 9.0, 9.65, 10.24, 10.53, 10.59], [7.54, 9.15, 8.94, 7.94, 7.43, 7.42, 8.07, 8.27, 8.87, 9.717, 9.617, 9.26, 8.65, 8.28, 8.26, 7.89, 7.45, 6.93, 6.67, 5.68, 4.72, 4.51, 4.51, 4.99, 5.18, 6.22, 6.8, 6.8, 6.77, 6.54, 5.82, 5.58, 5.15, 4.24, 3.65, 3.14, 3.18, 3.23, 2.63, 1.85, 1.35, 1.31, 1.87, 1.87, 1.82, 1.28, 1.56, 1.59, 1.82, 2.42, 2.14, 2.5, 3.64, 3.19, 2.84, 2.8, 2.08, 1.2, 0, 0.79, 1.78, 2.05, 3.0, 2.75, 2.03, 1.26, 1.48, 1.63, 1.64, 3.13, 3.97, 2.63, 2.35, 3.1, 3.25, 3.94, 3.88, 4.69, 6.86, 8.89, 9.09, 8.6, 9.23, 9.78, 9.93, 9.99], [7.99, 9.52, 9.15, 8.25, 7.66, 7.85, 8.48, 8.58, 9.16, 10.027, 9.847, 9.41, 8.96, 8.51, 8.45, 8.08, 7.6, 7.16, 6.84, 6.11, 5.13, 4.98, 4.9, 5.42, 5.67, 6.69, 7.23, 7.21, 6.901, 6.677, 5.957, 5.697, 5.327, 4.57, 4.16, 3.65, 3.73, 3.76, 3.22, 2.22, 1.8, 1.66, 2.02, 2.02, 1.95, 1.71, 2.05, 2.06, 2.29, 2.87, 2.63, 2.71, 3.75, 3.32, 2.97, 3.07, 2.21, 1.43, 0.79, 0, 1.29, 1.74, 2.71, 2.48, 1.8, 1.29, 1.81, 1.94, 1.53, 2.88, 3.64, 2.54, 2.72, 3.45, 3.8, 4.39, 4.35, 5.1, 7.01, 9.04, 9.24, 8.79, 9.56, 10.07, 10.26, 10.32], [8.6, 10.49, 10.04, 9.12, 8.51, 8.68, 9.41, 9.53, 10.202, 10.994, 10.774, 10.38, 9.85, 9.4, 9.34, 9.07, 8.51, 8.13, 7.71, 6.9, 5.86, 5.79, 5.59, 6.09, 6.4, 7.44, 8.078, 8.038, 7.828, 7.615, 6.964, 6.684, 6.334, 5.461, 4.79, 4.34, 4.42, 4.45, 3.65, 2.51, 2.25, 2.55, 2.91, 2.95, 2.86, 2.2, 2.46, 2.37, 2.94, 3.56, 3.2, 2.64, 2.98, 2.77, 2.52, 2.58, 1.78, 1.18, 1.78, 1.29, 0, 0.85, 1.74, 1.55, 1.19, 1.96, 2.74, 2.71, 2.0, 2.09, 2.67, 2.05, 3.41, 4.0, 4.53, 5.02, 5.0, 5.75, 7.74, 9.81, 9.97, 9.54, 10.39, 10.9, 11.23, 11.29], [9.21, 10.98, 10.63, 9.61, 9.02, 9.11, 9.9, 10.1, 10.62, 11.487, 11.327, 10.91, 10.3, 9.93, 9.89, 9.5, 9.04, 8.56, 8.28, 7.33, 6.33, 6.24, 6.04, 6.56, 6.95, 7.93, 8.528, 8.488, 8.35, 8.237, 7.577, 7.317, 6.927, 5.928, 5.22, 4.77, 4.71, 4.78, 4.04, 2.98, 2.62, 2.84, 3.48, 3.5, 3.41, 2.53, 2.97, 2.84, 3.45, 4.09, 3.77, 3.17, 3.33, 3.06, 2.79, 2.87, 1.99, 1.59, 2.05, 1.74, 0.85, 0, 1.33, 1.38, 1.2, 2.19, 2.85, 2.98, 2.33, 2.18, 2.46, 2.24, 3.76, 4.39, 4.72, 5.33, 5.35, 6.22, 8.43, 10.42, 10.62, 10.21, 10.88, 11.49, 11.7, 11.8], [9.72, 11.95, 11.38, 10.36, 9.81, 10.183, 10.965, 11.17, 11.651, 12.494, 12.359, 11.82, 11.073, 10.54, 10.64, 10.41, 9.982, 9.73, 9.35, 8.12, 6.96, 6.65, 6.87, 7.33, 7.54, 8.18, 8.798, 9.024, 9.188, 9.309, 8.592, 8.312, 7.959, 6.989, 5.537, 5.14, 5.24, 4.99, 4.43, 3.05, 3.13, 3.73, 4.33, 4.49, 4.38, 3.56, 3.42, 3.09, 4.0, 4.7, 4.14, 3.08, 3.08, 2.85, 2.38, 2.14, 2.12, 2.4, 3.0, 2.71, 1.74, 1.33, 0, 0.63, 1.31, 2.58, 3.52, 3.27, 2.3, 1.51, 1.75, 2.17, 4.47, 5.34, 5.55, 5.52, 5.46, 6.67, 9.24, 11.43, 11.53, 10.96, 11.51, 12.56, 12.89, 12.97], [9.51, 11.74, 11.25, 10.23, 9.74, 9.973, 10.715, 10.92, 11.461, 12.281, 12.152, 11.619, 10.898, 10.428, 10.51, 10.28, 9.832, 9.54, 9.14, 7.97, 6.77, 6.54, 6.74, 7.18, 7.43, 8.05, 8.711, 8.851, 9.038, 9.045, 8.345, 8.085, 7.695, 6.725, 5.444, 4.99, 5.11, 4.9, 4.3, 2.84, 2.9, 3.54, 4.14, 4.3, 4.19, 3.35, 3.27, 2.9, 3.77, 4.59, 3.93, 2.79, 2.75, 2.48, 2.11, 2.01, 1.83, 2.17, 2.75, 2.48, 1.55, 1.38, 0.63, 0, 1.04, 2.33, 3.27, 3.02, 2.11, 1.22, 1.62, 1.8, 4.18, 5.09, 5.34, 5.37, 5.31, 6.56, 9.07, 11.24, 11.38, 10.83, 11.38, 12.31, 12.64, 12.72], [8.91, 11.1, 10.61, 9.55, 9.12, 9.202, 9.94, 10.24, 10.727, 11.533, 11.455, 10.905, 10.22, 9.81, 9.85, 9.62, 9.175, 8.74, 8.4, 7.27, 6.17, 5.96, 6.1, 6.54, 6.79, 7.61, 8.168, 8.288, 8.401, 8.408, 7.708, 7.451, 7.058, 6.068, 4.92, 4.45, 4.49, 4.32, 3.76, 2.42, 2.22, 2.9, 3.5, 3.66, 3.57, 2.61, 2.73, 2.52, 3.23, 3.97, 3.43, 2.73, 3.33, 2.92, 2.69, 2.77, 2.07, 1.63, 2.03, 1.8, 1.19, 1.2, 1.31, 1.04, 0, 1.39, 2.35, 2.2, 1.67, 1.72, 2.26, 1.86, 3.3, 4.35, 4.52, 4.79, 4.85, 5.96, 8.49, 10.58, 10.72, 10.19, 10.82, 11.61, 11.86, 11.94], [8.04, 9.99, 9.5, 8.42, 8.01, 8.092, 8.73, 9.13, 9.583, 10.389, 10.305, 9.798, 9.148, 8.74, 8.78, 8.53, 8.048, 7.59, 7.27, 6.16, 5.16, 4.95, 5.15, 5.63, 5.72, 6.56, 7.1, 7.3, 7.294, 7.281, 6.601, 6.341, 5.948, 4.978, 4.01, 3.5, 3.5, 3.39, 3.05, 2.27, 1.93, 1.99, 2.45, 2.65, 2.46, 2.1, 2.22, 2.09, 2.4, 2.96, 2.52, 2.98, 4.06, 3.53, 3.24, 3.26, 2.52, 1.94, 1.26, 1.29, 1.96, 2.19, 2.58, 2.33, 1.39, 0, 1.08, 1.23, 1.42, 2.61, 3.25, 2.13, 2.25, 3.4, 3.47, 3.92, 3.94, 4.83, 7.42, 9.45, 9.59, 9.08, 9.69, 10.48, 10.69, 10.73], [7.48, 9.19, 8.78, 7.78, 7.39, 7.34, 7.95, 8.39, 8.81, 9.714, 9.594, 8.98, 8.35, 7.94, 7.98, 7.61, 7.19, 6.71, 6.51, 5.46, 4.7, 4.47, 4.53, 5.05, 5.24, 6.12, 6.46, 6.7, 6.517, 6.507, 5.847, 5.587, 5.177, 4.3, 3.73, 3.28, 3.0, 2.97, 3.03, 2.51, 2.09, 1.95, 2.19, 2.25, 2.06, 2.22, 2.26, 2.37, 2.2, 2.58, 2.7, 3.36, 4.5, 4.19, 3.72, 3.72, 3.02, 2.3, 1.48, 1.81, 2.74, 2.85, 3.52, 3.27, 2.35, 1.08, 0, 0.99, 1.86, 3.45, 4.09, 2.77, 2.13, 2.9, 2.93, 3.44, 3.6, 4.35, 6.8, 8.75, 8.89, 8.44, 9.09, 9.78, 9.91, 9.93], [7.29, 9.5, 9.03, 7.93, 7.5, 7.622, 8.383, 8.74, 9.213, 10.034, 9.875, 9.168, 8.478, 8.028, 8.03, 7.78, 7.46, 7.08, 6.82, 5.63, 4.55, 4.32, 4.54, 5.0, 5.23, 5.97, 6.41, 6.43, 6.724, 6.851, 6.131, 5.851, 5.458, 4.57, 3.36, 2.89, 2.79, 2.72, 2.62, 2.1, 1.9, 1.86, 2.26, 2.4, 2.21, 2.17, 2.01, 2.08, 2.03, 2.51, 2.29, 3.03, 4.19, 4.02, 3.37, 3.43, 2.81, 2.29, 1.63, 1.94, 2.71, 2.98, 3.27, 3.02, 2.2, 1.23, 0.99, 0, 1.41, 2.96, 3.84, 2.56, 1.96, 2.97, 3.06, 3.23, 3.35, 4.38, 7.05, 9.02, 9.12, 8.63, 9.22, 10.05, 10.327, 10.407], [8.16, 10.47, 9.88, 8.84, 8.31, 8.683, 9.448, 9.728, 10.184, 11.015, 10.822, 10.1, 9.336, 8.815, 8.9, 8.67, 8.33, 8.09, 7.79, 6.5, 5.38, 5.13, 5.29, 5.77, 6.04, 6.54, 7.18, 7.238, 7.588, 7.799, 7.092, 6.775, 6.406, 5.512, 4.05, 3.56, 3.62, 3.45, 2.93, 1.87, 1.83, 2.31, 2.91, 3.09, 2.96, 2.1, 2.32, 2.09, 2.68, 3.1, 2.64, 2.48, 3.22, 3.13, 2.44, 2.64, 2.2, 1.8, 1.64, 1.53, 2.0, 2.33, 2.3, 2.11, 1.67, 1.42, 1.86, 1.41, 0, 1.95, 2.75, 2.03, 2.75, 3.66, 3.85, 3.92, 3.92, 5.09, 7.86, 9.85, 9.97, 9.44, 10.05, 11.06, 11.377, 11.477], [9.49, 11.873, 11.31, 10.35, 9.72, 10.133, 10.93, 11.176, 11.712, 12.509, 12.269, 11.767, 11.003, 10.413, 10.41, 10.22, 9.846, 9.677, 9.26, 8.05, 6.77, 6.54, 6.76, 7.18, 7.43, 7.91, 8.659, 8.856, 9.038, 9.255, 8.475, 8.195, 7.845, 6.939, 5.412, 5.042, 5.159, 4.9, 4.32, 2.88, 3.1, 3.7, 4.313, 4.46, 4.33, 3.49, 3.39, 3.04, 3.93, 4.57, 4.03, 2.79, 2.45, 2.34, 1.71, 1.83, 1.85, 2.49, 3.13, 2.88, 2.09, 2.18, 1.51, 1.22, 1.72, 2.61, 3.45, 2.96, 1.95, 0, 1.32, 1.46, 4.04, 5.11, 5.36, 5.27, 5.07, 6.32, 9.15, 11.32, 11.44, 10.83, 11.4, 12.51, 12.873, 12.953], [10.55, 12.92, 12.21, 11.21, 10.66, 11.016, 11.83, 12.125, 12.577, 13.4, 13.212, 12.456, 11.746, 11.239, 11.35, 11.12, 10.589, 10.366, 10.16, 8.81, 7.73, 7.36, 7.6, 8.04, 8.39, 8.725, 9.522, 9.659, 10.035, 10.182, 9.502, 9.185, 8.872, 7.862, 6.195, 5.745, 5.862, 5.729, 5.14, 3.8, 3.982, 4.66, 5.28, 5.46, 5.33, 4.31, 4.35, 3.9, 4.85, 5.49, 4.91, 3.55, 2.53, 2.58, 2.19, 2.21, 2.39, 3.272, 3.97, 3.64, 2.67, 2.46, 1.75, 1.62, 2.26, 3.25, 4.09, 3.84, 2.75, 1.32, 0, 2.08, 4.92, 5.95, 6.14, 6.05, 5.97, 7.26, 10.13, 12.2, 12.3, 11.77, 12.38, 13.43, 13.762, 13.842], [8.87, 11.24, 10.83, 9.63, 9.14, 9.279, 10.082, 10.317, 11.024, 11.767, 11.475, 11.108, 10.318, 9.868, 9.85, 9.62, 9.098, 8.854, 8.4, 7.17, 6.07, 5.92, 5.96, 6.34, 6.59, 7.35, 8.137, 8.437, 8.544, 8.516, 7.796, 7.471, 7.206, 6.119, 4.61, 4.205, 4.297, 4.16, 3.58, 2.52, 2.44, 2.92, 3.46, 3.58, 3.49, 2.57, 2.69, 2.26, 2.99, 3.71, 3.25, 2.47, 2.69, 2.58, 2.21, 2.17, 1.45, 2.05, 2.63, 2.54, 2.05, 2.24, 2.17, 1.8, 1.86, 2.13, 2.77, 2.56, 2.03, 1.46, 2.08, 0, 3.08, 4.17, 4.5, 4.53, 4.53, 5.72, 8.41, 10.32, 10.52, 10.09, 10.76, 11.629, 11.993, 12.111], [6.43, 8.38, 8.01, 6.89, 6.4, 6.43, 7.145, 7.38, 8.153, 8.841, 8.678, 8.35, 7.6, 7.21, 7.23, 6.98, 6.458, 6.055, 5.64, 4.57, 3.55, 3.46, 3.4, 3.84, 4.05, 5.05, 5.73, 5.79, 5.784, 5.671, 4.951, 4.671, 4.321, 3.268, 2.46, 2.05, 2.21, 1.98, 1.54, 2.1, 1.82, 1.56, 2.06, 2.14, 2.09, 2.27, 2.17, 2.4, 2.11, 2.19, 2.31, 3.29, 4.59, 4.36, 4.05, 4.11, 3.55, 2.73, 2.35, 2.72, 3.41, 3.76, 4.47, 4.18, 3.3, 2.25, 2.13, 1.96, 2.75, 4.04, 4.92, 3.08, 0, 1.37, 1.72, 2.31, 2.27, 3.06, 5.61, 7.7, 7.88, 7.37, 8.04, 8.69, 9.04, 9.14], [5.58, 7.37, 6.98, 6.0, 5.35, 5.4, 6.17, 6.33, 7.008, 7.794, 7.614, 7.24, 6.69, 6.26, 6.2, 5.91, 5.35, 4.888, 4.55, 3.68, 2.74, 2.65, 2.39, 2.85, 3.2, 4.26, 4.92, 4.9, 4.748, 4.544, 3.884, 3.584, 3.294, 2.32, 2.25, 2.04, 1.92, 1.59, 1.65, 2.71, 2.45, 2.19, 2.53, 2.39, 2.34, 2.64, 2.62, 3.01, 2.62, 2.54, 2.82, 3.74, 5.1, 4.91, 4.72, 4.9, 4.26, 3.5, 3.1, 3.45, 4.0, 4.39, 5.34, 5.09, 4.35, 3.4, 2.9, 2.97, 3.66, 5.11, 5.95, 4.17, 1.37, 0, 0.89, 1.58, 1.58, 2.29, 4.6, 6.61, 6.81, 6.4, 7.19, 7.66, 8.01, 8.061], [5.07, 7.0, 6.57, 5.53, 5.02, 4.99, 5.8, 6.06, 6.618, 7.404, 7.344, 6.85, 6.24, 5.85, 5.85, 5.52, 5.018, 4.515, 4.24, 3.17, 2.35, 2.14, 1.96, 2.46, 2.73, 3.69, 4.29, 4.37, 4.33, 4.311, 3.654, 3.43, 3.1, 2.29, 2.2, 1.95, 1.83, 1.56, 1.78, 2.98, 2.8, 2.42, 2.92, 2.8, 2.69, 2.91, 2.83, 3.2, 2.75, 2.65, 2.85, 3.79, 5.27, 5.02, 4.83, 5.13, 4.51, 3.69, 3.25, 3.8, 4.53, 4.72, 5.55, 5.34, 4.52, 3.47, 2.93, 3.06, 3.85, 5.36, 6.14, 4.5, 1.72, 0.89, 0, 1.11, 1.33, 1.86, 4.37, 6.38, 6.54, 6.11, 6.78, 7.43, 7.66, 7.76], [4.8, 7.169, 6.58, 5.38, 4.91, 5.233, 6.083, 6.283, 6.836, 7.652, 7.318, 6.754, 5.968, 5.46, 5.46, 5.27, 4.802, 4.624, 4.272, 2.92, 2.06, 1.77, 1.93, 2.29, 2.62, 3.18, 3.76, 4.08, 4.268, 4.431, 3.771, 3.52, 3.43, 2.8, 2.11, 1.82, 1.68, 1.37, 1.85, 3.05, 3.25, 2.91, 3.29, 3.27, 3.02, 3.4, 3.04, 3.37, 2.96, 2.68, 3.02, 3.86, 5.18, 5.19, 4.76, 5.06, 4.72, 4.28, 3.94, 4.39, 5.02, 5.33, 5.52, 5.37, 4.79, 3.92, 3.44, 3.23, 3