[[0, 0.83, 1.33, 1.97, 2.37, 3.1, 3.57, 1.75, 3.61, 3.55, 3.1, 3.1, 3.54, 2.89, 2.67, 2.89, 3.55, 4.2, 3.94, 3.42, 3.69, 4.08, 3.89, 3.56, 3.72, 2.94, 2.59, 3.98, 5.142, 6.122, 5.742, 5.315, 5.608, 6.061, 6.631, 6.415, 6.786, 7.433, 7.746, 7.017, 5.479, 2.75, 2.12, 2.23, 2.61, 2.68, 3.05, 3.97, 4.34, 4.55, 4.85, 4.76, 4.51, 5.04, 4.57, 3.37, 2.6, 2.0, 2.01, 2.19, 2.0, 2.53, 2.93, 2.38, 2.56, 3.53, 4.0, 3.99, 4.12, 3.95, 3.89, 3.62, 3.57, 4.06, 4.42, 3.67, 2.65, 1.85, 1.59, 1.63, 1.76, 1.38, 1.3, 1.72, 1.74, 2.14], [0.83, 0, 0.88, 1.62, 2.02, 2.93, 3.28, 1.72, 3.8, 3.72, 3.33, 3.41, 3.75, 3.0, 2.82, 2.94, 3.68, 4.31, 4.09, 3.65, 4.0, 4.51, 4.18, 3.83, 3.99, 3.15, 3.0, 4.37, 5.575, 6.555, 6.195, 5.768, 6.061, 6.534, 7.084, 6.731, 6.976, 7.663, 8.016, 7.348, 5.826, 2.92, 2.13, 2.22, 2.54, 2.75, 3.0, 3.5, 3.93, 4.18, 4.52, 4.33, 4.14, 4.73, 4.38, 3.18, 2.39, 1.87, 2.08, 2.08, 1.87, 2.4, 2.96, 2.43, 2.53, 3.46, 3.73, 3.76, 3.87, 3.68, 3.6, 3.43, 3.4, 3.85, 4.23, 3.4, 2.5, 1.82, 1.52, 1.4, 1.43, 1.31, 1.59, 1.97, 1.89, 2.21], [1.33, 0.88, 0, 1.06, 1.5, 2.37, 2.7, 1.88, 4.28, 4.26, 3.89, 3.99, 4.33, 3.44, 3.04, 3.32, 4.14, 4.89, 4.65, 4.13, 4.56, 5.05, 4.68, 4.29, 4.47, 3.65, 3.5, 4.97, 6.155, 7.135, 6.775, 6.348, 6.641, 7.114, 7.664, 7.308, 7.496, 8.189, 8.562, 7.888, 6.372, 3.406, 2.11, 1.96, 2.2, 2.63, 2.72, 3.1, 3.49, 3.74, 4.18, 4.03, 3.78, 4.47, 4.08, 3.0, 2.35, 2.15, 2.18, 2.06, 1.89, 2.18, 2.72, 2.55, 2.41, 3.26, 3.33, 3.42, 3.53, 3.42, 3.28, 3.13, 3.04, 3.49, 3.87, 3.04, 2.38, 1.92, 1.36, 1.12, 1.07, 1.45, 2.05, 2.55, 2.47, 2.71], [1.97, 1.62, 1.06, 0, 0.88, 1.67, 2.02, 2.42, 5.06, 4.98, 4.57, 4.67, 5.03, 4.18, 3.62, 4.04, 4.88, 5.65, 5.39, 4.85, 5.28, 5.75, 5.4, 4.97, 5.19, 4.33, 4.22, 5.69, 6.875, 7.855, 7.475, 7.048, 7.341, 7.794, 8.364, 8.034, 8.259, 8.949, 9.282, 8.548, 7.092, 4.166, 1.73, 1.38, 2.02, 2.81, 2.66, 2.58, 2.91, 3.06, 3.52, 3.49, 3.26, 3.89, 3.42, 2.9, 2.73, 2.71, 2.8, 2.8, 2.33, 2.16, 2.56, 2.61, 2.27, 2.78, 2.71, 2.74, 2.85, 2.68, 2.54, 2.35, 2.28, 2.67, 3.09, 2.26, 1.78, 2.06, 1.5, 1.22, 1.25, 1.77, 2.79, 3.23, 3.11, 3.45], [2.37, 2.02, 1.5, 0.88, 0, 0.99, 1.5, 2.96, 5.58, 5.5, 5.13, 5.27, 5.65, 4.74, 4.2, 4.64, 5.452, 6.27, 5.99, 5.37, 5.86, 6.33, 5.96, 5.59, 5.77, 4.93, 4.72, 6.09, 7.252, 8.232, 7.852, 7.425, 7.718, 8.191, 8.741, 8.53, 8.847, 9.517, 9.887, 9.167, 7.617, 4.674, 2.05, 1.48, 1.8, 2.65, 2.56, 2.32, 2.43, 2.58, 3.08, 3.09, 3.02, 3.45, 3.1, 2.74, 2.59, 2.79, 2.92, 3.0, 2.43, 2.06, 2.4, 2.83, 2.31, 2.6, 2.45, 2.28, 2.37, 2.32, 2.16, 1.97, 1.96, 2.37, 2.63, 1.86, 1.98, 2.42, 1.76, 1.22, 1.23, 2.17, 3.25, 3.75, 3.61, 3.99], [3.1, 2.93, 2.37, 1.67, 0.99, 0, 0.97, 3.79, 6.51, 6.41, 6.04, 6.1, 6.52, 5.55, 4.99, 5.51, 6.366, 7.153, 6.88, 6.3, 6.63, 7.06, 6.77, 6.4, 6.6, 5.68, 5.43, 6.82, 7.953, 8.913, 8.553, 8.124, 8.399, 8.892, 9.442, 9.357, 9.745, 10.412, 10.734, 10.014, 8.433, 5.507, 2.78, 2.03, 2.15, 2.94, 2.77, 2.29, 2.16, 2.55, 2.85, 3.02, 3.23, 3.16, 2.65, 2.69, 2.8, 3.36, 3.35, 3.11, 2.863, 2.29, 2.45, 3.34, 2.8, 2.57, 2.22, 1.93, 2.12, 2.31, 2.07, 1.9, 1.87, 2.34, 2.52, 2.01, 2.39, 3.11, 2.27, 1.85, 1.94, 3.06, 4.08, 4.6, 4.5, 4.86], [3.57, 3.28, 2.7, 2.02, 1.5, 0.97, 0, 4.22, 6.84, 6.78, 6.45, 6.53, 6.91, 5.9, 5.4, 5.86, 6.697, 7.507, 7.21, 6.69, 7.12, 7.53, 7.18, 6.85, 7.03, 6.19, 5.96, 7.19, 8.234, 9.186, 8.786, 8.419, 8.652, 9.125, 9.786, 9.761, 10.092, 10.739, 11.098, 10.418, 8.848, 5.803, 3.11, 2.26, 2.32, 3.29, 3.06, 2.6, 2.17, 2.38, 2.74, 2.87, 3.24, 3.11, 2.38, 2.6, 2.97, 3.61, 3.583, 3.54, 3.253, 2.76, 2.8, 3.71, 3.17, 2.64, 2.37, 2.1, 2.25, 2.42, 2.08, 1.99, 1.92, 2.39, 2.59, 2.12, 2.62, 3.6, 2.74, 2.16, 2.31, 3.47, 4.43, 4.95, 4.89, 5.21], [1.75, 1.72, 1.88, 2.42, 2.96, 3.79, 4.22, 0, 2.78, 2.68, 2.33, 2.45, 2.79, 2.02, 1.84, 2.2, 2.9, 3.49, 3.31, 2.83, 3.02, 3.53, 3.26, 2.81, 3.03, 2.29, 2.18, 3.43, 4.661, 5.641, 5.261, 4.834, 5.13, 5.583, 6.213, 5.88, 6.114, 6.721, 7.034, 6.414, 4.844, 2.26, 2.35, 2.78, 3.32, 3.43, 3.66, 4.52, 4.89, 5.04, 5.46, 5.41, 5.18, 5.75, 5.28, 4.06, 3.23, 2.75, 2.76, 2.82, 2.75, 3.24, 3.64, 2.97, 3.13, 4.08, 4.61, 4.7, 4.81, 4.56, 4.5, 4.19, 4.14, 4.57, 5.05, 4.22, 2.78, 1.88, 2.28, 2.3, 2.09, 1.67, 1.65, 1.93, 2.13, 2.25], [3.61, 3.8, 4.28, 5.06, 5.58, 6.51, 6.84, 2.78, 0, 0.58, 0.85, 0.97, 0.99, 1.74, 2.0, 1.62, 1.3, 1.25, 1.23, 1.09, 1.3, 1.51, 1.28, 1.29, 1.43, 1.41, 1.38, 1.69, 2.44, 3.32, 2.94, 2.53, 2.885, 3.363, 4.053, 3.68, 3.657, 4.08, 4.491, 4.07, 2.66, 2.58, 4.35, 5.0, 5.42, 4.97, 5.64, 6.58, 6.99, 7.26, 7.7, 7.49, 7.16, 7.85, 7.44, 6.1, 5.19, 4.43, 4.44, 4.8, 4.87, 5.46, 5.64, 4.67, 5.15, 6.08, 6.85, 6.94, 7.05, 6.82, 6.76, 6.69, 6.64, 7.07, 7.53, 6.56, 4.98, 4.0, 4.56, 4.8, 4.65, 3.59, 2.85, 2.75, 3.15, 2.93], [3.55, 3.72, 4.26, 4.98, 5.5, 6.41, 6.78, 2.68, 0.58, 0, 0.71, 0.85, 0.89, 1.76, 1.96, 1.64, 1.3, 1.15, 1.21, 1.09, 1.2, 1.39, 1.2, 1.15, 1.33, 1.15, 1.34, 1.53, 2.38, 3.26, 2.86, 2.47, 2.776, 3.246, 3.876, 3.543, 3.62, 4.1, 4.463, 3.943, 2.68, 2.64, 4.33, 4.88, 5.32, 4.85, 5.48, 6.52, 6.93, 7.12, 7.52, 7.35, 7.1, 7.71, 7.28, 5.94, 5.03, 4.27, 4.26, 4.64, 4.69, 5.28, 5.48, 4.51, 4.99, 5.92, 6.67, 6.76, 6.87, 6.64, 6.66, 6.61, 6.56, 6.99, 7.43, 6.38, 4.8, 3.86, 4.44, 4.76, 4.57, 3.55, 2.75, 2.65, 3.01, 2.87], [3.1, 3.33, 3.89, 4.57, 5.13, 6.04, 6.45, 2.33, 0.85, 0.71, 0, 0.68, 0.82, 1.49, 1.71, 1.35, 1.39, 1.46, 1.46, 1.18, 1.27, 1.6, 1.45, 1.44, 1.62, 1.3, 1.17, 1.68, 2.59, 3.55, 3.15, 2.704, 3.057, 3.55, 4.22, 3.907, 3.944, 4.47, 4.833, 4.284, 2.75, 2.31, 3.92, 4.57, 4.93, 4.5, 5.13, 6.21, 6.64, 6.87, 7.15, 7.0, 6.73, 7.34, 6.87, 5.53, 4.64, 3.92, 3.91, 4.23, 4.32, 4.91, 5.07, 4.12, 4.58, 5.53, 6.3, 6.39, 6.5, 6.27, 6.25, 6.22, 6.17, 6.6, 7.06, 6.07, 4.49, 3.43, 4.05, 4.43, 4.24, 3.08, 2.34, 2.26, 2.7, 2.6], [3.1, 3.41, 3.99, 4.67, 5.27, 6.1, 6.53, 2.45, 0.97, 0.85, 0.68, 0, 0.72, 1.79, 1.97, 1.67, 1.69, 1.36, 1.24, 1.16, 1.29, 1.56, 1.51, 1.54, 1.7, 1.44, 1.09, 1.62, 2.39, 3.31, 2.91, 2.513, 2.785, 3.244, 3.894, 3.561, 3.773, 4.393, 4.684, 4.024, 2.65, 2.01, 3.86, 4.53, 4.89, 4.36, 5.09, 6.27, 6.72, 6.93, 7.19, 7.04, 6.77, 7.28, 6.83, 5.53, 4.62, 3.9, 3.87, 4.21, 4.32, 4.93, 5.03, 4.04, 4.52, 5.53, 6.34, 6.41, 6.5, 6.29, 6.29, 6.28, 6.23, 6.68, 7.1, 6.11, 4.49, 3.39, 4.07, 4.45, 4.32, 3.18, 2.4, 2.16, 2.52, 2.42], [3.54, 3.75, 4.33, 5.03, 5.65, 6.52, 6.91, 2.79, 0.99, 0.89, 0.82, 0.72, 0, 1.55, 1.93, 1.51, 1.49, 1.24, 1.52, 1.22, 1.17, 1.44, 1.29, 1.36, 1.48, 1.32, 1.31, 1.48, 2.35, 3.27, 2.89, 2.42, 2.775, 3.27, 3.92, 3.587, 3.584, 4.15, 4.487, 3.92, 2.49, 2.35, 4.2, 4.97, 5.27, 4.6, 5.33, 6.55, 7.08, 7.29, 7.45, 7.22, 6.89, 7.42, 7.03, 5.65, 4.72, 4.02, 4.03, 4.37, 4.52, 5.13, 5.23, 4.16, 4.72, 5.73, 6.56, 6.67, 6.76, 6.53, 6.59, 6.6, 6.61, 7.02, 7.46, 6.45, 4.79, 3.65, 4.41, 4.83, 4.7, 3.58, 2.64, 2.38, 2.72, 2.6], [2.89, 3.0, 3.44, 4.18, 4.74, 5.55, 5.9, 2.02, 1.74, 1.76, 1.49, 1.79, 1.55, 0, 0.8, 1.04, 1.68, 2.27, 2.61, 2.25, 2.2, 2.33, 2.0, 1.93, 1.97, 1.39, 1.4, 2.29, 3.48, 4.42, 4.1, 3.729, 4.053, 4.546, 5.276, 4.943, 4.94, 5.3, 5.66, 5.27, 3.74, 2.62, 3.49, 4.04, 4.56, 4.41, 4.74, 5.88, 6.25, 6.44, 6.76, 6.57, 6.32, 6.79, 6.5, 5.16, 4.21, 3.49, 3.56, 3.8, 3.81, 4.4, 4.62, 3.77, 4.29, 5.16, 5.89, 5.94, 6.01, 5.78, 5.74, 5.59, 5.6, 6.01, 6.49, 5.54, 3.94, 2.98, 3.52, 3.82, 3.75, 2.81, 2.23, 2.53, 2.93, 2.95], [2.67, 2.82, 3.04, 3.62, 4.2, 4.99, 5.4, 1.84, 2.0, 1.96, 1.71, 1.97, 1.93, 0.8, 0, 0.78, 1.66, 2.61, 2.87, 2.53, 2.54, 2.65, 2.34, 2.19, 2.27, 1.43, 1.56, 2.61, 3.82, 4.818, 4.46, 4.063, 4.376, 4.846, 5.576, 5.243, 5.26, 5.64, 6.031, 5.563, 4.036, 2.84, 3.25, 3.58, 4.18, 4.37, 4.5, 5.48, 5.83, 6.02, 6.42, 6.31, 6.06, 6.57, 6.16, 4.96, 4.23, 3.71, 3.76, 3.82, 3.59, 4.08, 4.5, 3.73, 4.11, 5.04, 5.59, 5.64, 5.71, 5.48, 5.44, 5.19, 5.14, 5.55, 6.11, 5.22, 3.6, 2.76, 3.16, 3.36, 3.23, 2.35, 2.43, 2.65, 3.13, 3.19], [2.89, 2.94, 3.32, 4.04, 4.64, 5.51, 5.86, 2.2, 1.62, 1.64, 1.35, 1.67, 1.51, 1.04, 0.78, 0, 1.18, 2.25, 2.45, 2.13, 2.16, 2.37, 2.08, 1.87, 1.97, 1.25, 1.36, 2.39, 3.58, 4.56, 4.18, 3.726, 4.076, 4.56, 5.25, 4.817, 4.814, 5.2, 5.551, 5.15, 3.58, 3.0, 3.71, 4.0, 4.54, 4.65, 4.86, 5.7, 6.15, 6.38, 6.78, 6.61, 6.32, 6.91, 6.52, 5.28, 4.55, 3.91, 4.06, 4.16, 3.95, 4.48, 4.9, 4.11, 4.53, 5.44, 5.93, 6.04, 6.11, 5.88, 5.86, 5.71, 5.66, 6.09, 6.55, 5.66, 4.04, 3.12, 3.54, 3.72, 3.65, 2.55, 2.61, 2.69, 3.21, 3.29], [3.55, 3.68, 4.14, 4.88, 5.452, 6.366, 6.697, 2.9, 1.3, 1.3, 1.39, 1.69, 1.49, 1.68, 1.66, 1.18, 0, 1.43, 1.71, 1.63, 1.4, 1.55, 1.4, 1.39, 1.59, 1.33, 1.44, 1.89, 2.68, 3.62, 3.24, 2.81, 3.28, 3.64, 4.33, 3.957, 3.85, 4.24, 4.75, 4.27, 3.02, 3.28, 4.29, 4.82, 5.26, 5.07, 5.42, 6.46, 6.91, 7.18, 7.52, 7.31, 6.96, 7.61, 7.22, 5.86, 5.07, 4.39, 4.46, 4.64, 4.63, 5.22, 5.42, 4.61, 5.01, 5.96, 6.67, 6.78, 6.87, 6.64, 6.64, 6.57, 6.52, 6.97, 7.41, 6.44, 4.82, 3.78, 4.34, 4.62, 4.47, 3.39, 2.87, 3.03, 3.47, 3.57], [4.2, 4.31, 4.89, 5.65, 6.27, 7.153, 7.507, 3.49, 1.25, 1.15, 1.46, 1.36, 1.24, 2.27, 2.61, 2.25, 1.43, 0, 0.86, 1.04, 0.97, 0.86, 0.89, 0.96, 1.0, 1.64, 1.85, 1.72, 1.85, 2.63, 2.35, 2.22, 2.49, 2.722, 3.349, 3.019, 2.996, 3.53, 3.916, 3.48, 2.41, 2.99, 4.92, 5.63, 6.01, 5.56, 6.19, 7.25, 7.74, 7.99, 8.27, 8.04, 7.71, 8.3, 7.93, 6.53, 5.64, 4.92, 4.93, 5.27, 5.38, 5.97, 6.09, 5.14, 5.62, 6.63, 7.44, 7.51, 7.62, 7.37, 7.37, 7.32, 7.31, 7.74, 8.18, 7.19, 5.57, 4.45, 5.11, 5.45, 5.26, 4.22, 3.42, 3.3, 3.74, 3.56], [3.94, 4.09, 4.65, 5.39, 5.99, 6.88, 7.21, 3.31, 1.23, 1.21, 1.46, 1.24, 1.52, 2.61, 2.87, 2.45, 1.71, 0.86, 0, 0.88, 1.17, 1.18, 1.19, 1.16, 1.18, 1.86, 1.75, 1.96, 2.11, 2.77, 2.39, 2.2, 2.37, 2.699, 3.251, 2.956, 3.06, 3.636, 4.06, 3.48, 2.63, 2.85, 4.8, 5.41, 5.83, 5.42, 6.05, 7.09, 7.5, 7.79, 8.11, 7.9, 7.65, 8.26, 7.85, 6.51, 5.62, 4.86, 4.87, 5.21, 5.3, 5.89, 6.07, 5.08, 5.56, 6.49, 7.28, 7.37, 7.48, 7.23, 7.19, 7.08, 7.05, 7.48, 7.92, 7.01, 5.45, 4.35, 4.97, 5.21, 5.02, 3.98, 3.28, 3.14, 3.52, 3.44], [3.42, 3.65, 4.13, 4.85, 5.37, 6.3, 6.69, 2.83, 1.09, 1.09, 1.18, 1.16, 1.22, 2.25, 2.53, 2.13, 1.63, 1.04, 0.88, 0, 0.87, 1.18, 0.99, 0.88, 1.14, 1.44, 1.27, 1.66, 2.25, 3.117, 2.763, 2.42, 2.73, 3.121, 3.751, 3.458, 3.57, 4.242, 4.615, 3.967, 2.63, 2.69, 4.32, 4.99, 5.43, 5.04, 5.71, 6.77, 7.16, 7.39, 7.67, 7.5, 7.23, 7.82, 7.41, 6.05, 5.12, 4.38, 4.39, 4.75, 4.84, 5.43, 5.57, 4.6, 5.08, 6.05, 6.82, 6.89, 7.02, 6.79, 6.73, 6.54, 6.55, 6.94, 7.38, 6.53, 4.97, 3.85, 4.45, 4.67, 4.5, 3.44, 2.8, 2.84, 3.26, 3.18], [3.69, 4.0, 4.56, 5.28, 5.86, 6.63, 7.12, 3.02, 1.3, 1.2, 1.27, 1.29, 1.17, 2.2, 2.54, 2.16, 1.4, 0.97, 1.17, 0.87, 0, 0.85, 1.04, 0.91, 1.27, 1.45, 1.44, 1.51, 2.0, 2.935, 2.6, 2.27, 2.64, 3.014, 3.607, 3.354, 3.465, 4.007, 4.32, 3.78, 2.38, 2.84, 4.53, 5.28, 5.58, 5.17, 5.84, 7.04, 7.45, 7.66, 7.74, 7.63, 7.38, 7.83, 7.44, 6.12, 5.25, 4.47, 4.48, 4.72, 4.89, 5.54, 5.58, 4.57, 5.07, 6.06, 6.85, 6.9, 7.03, 6.82, 6.8, 6.77, 6.78, 7.19, 7.63, 6.66, 5.12, 3.84, 4.62, 5.08, 4.93, 3.81, 3.01, 2.91, 3.35, 3.23], [4.08, 4.51, 5.05, 5.75, 6.33, 7.06, 7.53, 3.53, 1.51, 1.39, 1.6, 1.56, 1.44, 2.33, 2.65, 2.37, 1.55, 0.86, 1.18, 1.18, 0.85, 0, 0.81, 0.98, 1.1, 1.58, 1.75, 1.66, 1.65, 2.51, 2.19, 1.96, 2.35, 2.654, 3.28, 3.104, 3.22, 3.63, 4.01, 3.48, 2.43, 3.11, 4.9, 5.69, 6.09, 5.62, 6.39, 7.61, 7.98, 8.21, 8.33, 8.26, 7.97, 8.4, 7.97, 6.67, 5.8, 5.1, 5.03, 5.27, 5.42, 5.95, 6.07, 5.02, 5.56, 6.65, 7.52, 7.47, 7.56, 7.33, 7.29, 7.16, 7.19, 7.6, 8.04, 7.13, 5.53, 4.49, 5.13, 5.49, 5.38, 4.32, 3.58, 3.44, 3.92, 3.72], [3.89, 4.18, 4.68, 5.4, 5.96, 6.77, 7.18, 3.26, 1.28, 1.2, 1.45, 1.51, 1.29, 2.0, 2.34, 2.08, 1.4, 0.89, 1.19, 0.99, 1.04, 0.81, 0, 0.69, 0.61, 1.31, 1.56, 1.55, 2.12, 2.9, 2.6, 2.35, 2.64, 3.009, 3.699, 3.426, 3.47, 3.9, 4.26, 3.79, 2.8, 3.24, 4.85, 5.5, 5.96, 5.59, 6.2, 7.4, 7.75, 7.98, 8.2, 8.05, 7.84, 8.31, 7.92, 6.6, 5.63, 4.89, 4.86, 5.22, 5.31, 5.9, 6.04, 5.05, 5.59, 6.52, 7.33, 7.4, 7.47, 7.26, 7.2, 7.07, 7.1, 7.51, 7.93, 7.04, 5.46, 4.36, 4.98, 5.16, 5.01, 4.01, 3.35, 3.37, 3.85, 3.71], [3.56, 3.83, 4.29, 4.97, 5.59, 6.4, 6.85, 2.81, 1.29, 1.15, 1.44, 1.54, 1.36, 1.93, 2.19, 1.87, 1.39, 0.96, 1.16, 0.88, 0.91, 0.98, 0.69, 0, 0.6, 1.08, 1.35, 1.58, 2.19, 3.15, 2.83, 2.62, 2.91, 3.199, 3.849, 3.576, 3.673, 4.19, 4.507, 4.0, 2.81, 3.29, 4.7, 5.23, 5.77, 5.52, 5.99, 7.05, 7.46, 7.63, 7.93, 7.86, 7.61, 8.16, 7.71, 6.39, 5.48, 4.72, 4.69, 5.03, 5.08, 5.67, 5.89, 5.0, 5.4, 6.35, 7.08, 7.17, 7.26, 7.05, 6.99, 6.74, 6.73, 7.16, 7.62, 6.77, 5.17, 4.15, 4.63, 4.83, 4.64, 3.68, 3.16, 3.28, 3.72, 3.7], [3.72, 3.99, 4.47, 5.19, 5.77, 6.6, 7.03, 3.03, 1.43, 1.33, 1.62, 1.7, 1.48, 1.97, 2.27, 1.97, 1.59, 1.0, 1.18, 1.14, 1.27, 1.1, 0.61, 0.6, 0, 1.16, 1.55, 1.72, 2.37, 3.05, 2.77, 2.64, 2.79, 3.154, 3.815, 3.496, 3.56, 4.05, 4.38, 3.96, 3.03, 3.49, 4.9, 5.39, 5.93, 5.76, 6.17, 7.23, 7.64, 7.83, 8.11, 7.98, 7.73, 8.28, 7.89, 6.59, 5.6, 4.84, 4.79, 5.17, 5.22, 5.81, 6.09, 5.26, 5.58, 6.55, 7.24, 7.31, 7.4, 7.19, 7.13, 6.92, 6.93, 7.34, 7.78, 6.95, 5.35, 4.35, 4.81, 5.01, 4.82, 3.84, 3.36, 3.52, 4.0, 3.94], [2.94, 3.15, 3.65, 4.33, 4.93, 5.68, 6.19, 2.29, 1.41, 1.15, 1.3, 1.44, 1.32, 1.39, 1.43, 1.25, 1.33, 1.64, 1.86, 1.44, 1.45, 1.58, 1.31, 1.08, 1.16, 0, 0.85, 1.76, 2.95, 3.92, 3.59, 3.253, 3.526, 3.996, 4.626, 4.353, 4.49, 4.97, 5.33, 4.793, 3.41, 3.21, 4.2, 4.53, 5.09, 5.1, 5.45, 6.29, 6.66, 6.87, 7.09, 7.04, 6.81, 7.38, 6.97, 5.75, 4.7, 3.98, 4.05, 4.19, 4.24, 4.81, 5.29, 4.5, 4.86, 5.79, 6.22, 6.29, 6.38, 6.15, 6.09, 5.9, 5.91, 6.32, 6.74, 5.87, 4.33, 3.49, 3.93, 4.15, 4.0, 2.98, 2.66, 2.96, 3.36, 3.48], [2.59, 3.0, 3.5, 4.22, 4.72, 5.43, 5.96, 2.18, 1.38, 1.34, 1.17, 1.09, 1.31, 1.4, 1.56, 1.36, 1.44, 1.85, 1.75, 1.27, 1.44, 1.75, 1.56, 1.35, 1.55, 0.85, 0, 1.57, 2.76, 3.72, 3.38, 2.943, 3.235, 3.754, 4.384, 4.231, 4.443, 5.063, 5.376, 4.677, 3.3, 2.74, 3.53, 4.12, 4.6, 4.45, 4.92, 6.0, 6.37, 6.58, 6.76, 6.73, 6.5, 6.99, 6.54, 5.2, 4.29, 3.61, 3.6, 3.82, 3.87, 4.46, 4.72, 3.87, 4.25, 5.24, 5.91, 6.0, 6.05, 5.84, 5.8, 5.61, 5.62, 6.05, 6.51, 5.64, 4.02, 2.94, 3.54, 3.9, 3.77, 2.71, 2.23, 2.37, 2.83, 2.99], [3.98, 4.37, 4.97, 5.69, 6.09, 6.82, 7.19, 3.43, 1.69, 1.53, 1.68, 1.62, 1.48, 2.29, 2.61, 2.39, 1.89, 1.72, 1.96, 1.66, 1.51, 1.66, 1.55, 1.58, 1.72, 1.76, 1.57, 0, 1.59, 2.55, 2.39, 2.02, 2.389, 2.822, 3.706, 3.659, 3.856, 4.41, 4.656, 4.116, 2.77, 2.97, 4.32, 5.27, 5.53, 5.0, 5.87, 7.21, 7.5, 7.67, 7.73, 7.72, 7.43, 7.8, 7.25, 5.87, 5.2, 4.48, 4.43, 4.61, 4.82, 5.35, 5.37, 4.34, 4.76, 6.11, 7.02, 6.93, 6.92, 6.69, 6.73, 6.66, 6.59, 7.06, 7.52, 6.61, 5.07, 4.11, 4.75, 5.27, 5.18, 4.06, 3.22, 3.08, 3.46, 3.28], [5.142, 5.575, 6.155, 6.875, 7.252, 7.953, 8.234, 4.661, 2.44, 2.38, 2.59, 2.39, 2.35, 3.48, 3.82, 3.58, 2.68, 1.85, 2.11, 2.25, 2.0, 1.65, 2.12, 2.19, 2.37, 2.95, 2.76, 1.59, 0, 1.16, 1.0, 1.07, 1.44, 1.51, 2.24, 2.33, 2.59, 3.1, 3.37, 2.77, 1.8, 3.16, 5.43, 6.38, 6.66, 5.99, 6.94, 8.32, 8.59, 8.66, 8.76, 8.71, 8.36, 8.75, 8.22, 6.76, 6.09, 5.43, 5.32, 5.58, 5.81, 6.42, 6.36, 5.29, 5.87, 7.12, 8.11, 8.08, 8.05, 7.86, 7.98, 7.91, 7.82, 8.29, 8.75, 7.86, 6.2, 5.24, 5.82, 6.389, 6.302, 5.205, 4.35, 4.11, 4.31, 3.97], [6.122, 6.555, 7.135, 7.855, 8.232, 8.913, 9.186, 5.641, 3.32, 3.26, 3.55, 3.31, 3.27, 4.42, 4.818, 4.56, 3.62, 2.63, 2.77, 3.117, 2.935, 2.51, 2.9, 3.15, 3.05, 3.92, 3.72, 2.55, 1.16, 0, 0.72, 1.33, 1.4, 1.03, 1.38, 1.53, 1.79, 2.26, 2.39, 1.87, 2.04, 4.0, 6.35, 7.28, 7.54, 6.83, 7.78, 9.2, 9.47, 9.54, 9.6, 9.51, 9.16, 9.55, 9.04, 7.58, 6.89, 6.23, 6.14, 6.4, 6.61, 7.2, 7.2, 6.09, 6.63, 7.94, 8.93, 8.88, 8.85, 8.66, 8.82, 8.779, 8.689, 9.205, 9.65, 8.7, 7.06, 6.12, 6.729, 7.369, 7.282, 6.185, 5.21, 4.95, 5.07, 4.75], [5.742, 6.195, 6.775, 7.475, 7.852, 8.553, 8.786, 5.261, 2.94, 2.86, 3.15, 2.91, 2.89, 4.1, 4.46, 4.18, 3.24, 2.35, 2.39, 2.763, 2.6, 2.19, 2.6, 2.83, 2.77, 3.59, 3.38, 2.39, 1.0, 0.72, 0, 1.05, 1.1, 0.87, 1.48, 1.67, 2.05, 2.48, 2.67, 2.05, 1.86, 3.56, 5.97, 6.846, 7.1, 6.37, 7.34, 8.76, 9.05, 9.08, 9.22, 9.09, 8.74, 9.15, 8.62, 7.14, 6.47, 5.81, 5.68, 5.98, 6.19, 6.8, 6.8, 5.67, 6.27, 7.52, 8.53, 8.52, 8.49, 8.28, 8.46, 8.479, 8.409, 8.905, 9.336, 8.32, 6.66, 5.726, 6.389, 6.989, 6.902, 5.805, 4.87, 4.51, 4.65, 4.31], [5.315, 5.768, 6.348, 7.048, 7.425, 8.124, 8.419, 4.834, 2.53, 2.47, 2.704, 2.513, 2.42, 3.729, 4.063, 3.726, 2.81, 2.22, 2.2, 2.42, 2.27, 1.96, 2.35, 2.62, 2.64, 3.253, 2.943, 2.02, 1.07, 1.33, 1.05, 0, 0.77, 1.22, 1.95, 2.02, 2.22, 2.783, 3.1, 2.4, 1.45, 3.13, 5.544, 6.399, 6.65, 5.86, 6.83, 8.299, 8.592, 8.682, 8.75, 8.64, 8.27, 8.62, 8.13, 6.63, 5.92, 5.26, 5.19, 5.43, 5.66, 6.27, 6.25, 5.14, 5.7, 7.07, 8.08, 8.056, 7.986, 7.79, 7.988, 8.012, 7.962, 8.458, 8.889, 7.865, 6.219, 5.276, 5.962, 6.562, 6.475, 5.378, 4.395, 4.038, 4.14, 3.84], [5.608, 6.061, 6.641, 7.341, 7.718, 8.399, 8.652, 5.13, 2.885, 2.776, 3.057, 2.785, 2.775, 4.053, 4.376, 4.076, 3.28, 2.49, 2.37, 2.73, 2.64, 2.35, 2.64, 2.91, 2.79, 3.526, 3.235, 2.389, 1.44, 1.4, 1.1, 0.77, 0, 0.75, 1.52, 1.63, 1.81, 2.5, 2.83, 2.21, 1.5, 3.384, 5.817, 6.692, 6.838, 6.028, 7.018, 8.572, 8.885, 8.875, 9.009, 8.799, 8.412, 8.879, 8.317, 6.803, 6.07, 5.43, 5.38, 5.64, 5.75, 6.36, 6.44, 5.365, 5.922, 7.189, 8.222, 8.309, 8.259, 8.021, 8.281, 8.325, 8.275, 8.771, 9.202, 8.138, 6.492, 5.552, 6.235, 6.855, 6.768, 5.671, 4.688, 4.291, 4.448, 4.12], [6.061, 6.534, 7.114, 7.794, 8.191, 8.892, 9.125, 5.583, 3.363, 3.246, 3.55, 3.244, 3.27, 4.546, 4.846, 4.56, 3.64, 2.722, 2.699, 3.121, 3.014, 2.654, 3.009, 3.199, 3.154, 3.996, 3.754, 2.822, 1.51, 1.03, 0.87, 1.22, 0.75, 0, 1.07, 1.22, 1.46, 2.09, 2.44, 1.92, 1.73, 3.837, 6.27, 7.145, 7.291, 6.501, 7.49, 9.025, 9.338, 9.328, 9.502, 9.292, 8.925, 9.392, 8.81, 7.296, 6.6, 5.96, 5.87, 6.17, 6.26, 6.85, 6.925, 5.838, 6.455, 7.682, 8.715, 8.802, 8.732, 8.514, 8.774, 8.818, 8.728, 9.224, 9.655, 8.631, 6.945, 6.045, 6.728, 7.308, 7.241, 6.124, 5.181, 4.764, 4.921, 4.613], [6.631, 7.084, 7.664, 8.364, 8.741, 9.442, 9.786, 6.213, 4.053, 3.876, 4.22, 3.894, 3.92, 5.276, 5.576, 5.25, 4.33, 3.349, 3.251, 3.751, 3.607, 3.28, 3.699, 3.849, 3.815, 4.626, 4.384, 3.706, 2.24, 1.38, 1.48, 1.95, 1.52, 1.07, 0, 0.99, 1.41, 1.68, 1.73, 1.39, 2.04, 4.495, 6.98, 7.83, 8.001, 7.091, 8.041, 9.595, 9.968, 9.978, 10.172, 9.882, 9.415, 9.962, 9.394, 7.906, 7.15, 6.55, 6.48, 6.8, 6.83, 7.54, 7.675, 6.448, 7.045, 8.272, 9.285, 9.452, 9.442, 9.184, 9.484, 9.548, 9.498, 9.994, 10.425, 9.341, 7.653, 6.59, 7.278, 7.938, 7.791, 6.7, 5.731, 5.334, 5.411, 5.205], [6.415, 6.731, 7.308, 8.034, 8.53, 9.357, 9.761, 5.88, 3.68, 3.543, 3.907, 3.561, 3.587, 4.943, 5.243, 4.817, 3.957, 3.019, 2.956, 3.458, 3.354, 3.104, 3.426, 3.576, 3.496, 4.353, 4.231, 3.659, 2.33, 1.53, 1.67, 2.02, 1.63, 1.22, 0.99, 0, 0.86, 1.31, 1.7, 1.26, 1.77, 4.123, 6.827, 7.697, 7.779, 6.912, 7.725, 9.242, 9.754, 9.924, 10.198, 9.794, 9.27, 9.772, 9.402, 7.884, 7.06, 6.434, 6.45, 6.81, 6.9, 7.486, 7.638, 6.391, 6.992, 8.215, 9.217, 9.458, 9.425, 9.181, 9.398, 9.456, 9.435, 9.899, 10.316, 9.223, 7.58, 6.477, 7.287, 7.639, 7.566, 6.426, 5.444, 4.935, 5.015, 4.813], [6.786, 6.976, 7.496, 8.259, 8.847, 9.745, 10.092, 6.114, 3.657, 3.62, 3.944, 3.773, 3.584, 4.94, 5.26, 4.814, 3.85, 2.996, 3.06, 3.57, 3.465, 3.22, 3.47, 3.673, 3.56, 4.49, 4.443, 3.856, 2.59, 1.79, 2.05, 2.22, 1.81, 1.46, 1.41, 0.86, 0, 0.87, 1.38, 1.04, 1.61, 4.316, 7.154, 8.05, 8.15, 7.271, 8.09, 9.513, 10.051, 10.273, 10.557, 10.112, 9.527, 10.123, 9.772, 8.209, 7.393, 6.722, 6.795, 7.172, 7.28, 7.903, 8.035, 6.808, 7.376, 8.612, 9.568, 9.796, 9.806, 9.528, 9.759, 9.838, 9.823, 10.27, 10.721, 9.602, 7.903, 6.795, 7.666, 7.973, 7.863, 6.723, 5.72, 5.229, 5.309, 4.947], [7.433, 7.663, 8.189, 8.949, 9.517, 10.412, 10.739, 6.721, 4.08, 4.1, 4.47, 4.393, 4.15, 5.3, 5.64, 5.2, 4.24, 3.53, 3.636, 4.242, 4.007, 3.63, 3.9, 4.19, 4.05, 4.97, 5.063, 4.41, 3.1, 2.26, 2.48, 2.783, 2.5, 2.09, 1.68, 1.31, 0.87, 0, 0.77, 0.99, 2.08, 4.98, 7.766, 8.697, 8.817, 7.93, 8.76, 10.18, 10.699, 10.92, 11.207, 10.779, 10.237, 10.79, 10.439, 8.896, 8.05, 7.369, 7.46, 7.819, 7.93, 8.58, 8.702, 7.475, 8.063, 9.279, 10.235, 10.444, 10.454, 10.175, 10.406, 10.505, 10.49, 10.937, 11.381, 10.268, 8.551, 7.482, 8.313, 8.637, 8.51, 7.41, 6.402, 5.876, 5.976, 5.573], [7.746, 8.016, 8.562, 9.282, 9.887, 10.734, 11.098, 7.034, 4.491, 4.463, 4.833, 4.684, 4.487, 5.66, 6.031, 5.551, 4.75, 3.916, 4.06, 4.615, 4.32, 4.01, 4.26, 4.507, 4.38, 5.33, 5.376, 4.656, 3.37, 2.39, 2.67, 3.1, 2.83, 2.44, 1.73, 1.7, 1.38, 0.77, 0, 0.88, 2.35, 5.345, 8.094, 9.022, 9.156, 8.28, 9.09, 10.553, 11.092, 11.282, 11.559, 11.172, 10.687, 11.129, 10.799, 9.282, 8.44, 7.76, 7.79, 8.152, 8.28, 8.93, 9.055, 7.828, 8.436, 9.652, 10.614, 10.815, 10.802, 10.538, 10.755, 10.798, 10.783, 11.25, 11.661, 10.581, 8.863, 7.807, 8.664, 8.959, 8.897, 7.76, 6.735, 6.189, 6.289, 5.921], [7.017, 7.348, 7.888, 8.548, 9.167, 10.014, 10.418, 6.414, 4.07, 3.943, 4.284, 4.024, 3.92, 5.27, 5.563, 5.15, 4.27, 3.48, 3.48, 3.967, 3.78, 3.48, 3.79, 4.0, 3.96, 4.793, 4.677, 4.116, 2.77, 1.87, 2.05, 2.4, 2.21, 1.92, 1.39, 1.26, 1.04, 0.99, 0.88, 0, 1.81, 4.73, 7.424, 8.322, 8.496, 7.6, 8.45, 9.873, 10.412, 10.622, 10.859, 10.532, 10.047, 10.489, 10.119, 8.61, 7.76, 7.08, 7.09, 7.45, 7.62, 8.27, 8.41, 7.168, 7.776, 8.992, 9.934, 10.095, 10.102, 9.878, 10.075, 10.098, 10.063, 10.576, 10.941, 9.881, 8.163, 7.087, 7.944, 8.279, 8.217, 7.058, 6.055, 5.578, 5.569, 5.347], [5.479, 5.826, 6.372, 7.092, 7.617, 8.433, 8.848, 4.844, 2.66, 2.68, 2.75, 2.65, 2.49, 3.74, 4.036, 3.58, 3.02, 2.41, 2.63, 2.63, 2.38, 2.43, 2.8, 2.81, 3.03, 3.41, 3.3, 2.77, 1.8, 2.04, 1.86, 1.45, 1.5, 1.73, 2.04, 1.77, 1.61, 2.08, 2.35, 1.81, 0, 3.08, 5.834, 6.712, 6.96, 6.07, 6.96, 8.386, 8.842, 9.072, 9.309, 9.05, 8.54, 9.05, 8.66, 7.14, 6.31, 5.63, 5.58, 5.94, 6.11, 6.76, 6.9, 5.71, 6.31, 7.48, 8.43, 8.549, 8.552, 8.349, 8.485, 8.523, 8.502, 8.946, 9.403, 8.331, 6.613, 5.543, 6.354, 6.726, 6.673, 5.513, 4.465, 4.079, 4.21, 3.77], [2.75, 2.92, 3.406, 4.166, 4.674, 5.507, 5.803, 2.26, 2.58, 2.64, 2.31, 2.01, 2.35, 2.62, 2.84, 3.0, 3.28, 2.99, 2.85, 2.69, 2.84, 3.11, 3.24, 3.29, 3.49, 3.21, 2.74, 2.97, 3.16, 4.0, 3.56, 3.13, 3.384, 3.837, 4.495, 4.123, 4.316, 4.98, 5.345, 4.73, 3.08, 0, 2.89, 3.78, 3.96, 3.35, 4.16, 5.48, 5.89, 6.1, 6.4, 6.19, 5.78, 6.25, 5.84, 4.36, 3.61, 2.97, 2.92, 3.22, 3.39, 4.0, 4.08, 2.95, 3.55, 4.66, 5.53, 5.66, 5.75, 5.44, 5.599, 5.578, 5.556, 6.001, 6.458, 5.4, 3.72, 2.62, 3.44, 3.72, 3.73, 2.81, 1.91, 1.37, 1.59, 1.21], [2.12, 2.13, 2.11, 1.73, 2.05, 2.78, 3.11, 2.35, 4.35, 4.33, 3.92, 3.86, 4.2, 3.49, 3.25, 3.71, 4.29, 4.92, 4.8, 4.32, 4.53, 4.9, 4.85, 4.7, 4.9, 4.2, 3.53, 4.32, 5.43, 6.35, 5.97, 5.544, 5.817, 6.27, 6.98, 6.827, 7.154, 7.766, 8.094, 7.424, 5.834, 2.89, 0, 1.13, 1.71, 2.04, 2.35, 3.15, 3.36, 3.55, 3.87, 3.78, 3.53, 3.92, 3.41, 2.43, 2.28, 2.12, 2.17, 2.31, 2.04, 2.05, 1.87, 1.34, 1.5, 2.25, 3.1, 3.07, 3.12, 2.87, 2.87, 2.78, 2.75, 3.2, 3.74, 2.73, 1.55, 1.41, 1.47, 1.83, 2.26, 2.24, 2.26, 2.26, 2.22, 2.34], [2.23, 2.22, 1.96, 1.38, 1.48, 2.03, 2.26, 2.78, 5.0, 4.88, 4.57, 4.53, 4.97, 4.04, 3.58, 4.0, 4.82, 5.63, 5.41, 4.99, 5.28, 5.69, 5.5, 5.23, 5.39, 4.53, 4.12, 5.27, 6.38, 7.28, 6.846, 6.399, 6.692, 7.145, 7.83, 7.697, 8.05, 8.697, 9.022, 8.322, 6.712, 3.78, 1.13, 0, 1.54, 2.27, 2.2, 2.54, 2.45, 2.58, 3.0, 3.01, 2.8, 3.15, 2.72, 2.32, 2.23, 2.21, 2.22, 2.38, 1.89, 1.76, 1.88, 1.89, 1.67, 1.78, 2.19, 2.18, 2.27, 2.1, 2.06, 2.01, 1.94, 2.45, 2.79, 1.86, 1.24, 1.62, 1.36, 1.56, 1.97, 2.11, 2.57, 2.99, 2.95, 3.15], [2.61, 2.54, 2.2, 2.02, 1.8, 2.15, 2.32, 3.32, 5.42, 5.32, 4.93, 4.89, 5.27, 4.56, 4.18, 4.54, 5.26, 6.01, 5.83, 5.43, 5.58, 6.09, 5.96, 5.77, 5.93, 5.09, 4.6, 5.53, 6.66, 7.54, 7.1, 6.65, 6.838, 7.291, 8.001, 7.779, 8.15, 8.817, 9.156, 8.496, 6.96, 3.96, 1.71, 1.54, 0, 1.25, 1.24, 1.96, 2.17, 2.4, 2.62, 2.53, 2.32, 2.65, 2.2, 1.32, 1.69, 2.09, 2.18, 2.24, 1.81, 1.44, 1.06, 2.01, 1.49, 1.7, 2.01, 2.08, 2.17, 2.06, 2.16, 2.31, 2.34, 2.77, 2.99, 2.32, 2.14, 2.1, 1.68, 1.78, 2.41, 2.59, 2.85, 3.15, 3.05, 3.33], [2.68, 2.75, 2.63, 2.81, 2.65, 2.94, 3.29, 3.43, 4.97, 4.85, 4.5, 4.36, 4.6, 4.41, 4.37, 4.65, 5.07, 5.56, 5.42, 5.04, 5.17, 5.62, 5.59, 5.52, 5.76, 5.1, 4.45, 5.0, 5.99, 6.83, 6.37, 5.86, 6.028, 6.501, 7.091, 6.912, 7.271, 7.93, 8.28, 7.6, 6.07, 3.35, 2.04, 2.27, 1.25, 0, 1.09, 2.63, 3.0, 3.23, 3.49, 3.22, 2.83, 3.26, 2.73, 1.41, 1.4, 1.72, 1.73, 1.89, 1.8, 1.95, 1.19, 1.5, 1.5, 1.95, 2.7, 2.85, 2.88, 2.81, 3.03, 3.28, 3.33, 3.76, 3.94, 3.21, 2.89, 2.67, 2.21, 2.61, 3.26, 3.2, 2.58, 2.52, 2.34, 2.58], [3.05, 3.0, 2.72, 2.66, 2.56, 2.77, 3.06, 3.66, 5.64, 5.48, 5.13, 5.09, 5.33, 4.74, 4.5, 4.86, 5.42, 6.19, 6.05, 5.71, 5.84, 6.39, 6.2, 5.99, 6.17, 5.45, 4.92, 5.87, 6.94, 7.78, 7.34, 6.83, 7.018, 7.49, 8.041, 7.725, 8.09, 8.76, 9.09, 8.45, 6.96, 4.16, 2.35, 2.2, 1.24, 1.09, 0, 1.78, 2.23, 2.36, 2.62, 2.35, 2.02, 2.45, 2.06, 1.4, 1.81, 2.19, 2.24, 2.4, 2.11, 1.96, 1.28, 2.01, 1.85, 1.58, 2.01, 2.34, 2.51, 2.34, 2.64, 2.97, 2.92, 3.27, 3.27, 3.08, 2.84, 2.8, 2.36, 2.5, 3.15, 3.17, 2.97, 3.25, 3.13, 3.37], [3.97, 3.5, 3.1, 2.58, 2.32, 2.29, 2.6, 4.52, 6.58, 6.52, 6.21, 6.27, 6.55, 5.88, 5.48, 5.7, 6.46, 7.25, 7.09, 6.77, 7.04, 7.61, 7.4, 7.05, 7.23, 6.29, 6.0, 7.21, 8.32, 9.2, 8.76, 8.299, 8.572, 9.025, 9.595, 9.242, 9.513, 10.18, 10.553, 9.873, 8.386, 5.48, 3.15, 2.54, 1.96, 2.63, 1.78, 0, 0.93, 1.46, 1.58, 1.43, 1.6, 1.91, 2.0, 2.36, 3.01, 3.49, 3.56, 3.56, 3.11, 2.54, 2.44, 3.45, 2.99, 2.56, 2.05, 2.02, 2.21, 2.14, 2.22, 2.47, 2.36, 2.75, 2.69, 2.58, 2.7, 3.46, 2.92, 2.76, 2.97, 3.59, 4.27, 4.53, 4.37, 4.71], [4.34, 3.93, 3.49, 2.91, 2.43, 2.16, 2.17, 4.89, 6.99, 6.93, 6.64, 6.72, 7.08, 6.25, 5.83, 6.15, 6.91, 7.74, 7.5, 7.16, 7.45, 7.98, 7.75, 7.46, 7.64, 6.66, 6.37, 7.5, 8.59, 9.47, 9.05, 8.592, 8.885, 9.338, 9.968, 9.754, 10.051, 10.699, 11.092, 10.412, 8.842, 5.89, 3.36, 2.45, 2.17, 3.0, 2.23, 0.93, 0, 1.03, 1.29, 1.34, 1.73, 1.7, 1.83, 2.57, 3.24, 3.8, 3.842, 3.77, 3.429, 2.83, 2.75, 3.78, 3.32, 2.49, 1.96, 1.85, 2.04, 2.03, 1.81, 1.96, 1.87, 2.26, 2.24, 2.13, 2.69, 3.79, 3.15, 3.03, 3.3, 4.0, 4.58, 4.98, 4.88, 5.2], [4.55, 4.18, 3.74, 3.06, 2.58, 2.55, 2.38, 5.04, 7.26, 7.12, 6.87, 6.93, 7.29, 6.44, 6.02, 6.38, 7.18, 7.99, 7.79, 7.39, 7.66, 8.21, 7.98, 7.63, 7.83, 6.87, 6.58, 7.67, 8.66, 9.54, 9.08, 8.682, 8.875, 9.328, 9.978, 9.924, 10.273, 10.92, 11.282, 10.622, 9.072, 6.1, 3.55, 2.58, 2.4, 3.23, 2.36, 1.46, 1.03, 0, 0.88, 1.13, 1.46, 1.43, 1.62, 2.72, 3.51, 3.99, 4.08, 4.14, 3.61, 3.14, 2.94, 3.89, 3.41, 2.26, 1.67, 1.58, 1.75, 1.66, 1.7, 1.99, 2.0, 2.11, 2.05, 2.26, 2.86, 4.0, 3.38, 3.26, 3.45, 4.23, 4.79, 5.17, 5.11, 5.43], [4.85, 4.52, 4.18, 3.52, 3.08, 2.85, 2.74, 5.46, 7.7, 7.52, 7.15, 7.19, 7.45, 6.76, 6.42, 6.78, 7.52, 8.27, 8.11, 7.67, 7.74, 8.33, 8.2, 7.93, 8.11, 7.09, 6.76, 7.73, 8.76, 9.6, 9.22, 8.75, 9.009, 9.502, 10.172, 10.198, 10.557, 11.207, 11.559, 10.859, 9.309, 6.4, 3.87, 3.0, 2.62, 3.49, 2.62, 1.58, 1.29, 0.88, 0, 0.71, 1.28, 1.23, 1.74, 2.82, 3.65, 4.09, 4.12, 4.1, 3.67, 3.16, 2.92, 3.97, 3.45, 2.32, 1.81, 1.72, 1.79, 1.88, 1.92, 2.31, 2.3, 2.47, 2.29, 2.54, 3.04, 4.1, 3.56, 3.7, 3.95, 4.57, 5.03, 5.47, 5.37, 5.71], [4.76, 4.33, 4.03, 3.49, 3.09, 3.02, 2.87, 5.41, 7.49, 7.35, 7.0, 7.04, 7.22, 6.57, 6.31, 6.61, 7.31, 8.04, 7.9, 7.5, 7.63, 8.26, 8.05, 7.86, 7.98, 7.04, 6.73, 7.72, 8.71, 9.51, 9.09, 8.64, 8.799, 9.292, 9.882, 9.794, 10.112, 10.779, 11.172, 10.532, 9.05, 6.19, 3.78, 3.01, 2.53, 3.22, 2.35, 1.43, 1.34, 1.13, 0.71, 0, 0.89, 1.12, 1.67, 2.49, 3.24, 3.7, 3.79, 3.89, 3.44, 3.03, 2.73, 3.62, 3.26, 2.27, 2.0, 1.99, 2.08, 2.11, 2.23, 2.68, 2.63, 2.88, 2.68, 2.87, 3.11, 4.03, 3.55, 3.63, 3.8, 4.5, 4.82, 5.16, 5.02, 5.4], [4.51, 4.14, 3.78, 3.26, 3.02, 3.23, 3.24, 5.18, 7.16, 7.1, 6.73, 6.77, 6.89, 6.32, 6.06, 6.32, 6.96, 7.71, 7.65, 7.23, 7.38, 7.97, 7.84, 7.61, 7.73, 6.81, 6.5, 7.43, 8.36, 9.16, 8.74, 8.27, 8.412, 8.925, 9.415, 9.27, 9.527, 10.237, 10.687, 10.047, 8.54, 5.78, 3.53, 2.8, 2.32, 2.83, 2.02, 1.6, 1.73, 1.46, 1.28, 0.89, 0, 1.01, 1.76, 2.26, 3.03, 3.47, 3.56, 3.72, 3.19, 2.78, 2.48, 3.25, 2.91, 1.96, 1.81, 2.2, 2.23, 2.2, 2.58, 2.99, 2.96, 3.17, 2.97, 3.2, 3.12, 3.72, 3.32, 3.4, 3.77, 4.21, 4.65, 4.85, 4.65, 4.93], [5.04, 4.73, 4.47, 3.89, 3.45, 3.16, 3.11, 5.75, 7.85, 7.71, 7.34, 7.28, 7.42, 6.79, 6.57, 6.91, 7.61, 8.3, 8.26, 7.82, 7.83, 8.4, 8.31, 8.16, 8.28, 7.38, 6.99, 7.8, 8.75, 9.55, 9.15, 8.62, 8.879, 9.392, 9.962, 9.772, 10.123, 10.79, 11.129, 10.489, 9.05, 6.25, 3.92, 3.15, 2.65, 3.26, 2.45, 1.91, 1.7, 1.43, 1.23, 1.12, 1.01, 0, 1.49, 2.53, 3.28, 3.86, 3.97, 3.81, 3.68, 3.17, 2.85, 3.64, 3.24, 2.13, 1.72, 1.95, 1.96, 2.17, 2.53, 2.92, 2.97, 3.04, 2.86, 3.17, 3.39, 4.19, 3.77, 3.87, 4.34, 4.86, 5.1, 5.34, 5.14, 5.46], [4.57, 4.38, 4.08, 3.42, 3.1, 2.65, 2.38, 5.28, 7.44, 7.28, 6.87, 6.83, 7.03, 6.5, 6.16, 6.52, 7.22, 7.93, 7.85, 7.41, 7.44, 7.97, 7.92, 7.71, 7.89, 6.97, 6.54, 7.25, 8.22, 9.04, 8.62, 8.13, 8.317, 8.81, 9.394, 9.402, 9.772, 10.439, 10.799, 10.119, 8.66, 5.84, 3.41, 2.72, 2.2, 2.73, 2.06, 2.0, 1.83, 1.62, 1.74, 1.67, 1.76, 1.49, 0, 1.62, 2.65, 3.47, 3.54, 3.36, 3.25, 2.7, 2.46, 3.25, 2.79, 1.78, 1.63, 1.7, 1.93, 1.94, 2.2, 2.61, 2.54, 2.79, 2.71, 2.82, 3.0, 3.8, 3.34, 3.48, 3.89, 4.41, 4.67, 4.89, 4.69, 5.05], [3.37, 3.18, 3.0, 2.9, 2.74, 2.69, 2.6, 4.06, 6.1, 5.94, 5.53, 5.53, 5.65, 5.16, 4.96, 5.28, 5.86, 6.53, 6.51, 6.05, 6.12, 6.67, 6.6, 6.39, 6.59, 5.75, 5.2, 5.87, 6.76, 7.58, 7.14, 6.63, 6.803, 7.296, 7.906, 7.884, 8.209, 8.896, 9.282, 8.61, 7.14, 4.36, 2.43, 2.32, 1.32, 1.41, 1.4, 2.36, 2.57, 2.72, 2.82, 2.49, 2.26, 2.53, 1.62, 0, 1.37, 2.05, 2.12, 2.16, 1.91, 1.9, 1.24, 1.91, 1.63, 1.74, 2.23, 2.38, 2.55, 2.46, 2.76, 3.05, 3.04, 3.47, 3.61, 3.16, 2.9, 2.76, 2.24, 2.78, 3.39, 3.57, 3.37, 3.55, 3.29, 3.57], [2.6, 2.39, 2.35, 2.73, 2.59, 2.8, 2.97, 3.23, 5.19, 5.03, 4.64, 4.62, 4.72, 4.21, 4.23, 4.55, 5.07, 5.64, 5.62, 5.12, 5.25, 5.8, 5.63, 5.48, 5.6, 4.7, 4.29, 5.2, 6.09, 6.89, 6.47, 5.92, 6.07, 6.6, 7.15, 7.06, 7.393, 8.05, 8.44, 7.76, 6.31, 3.61, 2.28, 2.23, 1.69, 1.4, 1.81, 3.01, 3.24, 3.51, 3.65, 3.24, 3.03, 3.28, 2.65, 1.37, 0, 0.94, 1.11, 1.09, 1.22, 1.61, 1.49, 1.68, 1.56, 2.11, 2.56, 2.85, 2.88, 3.07, 3.27, 3.38, 3.37, 3.9, 4.12, 3.23, 2.77, 2.51, 1.91, 2.29, 3.02, 2.98, 2.46, 2.76, 2.56, 2.84], [2.0, 1.87, 2.15, 2.71, 2.79, 3.36, 3.61, 2.75, 4.43, 4.27, 3.92, 3.9, 4.02, 3.49, 3.71, 3.91, 4.39, 4.92, 4.86, 4.38, 4.47, 5.1, 4.89, 4.72, 4.84, 3.98, 3.61, 4.48, 5.43, 6.23, 5.81, 5.26, 5.43, 5.96, 6.55, 6.434, 6.722, 7.369, 7.76, 7.08, 5.63, 2.97, 2.12, 2.21, 2.09, 1.72, 2.19, 3.49, 3.8, 3.99, 4.09, 3.7, 3.47, 3.86, 3.47, 2.05, 0.94, 0, 0.55, 0.95, 1.08, 1.69, 1.81, 1.54, 1.56, 2.41, 3.08, 3.27, 3.28, 3.43, 3.59, 3.72, 3.69, 4.26, 4.48, 3.41, 2.57, 2.15, 1.69, 2.21, 2.8, 2.5, 1.74, 2.12, 1.88, 2.2], [2.01, 2.08, 2.18, 2.8, 2.92, 3.35, 3.583, 2.76, 4.44, 4.26, 3.91, 3.87, 4.03, 3.56, 3.76, 4.06, 4.46, 4.93, 4.87, 4.39, 4.48, 5.03, 4.86, 4.69, 4.79, 4.05, 3.6, 4.43, 5.32, 6.14, 5.68, 5.19, 5.38, 5.87, 6.48, 6.45, 6.795, 7.46, 7.79, 7.09, 5.58, 2.92, 2.17, 2.22, 2.18, 1.73, 2.24, 3.56, 3.842, 4.08, 4.12, 3.79, 3.56, 3.97, 3.54, 2.12, 1.11, 0.55, 0, 0.84, 1.07, 1.6, 1.74, 1.65, 1.61, 2.36, 3.13, 3.3, 3.27, 3.48, 3.64, 3.81, 3.76, 4.31, 4.53, 3.48, 2.64, 2.26, 1.58, 2.26, 2.79, 2.63, 1.83, 2.17, 1.99, 2.15], [2.19, 2.08, 2.06, 2.8, 3.0, 3.11, 3.54, 2.82, 4.8, 4.64, 4.23, 4.21, 4.37, 3.8, 3.82, 4.16, 4.64, 5.27, 5.21, 4.75, 4.72, 5.27, 5.22, 5.03, 5.17, 4.19, 3.82, 4.61, 5.58, 6.4, 5.98, 5.43, 5.64, 6.17, 6.8, 6.81, 7.172, 7.819, 8.152, 7.45, 5.94, 3.22, 2.31, 2.38, 2.24, 1.89, 2.4, 3.56, 3.77, 4.14, 4.1, 3.89, 3.72, 3.81, 3.36, 2.16, 1.09, 0.95, 0.84, 0, 1.05, 1.48, 1.82, 1.83, 1.67, 2.54, 3.01, 3.14, 3.13, 3.4, 3.6, 3.79, 3.74, 4.29, 4.51, 3.42, 2.58, 2.14, 1.6, 2.3, 2.71, 2.61, 2.11, 2.47, 2.39, 2.53], [2.0, 1.87, 1.89, 2.33, 2.43, 2.863, 3.253, 2.75, 4.87, 4.69, 4.32, 4.32, 4.52, 3.81, 3.59, 3.95, 4.63, 5.38, 5.3, 4.84, 4.89, 5.42, 5.31, 5.08, 5.22, 4.24, 3.87, 4.82, 5.81, 6.61, 6.19, 5.66, 5.75, 6.26, 6.83, 6.9, 7.28, 7.93, 8.28, 7.62, 6.11, 3.39, 2.04, 1.89, 1.81, 1.8, 2.11, 3.11, 3.429, 3.61, 3.67, 3.44, 3.19, 3.68, 3.25, 1.91, 1.22, 1.08, 1.07, 1.05, 0, 0.89, 1.47, 1.64, 1.36, 2.25, 2.6, 2.79, 2.74, 2.87, 3.07, 3.26, 3.25, 3.78, 3.96, 2.87, 2.29, 1.83, 1.13, 1.73, 2.18, 2.22, 2.2, 2.54, 2.42, 2.72], [2.53, 2.4, 2.18, 2.16, 2.06, 2.29, 2.76, 3.24, 5.46, 5.28, 4.91, 4.93, 5.13, 4.4, 4.08, 4.48, 5.22, 5.97, 5.89, 5.43, 5.54, 5.95, 5.9, 5.67, 5.81, 4.81, 4.46, 5.35, 6.42, 7.2, 6.8, 6.27, 6.36, 6.85, 7.54, 7.486, 7.903, 8.58, 8.93, 8.27, 6.76, 4.0, 2.05, 1.76, 1.44, 1.95, 1.96, 2.54, 2.83, 3.14, 3.16, 3.03, 2.78, 3.17, 2.7, 1.9, 1.61, 1.69, 1.6, 1.48, 0.89, 0, 1.36, 2.07, 1.45, 2.16, 2.25, 2.36, 2.27, 2.46, 2.58, 2.75, 2.84, 3.29, 3.43, 2.42, 2.04, 1.98, 1.38, 1.56, 2.09, 2.39, 2.79, 3.15, 3.03, 3.27], [2.93, 2.96, 2.72, 2.56, 2.4, 2.45, 2.8, 3.64, 5.64, 5.48, 5.07, 5.03, 5.23, 4.62, 4.5, 4.9, 5.42, 6.09, 6.07, 5.57, 5.58, 6.07, 6.04, 5.89, 6.09, 5.29, 4.72, 5.37, 6.36, 7.2, 6.8, 6.25, 6.44, 6.925, 7.675, 7.638, 8.035, 8.702, 9.055, 8.41, 6.9, 4.08, 1.87, 1.88, 1.06, 1.19, 1.28, 2.44, 2.75, 2.94, 2.92, 2.73, 2.48, 2.85, 2.46, 1.24, 1.49, 1.81, 1.74, 1.82, 1.47, 1.36, 0, 1.41, 1.11, 1.38, 2.11, 2.16, 2.07, 2.18, 2.32, 2.51, 2.6, 3.05, 3.19, 2.54, 2.3, 2.16, 1.66, 2.4, 3.05, 3.19, 3.01, 3.27, 3.15, 3.39], [2.38, 2.43, 2.55, 2.61, 2.83, 3.34, 3.71, 2.97, 4.67, 4.51, 4.12, 4.04, 4.16, 3.77, 3.73, 4.11, 4.61, 5.14, 5.08, 4.6, 4.57, 5.02, 5.05, 5.0, 5.26, 4.5, 3.87, 4.34, 5.29, 6.09, 5.67, 5.14, 5.365, 5.838, 6.448, 6.391, 6.808, 7.475, 7.828, 7.168, 5.71, 2.95, 1.34, 1.89, 2.01, 1.5, 2.01, 3.45, 3.78, 3.89, 3.97, 3.62, 3.25, 3.64, 3.25, 1.91, 1.68, 1.54, 1.65, 1.83, 1.64, 2.07, 1.41, 0, 1.2, 1.97, 3.02, 3.15, 3.1, 2.95, 3.21, 3.24, 3.23, 3.76, 4.12, 3.07, 1.89, 1.75, 1.79, 2.55, 3.06, 2.74, 2.28, 2.14, 1.96, 2.22], [2.56, 2.53, 2.41, 2.27, 2.31, 2.8, 3.17, 3.13, 5.15, 4.99, 4.58, 4.52, 4.72, 4.29, 4.11, 4.53, 5.01, 5.62, 5.56, 5.08, 5.07, 5.56, 5.59, 5.4, 5.58, 4.86, 4.25, 4.76, 5.87, 6.63, 6.27, 5.7, 5.922, 6.455, 7.045, 6.992, 7.376, 8.063, 8.436, 7.776, 6.31, 3.55, 1.5, 1.67, 1.49, 1.5, 1.85, 2.99, 3.32, 3.41, 3.45, 3.26, 2.91, 3.24, 2.79, 1.63, 1.56, 1.56, 1.61, 1.67, 1.36, 1.45, 1.11, 1.2, 0, 1.71, 2.58, 2.57, 2.54, 2.53, 2.67, 2.9, 2.95, 3.46, 3.66, 2.57, 2.13, 1.81, 1.37, 2.17, 2.64, 2.78, 2.46, 2.64, 2.42, 2.74], [3.53, 3.46, 3.26, 2.78, 2.6, 2.57, 2.64, 4.08, 6.08, 5.92, 5.53, 5.53, 5.73, 5.16, 5.04, 5.44, 5.96, 6.63, 6.49, 6.05, 6.06, 6.65, 6.52, 6.35, 6.55, 5.79, 5.24, 6.11, 7.12, 7.94, 7.52, 7.07, 7.189, 7.682, 8.272, 8.215, 8.612, 9.279, 9.652, 8.992, 7.48, 4.66, 2.25, 1.78, 1.7, 1.95, 1.58, 2.56, 2.49, 2.26, 2.32, 2.27, 1.96, 2.13, 1.78, 1.74, 2.11, 2.41, 2.36, 2.54, 2.25, 2.16, 1.38, 1.97, 1.71, 0, 1.19, 1.46, 1.53, 1.58, 1.96, 2.25, 2.14, 2.51, 2.57, 2.42, 2.36, 2.68, 2.32, 2.82, 3.37, 3.63, 3.41, 3.73, 3.59, 3.89], [4.0, 3.73, 3.33, 2.71, 2.45, 2.22, 2.37, 4.61, 6.85, 6.67, 6.3, 6.34, 6.56, 5.89, 5.59, 5.93, 6.67, 7.44, 7.28, 6.82, 6.85, 7.52, 7.33, 7.08, 7.24, 6.22, 5.91, 7.02, 8.11, 8.93, 8.53, 8.08, 8.222, 8.715, 9.285, 9.217, 9.568, 10.235, 10.614, 9.934, 8.43, 5.53, 3.1, 2.19, 2.01, 2.7, 2.01, 2.05, 1.96, 1.67, 1.81, 2.0, 1.81, 1.72, 1.63, 2.23, 2.56, 3.08, 3.13, 3.01, 2.6, 2.25, 2.11, 3.02, 2.58, 1.19, 0, 0.83, 0.92, 1.21, 1.65, 2.02, 1.97, 1.98, 1.84, 2.13, 2.49, 3.15, 2.67, 2.93, 3.3, 3.72, 4.18, 4.56, 4.46, 4.8], [3.99, 3.76, 3.42, 2.74, 2.28, 1.93, 2.1, 4.7, 6.94, 6.76, 6.39, 6.41, 6.67, 5.94, 5.64, 6.04, 6.78, 7.51, 7.37, 6.89, 6.9, 7.47, 7.4, 7.17, 7.31, 6.29, 6.0, 6.93, 8.08, 8.88, 8.52, 8.056, 8.309, 8.802, 9.452, 9.458, 9.796, 10.444, 10.815, 10.095, 8.549, 5.66, 3.07, 2.18, 2.08, 2.85, 2.34, 2.02, 1.85, 1.58, 1.72, 1.99, 2.2, 1.95, 1.7, 2.38, 2.85, 3.27, 3.3, 3.14, 2.79, 2.36, 2.16, 3.15, 2.57, 1.46, 0.83, 0, 0.71, 0.74, 1.02, 1.45, 1.5, 1.59, 1.61, 1.6, 2.32, 3.22, 2.64, 2.92, 3.21, 3.81, 4.31, 4.71, 4.61, 4.99], [4.12, 3.87, 3.53, 2.85, 2.37, 2.12, 2.25, 4.81, 7.05, 6.87, 6.5, 6.5, 6.76, 6.01, 5.71, 6.11, 6.87, 7.62, 7.48, 7.02, 7.03, 7.56, 7.47, 7.26, 7.4, 6.38, 6.05, 6.92, 8.05, 8.85, 8.49, 7.986, 8.259, 8.732, 9.442, 9.425, 9.806, 10.454, 10.802, 10.102, 8.552, 5.75, 3.12, 2.27, 2.17, 2.88, 2.51, 2.21, 2.04, 1.75, 1.79, 2.08, 2.23, 1.96, 1.93, 2.55, 2.88, 3.28, 3.27, 3.13, 2.74, 2.27, 2.07, 3.1, 2.54, 1.53, 0.92, 0.71, 0, 0.95, 1.13, 1.56, 1.75, 1.74, 1.7, 1.61, 2.23, 3.29, 2.71, 3.01, 3.28, 3.9, 4.38, 4.78, 4.66, 5.02], [3.95, 3.68, 3.42, 2.68, 2.32, 2.31, 2.42, 4.56, 6.82, 6.64, 6.27, 6.29, 6.53, 5.78, 5.48, 5.88, 6.64, 7.37, 7.23, 6.79, 6.82, 7.33, 7.26, 7.05, 7.19, 6.15, 5.84, 6.69, 7.86, 8.66, 8.28, 7.79, 8.021, 8.514, 9.184, 9.181, 9.528, 10.175, 10.538, 9.878, 8.349, 5.44, 2.87, 2.1, 2.06, 2.81, 2.34, 2.14, 2.03, 1.66, 1.88, 2.11, 2.2, 2.17, 1.94, 2.46, 3.07, 3.43, 3.48, 3.4, 2.87, 2.46, 2.18, 2.95, 2.53, 1.58, 1.21, 0.74, 0.95, 0, 0.76, 1.31, 1.42, 1.39, 1.53, 1.58, 2.14, 3.2, 2.78, 2.96, 3.19, 3.69, 4.21, 4.55, 4.47, 4.77], [3.89, 3.6, 3.28, 2.54, 2.16, 2.07, 2.08, 4.5, 6.76, 6.66, 6.25, 6.29, 6.59, 5.74, 5.44, 5.86, 6.64, 7.37, 7.19, 6.73, 6.8, 7.29, 7.2, 6.99, 7.13, 6.09, 5.8, 6.73, 7.98, 8.82, 8.46, 7.988, 8.281, 8.774, 9.484, 9.398, 9.759, 10.406, 10.755, 10.075, 8.485, 5.599, 2.87, 2.06, 2.16, 3.03, 2.64, 2.22, 1.81, 1.7, 1.92, 2.23, 2.58, 2.53, 2.2, 2.76, 3.27, 3.59, 3.64, 3.6, 3.07, 2.58, 2.32, 3.21, 2.67, 1.96, 1.65, 1.02, 1.13, 0.76, 0, 0.79, 1.0, 1.15, 1.27, 0.98, 2.12, 3.24, 2.74, 2.88, 3.09, 3.65, 4.23, 4.71, 4.65, 4.93], [3.62, 3.43, 3.13, 2.35, 1.97, 1.9, 1.99, 4.19, 6.69, 6.61, 6.22, 6.28, 6.6, 5.59, 5.19, 5.71, 6.57, 7.32, 7.08, 6.54, 6.77, 7.16, 7.07, 6.74, 6.92, 5.9, 5.61, 6.66, 7.91, 8.779, 8.479, 8.012, 8.325, 8.818, 9.548, 9.456, 9.838, 10.505, 10.798, 10.098, 8.523, 5.578, 2.78, 2.01, 2.31, 3.28, 2.97, 2.47, 1.96, 1.99, 2.31, 2.68, 2.99, 2.92, 2.61, 3.05, 3.38, 3.72, 3.81, 3.79, 3.26, 2.75, 2.51, 3.24, 2.9, 2.25, 2.02, 1.45, 1.56, 1.31, 0.79, 0, 0.51, 0.86, 1.1, 0.93, 2.03, 3.21, 2.57, 2.63, 2.86, 3.46, 4.22, 4.74, 4.66, 4.996], [3.57, 3.4, 3.04, 2.28, 1.96, 1.87, 1.92, 4.14, 6.64, 6.56, 6.17, 6.23, 6.61, 5.6, 5.14, 5.66, 6.52, 7.31, 7.05, 6.55, 6.78, 7.19, 7.1, 6.73, 6.93, 5.91, 5.62, 6.59, 7.82, 8.689, 8.409, 7.962, 8.275, 8.728, 9.498, 9.435, 9.823, 10.49, 10.783, 10.063, 8.502, 5.556, 2.75, 1.94, 2.34, 3.33, 2.92, 2.36, 1.87, 2.0, 2.3, 2.63, 2.96, 2.97, 2.54, 3.04, 3.37, 3.69, 3.76, 3.74, 3.25, 2.84, 2.6, 3.23, 2.95, 2.14, 1.97, 1.5, 1.75, 1.42, 1.0, 0.51, 0, 0.85, 1.19, 1.08, 2.02, 3.24, 2.5, 2.58, 2.77, 3.39, 4.17, 4.71, 4.61, 4.97], [4.06, 3.85, 3.49, 2.67, 2.37, 2.34, 2.39, 4.57, 7.07, 6.99, 6.6, 6.68, 7.02, 6.01, 5.55, 6.09, 6.97, 7.74, 7.48, 6.94, 7.19, 7.6, 7.51, 7.16, 7.34, 6.32, 6.05, 7.06, 8.29, 9.205, 8.905, 8.458, 8.771, 9.224, 9.994, 9.899, 10.27, 10.937, 11.25, 10.576, 8.946, 6.001, 3.2, 2.45, 2.77, 3.76, 3.27, 2.75, 2.26, 2.11, 2.47, 2.88, 3.17, 3.04, 2.79, 3.47, 3.9, 4.26, 4.31, 4.29, 3.78, 3.29, 3.05, 3.76, 3.46, 2.51, 1.98, 1.59, 1.74, 1.39, 1.15, 0.86, 0.85, 0, 0.86, 1.27, 2.51, 3.75, 3.07, 3.13, 3.3, 3.86, 4.64, 5.18, 5.14, 5.419], [4.42, 4.23, 3.87, 3.09, 2.63, 2.52, 2.59, 5.05, 7.53, 7.43, 7.06, 7.1, 7.46, 6.49, 6.11, 6.55, 7.41, 8.18, 7.92, 7.38, 7.63, 8.04, 7.93, 7.62, 7.78, 6.74, 6.51, 7.52, 8.75, 9.65, 9.336, 8.889, 9.202, 9.655, 10.425, 10.316, 10.721, 11.381, 11.661, 10.941, 9.403, 6.458, 3.74, 2.79, 2.99, 3.94, 3.27, 2.69, 2.24, 2.05, 2.29, 2.68, 2.97, 2.86, 2.71, 3.61, 4.12, 4.48, 4.53, 4.51, 3.96, 3.43, 3.19, 4.12, 3.66, 2.57, 1.84, 1.61, 1.7, 1.53, 1.27, 1.1, 1.19, 0.86, 0, 1.57, 2.83, 4.01, 3.37, 3.33, 3.58, 4.26, 5.06, 5.596, 5.5, 5.856], [3.67, 3.4, 3.04, 2.26, 1.86, 2.01, 2.12, 4.22, 6.56, 6.38, 6.07, 6.11, 6.45, 5.54, 5.22, 5.66, 6.44, 7.19, 7.01, 6.53, 6.66, 7.13, 7.04, 6.77, 6.95, 5.87, 5.64, 6.61, 7.86, 8.7, 8.32, 7.865, 8.138, 8.631, 9.341, 9.223, 9.602, 10.268, 10.581, 9.881, 8.331, 5.4, 2.73, 1.86, 2.32, 3.21, 3.08, 2.58, 2.13, 2.26, 2.54, 2.87, 3.2, 3.17, 2.82, 3.16, 3.23, 3.41, 3.48, 3.42, 2.87, 2.42, 2.54, 3.07, 2.57, 2.42, 2.13, 1.6, 1.61, 1.58, 0.98, 0.93, 1.08, 1.27, 1.57, 0, 1.84, 3.04, 2.48, 2.6, 2.79, 3.49, 4.03, 4.51, 4.41, 4.77], [2.65, 2.5, 2.38, 1.78, 1.98, 2.39, 2.62, 2.78, 4.98, 4.8, 4.49, 4.49, 4.79, 3.94, 3.6, 4.04, 4.82, 5.57, 5.45, 4.97, 5.12, 5.53, 5.46, 5.17, 5.35, 4.33, 4.02, 5.07, 6.2, 7.06, 6.66, 6.2