[[0, 0.78, 0.85, 1.13, 1.46, 1.41, 1.2, 1.15, 1.39, 2.92, 4.29, 5.34, 5.606, 3.01, 1.86, 2.43, 2.86, 3.06, 2.6, 2.27, 2.33, 1.92, 1.59, 1.42, 1.59, 1.29, 2.23, 3.7, 4.46, 4.17, 3.64, 3.44, 3.36, 3.46, 3.24, 3.35, 3.22, 2.97, 3.03, 3.16, 2.54, 2.34, 2.33, 2.6, 2.45, 2.44, 2.37, 4.0, 7.076, 7.201, 6.836, 6.359, 4.45, 2.88, 3.45, 2.49, 2.51, 2.95, 3.07, 3.44, 4.12, 4.75, 5.12, 5.24, 5.16, 5.81, 5.9, 5.87, 5.43, 5.77, 6.083, 5.554, 5.143, 4.96, 4.62, 4.29, 4.19, 4.29, 4.62, 5.24, 6.0, 6.4, 6.68, 6.896, 7.85, 8.72], [0.78, 0, 0.67, 0.83, 1.24, 1.37, 1.4, 1.39, 1.63, 3.02, 4.348, 5.392, 5.629, 3.11, 1.78, 2.09, 2.56, 2.76, 2.2, 1.93, 1.89, 1.5, 1.33, 1.26, 1.23, 1.31, 2.29, 3.78, 4.52, 4.19, 3.76, 3.56, 3.46, 3.54, 3.3, 3.45, 3.42, 3.17, 3.13, 3.3, 2.62, 2.36, 2.43, 2.62, 2.53, 2.5, 2.51, 3.94, 7.114, 7.227, 6.879, 6.422, 4.53, 2.66, 3.11, 2.61, 2.57, 3.01, 3.19, 3.4, 4.0, 4.61, 4.88, 4.94, 4.74, 5.43, 5.56, 5.51, 5.07, 5.715, 6.04, 5.471, 5.12, 4.92, 4.54, 4.23, 4.01, 3.95, 4.3, 5.14, 5.919, 6.08, 6.38, 6.627, 7.73, 8.7], [0.85, 0.67, 0, 0.78, 1.31, 1.3, 1.43, 1.42, 1.76, 2.91, 4.28, 5.33, 5.6, 3.1, 1.67, 2.14, 2.69, 2.85, 2.27, 2.1, 2.02, 1.55, 1.46, 1.39, 1.36, 1.22, 2.06, 3.63, 4.39, 4.12, 3.57, 3.37, 3.29, 3.39, 3.15, 3.26, 3.21, 2.92, 3.06, 3.17, 2.55, 2.07, 2.16, 2.55, 2.46, 2.41, 2.36, 3.85, 7.081, 7.211, 6.866, 6.409, 4.4, 2.55, 3.1, 2.36, 2.36, 2.82, 2.94, 3.25, 3.87, 4.44, 4.69, 4.69, 4.67, 5.4, 5.45, 5.42, 5.16, 5.827, 6.041, 5.481, 5.181, 4.976, 4.616, 4.226, 4.0, 3.88, 4.23, 5.193, 5.952, 6.09, 6.45, 6.811, 7.943, 8.81], [1.13, 0.83, 0.78, 0, 0.79, 0.84, 1.37, 1.3, 1.52, 2.77, 4.16, 5.19, 5.4, 3.0, 1.71, 2.2, 2.57, 2.73, 2.15, 1.98, 1.884, 1.59, 1.48, 1.39, 1.52, 1.44, 2.32, 3.93, 4.69, 4.4, 3.89, 3.69, 3.61, 3.63, 3.37, 3.56, 3.47, 2.98, 3.28, 3.45, 2.89, 2.37, 2.32, 2.63, 2.6, 2.69, 2.62, 3.81, 6.941, 7.091, 6.763, 6.312, 4.46, 2.43, 3.14, 2.56, 2.48, 2.88, 3.0, 3.37, 3.89, 4.56, 4.73, 4.81, 4.79, 5.46, 5.51, 5.48, 5.18, 5.962, 6.231, 5.687, 5.333, 5.185, 4.765, 4.397, 4.225, 4.12, 4.438, 5.355, 6.152, 6.29, 6.591, 6.854, 7.9, 8.85], [1.46, 1.24, 1.31, 0.79, 0, 0.89, 1.54, 1.57, 1.35, 2.4, 3.79, 4.84, 4.99, 2.57, 1.9, 2.39, 2.76, 3.04, 2.34, 2.13, 2.09, 2.06, 1.87, 1.86, 2.05, 1.93, 2.59, 4.04, 4.82, 4.59, 4.12, 3.86, 3.74, 3.8, 3.7, 3.75, 3.7, 3.19, 3.47, 3.72, 3.22, 2.88, 2.73, 2.82, 2.79, 2.82, 2.75, 3.8, 6.526, 6.681, 6.424, 6.044, 4.47, 2.88, 3.59, 2.93, 2.73, 3.23, 3.43, 3.76, 4.4, 5.05, 5.28, 5.38, 5.28, 5.85, 5.92, 5.91, 5.55, 6.346, 6.611, 6.108, 5.728, 5.585, 5.174, 4.819, 4.641, 4.57, 4.9, 5.779, 6.596, 6.8, 7.039, 7.267, 8.204, 9.059], [1.41, 1.37, 1.3, 0.84, 0.89, 0, 1.13, 1.22, 1.34, 2.81, 4.24, 5.31, 5.38, 3.02, 1.75, 2.16, 2.59, 2.85, 2.15, 2.0, 2.02, 1.85, 1.6, 1.57, 1.76, 1.6, 2.62, 4.13, 4.91, 4.64, 4.13, 3.87, 3.81, 3.87, 3.69, 3.8, 3.75, 3.18, 3.48, 3.57, 3.17, 2.61, 2.56, 2.81, 2.8, 2.89, 2.76, 4.05, 6.97, 7.137, 6.9, 6.5, 4.82, 2.69, 3.34, 2.76, 2.72, 3.04, 3.0, 3.41, 4.13, 4.7, 4.97, 4.91, 4.97, 5.72, 5.75, 5.7, 5.36, 6.059, 6.258, 5.76, 5.4, 5.161, 4.852, 4.408, 4.205, 4.24, 4.61, 5.412, 6.249, 6.53, 6.709, 6.972, 8.032, 8.822], [1.2, 1.4, 1.43, 1.37, 1.54, 1.13, 0, 0.95, 1.89, 3.54, 5.004, 6.052, 6.192, 3.73, 1.46, 1.71, 2.0, 2.34, 1.84, 1.59, 1.73, 1.54, 1.31, 1.2, 1.47, 1.35, 2.37, 3.9, 4.7, 4.55, 3.98, 3.7, 3.62, 3.68, 3.6, 3.61, 3.68, 3.25, 3.75, 3.88, 3.26, 2.64, 2.65, 2.92, 2.81, 2.8, 2.69, 4.5, 7.729, 7.87, 7.644, 7.264, 5.15, 2.34, 2.97, 2.37, 2.33, 2.77, 2.81, 3.12, 3.76, 4.37, 4.64, 4.74, 4.66, 5.31, 5.34, 5.33, 4.91, 5.29, 5.522, 5.101, 4.662, 4.442, 4.163, 3.729, 3.61, 3.81, 4.18, 4.66, 5.64, 6.08, 6.239, 6.402, 7.165, 7.803], [1.15, 1.39, 1.42, 1.3, 1.57, 1.22, 0.95, 0, 1.68, 3.59, 5.092, 6.17, 6.18, 3.86, 2.03, 2.1, 2.21, 2.53, 2.09, 1.82, 1.94, 1.87, 1.58, 1.43, 1.78, 1.62, 2.62, 4.05, 4.85, 4.62, 4.09, 3.81, 3.73, 3.77, 3.67, 3.78, 3.83, 3.58, 3.82, 3.91, 3.29, 2.79, 2.76, 2.95, 2.82, 2.87, 2.74, 4.39, 7.816, 7.94, 7.729, 7.332, 5.18, 2.79, 3.38, 2.78, 2.7, 3.08, 3.1, 3.57, 4.27, 4.72, 5.01, 5.01, 5.03, 5.74, 5.71, 5.66, 5.28, 5.4, 5.726, 5.31, 4.855, 4.635, 4.315, 3.98, 3.88, 4.14, 4.43, 4.87, 5.87, 6.33, 6.469, 6.638, 7.435, 8.056], [1.39, 1.63, 1.76, 1.52, 1.35, 1.34, 1.89, 1.68, 0, 2.05, 3.48, 4.63, 4.64, 2.48, 2.57, 3.08, 3.483, 3.706, 3.169, 2.859, 2.979, 2.83, 2.46, 2.25, 2.58, 2.36, 2.9, 3.87, 4.65, 4.4, 4.09, 3.85, 3.75, 3.79, 3.75, 3.88, 3.77, 3.42, 3.38, 3.35, 3.15, 3.35, 3.2, 2.89, 2.82, 2.97, 3.0, 3.55, 6.21, 6.42, 6.2, 5.8, 4.2, 3.67, 4.44, 3.44, 3.12, 3.54, 3.62, 4.17, 5.05, 5.56, 5.79, 5.87, 5.99, 6.7, 6.59, 6.66, 6.3, 6.871, 7.089, 6.569, 6.209, 5.966, 5.638, 5.265, 5.08, 5.216, 5.566, 6.263, 7.021, 7.509, 7.726, 7.909, 8.86, 9.65], [2.92, 3.02, 2.91, 2.77, 2.4, 2.81, 3.54, 3.59, 2.05, 0, 1.61, 2.66, 2.81, 1.33, 3.5, 4.329, 4.859, 5.145, 4.391, 4.325, 4.363, 4.09, 4.04, 3.904, 3.934, 3.51, 3.13, 4.0, 4.72, 4.49, 4.3, 4.06, 3.98, 4.02, 4.12, 4.11, 3.96, 3.59, 3.59, 3.52, 3.4, 3.66, 3.73, 3.32, 3.05, 3.12, 3.21, 3.34, 4.64, 4.55, 4.23, 4.09, 3.75, 4.44, 5.45, 3.91, 3.49, 3.81, 3.99, 4.64, 5.5, 6.21, 6.58, 6.8, 6.74, 7.25, 7.28, 7.31, 7.55, 8.632, 8.889, 8.334, 7.979, 7.768, 7.388, 7.024, 6.821, 6.624, 7.028, 7.982, 8.782, 8.865, 9.225, 9.456, 10.51, 11.291], [4.29, 4.348, 4.28, 4.16, 3.79, 4.24, 5.004, 5.092, 3.48, 1.61, 0, 1.29, 1.62, 2.02, 4.651, 5.522, 6.252, 6.472, 5.598, 5.445, 5.607, 5.274, 5.264, 5.171, 5.221, 4.86, 3.6, 3.59, 4.21, 4.04, 3.97, 3.79, 3.69, 3.67, 4.01, 3.94, 3.79, 3.46, 3.54, 3.71, 3.67, 4.31, 4.34, 3.91, 3.72, 3.73, 3.88, 3.03, 3.55, 3.6, 2.88, 2.86, 3.16, 5.41, 6.572, 5.2, 4.58, 4.44, 4.78, 5.43, 6.59, 7.56, 7.73, 7.97, 7.91, 8.06, 8.21, 8.42, 8.947, 9.967, 10.264, 9.712, 9.369, 9.161, 8.83, 8.408, 8.171, 7.98, 8.384, 9.407, 10.166, 10.221, 10.552, 10.764, 11.855, 12.735], [5.34, 5.392, 5.33, 5.19, 4.84, 5.31, 6.052, 6.17, 4.63, 2.66, 1.29, 0, 0.95, 2.73, 5.6, 6.534, 7.252, 7.521, 6.567, 6.456, 6.65, 6.334, 6.344, 6.232, 6.242, 5.879, 4.439, 3.4, 3.62, 3.71, 4.04, 4.18, 3.92, 3.82, 4.4, 3.99, 3.7, 3.91, 3.85, 4.08, 4.2, 5.04, 5.13, 4.72, 4.31, 4.56, 4.704, 2.72, 2.92, 2.79, 1.97, 2.01, 2.75, 6.24, 7.539, 6.21, 5.47, 5.29, 5.75, 6.48, 7.56, 8.61, 8.82, 9.1, 8.96, 8.91, 9.14, 9.43, 9.976, 10.987, 11.248, 10.705, 10.371, 10.186, 9.866, 9.41, 9.213, 9.016, 9.426, 10.411, 11.179, 11.222, 11.548, 11.737, 12.798, 13.748], [5.606, 5.629, 5.6, 5.4, 4.99, 5.38, 6.192, 6.18, 4.64, 2.81, 1.62, 0.95, 0, 2.74, 5.778, 6.555, 7.308, 7.641, 6.584, 6.512, 6.774, 6.581, 6.577, 6.444, 6.528, 6.185, 4.7, 3.31, 3.53, 3.68, 4.11, 4.39, 4.21, 3.97, 4.41, 4.2, 3.91, 4.14, 4.14, 4.31, 4.57, 5.37, 5.46, 4.77, 4.44, 4.639, 4.78, 2.67, 2.81, 2.58, 2.1, 2.18, 2.76, 6.41, 7.805, 6.471, 5.66, 5.44, 5.8, 6.63, 7.75, 8.68, 8.901, 9.181, 9.149, 9.073, 9.21, 9.468, 10.105, 11.238, 11.506, 10.963, 10.634, 10.429, 10.072, 9.679, 9.493, 9.296, 9.721, 10.72, 11.469, 11.512, 11.82, 12.003, 13.023, 13.908], [3.01, 3.11, 3.1, 3.0, 2.57, 3.02, 3.73, 3.86, 2.48, 1.33, 2.02, 2.73, 2.74, 0, 3.25, 4.14, 4.933, 5.227, 4.19, 4.086, 4.32, 4.079, 4.14, 4.01, 4.06, 3.66, 2.8, 3.17, 3.83, 3.62, 3.53, 3.53, 3.51, 3.49, 3.49, 3.48, 3.21, 3.0, 3.26, 3.41, 3.19, 3.55, 3.46, 3.03, 2.58, 2.73, 2.96, 2.79, 4.35, 4.4, 4.043, 3.78, 2.94, 4.19, 5.26, 4.04, 3.7, 3.84, 4.12, 4.41, 5.37, 6.4, 6.73, 6.99, 6.83, 7.02, 7.29, 7.44, 7.64, 8.623, 8.887, 8.344, 8.015, 7.816, 7.527, 7.129, 6.96, 6.766, 7.19, 8.116, 8.841, 8.924, 9.198, 9.399, 10.421, 11.332], [1.86, 1.78, 1.67, 1.71, 1.9, 1.75, 1.46, 2.03, 2.57, 3.5, 4.651, 5.6, 5.778, 3.25, 0, 1.13, 1.88, 2.14, 1.38, 1.33, 1.27, 1.16, 1.53, 1.36, 1.27, 1.41, 2.13, 3.6, 4.44, 4.31, 3.66, 3.4, 3.32, 3.4, 3.34, 3.41, 3.38, 2.99, 3.63, 3.84, 3.22, 2.5, 2.41, 2.7, 2.55, 2.54, 2.47, 4.16, 7.3, 7.485, 7.228, 6.848, 4.71, 2.1, 2.53, 2.39, 2.35, 2.69, 2.49, 2.54, 3.0, 3.79, 4.08, 4.32, 4.12, 4.57, 4.7, 4.73, 4.63, 5.57, 5.808, 5.262, 4.942, 4.736, 4.446, 4.03, 3.81, 3.67, 4.1, 5.1, 5.82, 5.94, 6.156, 6.379, 7.379, 8.247], [2.43, 2.09, 2.14, 2.2, 2.39, 2.16, 1.71, 2.1, 3.08, 4.329, 5.522, 6.534, 6.555, 4.14, 1.13, 0, 1.27, 1.61, 0.91, 0.98, 1.04, 1.19, 1.32, 1.41, 1.14, 1.6, 2.6, 3.97, 4.73, 4.56, 3.99, 3.67, 3.69, 3.73, 3.65, 3.9, 4.05, 3.7, 4.32, 4.55, 3.85, 2.99, 2.86, 3.19, 3.12, 2.93, 2.86, 4.89, 8.097, 8.241, 8.104, 7.724, 5.452, 1.93, 2.22, 2.44, 2.48, 2.84, 2.7, 2.61, 3.09, 3.62, 3.89, 3.91, 3.79, 4.24, 4.33, 4.36, 4.12, 4.939, 5.241, 4.721, 4.39, 4.101, 3.83, 3.4, 3.18, 3.14, 3.55, 4.47, 5.27, 5.43, 5.59, 5.75, 6.743, 7.563], [2.86, 2.56, 2.69, 2.57, 2.76, 2.59, 2.0, 2.21, 3.483, 4.859, 6.252, 7.252, 7.308, 4.933, 1.88, 1.27, 0, 0.8, 1.1, 1.35, 1.13, 1.6, 1.75, 1.82, 1.67, 2.15, 3.39, 4.76, 5.54, 5.27, 4.72, 4.36, 4.38, 4.44, 4.3, 4.63, 4.8, 4.47, 5.01, 5.16, 4.46, 3.6, 3.61, 3.88, 3.81, 3.7, 3.55, 5.643, 8.899, 9.02, 8.843, 8.466, 6.205, 2.48, 2.69, 2.97, 2.95, 3.31, 3.19, 3.18, 3.34, 3.81, 3.98, 3.96, 3.82, 4.37, 4.48, 4.43, 4.09, 4.41, 4.52, 4.22, 3.86, 3.6, 3.42, 3.05, 3.03, 3.27, 3.34, 3.84, 4.86, 5.0, 5.1, 5.24, 6.18, 6.73], [3.06, 2.76, 2.85, 2.73, 3.04, 2.85, 2.34, 2.53, 3.706, 5.145, 6.472, 7.521, 7.641, 5.227, 2.14, 1.61, 0.8, 0, 1.3, 1.61, 1.33, 1.76, 1.93, 2.0, 1.83, 2.33, 3.61, 5.1, 5.86, 5.55, 4.96, 4.58, 4.62, 4.7, 4.52, 4.85, 5.06, 4.73, 5.23, 5.38, 4.68, 3.82, 3.81, 4.06, 4.09, 4.02, 3.89, 5.974, 9.184, 9.362, 9.097, 8.703, 6.519, 2.74, 2.89, 3.21, 3.19, 3.53, 3.37, 3.32, 3.4, 3.83, 3.94, 3.86, 3.82, 4.15, 4.28, 4.33, 3.77, 4.23, 4.74, 4.32, 3.98, 3.72, 3.44, 2.95, 3.05, 3.19, 3.3, 3.88, 4.48, 4.5, 4.52, 4.7, 5.64, 6.47], [2.6, 2.2, 2.27, 2.15, 2.34, 2.15, 1.84, 2.09, 3.169, 4.391, 5.598, 6.567, 6.584, 4.19, 1.38, 0.91, 1.1, 1.3, 0, 0.77, 0.95, 1.2, 1.49, 1.42, 1.35, 1.77, 2.67, 4.16, 4.92, 4.71, 4.14, 3.8, 3.82, 3.86, 3.62, 3.99, 4.18, 3.81, 4.41, 4.66, 3.98, 3.12, 2.99, 3.14, 3.21, 3.1, 3.05, 4.943, 8.141, 8.339, 8.114, 7.754, 5.562, 2.0, 2.21, 2.67, 2.69, 2.93, 2.79, 2.74, 3.16, 3.89, 3.98, 4.0, 3.88, 4.35, 4.54, 4.55, 4.33, 4.89, 5.136, 4.7, 4.36, 4.14, 3.8, 3.45, 3.31, 3.37, 3.56, 4.4, 5.3, 5.3, 5.46, 5.66, 6.66, 7.47], [2.27, 1.93, 2.1, 1.98, 2.13, 2.0, 1.59, 1.82, 2.859, 4.325, 5.445, 6.456, 6.512, 4.086, 1.33, 0.98, 1.35, 1.61, 0.77, 0, 0.78, 0.99, 1.16, 1.11, 1.28, 1.64, 2.6, 4.05, 4.81, 4.56, 3.99, 3.67, 3.71, 3.71, 3.51, 3.88, 3.99, 3.62, 4.3, 4.55, 3.87, 3.03, 2.92, 2.99, 3.04, 2.97, 2.9, 4.79, 7.959, 8.244, 8.027, 7.627, 5.497, 1.95, 2.46, 2.68, 2.66, 2.92, 2.88, 2.99, 3.39, 4.08, 4.23, 4.21, 4.13, 4.6, 4.73, 4.8, 4.48, 5.027, 5.322, 4.829, 4.489, 4.306, 3.95, 3.62, 3.5, 3.58, 3.77, 4.59, 5.37, 5.57, 5.79, 5.87, 6.846, 7.74], [2.33, 1.89, 2.02, 1.884, 2.09, 2.02, 1.73, 1.94, 2.979, 4.363, 5.607, 6.65, 6.774, 4.32, 1.27, 1.04, 1.13, 1.33, 0.95, 0.78, 0, 0.75, 0.96, 1.11, 1.0, 1.5, 2.64, 4.19, 4.85, 4.62, 4.03, 3.67, 3.73, 3.81, 3.57, 3.86, 4.05, 3.66, 4.26, 4.43, 3.79, 2.91, 2.82, 3.07, 3.04, 3.01, 2.86, 4.987, 8.247, 8.486, 8.235, 7.838, 5.637, 1.97, 2.22, 2.52, 2.5, 2.8, 2.74, 2.75, 3.03, 3.56, 3.79, 3.75, 3.69, 4.22, 4.27, 4.28, 3.94, 4.659, 4.975, 4.495, 4.135, 3.912, 3.57, 3.2, 3.04, 2.94, 3.23, 4.17, 4.95, 5.09, 5.33, 5.51, 6.502, 7.42], [1.92, 1.5, 1.55, 1.59, 2.06, 1.85, 1.54, 1.87, 2.83, 4.09, 5.274, 6.334, 6.581, 4.079, 1.16, 1.19, 1.6, 1.76, 1.2, 0.99, 0.75, 0, 0.73, 0.86, 0.81, 1.11, 2.39, 4.04, 4.72, 4.47, 3.84, 3.6, 3.56, 3.64, 3.34, 3.59, 3.72, 3.27, 3.71, 3.9, 3.26, 2.42, 2.45, 2.92, 2.87, 2.8, 2.75, 4.794, 7.977, 8.264, 7.942, 7.484, 5.364, 1.98, 2.09, 2.33, 2.37, 2.75, 2.73, 2.68, 3.16, 3.79, 3.98, 3.9, 3.76, 4.43, 4.5, 4.53, 4.25, 4.806, 5.162, 4.622, 4.262, 4.1, 3.74, 3.33, 3.13, 3.03, 3.28, 4.32, 5.067, 5.18, 5.433, 5.72, 6.804, 7.776], [1.59, 1.33, 1.46, 1.48, 1.87, 1.6, 1.31, 1.58, 2.46, 4.04, 5.264, 6.344, 6.577, 4.14, 1.53, 1.32, 1.75, 1.93, 1.49, 1.16, 0.96, 0.73, 0, 0.69, 0.86, 1.22, 2.44, 4.05, 4.75, 4.48, 3.87, 3.63, 3.63, 3.67, 3.33, 3.62, 3.67, 3.28, 3.62, 3.81, 3.17, 2.43, 2.5, 2.87, 2.82, 2.85, 2.76, 4.767, 7.97, 8.28, 7.952, 7.494, 5.354, 2.19, 2.5, 2.52, 2.5, 2.92, 2.92, 3.01, 3.49, 4.02, 4.19, 4.19, 4.11, 4.76, 4.75, 4.78, 4.46, 4.856, 5.172, 4.652, 4.352, 4.133, 3.77, 3.32, 3.08, 3.14, 3.47, 4.283, 5.13, 5.39, 5.57, 5.829, 6.934, 7.863], [1.42, 1.26, 1.39, 1.39, 1.86, 1.57, 1.2, 1.43, 2.25, 3.904, 5.171, 6.232, 6.444, 4.01, 1.36, 1.41, 1.82, 2.0, 1.42, 1.11, 1.11, 0.86, 0.69, 0, 0.79, 1.05, 2.41, 4.04, 4.8, 4.57, 3.92, 3.7, 3.66, 3.66, 3.32, 3.65, 3.72, 3.31, 3.67, 3.84, 3.18, 2.42, 2.49, 2.88, 2.87, 2.88, 2.85, 4.694, 7.897, 8.167, 7.839, 7.382, 5.282, 2.08, 2.65, 2.39, 2.41, 2.77, 2.75, 2.9, 3.44, 4.03, 4.2, 4.2, 4.2, 4.91, 4.88, 4.97, 4.63, 4.952, 5.308, 4.828, 4.468, 4.2, 3.86, 3.43, 3.25, 3.29, 3.62, 4.388, 5.22, 5.54, 5.8, 5.936, 7.041, 8.02], [1.59, 1.23, 1.36, 1.52, 2.05, 1.76, 1.47, 1.78, 2.58, 3.934, 5.221, 6.242, 6.528, 4.06, 1.27, 1.14, 1.67, 1.83, 1.35, 1.28, 1.0, 0.81, 0.86, 0.79, 0, 0.76, 2.26, 3.95, 4.73, 4.52, 3.93, 3.61, 3.63, 3.71, 3.41, 3.64, 3.75, 3.34, 3.7, 3.85, 3.17, 2.43, 2.52, 3.03, 2.96, 2.95, 2.88, 4.761, 8.004, 8.197, 7.849, 7.397, 5.312, 1.99, 2.2, 2.14, 2.24, 2.62, 2.5, 2.51, 3.09, 3.6, 3.85, 3.83, 3.65, 4.42, 4.45, 4.48, 4.14, 4.831, 5.146, 4.606, 4.266, 4.047, 3.707, 3.28, 3.02, 2.94, 3.25, 4.253, 5.015, 5.15, 5.49, 5.674, 6.874, 7.83], [1.29, 1.31, 1.22, 1.44, 1.93, 1.6, 1.35, 1.62, 2.36, 3.51, 4.86, 5.879, 6.185, 3.66, 1.41, 1.6, 2.15, 2.33, 1.77, 1.64, 1.5, 1.11, 1.22, 1.05, 0.76, 0, 1.84, 3.63, 4.33, 4.1, 3.55, 3.23, 3.23, 3.33, 3.05, 3.22, 3.29, 2.9, 3.2, 3.31, 2.65, 2.15, 2.2, 2.65, 2.54, 2.53, 2.46, 4.35, 7.661, 7.794, 7.446, 6.989, 4.92, 1.87, 2.42, 1.78, 1.86, 2.18, 2.12, 2.41, 3.13, 3.76, 4.01, 4.15, 4.01, 4.74, 4.79, 4.8, 4.58, 5.2, 5.462, 4.91, 4.57, 4.385, 4.045, 3.615, 3.42, 3.32, 3.67, 4.573, 5.39, 5.53, 5.85, 6.1, 7.3, 8.218], [2.23, 2.29, 2.06, 2.32, 2.59, 2.62, 2.37, 2.62, 2.9, 3.13, 3.6, 4.439, 4.7, 2.8, 2.13, 2.6, 3.39, 3.61, 2.67, 2.6, 2.64, 2.39, 2.44, 2.41, 2.26, 1.84, 0, 1.95, 2.79, 2.52, 1.93, 1.59, 1.59, 1.67, 1.49, 1.58, 1.85, 1.5, 1.96, 2.29, 1.45, 1.59, 1.6, 1.39, 1.22, 1.25, 1.26, 2.81, 6.156, 6.283, 5.989, 5.554, 3.44, 2.13, 3.22, 1.96, 1.54, 1.36, 1.54, 2.27, 3.37, 4.28, 4.51, 4.77, 4.69, 4.86, 5.07, 5.2, 5.623, 6.654, 6.935, 6.387, 6.052, 5.856, 5.533, 5.103, 4.94, 4.723, 5.153, 6.093, 6.863, 6.915, 7.235, 7.456, 8.542, 9.449], [3.7, 3.78, 3.63, 3.93, 4.04, 4.13, 3.9, 4.05, 3.87, 4.0, 3.59, 3.4, 3.31, 3.17, 3.6, 3.97, 4.76, 5.1, 4.16, 4.05, 4.19, 4.04, 4.05, 4.04, 3.95, 3.63, 1.95, 0, 1.04, 1.15, 1.24, 1.38, 1.22, 1.12, 1.6, 1.47, 1.48, 1.85, 1.95, 2.16, 1.96, 2.64, 2.77, 2.3, 1.91, 2.06, 2.21, 1.54, 4.62, 4.71, 4.51, 4.21, 1.91, 3.52, 4.87, 3.59, 2.83, 2.63, 3.01, 3.76, 4.88, 5.87, 6.1, 6.34, 6.26, 6.17, 6.32, 6.656, 7.23, 8.323, 8.573, 8.031, 7.702, 7.505, 7.194, 6.753, 6.57, 6.353, 6.783, 7.803, 8.533, 8.596, 8.887, 9.082, 10.094, 10.985], [4.46, 4.52, 4.39, 4.69, 4.82, 4.91, 4.7, 4.85, 4.65, 4.72, 4.21, 3.62, 3.53, 3.83, 4.44, 4.73, 5.54, 5.86, 4.92, 4.81, 4.85, 4.72, 4.75, 4.8, 4.73, 4.33, 2.79, 1.04, 0, 0.97, 1.74, 1.92, 1.7, 1.56, 1.98, 1.55, 1.6, 2.41, 2.39, 2.44, 2.68, 3.22, 3.31, 2.92, 2.53, 2.7, 2.83, 1.68, 4.14, 4.21, 4.01, 3.75, 1.77, 4.12, 5.473, 4.17, 3.45, 3.23, 3.63, 4.36, 5.48, 6.51, 6.72, 6.96, 6.88, 6.79, 6.96, 7.296, 7.867, 8.926, 9.182, 8.654, 8.311, 8.148, 7.8, 7.359, 7.19, 6.973, 7.363, 8.403, 9.133, 9.196, 9.487, 9.685, 10.711, 11.596], [4.17, 4.19, 4.12, 4.4, 4.59, 4.64, 4.55, 4.62, 4.4, 4.49, 4.04, 3.71, 3.68, 3.62, 4.31, 4.56, 5.27, 5.55, 4.71, 4.56, 4.62, 4.47, 4.48, 4.57, 4.52, 4.1, 2.52, 1.15, 0.97, 0, 1.17, 1.47, 1.35, 1.23, 1.53, 1.22, 1.53, 2.12, 1.98, 2.21, 2.29, 2.81, 2.86, 2.47, 2.14, 2.27, 2.34, 1.61, 4.505, 4.56, 4.3, 4.08, 2.16, 3.65, 4.98, 3.74, 3.12, 2.84, 3.22, 3.95, 4.99, 6.04, 6.27, 6.53, 6.41, 6.3, 6.51, 6.812, 7.394, 8.439, 8.712, 8.204, 7.844, 7.673, 7.313, 6.912, 6.76, 6.54, 6.95, 7.93, 8.669, 8.732, 9.032, 9.215, 10.273, 11.183], [3.64, 3.76, 3.57, 3.89, 4.12, 4.13, 3.98, 4.09, 4.09, 4.3, 3.97, 4.04, 4.11, 3.53, 3.66, 3.99, 4.72, 4.96, 4.14, 3.99, 4.03, 3.84, 3.87, 3.92, 3.93, 3.55, 1.93, 1.24, 1.74, 1.17, 0, 0.82, 0.8, 0.88, 1.0, 1.09, 1.3, 1.49, 1.63, 2.0, 1.9, 2.06, 2.07, 1.86, 1.73, 1.68, 1.71, 2.28, 5.476, 5.521, 5.262, 4.914, 2.67, 2.8, 4.03, 2.93, 2.37, 2.09, 2.53, 3.18, 4.1, 5.11, 5.32, 5.58, 5.46, 5.39, 5.58, 5.884, 6.45, 7.433, 7.712, 7.203, 6.843, 6.672, 6.372, 5.93, 5.79, 5.57, 6.02, 6.94, 7.66, 7.72, 8.022, 8.194, 9.266, 10.256], [3.44, 3.56, 3.37, 3.69, 3.86, 3.87, 3.7, 3.81, 3.85, 4.06, 3.79, 4.18, 4.39, 3.53, 3.4, 3.67, 4.36, 4.58, 3.8, 3.67, 3.67, 3.6, 3.63, 3.7, 3.61, 3.23, 1.59, 1.38, 1.92, 1.47, 0.82, 0, 0.68, 0.86, 1.1, 1.25, 1.5, 1.49, 1.75, 2.04, 1.72, 1.98, 1.95, 1.66, 1.55, 1.5, 1.47, 2.44, 5.749, 5.853, 5.564, 5.179, 2.982, 2.4, 3.63, 2.47, 1.91, 1.59, 1.99, 2.78, 3.68, 4.67, 4.92, 5.18, 5.06, 4.97, 5.18, 5.444, 6.03, 7.103, 7.357, 6.851, 6.491, 6.285, 5.968, 5.55, 5.39, 5.19, 5.62, 6.56, 7.311, 7.382, 7.673, 7.845, 8.906, 9.836], [3.36, 3.46, 3.29, 3.61, 3.74, 3.81, 3.62, 3.73, 3.75, 3.98, 3.69, 3.92, 4.21, 3.51, 3.32, 3.69, 4.38, 4.62, 3.82, 3.71, 3.73, 3.56, 3.63, 3.66, 3.63, 3.23, 1.59, 1.22, 1.7, 1.35, 0.8, 0.68, 0, 0.54, 1.04, 1.01, 1.28, 1.47, 1.43, 1.8, 1.52, 1.88, 1.89, 1.76, 1.59, 1.58, 1.49, 2.14, 5.412, 5.567, 5.37, 4.87, 2.75, 2.7, 3.99, 2.73, 2.09, 1.77, 2.23, 2.98, 4.0, 5.01, 5.24, 5.5, 5.4, 5.29, 5.5, 5.81, 6.364, 7.412, 7.685, 7.168, 6.811, 6.631, 6.308, 5.859, 5.63, 5.45, 5.86, 6.88, 7.608, 7.679, 7.976, 8.172, 9.203, 10.173], [3.46, 3.54, 3.39, 3.63, 3.8, 3.87, 3.68, 3.77, 3.79, 4.02, 3.67, 3.82, 3.97, 3.49, 3.4, 3.73, 4.44, 4.7, 3.86, 3.71, 3.81, 3.64, 3.67, 3.66, 3.71, 3.33, 1.67, 1.12, 1.56, 1.23, 0.88, 0.86, 0.54, 0, 0.86, 0.95, 1.18, 1.51, 1.55, 1.9, 1.72, 2.08, 2.15, 1.78, 1.59, 1.74, 1.67, 1.96, 5.169, 5.37, 5.17, 4.699, 2.63, 2.84, 4.215, 2.91, 2.21, 1.95, 2.31, 3.06, 4.18, 5.19, 5.36, 5.62, 5.58, 5.53, 5.632, 6.002, 6.584, 7.655, 7.933, 7.399, 7.059, 6.865, 6.503, 6.104, 5.89, 5.684, 6.094, 7.116, 7.867, 7.936, 8.239, 8.419, 9.503, 10.41], [3.24, 3.3, 3.15, 3.37, 3.7, 3.69, 3.6, 3.67, 3.75, 4.12, 4.01, 4.4, 4.41, 3.49, 3.34, 3.65, 4.3, 4.52, 3.62, 3.51, 3.57, 3.34, 3.33, 3.32, 3.41, 3.05, 1.49, 1.6, 1.98, 1.53, 1.0, 1.1, 1.04, 0.86, 0, 0.89, 1.18, 1.33, 1.49, 1.84, 1.6, 1.9, 1.87, 1.46, 1.55, 1.56, 1.51, 2.44, 5.717, 5.887, 5.559, 5.191, 2.982, 2.5, 3.81, 2.65, 2.11, 1.77, 2.07, 2.74, 3.84, 4.89, 4.96, 5.24, 5.26, 5.29, 5.38, 5.71, 6.31, 7.229, 7.531, 7.014, 6.654, 6.497, 6.077, 5.71, 5.53, 5.29, 5.7, 6.716, 7.445, 7.516, 7.816, 8.029, 9.149, 10.136], [3.35, 3.45, 3.26, 3.56, 3.75, 3.8, 3.61, 3.78, 3.88, 4.11, 3.94, 3.99, 4.2, 3.48, 3.41, 3.9, 4.63, 4.85, 3.99, 3.88, 3.86, 3.59, 3.62, 3.65, 3.64, 3.22, 1.58, 1.47, 1.55, 1.22, 1.09, 1.25, 1.01, 0.95, 0.89, 0, 0.85, 1.3, 1.32, 1.61, 1.59, 2.07, 2.06, 1.77, 1.62, 1.71, 1.7, 2.07, 5.141, 5.254, 4.937, 4.6, 2.46, 3.03, 4.28, 3.0, 2.42, 2.14, 2.48, 3.23, 4.29, 5.34, 5.55, 5.83, 5.69, 5.64, 5.87, 6.14, 6.703, 7.708, 7.992, 7.484, 7.124, 6.953, 6.613, 6.172, 6.0, 5.769, 6.179, 7.179, 7.909, 7.952, 8.272, 8.482, 9.522, 10.489], [3.22, 3.42, 3.21, 3.47, 3.7, 3.75, 3.68, 3.83, 3.77, 3.96, 3.79, 3.7, 3.91, 3.21, 3.38, 4.05, 4.8, 5.06, 4.18, 3.99, 4.05, 3.72, 3.67, 3.72, 3.75, 3.29, 1.85, 1.48, 1.6, 1.53, 1.3, 1.5, 1.28, 1.18, 1.18, 0.85, 0, 1.05, 1.21, 1.42, 1.6, 2.24, 2.33, 2.04, 1.75, 1.86, 1.89, 1.7, 4.92, 5.001, 4.63, 4.21, 2.09, 3.32, 4.622, 3.27, 2.71, 2.45, 2.85, 3.6, 4.64, 5.69, 5.92, 6.2, 6.06, 5.944, 6.22, 6.476, 7.042, 7.95, 8.235, 7.72, 7.358, 7.183, 6.892, 6.487, 6.29, 6.087, 6.512, 7.372, 8.169, 8.214, 8.532, 8.718, 9.824, 10.791], [2.97, 3.17, 2.92, 2.98, 3.19, 3.18, 3.25, 3.58, 3.42, 3.59, 3.46, 3.91, 4.14, 3.0, 2.99, 3.7, 4.47, 4.73, 3.81, 3.62, 3.66, 3.27, 3.28, 3.31, 3.34, 2.9, 1.5, 1.85, 2.41, 2.12, 1.49, 1.49, 1.47, 1.51, 1.33, 1.3, 1.05, 0, 0.96, 1.43, 1.53, 1.97, 1.96, 1.77, 1.58, 1.57, 1.64, 2.25, 5.483, 5.599, 5.222, 4.7, 2.74, 2.91, 4.12, 2.84, 2.4, 2.18, 2.46, 3.19, 4.13, 5.18, 5.39, 5.67, 5.55, 5.56, 5.81, 5.98, 6.537, 7.38, 7.653, 7.119, 6.759, 6.605, 6.405, 6.017, 5.84, 5.637, 6.07, 6.942, 7.579, 7.627, 7.922, 8.134, 9.248, 10.281], [3.03, 3.13, 3.06, 3.28, 3.47, 3.48, 3.75, 3.82, 3.38, 3.59, 3.54, 3.85, 4.14, 3.26, 3.63, 4.32, 5.01, 5.23, 4.41, 4.3, 4.26, 3.71, 3.62, 3.67, 3.7, 3.2, 1.96, 1.95, 2.39, 1.98, 1.63, 1.75, 1.43, 1.55, 1.49, 1.32, 1.21, 0.96, 0, 0.77, 1.01, 1.83, 2.02, 1.95, 1.74, 1.79, 1.88, 2.11, 5.323, 5.459, 5.082, 4.554, 2.64, 3.49, 4.48, 3.24, 2.74, 2.44, 2.8, 3.59, 4.57, 5.52, 5.81, 6.01, 5.89, 5.92, 6.19, 6.4, 6.972, 7.569, 7.854, 7.297, 6.948, 6.825, 6.619, 6.269, 6.0, 5.82, 6.23, 7.107, 7.75, 7.802, 8.102, 8.472, 9.672, 10.707], [3.16, 3.3, 3.17, 3.45, 3.72, 3.57, 3.88, 3.91, 3.35, 3.52, 3.71, 4.08, 4.31, 3.41, 3.84, 4.55, 5.16, 5.38, 4.66, 4.55, 4.43, 3.9, 3.81, 3.84, 3.85, 3.31, 2.29, 2.16, 2.44, 2.21, 2.0, 2.04, 1.8, 1.9, 1.84, 1.61, 1.42, 1.43, 0.77, 0, 1.2, 2.0, 2.33, 2.16, 1.93, 2.1, 2.11, 2.22, 5.39, 5.526, 5.17, 4.621, 2.65, 3.8, 4.75, 3.29, 2.93, 2.61, 2.87, 3.82, 4.84, 5.75, 5.94, 6.1, 6.12, 6.23, 6.38, 6.61, 7.13, 7.608, 7.866, 7.308, 6.953, 6.83, 6.573, 6.231, 5.91, 5.742, 6.18, 7.077, 7.758, 7.881, 8.201, 8.65, 9.85, 10.834], [2.54, 2.62, 2.55, 2.89, 3.22, 3.17, 3.26, 3.29, 3.15, 3.4, 3.67, 4.2, 4.57, 3.19, 3.22, 3.85, 4.46, 4.68, 3.98, 3.87, 3.79, 3.26, 3.17, 3.18, 3.17, 2.65, 1.45, 1.96, 2.68, 2.29, 1.9, 1.72, 1.52, 1.72, 1.6, 1.59, 1.6, 1.53, 1.01, 1.2, 0, 1.3, 1.69, 1.54, 1.41, 1.52, 1.43, 2.46, 5.787, 5.93, 5.59, 5.05, 2.99, 3.08, 4.09, 2.67, 2.19, 1.83, 2.13, 3.06, 4.16, 5.09, 5.38, 5.54, 5.44, 5.55, 5.78, 5.99, 6.557, 7.088, 7.385, 6.83, 6.501, 6.398, 6.101, 5.742, 5.416, 5.239, 5.566, 6.486, 7.289, 7.418, 7.738, 8.045, 9.305, 10.28], [2.34, 2.36, 2.07, 2.37, 2.88, 2.61, 2.64, 2.79, 3.35, 3.66, 4.31, 5.04, 5.37, 3.55, 2.5, 2.99, 3.6, 3.82, 3.12, 3.03, 2.91, 2.42, 2.43, 2.42, 2.43, 2.15, 1.59, 2.64, 3.22, 2.81, 2.06, 1.98, 1.88, 2.08, 1.9, 2.07, 2.24, 1.97, 1.83, 2.0, 1.3, 0, 1.01, 1.4, 1.41, 1.58, 1.41, 3.422, 6.805, 6.938, 6.59, 6.121, 3.93, 2.02, 2.95, 1.85, 1.67, 1.49, 1.75, 2.32, 3.04, 3.95, 4.22, 4.36, 4.28, 4.49, 4.64, 4.85, 5.44, 6.083, 6.376, 5.821, 5.469, 5.387, 5.035, 4.596, 4.35, 4.153, 4.54, 5.503, 6.24, 6.361, 6.681, 7.002, 8.242, 9.186], [2.33, 2.43, 2.16, 2.32, 2.73, 2.56, 2.65, 2.76, 3.2, 3.73, 4.34, 5.13, 5.46, 3.46, 2.41, 2.86, 3.61, 3.81, 2.99, 2.92, 2.82, 2.45, 2.5, 2.49, 2.52, 2.2, 1.6, 2.77, 3.31, 2.86, 2.07, 1.95, 1.89, 2.15, 1.87, 2.06, 2.33, 1.96, 2.02, 2.33, 1.69, 1.01, 0, 1.17, 1.38, 1.43, 1.24, 3.55, 6.855, 7.016, 6.7, 6.22, 4.04, 1.75, 2.66, 1.7, 1.62, 1.6, 1.96, 2.25, 2.89, 3.76, 3.97, 4.15, 4.07, 4.14, 4.31, 4.58, 5.169, 5.997, 6.347, 5.847, 5.487, 5.347, 4.987, 4.56, 4.46, 4.18, 4.65, 5.61, 6.206, 6.309, 6.569, 6.825, 7.966, 8.955], [2.6, 2.62, 2.55, 2.63, 2.82, 2.81, 2.92, 2.95, 2.89, 3.32, 3.91, 4.72, 4.77, 3.03, 2.7, 3.19, 3.88, 4.06, 3.14, 2.99, 3.07, 2.92, 2.87, 2.88, 3.03, 2.65, 1.39, 2.3, 2.92, 2.47, 1.86, 1.66, 1.76, 1.78, 1.46, 1.77, 2.04, 1.77, 1.95, 2.16, 1.54, 1.4, 1.17, 0, 0.91, 1.04, 0.95, 2.928, 6.243, 6.47, 6.224, 5.83, 3.63, 2.0, 3.37, 2.17, 1.81, 1.73, 1.95, 2.48, 3.26, 4.21, 4.26, 4.58, 4.64, 4.69, 4.76, 5.03, 5.63, 6.691, 6.958, 6.47, 6.11, 5.965, 5.593, 5.183, 5.13, 4.87, 5.34, 6.32, 6.971, 6.993, 7.258, 7.516, 8.552, 9.459], [2.45, 2.53, 2.46, 2.6, 2.79, 2.8, 2.81, 2.82, 2.82, 3.05, 3.72, 4.31, 4.44, 2.58, 2.55, 3.12, 3.81, 4.09, 3.21, 3.04, 3.04, 2.87, 2.82, 2.87, 2.96, 2.54, 1.22, 1.91, 2.53, 2.14, 1.73, 1.55, 1.59, 1.59, 1.55, 1.62, 1.75, 1.58, 1.74, 1.93, 1.41, 1.41, 1.38, 0.91, 0, 0.87, 0.9, 2.57, 5.99, 6.1, 5.84, 5.46, 3.26, 2.13, 3.56, 2.2, 1.74, 1.6, 2.08, 2.61, 3.39, 4.36, 4.59, 4.89, 4.83, 4.86, 5.01, 5.26, 5.774, 6.882, 7.135, 6.621, 6.258, 6.09, 5.704, 5.354, 5.26, 5.034, 5.504, 6.418, 7.095, 7.138, 7.423, 7.672, 8.671, 9.598], [2.44, 2.5, 2.41, 2.69, 2.82, 2.89, 2.8, 2.87, 2.97, 3.12, 3.73, 4.56, 4.639, 2.73, 2.54, 2.93, 3.7, 4.02, 3.1, 2.97, 3.01, 2.8, 2.85, 2.88, 2.95, 2.53, 1.25, 2.06, 2.7, 2.27, 1.68, 1.5, 1.58, 1.74, 1.56, 1.71, 1.86, 1.57, 1.79, 2.1, 1.52, 1.58, 1.43, 1.04, 0.87, 0, 0.53, 2.84, 6.243, 6.279, 6.067, 5.647, 3.499, 2.04, 3.35, 2.05, 1.73, 1.65, 1.99, 2.48, 3.34, 4.23, 4.56, 4.84, 4.7, 4.73, 4.96, 5.11, 5.57, 6.681, 6.936, 6.417, 6.074, 5.88, 5.586, 5.23, 5.11, 4.89, 5.36, 6.24, 6.914, 6.977, 7.245, 7.46, 8.46, 9.336], [2.37, 2.51, 2.36, 2.62, 2.75, 2.76, 2.69, 2.74, 3.0, 3.21, 3.88, 4.704, 4.78, 2.96, 2.47, 2.86, 3.55, 3.89, 3.05, 2.9, 2.86, 2.75, 2.76, 2.85, 2.88, 2.46, 1.26, 2.21, 2.83, 2.34, 1.71, 1.47, 1.49, 1.67, 1.51, 1.7, 1.89, 1.64, 1.88, 2.11, 1.43, 1.41, 1.24, 0.95, 0.9, 0.53, 0, 2.924, 6.342, 6.406, 6.215, 5.797, 3.637, 1.99, 3.3, 1.92, 1.58, 1.5, 1.88, 2.41, 3.27, 4.08, 4.39, 4.67, 4.59, 4.6, 4.75, 4.9, 5.426, 6.542, 6.801, 6.298, 5.947, 5.744, 5.45, 5.12, 5.0, 4.76, 5.21, 6.07, 6.784, 6.847, 7.135, 7.33, 8.35, 9.203], [4.0, 3.94, 3.85, 3.81, 3.8, 4.05, 4.5, 4.39, 3.55, 3.34, 3.03, 2.72, 2.67, 2.79, 4.16, 4.89, 5.643, 5.974, 4.943, 4.79, 4.987, 4.794, 4.767, 4.694, 4.761, 4.35, 2.81, 1.54, 1.68, 1.61, 2.28, 2.44, 2.14, 1.96, 2.44, 2.07, 1.7, 2.25, 2.11, 2.22, 2.46, 3.422, 3.55, 2.928, 2.57, 2.84, 2.924, 0, 3.54, 3.63, 3.59, 3.17, 1.25, 4.568, 5.998, 4.623, 3.83, 3.59, 3.95, 4.8, 5.905, 6.83, 7.088, 7.368, 7.322, 7.23, 7.337, 7.622, 8.273, 9.388, 9.67, 9.127, 8.793, 8.593, 8.231, 7.852, 7.666, 7.469, 7.879, 8.853, 9.61, 9.667, 9.976, 10.159, 11.206, 12.105], [7.076, 7.114, 7.081, 6.941, 6.526, 6.97, 7.729, 7.816, 6.21, 4.64, 3.55, 2.92, 2.81, 4.35, 7.3, 8.097, 8.899, 9.184, 8.141, 7.959, 8.247, 7.977, 7.97, 7.897, 8.004, 7.661, 6.156, 4.62, 4.14, 4.505, 5.476, 5.749, 5.412, 5.169, 5.717, 5.141, 4.92, 5.483, 5.323, 5.39, 5.787, 6.805, 6.855, 6.243, 5.99, 6.243, 6.342, 3.54, 0, 1.03, 1.63, 1.51, 3.41, 7.98, 9.324, 7.98, 7.19, 6.99, 7.35, 8.1, 9.308, 10.27, 10.48, 10.7, 10.7, 10.61, 10.726, 11.064, 11.67, 12.763, 13.042, 12.499, 12.167, 11.965, 11.628, 11.23, 10.992, 10.795, 11.205, 12.213, 12.984, 13.027, 13.35, 13.518, 14.559, 15.485], [7.201, 7.227, 7.211, 7.091, 6.681, 7.137, 7.87, 7.94, 6.42, 4.55, 3.6, 2.79, 2.58, 4.4, 7.485, 8.241, 9.02, 9.362, 8.339, 8.244, 8.486, 8.264, 8.28, 8.167, 8.197, 7.794, 6.283, 4.71, 4.21, 4.56, 5.521, 5.853, 5.567, 5.37, 5.887, 5.254, 5.001, 5.599, 5.459, 5.526, 5.93, 6.938, 7.016, 6.47, 6.1, 6.279, 6.406, 3.63, 1.03, 0, 1.04, 1.54, 3.26, 8.121, 9.474, 8.128, 7.368, 7.108, 7.5, 8.31, 9.438, 10.377, 10.667, 10.944, 10.847, 10.706, 10.916, 11.16, 11.751, 12.896, 13.169, 12.626, 12.298, 12.089, 11.752, 11.377, 11.185, 10.988, 11.398, 12.341, 13.111, 13.166, 13.474, 13.655, 14.678, 15.583], [6.836, 6.879, 6.866, 6.763, 6.424, 6.9, 7.644, 7.729, 6.2, 4.23, 2.88, 1.97, 2.1, 4.043, 7.228, 8.104, 8.843, 9.097, 8.114, 8.027, 8.235, 7.942, 7.952, 7.839, 7.849, 7.446, 5.989, 4.51, 4.01, 4.3, 5.262, 5.564, 5.37, 5.17, 5.559, 4.937, 4.63, 5.222, 5.082, 5.17, 5.59, 6.59, 6.7, 6.224, 5.84, 6.067, 6.215, 3.59, 1.63, 1.04, 0, 1.44, 3.02, 7.824, 9.134, 7.76, 7.06, 6.82, 7.22, 8.05, 9.11, 10.16, 10.41, 10.69, 10.55, 10.429, 10.699, 10.958, 11.509, 12.551, 12.827, 12.284, 11.947, 11.756, 11.413, 11.037, 10.84, 10.643, 11.053, 11.976, 12.758, 12.792, 13.124, 13.293, 14.351, 15.278], [6.359, 6.422, 6.409, 6.312, 6.044, 6.5, 7.264, 7.332, 5.8, 4.09, 2.86, 2.01, 2.18, 3.78, 6.848, 7.724, 8.466, 8.703, 7.754, 7.627, 7.838, 7.484, 7.494, 7.382, 7.397, 6.989, 5.554, 4.21, 3.75, 4.08, 4.914, 5.179, 4.87, 4.699, 5.191, 4.6, 4.21, 4.7, 4.554, 4.621, 5.05, 6.121, 6.22, 5.83, 5.46, 5.647, 5.797, 3.17, 1.51, 1.54, 1.44, 0, 3.0, 7.404, 8.686, 7.28, 6.68, 6.42, 6.82, 7.61, 8.69, 9.76, 9.97, 10.25, 10.13, 10.029, 10.302, 10.566, 11.112, 12.04, 12.311, 11.768, 11.43, 11.228, 10.962, 10.586, 10.38, 10.183, 10.593, 11.498, 12.23, 12.273, 12.604, 12.791, 13.874, 14.858], [4.45, 4.53, 4.4, 4.46, 4.47, 4.82, 5.15, 5.18, 4.2, 3.75, 3.16, 2.75, 2.76, 2.94, 4.71, 5.452, 6.205, 6.519, 5.562, 5.497, 5.637, 5.364, 5.354, 5.282, 5.312, 4.92, 3.44, 1.91, 1.77, 2.16, 2.67, 2.982, 2.75, 2.63, 2.982, 2.46, 2.09, 2.74, 2.64, 2.65, 2.99, 3.93, 4.04, 3.63, 3.26, 3.499, 3.637, 1.25, 3.41, 3.26, 3.02, 3.0, 0, 5.216, 6.514, 5.2, 4.44, 4.26, 4.64, 5.45, 6.55, 7.6, 7.81, 8.09, 7.95, 7.871, 8.096, 8.38, 8.957, 9.943, 10.219, 9.676, 9.347, 9.167, 8.856, 8.4, 8.169, 7.972, 8.382, 9.367, 10.149, 10.172, 10.518, 10.696, 11.759, 12.698], [2.88, 2.66, 2.55, 2.43, 2.88, 2.69, 2.34, 2.79, 3.67, 4.44, 5.41, 6.24, 6.41, 4.19, 2.1, 1.93, 2.48, 2.74, 2.0, 1.95, 1.97, 1.98, 2.19, 2.08, 1.99, 1.87, 2.13, 3.52, 4.12, 3.65, 2.8, 2.4, 2.7, 2.84, 2.5, 3.03, 3.32, 2.91, 3.49, 3.8, 3.08, 2.02, 1.75, 2.0, 2.13, 2.04, 1.99, 4.568, 7.98, 8.121, 7.824, 7.404, 5.216, 0, 1.59, 1.29, 1.47, 1.57, 1.63, 1.66, 1.9, 2.75, 2.88, 3.02, 2.98, 3.33, 3.44, 3.67, 3.95, 4.912, 5.219, 4.707, 4.367, 4.217, 3.849, 3.455, 3.39, 3.11, 3.52, 4.46, 5.159, 5.202, 5.496, 5.703, 6.764, 7.674], [3.45, 3.11, 3.1, 3.14, 3.59, 3.34, 2.97, 3.38, 4.44, 5.45, 6.572, 7.539, 7.805, 5.26, 2.53, 2.22, 2.69, 2.89, 2.21, 2.46, 2.22, 2.09, 2.5, 2.65, 2.2, 2.42, 3.22, 4.87, 5.473, 4.98, 4.03, 3.63, 3.99, 4.215, 3.81, 4.28, 4.622, 4.12, 4.48, 4.75, 4.09, 2.95, 2.66, 3.37, 3.56, 3.35, 3.3, 5.998, 9.324, 9.474, 9.134, 8.686, 6.514, 1.59, 0, 1.82, 2.54, 2.6, 2.34, 1.57, 1.47, 2.12, 2.31, 2.21, 2.07, 2.6, 2.87, 2.9, 2.82, 3.519, 3.872, 3.392, 3.072, 2.89, 2.59, 2.24, 2.24, 2.0, 2.35, 3.23, 3.81, 3.89, 4.15, 4.334, 5.474, 6.341], [2.49, 2.61, 2.36, 2.56, 2.93, 2.76, 2.37, 2.78, 3.44, 3.91, 5.2, 6.21, 6.471, 4.04, 2.39, 2.44, 2.97, 3.21, 2.67, 2.68, 2.52, 2.33, 2.52, 2.39, 2.14, 1.78, 1.96, 3.59, 4.17, 3.74, 2.93, 2.47, 2.73, 2.91, 2.65, 3.0, 3.27, 2.84, 3.24, 3.29, 2.67, 1.85, 1.7, 2.17, 2.2, 2.05, 1.92, 4.623, 7.98, 8.128, 7.76, 7.28, 5.2, 1.29, 1.82, 0, 0.98, 1.2, 1.32, 1.41, 2.03, 2.7, 2.93, 3.19, 3.11, 3.6, 3.73, 3.7, 3.92, 4.84, 5.131, 4.573, 4.221, 4.039, 3.739, 3.394, 3.26, 3.003, 3.393, 4.293, 5.004, 5.067, 5.427, 5.68, 6.76, 7.624], [2.51, 2.57, 2.36, 2.48, 2.73, 2.72, 2.33, 2.7, 3.12, 3.49, 4.58, 5.47, 5.66, 3.7, 2.35, 2.48, 2.95, 3.19, 2.69, 2.66, 2.5, 2.37, 2.5, 2.41, 2.24, 1.86, 1.54, 2.83, 3.45, 3.12, 2.37, 1.91, 2.09, 2.21, 2.11, 2.42, 2.71, 2.4, 2.74, 2.93, 2.19, 1.67, 1.62, 1.81, 1.74, 1.73, 1.58, 3.83, 7.19, 7.368, 7.06, 6.68, 4.44, 1.47, 2.54, 0.98, 0, 0.76, 1.22, 1.73, 2.53, 3.28, 3.49, 3.81, 3.71, 4.04, 4.09, 4.22, 4.66, 5.662, 5.942, 5.389, 5.047, 4.859, 4.473, 4.092, 3.851, 3.654, 4.064, 5.089, 5.846, 5.889, 6.249, 6.482, 7.52, 8.395], [2.95, 3.01, 2.82, 2.88, 3.23, 3.04, 2.77, 3.08, 3.54, 3.81, 4.44, 5.29, 5.44, 3.84, 2.69, 2.84, 3.31, 3.53, 2.93, 2.92, 2.8, 2.75, 2.92, 2.77, 2.62, 2.18, 1.36, 2.63, 3.23, 2.84, 2.09, 1.59, 1.77, 1.95, 1.77, 2.14, 2.45, 2.18, 2.44, 2.61, 1.83, 1.49, 1.6, 1.73, 1.6, 1.65, 1.5, 3.59, 6.99, 7.108, 6.82, 6.42, 4.26, 1.57, 2.6, 1.2, 0.76, 0, 0.86, 1.67, 2.55, 3.42, 3.67, 3.93, 3.89, 3.94, 4.11, 4.28, 4.88, 5.908, 6.184, 5.632, 5.304, 5.127, 4.707, 4.368, 4.205, 3.968, 4.358, 5.318, 6.072, 6.138, 6.478, 6.723, 7.758, 8.687], [3.07, 3.19, 2.94, 3.0, 3.43, 3.0, 2.81, 3.1, 3.62, 3.99, 4.78, 5.75, 5.8, 4.12, 2.49, 2.7, 3.19, 3.37, 2.79, 2.88, 2.74, 2.73, 2.92, 2.75, 2.5, 2.12, 1.54, 3.01, 3.63, 3.22, 2.53, 1.99, 2.23, 2.31, 2.07, 2.48, 2.85, 2.46, 2.8, 2.87, 2.13, 1.75, 1.96, 1.95, 2.08, 1.99, 1.88, 3.95, 7.35, 7.5, 7.22, 6.82, 4.64, 1.63, 2.34, 1.32, 1.22, 0.86, 0, 1.29, 2.37, 3.12, 3.47, 3.59, 3.61, 4.0, 4.11, 4.18, 4.63, 5.617, 5.873, 5.318, 4.963, 4.767, 4.371, 4.048, 3.88, 3.628, 4.018, 4.949, 5.752, 5.871, 6.211, 6.432, 7.552, 8.416], [3.44, 3.4, 3.25, 3.37, 3.76, 3.41, 3.12, 3.57, 4.17, 4.64, 5.43, 6.48, 6.63, 4.41, 2.54, 2.61, 3.18, 3.32, 2.74, 2.99, 2.75, 2.68, 3.01, 2.9, 2.51, 2.41, 2.27, 3.76, 4.36, 3.95, 3.18, 2.78, 2.98, 3.06, 2.74, 3.23, 3.6, 3.19, 3.59, 3.82, 3.06, 2.32, 2.25, 2.48, 2.61, 2.48, 2.41, 4.8, 8.1, 8.31, 8.05, 7.61, 5.45, 1.66, 1.57, 1.41, 1.73, 1.67, 1.29, 0, 1.48, 2.37, 2.66, 2.82, 2.74, 3.31, 3.4, 3.55, 3.81, 4.715, 5.017, 4.493, 4.173, 4.013, 3.66, 3.23, 3.09, 2.85, 3.24, 4.22, 4.911, 4.993, 5.333, 5.536, 6.696, 7.6], [4.12, 4.0, 3.87, 3.89, 4.4, 4.13, 3.76, 4.27, 5.05, 5.5, 6.59, 7.56, 7.75, 5.37, 3.0, 3.09, 3.34, 3.4, 3.16, 3.39, 3.03, 3.16, 3.49, 3.44, 3.09, 3.13, 3.37, 4.88, 5.48, 4.99, 4.1, 3.68, 4.0, 4.18, 3.84, 4.29, 4.64, 4.13, 4.57, 4.84, 4.16, 3.04, 2.89, 3.26, 3.39, 3.34, 3.27, 5.905, 9.308, 9.438, 9.11, 8.69, 6.55, 1.9, 1.47, 2.03, 2.53, 2.55, 2.37, 1.48, 0, 1.25, 1.56, 1.74, 1.58, 2.07, 2.24, 2.35, 2.59, 3.561, 3.96, 3.52, 3.26, 3.1, 2.66, 2.43, 2.27, 2.01, 2.48, 3.34, 3.865, 3.928, 4.188, 4.351, 5.436, 6.357], [4.75, 4.61, 4.44, 4.56, 5.05, 4.7, 4.37, 4.72, 5.56, 6.21, 7.56, 8.61, 8.68, 6.4, 3.79, 3.62, 3.81, 3.83, 3.89, 4.08, 3.56, 3.79, 4.02, 4.03, 3.6, 3.76, 4.28, 5.87, 6.51, 6.04, 5.11, 4.67, 5.01, 5.19, 4.89, 5.34, 5.69, 5.18, 5.52, 5.75, 5.09, 3.95, 3.76, 4.21, 4.36, 4.23, 4.08, 6.83, 10.27, 10.377, 10.16, 9.76, 7.6, 2.75, 2.12, 2.7, 3.28, 3.42, 3.12, 2.37, 1.25, 0, 0.89, 1.11, 0.97, 1.38, 1.39, 1.28, 1.66, 2.84, 3.17, 2.87, 2.79, 2.67, 2.43, 2.16, 2.24, 1.96, 2.17, 2.75, 3.05, 3.09, 3.33, 3.51, 4.554, 5.438], [5.12, 4.88, 4.69, 4.73, 5.28, 4.97, 4.64, 5.01, 5.79, 6.58, 7.73, 8.82, 8.901, 6.73, 4.08, 3.89, 3.98, 3.94, 3.98, 4.23, 3.79, 3.98, 4.19, 4.2, 3.85, 4.01, 4.51, 6.1, 6.72, 6.27, 5.32, 4.92, 5.24, 5.36, 4.96, 5.55, 5.92, 5.39, 5.81, 5.94, 5.38, 4.22, 3.97, 4.26, 4.59, 4.56, 4.39, 7.088, 10.48, 10.667, 10.41, 9.97, 7.81, 2.88, 2.31, 2.93, 3.49, 3.67, 3.47, 2.66, 1.56, 0.89, 0, 0.82, 0.84, 1.25, 1.16, 1.25, 1.63, 2.77, 3.1, 2.76, 2.68, 2.68, 2.52, 2.31, 2.43, 2.07, 2.22, 2.7, 3.0, 2.999, 3.279, 3.5, 4.47, 5.354], [5.24, 4.94, 4.69, 4.81, 5.38, 4.91, 4.74, 5.01, 5.87, 6.8, 7.97, 9.1, 9.181, 6.99, 4.32, 3.91, 3.96, 3.86, 4.0, 4.21, 3.75, 3.9, 4.19, 4.2, 3.83, 4.15, 4.77, 6.34, 6.96, 6.53, 5.58, 5.18, 5.5, 5.62, 5.24, 5.83, 6.2, 5.67, 6.01, 6.1, 5.54, 4.36, 4.15, 4.58, 4.89, 4.84, 4.67, 7.368, 10.7, 10.944, 10.69, 10.25, 8.09, 3.02, 2.21, 3.19, 3.81, 3.93, 3.59, 2.82, 1.74, 1.11, 0.82, 0, 0.76, 1.15, 1.06, 1.21, 1.49, 2.45, 2.86, 2.7, 2.66, 2.5, 2.48, 2.19, 2.33, 1.99, 2.02, 2.52, 2.68, 2.7, 2.98, 3.17, 4.29, 5.132], [5.16, 4.74, 4.67, 4.79, 5.28, 4.97, 4.66, 5.03, 5.99, 6.74, 7.91, 8.96, 9.149, 6.83, 4.12, 3.79, 3.82, 3.82, 3.88, 4.13, 3.69, 3.76, 4.11, 4.2, 3.65, 4.01, 4.69, 6.26, 6.88, 6.41, 5.46, 5.06, 5.4, 5.58, 5.26, 5.69, 6.06, 5.55, 5.89, 6.12, 5.44, 4.28, 4.07, 4.64, 4.83, 4.7, 4.59, 7.322, 10.7, 10.847, 10.55, 10.13, 7.95, 2.98, 2.07, 3.11, 3.71, 3.89, 3.61, 2.74, 1.58, 0.97, 0.84, 0.76, 0, 0.97, 1.14, 1.11, 1.37, 2.37, 2.68, 2.44, 2.48, 2.46, 2.32, 2.09, 2.25, 1.97, 1.94, 2.38, 2.58, 2.62, 2.88, 3.004, 4.082, 4.98], [5.81, 5.43, 5.4, 5.46, 5.85, 5.72, 5.31, 5.74, 6.7, 7.25, 8.06, 8.91, 9.073, 7.02, 4.57, 4.24, 4.37, 4.15, 4.35, 4.6, 4.22, 4.43, 4.76, 4.91, 4.42, 4.74, 4.86, 6.17, 6.79, 6.3, 5.39, 4.97, 5.29, 5.53, 5.29, 5.64, 5.944, 5.56, 5.92, 6.23, 5.55, 4.49, 4.14, 4.69, 4.86, 4.73, 4.6, 7.23, 10.61, 10.706, 10.429, 10.029, 7.871, 3.33, 2.6, 3.6, 4.04, 3.94, 4.0, 3.31, 2.07, 1.38, 1.25, 1.15, 0.97, 0, 0.81, 0.94, 1.4, 2.72, 3.15, 3.05, 3.19, 3.05, 2.99, 2.68, 2.98, 2.72, 2.69, 2.97, 2.71, 2.69, 2.97, 3.124, 4.092, 4.969], [5.9, 5.56, 5.45, 5.51, 5.92, 5.75, 5.34, 5.71, 6.59, 7.28, 8.21, 9.14, 9.21, 7.29, 4.7, 4.33, 4.48, 4.28, 4.54, 4.73, 4.27, 4.5, 4.75, 4.88, 4.45, 4.79, 5.07, 6.32, 6.96, 6.51, 5.58, 5.18, 5.5, 5.632, 5.38, 5.87, 6.22, 5.81, 6.19, 6.38, 5.78, 4.64, 4.31, 4.76, 5.01, 4.96, 4.75, 7.337, 10.726, 10.916, 10.699, 10.302, 8.096, 3.44, 2.87, 3.73, 4.09, 4.11, 4.11, 3.4, 2.24, 1.39, 1.16, 1.06, 1.14, 0.81, 0, 0.57, 1.27, 2.53, 3.04, 3.0, 3.18, 3.18, 3.14, 2.77, 2.99, 2.69, 2.62, 2.84, 2.72, 2.76, 3.0, 3.1, 4.047, 4.939], [5.87, 5.51, 5.42, 5.48, 5.91, 5.7, 5.33, 5.66, 6.66, 7.31, 8.42, 9.43, 9.468, 7.44, 4.73, 4.36, 4.43, 4.33, 4.55, 4.8, 4.28, 4.53, 4.78, 4.97, 4.48, 4.8, 5.2, 6.656, 7.296, 6.812, 5.884, 5.444, 5.81, 6.002, 5.71, 6.14, 6.476, 5.98, 6.4, 6.61, 5.99, 4.85, 4.58, 5.03, 5.26, 5.11, 4.9, 7.622, 11.064, 11.16, 10.958, 10.566, 8.38, 3.67, 2.9, 3.7, 4.22, 4.28, 4.18, 3.55, 2.35, 1.28, 1.25, 1.21, 1.11, 0.94, 0.57, 0, 1.1, 2.26, 2.75, 2.77, 3.01, 3.01, 3.01, 2.68, 3.0, 2.68, 2.61, 2.69, 2.51, 2.53, 2.73, 2.87, 3.714, 4.609], [5.43, 5.07, 5.16, 5.18, 5.55, 5.36, 4.91, 5.28, 6.3, 7.55, 8.947, 9.976, 10.105, 7.64, 4.63, 4.12, 4.09, 3.77, 4.33, 4.48, 3.94, 4.25, 4.46, 4.63, 4.14, 4.58, 5.623, 7.23, 7.867, 7.394, 6.45, 6.03, 6.364, 6.584, 6.31, 6.703, 7.042, 6.537, 6.972, 7.13, 6.557, 5.44, 5.169, 5.63, 5.774, 5.57, 5.426, 8.273, 11.67, 11.751, 11.509, 11.112, 8.957, 3.95, 2.82, 3.92, 4.66, 4.88, 4.63, 3.81, 2.59, 1.66, 1.63, 1.49, 1.37, 1.4, 1.27, 1.1, 0, 1.72, 2.27, 2.21, 2.45, 2.47, 2.49, 2.2, 2.54, 2.3, 2.15, 2.19, 1.69, 1.81, 1.97, 2.17, 3.07, 3.92], [5.77, 5.715, 5.827, 5.962, 6.346, 6.059, 5.29, 5.4, 6.871, 8.632, 9.967, 10.987, 11.238, 8.623, 5.57, 4.939, 4.41, 4.23, 4.89, 5.027, 4.659, 4.806, 4.856, 4.952, 4.831, 5.2, 6.654, 8.323, 8.926, 8.439, 7.433, 7.103, 7.412, 7.655, 7.229, 7.708, 7.95, 7.38, 7.569, 7.608, 7.088, 6.083, 5.997, 6.691, 6.882, 6.681, 6.542, 9.388, 12.763, 12.896, 12.551, 12.04, 9.943, 4.912, 3.519, 4.84, 5.662, 5.908, 5.617, 4.715, 3.561, 2.84, 2.77, 2.45, 2.37, 2.72, 2.53, 2.26, 1.72, 0, 1.15, 1.29, 1.35, 1.59, 1.77, 2.02, 2.26, 2.42, 2.07, 1.45, 1.17, 1.77, 1.77, 2.03, 2.65, 3.42], [6.083, 6.04, 6.041, 6.231, 6.611, 6.258, 5.522, 5.726, 7.089, 8.889, 10.264, 11.248, 11.506, 8.887, 5.808, 5.241, 4.52, 4.74, 5.136, 5.322, 4.975, 5.162, 5.172, 5.308, 5.146, 5.462, 6.935, 8.573, 9.182, 8.712, 7.712, 7.357, 7.685, 7.933, 7.531, 7.992, 8.235, 7.653, 7.854, 7.866, 7.385, 6.376, 6.347, 6.958, 7.135, 6.936, 6.801, 9.67, 13.042, 13.169, 12.827, 12.311, 10.219, 5.219, 3.872, 5.131, 5.942, 6.184, 5.873, 5.017, 3.96, 3.17, 3.1, 2.86, 2.68, 3.15, 3.04, 2.75, 2.27, 1.15, 0, 0.68, 1.02, 1.24, 1.6, 2.15, 2.29, 2.51, 2.1, 1.3, 1.6, 2.34, 2.28, 2.68, 3.26, 3.89], [5.554, 5.471, 5.481, 5.687, 6.108, 5.76, 5.101, 5.31, 6.569, 8.334, 9.712, 10.705, 10.963, 8.344, 5.262, 4.721, 4.22, 4.32, 4.7, 4.829, 4.495, 4.622, 4.652, 4.828, 4.606, 4.91, 6.387, 8.031, 8.654, 8.204, 7.203, 6.851, 7.168, 7.399, 7.014, 7.484, 7.72, 7.119, 7.297, 7.308, 6.83, 5.821, 5.847, 6.47, 6.621, 6.417, 6.298, 9.127, 12.499, 12.626, 12.284, 11.768, 9.676, 4.707, 3.392, 4.573, 5.389, 5.632, 5.318, 4.493, 3.52, 2.87, 2.76, 2.7, 2.44, 3.05, 3.0, 2.77, 2.21, 1.29, 0.68, 0, 0.58, 0.96, 1.18, 1.71, 1.79, 1.97, 1.62, 1.12, 1.74, 2.6, 2.58, 3.0, 3.64, 4.49], [5.143, 5.12, 5.181, 5.333, 5.728, 5.4, 4.662, 4.855, 6.209, 7.979, 9.369, 10.371, 10.634, 8.015, 4.942, 4.39, 3.86, 3.98, 4.36, 4.489, 4.135, 4.262, 4.352, 4.468, 4.266, 4.57, 6.052, 7.702, 8.311, 7.844, 6.843, 6.491, 6.811, 7.059, 6.654, 7.124, 7.358, 6.759, 6.948, 6.953, 6.501, 5.469, 5.487, 6.11, 6.258, 6.074, 5.947, 8.793, 12.167, 12.298, 11.947, 11.43, 9.347, 4.367, 3.072, 4.221, 5.047, 5.304, 4.963, 4.173, 3.26, 2.79, 2.68, 2.66, 2.48, 3.19, 3.18, 3.01, 2.45, 1.35, 1.02, 0.58, 0, 0.5, 0.8, 1.63, 1.59, 1.67, 1.44, 1.02, 1.98, 2.84, 2.82, 3.24, 3.84, 4.63], [4.96, 4.92, 4.976, 5.185, 5.585, 5.161, 4.442, 4.635, 5.966, 7.768, 9.161, 10.186, 10.429, 7.816, 4.736, 4.101, 3.6, 3.72, 4.14, 4.306, 3.912, 4.1, 4.133, 4.2, 4.047, 4.385, 5.856, 7.505, 8.148, 7.673, 6.672, 6.285, 6.631, 6.865, 6.497, 6.953, 7.183, 6.605, 6.825, 6.83, 6.398, 5.387, 5.347, 5.965, 6.09, 5.88, 5.744, 8.593, 11.965, 12.089, 11.756, 11.228, 9.167, 4.217, 2.89, 4.039, 4.859, 5.127, 4.767, 4.013, 3.1, 2.67, 2.68, 2.5, 2.46, 3.05, 3.18, 3.01, 2.47, 1.59, 1.24, 0.96, 0.5, 0, 0.62, 1.35, 1.47, 1.49, 1.3, 1.18, 2.18, 2.98, 2.98, 3.36, 3.96, 4.71], [4.62, 4.54, 4.616, 4.765, 5.174, 4.852, 4.163, 4.315, 5.638, 7.388, 8.83, 9.866, 10.072, 7.527, 4.446, 3.83, 3.42, 3.44, 3.8, 3.95, 3.57, 3.74, 3.77, 3.86, 3.707, 4.045, 5.533, 7.194, 7.8, 7.313, 6.372, 5.968, 6.308, 6.503, 6.077, 6.613, 6.892, 6.405, 6.619, 6.573, 6.101, 5.035, 4.987, 5.593, 5.704, 5.586, 5.45, 8.231, 11.628, 11.752, 11.413, 10.962, 8.856, 3.849, 2.59, 3.739, 4.473, 4.707, 4.371, 3.66, 2.66, 2.43, 2.52, 2.48, 2.32, 2.99, 3.14, 3.01, 2.49, 1.77, 1.6, 1.18, 0.8, 0.62, 0, 1.15, 1.25, 1.23, 1.36, 1.4, 2.28, 3.08, 3.12, 3.52, 4.14, 4.97], [4.29, 4.23, 4.226, 4.397, 4.819, 4.408, 3.729, 3.98, 5.265, 7.024, 8.408, 9.41, 9.679, 7.129, 4.03,