[[0, 0.82, 1.58, 1.75, 1.75, 1.59, 1.24, 1.69, 1.36, 1.67, 1.84, 1.58, 1.46, 2.59, 3.25, 2.72, 3.55, 3.63, 2.73, 2.77, 5.78, 7.81, 6.93, 6.76, 6.97, 7.85, 7.45, 6.83, 5.79, 6.53, 8.13, 8.65, 6.83, 5.79, 6.06, 5.46, 4.23, 3.27, 2.75, 2.84, 3.83, 4.52, 4.59, 4.88, 5.17, 6.085, 6.505, 6.34, 6.56, 6.9, 6.28, 3.62, 1.33, 1.21, 2.16, 2.25, 2.42, 2.44, 2.93, 4.14, 4.86, 5.45, 6.22, 7.464, 8.014, 7.351, 5.22, 4.21, 4.24, 3.68, 2.39, 2.02, 2.26, 3.33, 4.78, 5.23, 5.66, 4.96, 4.65, 4.54, 4.34, 3.95, 3.44, 3.01, 2.94, 2.08], [0.82, 0, 0.84, 0.99, 1.19, 1.15, 1.02, 1.25, 1.12, 1.25, 1.16, 1.04, 1.04, 2.05, 2.59, 2.1, 2.89, 3.01, 2.29, 2.11, 5.06, 7.11, 6.25, 6.08, 6.29, 7.17, 6.77, 6.15, 5.11, 5.85, 7.45, 7.97, 6.15, 5.11, 5.38, 4.78, 3.55, 2.59, 2.13, 2.18, 3.09, 3.78, 3.85, 4.14, 4.43, 5.36, 5.8, 5.62, 5.86, 6.2, 5.58, 2.9, 1.21, 1.87, 2.88, 3.03, 3.2, 3.18, 3.69, 4.86, 5.56, 6.17, 6.964, 8.207, 8.777, 8.094, 5.98, 4.97, 5.02, 4.48, 3.17, 2.68, 2.9, 4.11, 5.58, 6.03, 6.38, 5.68, 5.41, 5.28, 5.08, 4.69, 4.18, 3.75, 3.66, 2.52], [1.58, 0.84, 0, 0.41, 0.79, 0.81, 1.02, 0.91, 0.96, 1.15, 0.78, 0.8, 1.24, 1.53, 1.87, 1.42, 2.13, 2.27, 1.77, 1.47, 4.26, 6.31, 5.45, 5.32, 5.53, 6.39, 5.97, 5.37, 4.33, 5.05, 6.65, 7.17, 5.35, 4.31, 4.58, 3.98, 2.75, 1.89, 1.61, 1.54, 2.35, 2.98, 3.05, 3.34, 3.63, 4.56, 5.0, 4.82, 5.06, 5.4, 4.78, 2.14, 1.09, 2.55, 3.62, 3.81, 4.0, 3.96, 4.47, 5.66, 6.36, 6.97, 7.764, 9.007, 9.577, 8.894, 6.778, 5.757, 5.818, 5.258, 3.85, 3.2, 3.46, 4.75, 6.24, 6.77, 7.1, 6.46, 6.188, 6.08, 5.88, 5.49, 4.98, 4.55, 4.46, 3.26], [1.75, 0.99, 0.41, 0, 0.62, 0.72, 1.01, 0.96, 1.07, 1.18, 0.73, 0.95, 1.37, 1.42, 1.76, 1.29, 2.0, 2.18, 1.78, 1.52, 4.07, 6.14, 5.28, 5.13, 5.36, 6.22, 5.8, 5.2, 4.16, 4.88, 6.46, 6.98, 5.16, 4.12, 4.39, 3.79, 2.56, 1.78, 1.52, 1.47, 2.18, 2.79, 2.86, 3.15, 3.44, 4.37, 4.81, 4.63, 4.87, 5.21, 4.59, 1.99, 1.26, 2.68, 3.81, 3.98, 4.17, 4.13, 4.64, 5.85, 6.55, 7.16, 7.934, 9.177, 9.747, 9.081, 6.947, 5.927, 5.988, 5.428, 3.96, 3.31, 3.63, 4.88, 6.37, 6.92, 7.29, 6.65, 6.375, 6.27, 6.07, 5.68, 5.17, 4.74, 4.65, 3.45], [1.75, 1.19, 0.79, 0.62, 0, 0.56, 0.85, 1.08, 1.15, 1.3, 0.89, 0.99, 1.37, 1.32, 1.76, 1.33, 2.1, 2.24, 1.9, 1.54, 4.11, 6.16, 5.3, 5.19, 5.4, 6.24, 5.82, 5.22, 4.18, 4.9, 6.5, 7.02, 5.2, 4.16, 4.43, 3.83, 2.64, 1.8, 1.5, 1.55, 2.28, 2.89, 2.98, 3.23, 3.54, 4.43, 4.87, 4.67, 4.91, 5.25, 4.65, 2.03, 1.34, 2.7, 3.75, 3.88, 4.07, 4.09, 4.58, 5.79, 6.49, 7.1, 7.851, 9.094, 9.664, 9.018, 6.878, 5.86, 5.93, 5.33, 3.88, 3.23, 3.65, 4.74, 6.23, 6.84, 7.29, 6.63, 6.312, 6.21, 6.01, 5.62, 5.11, 4.68, 4.63, 3.39], [1.59, 1.15, 0.81, 0.72, 0.56, 0, 0.61, 1.18, 1.25, 1.5, 1.23, 1.25, 1.49, 1.42, 1.98, 1.55, 2.28, 2.42, 2.02, 1.74, 4.37, 6.42, 5.56, 5.45, 5.66, 6.5, 6.08, 5.48, 4.44, 5.16, 6.74, 7.26, 5.44, 4.4, 4.67, 4.07, 2.84, 1.98, 1.62, 1.75, 2.48, 3.11, 3.2, 3.47, 3.76, 4.69, 5.13, 4.93, 5.15, 5.49, 4.87, 2.29, 1.34, 2.52, 3.51, 3.7, 3.89, 3.91, 4.4, 5.53, 6.27, 6.84, 7.637, 8.88, 9.45, 8.764, 6.645, 5.66, 5.73, 5.13, 3.72, 3.19, 3.57, 4.62, 6.11, 6.7, 7.09, 6.41, 6.058, 5.95, 5.75, 5.36, 4.85, 4.44, 4.41, 3.17], [1.24, 1.02, 1.02, 1.01, 0.85, 0.61, 0, 1.17, 1.12, 1.45, 1.32, 1.3, 1.34, 1.69, 2.31, 1.8, 2.61, 2.73, 1.97, 1.99, 4.8, 6.83, 5.97, 5.8, 6.03, 6.91, 6.49, 5.89, 4.85, 5.57, 7.17, 7.69, 5.87, 4.83, 5.1, 4.5, 3.29, 2.41, 1.93, 2.08, 2.89, 3.56, 3.63, 3.92, 4.23, 5.12, 5.56, 5.36, 5.58, 5.92, 5.3, 2.66, 1.33, 2.07, 3.06, 3.29, 3.48, 3.46, 3.95, 5.1, 5.82, 6.41, 7.21, 8.453, 9.023, 8.334, 6.228, 5.25, 5.313, 4.74, 3.31, 2.82, 3.1, 4.19, 5.68, 6.25, 6.64, 5.94, 5.628, 5.52, 5.32, 4.93, 4.42, 3.99, 3.92, 2.72], [1.69, 1.25, 0.91, 0.96, 1.08, 1.18, 1.17, 0, 0.53, 0.78, 1.13, 1.21, 1.47, 1.78, 2.18, 1.53, 2.2, 2.24, 1.42, 1.44, 4.39, 6.42, 5.54, 5.37, 5.58, 6.46, 6.06, 5.44, 4.4, 5.14, 6.74, 7.26, 5.44, 4.4, 4.67, 4.07, 2.9, 2.16, 2.12, 1.87, 2.5, 3.19, 3.26, 3.51, 3.82, 4.675, 5.135, 4.941, 5.17, 5.53, 4.95, 2.37, 1.3, 2.56, 3.55, 3.76, 3.95, 3.89, 4.36, 5.57, 6.25, 6.84, 7.67, 8.925, 9.475, 8.75, 6.741, 5.715, 5.825, 5.245, 3.74, 3.11, 3.41, 4.62, 6.13, 6.72, 7.05, 6.35, 6.04, 5.93, 5.73, 5.34, 4.83, 4.4, 4.31, 3.17], [1.36, 1.12, 0.96, 1.07, 1.15, 1.25, 1.12, 0.53, 0, 0.75, 1.24, 1.1, 1.34, 2.01, 2.49, 1.9, 2.67, 2.73, 1.77, 1.87, 4.9, 6.93, 6.05, 5.88, 6.09, 6.97, 6.57, 5.95, 4.91, 5.65, 7.25, 7.77, 5.95, 4.91, 5.18, 4.58, 3.37, 2.53, 2.33, 2.22, 2.97, 3.66, 3.75, 3.98, 4.29, 5.185, 5.625, 5.431, 5.68, 6.016, 5.42, 2.78, 1.15, 2.11, 3.08, 3.29, 3.5, 3.44, 3.91, 5.1, 5.76, 6.35, 7.2, 8.455, 9.005, 8.245, 6.274, 5.245, 5.355, 4.778, 3.31, 2.66, 3.04, 4.19, 5.68, 6.27, 6.58, 5.88, 5.53, 5.42, 5.22, 4.83, 4.32, 3.89, 3.8, 2.7], [1.67, 1.25, 1.15, 1.18, 1.3, 1.5, 1.45, 0.78, 0.75, 0, 0.89, 1.19, 1.61, 2.2, 2.46, 1.69, 2.32, 2.46, 1.7, 1.7, 4.53, 6.56, 5.7, 5.53, 5.74, 6.62, 6.22, 5.6, 4.56, 5.3, 6.9, 7.42, 5.6, 4.56, 4.83, 4.25, 3.04, 2.26, 2.32, 2.11, 2.62, 3.27, 3.36, 3.61, 3.919, 4.832, 5.272, 5.09, 5.31, 5.65, 5.03, 2.61, 1.28, 2.46, 3.43, 3.66, 3.85, 3.79, 4.24, 5.45, 6.09, 6.68, 7.545, 8.788, 9.358, 8.613, 6.65, 5.62, 5.73, 5.19, 3.7, 3.11, 3.39, 4.64, 6.13, 6.62, 6.95, 6.25, 5.92, 5.79, 5.59, 5.2, 4.69, 4.26, 4.17, 3.05], [1.84, 1.16, 0.78, 0.73, 0.89, 1.23, 1.32, 1.13, 1.24, 0.89, 0, 0.94, 1.5, 1.75, 1.91, 1.36, 1.89, 2.15, 1.81, 1.63, 4.02, 6.07, 5.21, 5.04, 5.27, 6.15, 5.73, 5.13, 4.09, 4.81, 6.41, 6.93, 5.11, 4.07, 4.34, 3.74, 2.53, 1.77, 1.71, 1.56, 2.15, 2.76, 2.83, 3.1, 3.41, 4.34, 4.78, 4.58, 4.82, 5.16, 4.54, 2.08, 1.49, 2.85, 3.84, 4.01, 4.2, 4.18, 4.69, 5.88, 6.58, 7.19, 7.981, 9.224, 9.794, 9.114, 7.038, 5.985, 6.08, 5.52, 4.11, 3.46, 3.74, 5.03, 6.52, 6.97, 7.32, 6.68, 6.41, 6.3, 6.1, 5.71, 5.2, 4.77, 4.68, 3.48], [1.58, 1.04, 0.8, 0.95, 0.99, 1.25, 1.3, 1.21, 1.1, 1.19, 0.94, 0, 0.82, 1.45, 1.95, 1.52, 2.31, 2.41, 1.81, 1.59, 4.54, 6.57, 5.59, 5.36, 5.55, 6.45, 6.03, 5.47, 4.43, 5.13, 6.71, 7.23, 5.51, 4.47, 4.7, 4.16, 2.91, 1.95, 1.65, 1.6, 2.41, 3.06, 3.13, 3.42, 3.75, 4.7, 5.14, 4.94, 5.16, 5.5, 4.84, 2.22, 1.29, 2.53, 3.58, 3.53, 3.76, 3.84, 4.35, 5.58, 6.3, 6.89, 7.52, 8.743, 9.413, 8.773, 6.68, 5.59, 5.7, 5.16, 3.69, 3.02, 3.32, 4.57, 6.08, 6.61, 7.06, 6.42, 6.147, 6.0, 5.774, 5.378, 4.874, 4.47, 4.38, 3.18], [1.46, 1.04, 1.24, 1.37, 1.37, 1.49, 1.34, 1.47, 1.34, 1.61, 1.5, 0.82, 0, 1.51, 1.97, 1.76, 2.75, 2.89, 1.99, 1.99, 5.06, 7.07, 6.07, 5.78, 5.99, 6.91, 6.43, 5.93, 4.85, 5.55, 7.11, 7.59, 5.99, 4.95, 5.18, 4.64, 3.39, 2.43, 1.95, 1.86, 2.79, 3.56, 3.63, 3.96, 4.25, 5.04, 5.48, 5.38, 5.52, 5.9, 5.28, 2.7, 1.35, 2.37, 3.44, 3.41, 3.62, 3.7, 4.25, 5.479, 6.2, 6.789, 7.393, 8.596, 9.266, 8.606, 6.493, 5.383, 5.513, 4.96, 3.47, 2.76, 3.02, 4.31, 5.86, 6.49, 6.911, 6.211, 5.941, 5.81, 5.59, 5.2, 4.724, 4.315, 4.26, 3.1], [2.59, 2.05, 1.53, 1.42, 1.32, 1.42, 1.69, 1.78, 2.01, 2.2, 1.75, 1.45, 1.51, 0, 1.04, 1.19, 2.02, 2.22, 2.12, 1.86, 3.97, 5.94, 4.96, 4.67, 4.88, 5.8, 5.32, 4.82, 3.78, 4.5, 6.0, 6.48, 4.88, 3.88, 4.13, 3.59, 2.56, 1.58, 1.3, 1.41, 2.0, 2.63, 2.62, 2.97, 3.26, 3.93, 4.35, 4.31, 4.45, 4.83, 4.15, 1.75, 1.78, 3.58, 4.59, 4.544, 4.774, 4.89, 5.42, 6.591, 7.33, 7.901, 8.523, 9.726, 10.413, 9.773, 7.623, 6.533, 6.683, 6.123, 4.64, 3.91, 4.25, 5.46, 7.01, 7.66, 8.09, 7.43, 7.11, 6.977, 6.757, 6.367, 5.877, 5.484, 5.434, 4.23], [3.25, 2.59, 1.87, 1.76, 1.76, 1.98, 2.31, 2.18, 2.49, 2.46, 1.91, 1.95, 1.97, 1.04, 0, 0.97, 1.8, 1.98, 2.36, 1.78, 3.25, 5.26, 4.26, 3.97, 4.16, 5.08, 4.6, 4.1, 3.02, 3.72, 5.28, 5.76, 4.16, 3.12, 3.35, 2.85, 1.86, 0.9, 0.92, 0.99, 1.4, 2.01, 2.0, 2.33, 2.64, 3.27, 3.67, 3.59, 3.71, 4.09, 3.49, 1.33, 2.24, 4.22, 5.328, 5.298, 5.53, 5.554, 6.101, 7.368, 8.105, 8.678, 9.283, 10.486, 11.156, 10.504, 8.32, 7.253, 7.343, 6.763, 5.26, 4.51, 4.75, 6.04, 7.59, 8.27, 8.72, 8.06, 7.79, 7.668, 7.485, 7.078, 6.614, 6.204, 6.131, 4.951], [2.72, 2.1, 1.42, 1.29, 1.33, 1.55, 1.8, 1.53, 1.9, 1.69, 1.36, 1.52, 1.76, 1.19, 0.97, 0, 1.63, 1.61, 1.71, 1.37, 3.5, 5.51, 4.53, 4.32, 4.49, 5.41, 4.97, 4.43, 3.39, 4.09, 5.67, 6.15, 4.45, 3.35, 3.6, 3.08, 1.91, 1.15, 1.15, 1.2, 1.47, 2.08, 2.21, 2.48, 2.71, 3.48, 3.9, 3.78, 3.96, 4.34, 3.86, 1.56, 1.79, 3.69, 4.8, 4.77, 5.0, 5.036, 5.563, 6.83, 7.56, 8.14, 8.815, 10.018, 10.618, 9.978, 7.823, 6.795, 6.865, 6.285, 4.71, 4.08, 4.34, 5.61, 7.08, 7.792, 8.182, 7.542, 7.272, 7.179, 6.979, 6.589, 6.079, 5.666, 5.593, 4.413], [3.55, 2.89, 2.13, 2.0, 2.1, 2.28, 2.61, 2.2, 2.67, 2.32, 1.89, 2.31, 2.75, 2.02, 1.8, 1.63, 0, 1.14, 1.52, 1.36, 2.45, 4.36, 3.4, 3.25, 3.5, 4.32, 3.9, 3.3, 2.36, 3.02, 4.58, 5.1, 3.28, 2.32, 2.57, 1.97, 1.56, 1.54, 1.9, 1.73, 1.32, 1.65, 1.66, 1.93, 2.0, 2.75, 3.07, 3.09, 3.15, 3.51, 3.01, 1.37, 2.62, 4.52, 5.65, 5.62, 5.83, 5.91, 6.44, 7.69, 8.41, 9.0, 9.65, 10.862, 11.514, 10.874, 8.691, 7.629, 7.682, 7.102, 5.509, 4.779, 4.99, 6.25, 7.839, 8.629, 9.059, 8.419, 8.149, 8.056, 7.856, 7.466, 6.97, 6.56, 6.47, 5.29], [3.63, 3.01, 2.27, 2.18, 2.24, 2.42, 2.73, 2.24, 2.73, 2.46, 2.15, 2.41, 2.89, 2.22, 1.98, 1.61, 1.14, 0, 1.28, 1.1, 2.49, 4.24, 3.34, 3.15, 3.38, 4.24, 3.84, 3.22, 2.22, 2.92, 4.52, 5.04, 3.22, 2.48, 2.69, 2.17, 1.74, 1.92, 2.18, 1.93, 1.48, 1.85, 1.92, 2.07, 2.14, 2.91, 3.21, 3.27, 3.39, 3.65, 3.37, 1.41, 2.84, 4.6, 5.71, 5.7, 5.89, 5.97, 6.5, 7.75, 8.47, 9.06, 9.71, 10.939, 11.583, 10.943, 8.757, 7.68, 7.75, 7.17, 5.595, 4.865, 5.03, 6.298, 7.888, 8.697, 9.127, 8.487, 8.217, 8.124, 7.924, 7.534, 7.03, 6.62, 6.53, 5.35], [2.73, 2.29, 1.77, 1.78, 1.9, 2.02, 1.97, 1.42, 1.77, 1.7, 1.81, 1.81, 1.99, 2.12, 2.36, 1.71, 1.52, 1.28, 0, 0.92, 3.61, 5.44, 4.46, 4.31, 4.5, 5.38, 4.98, 4.36, 3.32, 4.06, 5.66, 6.18, 4.38, 3.46, 3.71, 3.21, 2.34, 2.24, 2.48, 1.95, 1.9, 2.49, 2.6, 2.77, 2.9, 3.73, 4.21, 4.03, 4.31, 4.59, 4.23, 1.99, 2.04, 3.48, 4.57, 4.54, 4.77, 4.83, 5.38, 6.61, 7.35, 7.92, 8.576, 9.779, 10.432, 9.792, 7.631, 6.549, 6.66, 6.079, 4.48, 3.77, 4.01, 5.255, 6.805, 7.586, 7.996, 7.356, 7.086, 6.993, 6.793, 6.403, 5.893, 5.48, 5.39, 4.21], [2.77, 2.11, 1.47, 1.52, 1.54, 1.74, 1.99, 1.44, 1.87, 1.7, 1.63, 1.59, 1.99, 1.86, 1.78, 1.37, 1.36, 1.1, 0.92, 0, 3.21, 5.18, 4.24, 4.11, 4.32, 5.18, 4.76, 4.16, 3.12, 3.84, 5.44, 5.96, 4.14, 3.14, 3.37, 2.83, 1.9, 1.68, 1.86, 1.35, 1.5, 2.05, 2.2, 2.41, 2.6, 3.43, 3.81, 3.67, 3.93, 4.25, 3.79, 1.51, 1.9, 3.68, 4.81, 4.8, 5.01, 5.09, 5.62, 6.85, 7.55, 8.16, 8.819, 10.022, 10.694, 10.054, 7.882, 6.829, 6.917, 6.322, 4.74, 4.03, 4.25, 5.48, 7.05, 7.849, 8.259, 7.619, 7.349, 7.256, 7.056, 6.666, 6.156, 5.74, 5.65, 4.45], [5.78, 5.06, 4.26, 4.07, 4.11, 4.37, 4.8, 4.39, 4.9, 4.53, 4.02, 4.54, 5.06, 3.97, 3.25, 3.5, 2.45, 2.49, 3.61, 3.21, 0, 2.09, 1.59, 1.78, 1.97, 2.39, 1.85, 1.37, 0.99, 1.57, 2.83, 2.95, 1.41, 1.25, 1.3, 1.48, 1.93, 2.75, 3.33, 3.26, 2.31, 1.78, 1.81, 1.78, 1.37, 1.42, 1.42, 1.26, 1.1, 1.4, 1.24, 2.4, 4.77, 6.73, 7.86, 7.91, 8.06, 8.14, 8.67, 9.9, 10.6, 11.21, 11.886, 13.129, 13.759, 13.119, 10.932, 9.868, 9.946, 9.366, 7.773, 7.052, 7.22, 8.505, 10.066, 10.893, 11.307, 10.683, 10.413, 10.32, 10.12, 9.73, 9.22, 8.79, 8.7, 7.5], [7.81, 7.11, 6.31, 6.14, 6.16, 6.42, 6.83, 6.42, 6.93, 6.56, 6.07, 6.57, 7.07, 5.94, 5.26, 5.51, 4.36, 4.24, 5.44, 5.18, 2.09, 0, 1.24, 1.49, 1.3, 1.16, 1.46, 1.7, 2.36, 2.24, 2.0, 1.68, 1.46, 2.44, 2.25, 2.69, 3.84, 4.76, 5.36, 5.27, 4.32, 3.67, 3.66, 3.35, 2.96, 2.23, 1.85, 2.01, 1.67, 1.41, 1.95, 4.39, 6.78, 8.76, 9.89, 9.92, 10.09, 10.17, 10.7, 11.93, 12.65, 13.24, 13.896, 15.139, 15.786, 15.146, 12.959, 11.887, 11.973, 11.393, 9.8, 9.07, 9.23, 10.503, 12.077, 12.92, 13.334, 12.71, 12.44, 12.347, 12.147, 11.757, 11.247, 10.82, 10.73, 9.53], [6.93, 6.25, 5.45, 5.28, 5.3, 5.56, 5.97, 5.54, 6.05, 5.7, 5.21, 5.59, 6.07, 4.96, 4.26, 4.53, 3.4, 3.34, 4.46, 4.24, 1.59, 1.24, 0, 0.87, 1.16, 1.2, 1.28, 1.3, 1.62, 1.56, 1.76, 1.8, 1.2, 1.7, 1.71, 2.11, 3.06, 3.78, 4.4, 4.31, 3.34, 2.73, 2.76, 2.43, 2.2, 1.67, 1.33, 1.57, 1.25, 1.23, 1.45, 3.45, 5.88, 7.9, 9.03, 9.0, 9.21, 9.29, 9.82, 11.07, 11.79, 12.38, 13.019, 14.236, 14.892, 14.252, 12.062, 10.989, 11.076, 10.496, 8.903, 8.173, 8.336, 9.609, 11.199, 12.026, 12.436, 11.813, 11.543, 11.45, 11.25, 10.86, 10.353, 9.94, 9.85, 8.67], [6.76, 6.08, 5.32, 5.13, 5.19, 5.45, 5.8, 5.37, 5.88, 5.53, 5.04, 5.36, 5.78, 4.67, 3.97, 4.32, 3.25, 3.15, 4.31, 4.11, 1.78, 1.49, 0.87, 0, 0.93, 1.25, 1.39, 1.55, 1.73, 1.65, 1.69, 1.89, 1.25, 1.69, 1.76, 2.14, 3.01, 3.63, 4.21, 4.1, 3.17, 2.58, 2.55, 2.34, 2.21, 1.78, 1.42, 1.74, 1.38, 1.38, 1.36, 3.28, 5.75, 7.73, 8.86, 8.83, 9.04, 9.114, 9.65, 10.9, 11.62, 12.21, 12.843, 14.046, 14.716, 14.076, 11.874, 10.801, 10.883, 10.303, 8.71, 7.966, 8.14, 9.413, 11.003, 11.83, 12.248, 11.606, 11.35, 11.243, 11.057, 10.653, 10.174, 9.764, 9.68, 8.5], [6.97, 6.29, 5.53, 5.36, 5.4, 5.66, 6.03, 5.58, 6.09, 5.74, 5.27, 5.55, 5.99, 4.88, 4.16, 4.49, 3.5, 3.38, 4.5, 4.32, 1.97, 1.3, 1.16, 0.93, 0, 1.1, 1.42, 1.68, 1.82, 1.84, 1.94, 1.94, 1.42, 1.84, 2.01, 2.39, 3.16, 3.76, 4.36, 4.25, 3.32, 2.75, 2.82, 2.47, 2.36, 1.99, 1.69, 1.87, 1.51, 1.47, 1.59, 3.49, 5.94, 7.94, 9.07, 9.04, 9.25, 9.318, 9.86, 11.11, 11.83, 12.42, 13.047, 14.25, 14.92, 14.28, 12.084, 10.997, 11.087, 10.507, 8.911, 8.201, 8.37, 9.637, 11.187, 12.031, 12.444, 11.813, 11.551, 11.453, 11.261, 10.863, 10.378, 9.968, 9.89, 8.71], [7.85, 7.17, 6.39, 6.22, 6.24, 6.5, 6.91, 6.46, 6.97, 6.62, 6.15, 6.45, 6.91, 5.8, 5.08, 5.41, 4.32, 4.24, 5.38, 5.18, 2.39, 1.16, 1.2, 1.25, 1.1, 0, 1.1, 1.48, 2.34, 1.8, 1.46, 1.36, 1.6, 2.48, 2.47, 2.77, 3.8, 4.66, 5.28, 5.17, 4.18, 3.55, 3.58, 3.27, 3.0, 2.51, 2.13, 2.31, 1.91, 1.75, 2.05, 4.29, 6.8, 8.82, 9.95, 9.92, 10.13, 10.204, 10.74, 11.99, 12.71, 13.3, 13.93, 15.136, 15.806, 15.166, 12.97, 11.883, 11.973, 11.393, 9.797, 9.058, 9.227, 10.494, 12.073, 12.917, 13.33, 12.698, 12.437, 12.338, 12.147, 11.748, 11.264, 10.854, 10.77, 9.59], [7.45, 6.77, 5.97, 5.8, 5.82, 6.08, 6.49, 6.06, 6.57, 6.22, 5.73, 6.03, 6.43, 5.32, 4.6, 4.97, 3.9, 3.84, 4.98, 4.76, 1.85, 1.46, 1.28, 1.39, 1.42, 1.1, 0, 0.92, 1.82, 1.64, 1.94, 1.74, 1.26, 1.98, 1.81, 2.25, 3.34, 4.2, 4.84, 4.73, 3.74, 3.09, 3.06, 2.77, 2.46, 1.93, 1.83, 1.77, 1.47, 1.43, 1.51, 3.87, 6.4, 8.42, 9.55, 9.52, 9.73, 9.798, 10.34, 11.59, 12.31, 12.9, 13.527, 14.73, 15.4, 14.76, 12.558, 11.477, 11.567, 10.987, 9.391, 8.647, 8.821, 10.083, 11.667, 12.511, 12.924, 12.287, 12.031, 11.927, 11.741, 11.337, 10.858, 10.448, 10.37, 9.19], [6.83, 6.15, 5.37, 5.2, 5.22, 5.48, 5.89, 5.44, 5.95, 5.6, 5.13, 5.47, 5.93, 4.82, 4.1, 4.43, 3.3, 3.22, 4.36, 4.16, 1.37, 1.7, 1.3, 1.55, 1.68, 1.48, 0.92, 0, 1.28, 1.46, 2.12, 2.1, 1.08, 1.64, 1.43, 1.75, 2.8, 3.66, 4.3, 4.19, 3.2, 2.57, 2.6, 2.31, 2.08, 1.65, 1.71, 1.55, 1.49, 1.69, 1.45, 3.27, 5.78, 7.8, 8.93, 8.9, 9.11, 9.19, 9.72, 10.97, 11.69, 12.28, 12.89, 14.11, 14.792, 14.152, 11.939, 10.866, 10.953, 10.373, 8.783, 8.044, 8.213, 9.474, 11.056, 11.903, 12.316, 11.684, 11.423, 11.324, 11.133, 10.734, 10.25, 9.84, 9.75, 8.57], [5.79, 5.11, 4.33, 4.16, 4.18, 4.44, 4.85, 4.4, 4.91, 4.56, 4.09, 4.43, 4.85, 3.78, 3.02, 3.39, 2.36, 2.22, 3.32, 3.12, 0.99, 2.36, 1.62, 1.73, 1.82, 2.34, 1.82, 1.28, 0, 1.24, 2.7, 2.92, 1.26, 1.28, 1.21, 1.25, 1.8, 2.62, 3.26, 3.15, 2.18, 1.73, 1.8, 1.79, 1.42, 1.45, 1.57, 1.51, 1.69, 1.89, 1.61, 2.23, 4.74, 6.76, 7.89, 7.86, 8.07, 8.15, 8.68, 9.93, 10.65, 11.24, 11.85, 13.07, 13.752, 13.112, 10.899, 9.826, 9.913, 9.333, 7.743, 7.03, 7.21, 8.46, 10.016, 10.863, 11.276, 10.638, 10.383, 10.278, 10.093, 9.688, 9.21, 8.8, 8.71, 7.53], [6.53, 5.85, 5.05, 4.88, 4.9, 5.16, 5.57, 5.14, 5.65, 5.3, 4.81, 5.13, 5.55, 4.5, 3.72, 4.09, 3.02, 2.92, 4.06, 3.84, 1.57, 2.24, 1.56, 1.65, 1.84, 1.8, 1.64, 1.46, 1.24, 0, 1.74, 2.12, 1.42, 1.54, 1.45, 1.69, 2.46, 3.32, 3.96, 3.85, 2.9, 2.33, 2.34, 2.21, 1.86, 1.91, 1.99, 2.13, 2.03, 2.15, 1.91, 3.01, 5.48, 7.5, 8.63, 8.6, 8.81, 8.884, 9.42, 10.67, 11.39, 11.98, 12.59, 13.81, 14.486, 13.846, 11.633, 10.56, 10.647, 10.067, 8.477, 7.767, 7.93, 9.2, 10.75, 11.597, 12.01, 11.373, 11.117, 11.013, 10.827, 10.423, 9.944, 9.534, 9.45, 8.27], [8.13, 7.45, 6.65, 6.46, 6.5, 6.74, 7.17, 6.74, 7.25, 6.9, 6.41, 6.71, 7.11, 6.0, 5.28, 5.67, 4.58, 4.52, 5.66, 5.44, 2.83, 2.0, 1.76, 1.69, 1.94, 1.46, 1.94, 2.12, 2.7, 1.74, 0, 0.96, 1.76, 2.46, 2.51, 2.89, 3.9, 4.9, 5.56, 5.43, 4.44, 3.81, 3.78, 3.41, 3.18, 2.73, 2.37, 2.63, 2.35, 2.35, 2.41, 4.55, 7.08, 9.1, 10.23, 10.2, 10.41, 10.481, 11.02, 12.27, 12.99, 13.58, 14.19, 15.39, 16.071, 15.431, 13.23, 12.157, 12.244, 11.664, 10.074, 9.327, 9.504, 10.757, 12.347, 13.194, 13.607, 12.967, 12.714, 12.607, 12.424, 12.017, 11.541, 11.131, 11.05, 9.87], [8.65, 7.97, 7.17, 6.98, 7.02, 7.26, 7.69, 7.26, 7.77, 7.42, 6.93, 7.23, 7.59, 6.48, 5.76, 6.15, 5.1, 5.04, 6.18, 5.96, 2.95, 1.68, 1.8, 1.89, 1.94, 1.36, 1.74, 2.1, 2.92, 2.12, 0.96, 0, 1.9, 2.92, 2.73, 3.27, 4.42, 5.4, 6.02, 5.91, 4.92, 4.23, 4.18, 3.91, 3.62, 2.81, 2.47, 2.59, 2.27, 2.03, 2.45, 5.07, 7.6, 9.62, 10.75, 10.72, 10.93, 10.995, 11.54, 12.79, 13.51, 14.1, 14.71, 15.91, 16.585, 15.945, 13.744, 12.671, 12.758, 12.178, 10.588, 9.841, 10.018, 11.288, 12.861, 13.708, 14.121, 13.481, 13.228, 13.121, 12.938, 12.531, 12.055, 11.645, 11.57, 10.39], [6.83, 6.15, 5.35, 5.16, 5.2, 5.44, 5.87, 5.44, 5.95, 5.6, 5.11, 5.51, 5.99, 4.88, 4.16, 4.45, 3.28, 3.22, 4.38, 4.14, 1.41, 1.46, 1.2, 1.25, 1.42, 1.6, 1.26, 1.08, 1.26, 1.42, 1.76, 1.9, 0, 1.2, 1.15, 1.49, 2.68, 3.68, 4.32, 4.21, 3.26, 2.57, 2.56, 2.27, 1.9, 1.25, 1.17, 1.19, 1.23, 1.35, 1.23, 3.33, 5.78, 7.8, 8.93, 8.9, 9.11, 9.19, 9.72, 10.97, 11.69, 12.28, 12.89, 14.09, 14.78, 14.14, 11.942, 10.869, 10.956, 10.376, 8.786, 8.053, 8.216, 9.483, 11.059, 11.906, 12.319, 11.693, 11.426, 11.333, 11.136, 10.743, 10.25, 9.84, 9.75, 8.57], [5.79, 5.11, 4.31, 4.12, 4.16, 4.4, 4.83, 4.4, 4.91, 4.56, 4.07, 4.47, 4.95, 3.88, 3.12, 3.35, 2.32, 2.48, 3.46, 3.14, 1.25, 2.44, 1.7, 1.69, 1.84, 2.48, 1.98, 1.64, 1.28, 1.54, 2.46, 2.92, 1.2, 0, 0.75, 0.93, 1.6, 2.62, 3.26, 3.17, 2.22, 1.55, 1.56, 1.23, 1.08, 0.83, 1.01, 1.17, 1.27, 1.49, 1.23, 2.35, 4.74, 6.76, 7.89, 7.86, 8.07, 8.144, 8.68, 9.93, 10.65, 11.24, 11.85, 13.05, 13.734, 13.094, 10.893, 9.849, 9.907, 9.327, 7.757, 7.03, 7.23, 8.48, 10.039, 10.857, 11.27, 10.647, 10.377, 10.287, 10.087, 9.697, 9.204, 8.794, 8.71, 7.53], [6.06, 5.38, 4.58, 4.39, 4.43, 4.67, 5.1, 4.67, 5.18, 4.83, 4.34, 4.7, 5.18, 4.13, 3.35, 3.6, 2.57, 2.69, 3.71, 3.37, 1.3, 2.25, 1.71, 1.76, 2.01, 2.47, 1.81, 1.43, 1.21, 1.45, 2.51, 2.73, 1.15, 0.75, 0, 0.88, 1.87, 2.85, 3.49, 3.4, 2.45, 1.76, 1.77, 1.56, 1.25, 1.06, 1.2, 1.24, 1.46, 1.56, 1.34, 2.62, 5.01, 7.03, 8.16, 8.13, 8.34, 8.411, 8.95, 10.2, 10.92, 11.51, 12.12, 13.32, 14.001, 13.361, 11.16, 10.107, 10.174, 9.594, 8.004, 7.3, 7.48, 8.73, 10.297, 11.124, 11.537, 10.914, 10.644, 10.554, 10.354, 9.964, 9.471, 9.061, 8.98, 7.8], [5.46, 4.78, 3.98, 3.79, 3.83, 4.07, 4.5, 4.07, 4.58, 4.25, 3.74, 4.16, 4.64, 3.59, 2.85, 3.08, 1.97, 2.17, 3.21, 2.83, 1.48, 2.69, 2.11, 2.14, 2.39, 2.77, 2.25, 1.75, 1.25, 1.69, 2.89, 3.27, 1.49, 0.93, 0.88, 0, 1.35, 2.37, 2.99, 2.86, 1.93, 1.36, 1.39, 1.34, 1.09, 1.3, 1.58, 1.68, 1.82, 2.06, 1.62, 2.0, 4.41, 6.43, 7.56, 7.53, 7.74, 7.82, 8.35, 9.6, 10.32, 10.91, 11.52, 12.72, 13.41, 12.77, 10.572, 9.499, 9.586, 9.006, 7.416, 6.686, 6.86, 8.13, 9.689, 10.536, 10.949, 10.326, 10.056, 9.966, 9.766, 9.376, 8.88, 8.47, 8.38, 7.2], [4.23, 3.55, 2.75, 2.56, 2.64, 2.84, 3.29, 2.9, 3.37, 3.04, 2.53, 2.91, 3.39, 2.56, 1.86, 1.91, 1.56, 1.74, 2.34, 1.9, 1.93, 3.84, 3.06, 3.01, 3.16, 3.8, 3.34, 2.8, 1.8, 2.46, 3.9, 4.42, 2.68, 1.6, 1.87, 1.35, 0, 1.42, 1.88, 1.65, 0.98, 0.87, 0.98, 1.15, 1.2, 1.95, 2.39, 2.27, 2.43, 2.77, 2.19, 0.95, 3.18, 5.2, 6.33, 6.3, 6.53, 6.59, 7.12, 8.37, 9.09, 9.68, 10.29, 11.51, 12.183, 11.543, 9.33, 8.292, 8.364, 7.79, 6.2, 5.53, 5.79, 7.04, 8.55, 9.294, 9.707, 9.084, 8.814, 8.724, 8.524, 8.134, 7.641, 7.231, 7.15, 5.97], [3.27, 2.59, 1.89, 1.78, 1.8, 1.98, 2.41, 2.16, 2.53, 2.26, 1.77, 1.95, 2.43, 1.58, 0.9, 1.15, 1.54, 1.92, 2.24, 1.68, 2.75, 4.76, 3.78, 3.63, 3.76, 4.66, 4.2, 3.66, 2.62, 3.32, 4.9, 5.4, 3.68, 2.62, 2.85, 2.37, 1.42, 0, 0.86, 0.89, 0.98, 1.47, 1.56, 1.79, 2.0, 2.89, 3.33, 3.15, 3.33, 3.67, 3.05, 1.33, 2.32, 4.26, 5.37, 5.32, 5.53, 5.598, 6.14, 7.39, 8.11, 8.7, 9.347, 10.559, 11.2, 10.56, 8.45, 7.317, 7.43, 6.89, 5.34, 4.69, 4.93, 6.22, 7.73, 8.36, 8.744, 8.144, 7.874, 7.761, 7.541, 7.151, 6.658, 6.248, 6.17, 4.99], [2.75, 2.13, 1.61, 1.52, 1.5, 1.62, 1.93, 2.12, 2.33, 2.32, 1.71, 1.65, 1.95, 1.3, 0.92, 1.15, 1.9, 2.18, 2.48, 1.86, 3.33, 5.36, 4.4, 4.21, 4.36, 5.28, 4.84, 4.3, 3.26, 3.96, 5.56, 6.02, 4.32, 3.26, 3.49, 2.99, 1.88, 0.86, 0, 0.73, 1.32, 1.99, 2.08, 2.37, 2.54, 3.39, 3.83, 3.71, 3.85, 4.19, 3.65, 1.47, 1.9, 3.76, 4.83, 4.8, 5.01, 5.066, 5.616, 6.843, 7.55, 8.153, 8.795, 10.019, 10.668, 10.028, 7.95, 6.805, 6.93, 6.39, 4.92, 4.21, 4.49, 5.76, 7.31, 7.86, 8.292, 7.65, 7.382, 7.249, 7.029, 6.639, 6.129, 5.716, 5.626, 4.45], [2.84, 2.18, 1.54, 1.47, 1.55, 1.75, 2.08, 1.87, 2.22, 2.11, 1.56, 1.6, 1.86, 1.41, 0.99, 1.2, 1.73, 1.93, 1.95, 1.35, 3.26, 5.27, 4.31, 4.1, 4.25, 5.17, 4.73, 4.19, 3.15, 3.85, 5.43, 5.91, 4.21, 3.17, 3.4, 2.86, 1.65, 0.89, 0.73, 0, 1.11, 1.82, 1.95, 2.22, 2.45, 3.3, 3.74, 3.62, 3.74, 4.1, 3.54, 1.16, 1.91, 3.85, 4.92, 4.91, 5.12, 5.193, 5.703, 6.96, 7.68, 8.27, 8.882, 10.125, 10.775, 10.135, 8.042, 6.892, 7.038, 6.48, 4.99, 4.28, 4.48, 5.83, 7.38, 7.99, 8.379, 7.719, 7.449, 7.336, 7.134, 6.744, 6.236, 5.823, 5.733, 4.56], [3.83, 3.09, 2.35, 2.18, 2.28, 2.48, 2.89, 2.5, 2.97, 2.62, 2.15, 2.41, 2.79, 2.0, 1.4, 1.47, 1.32, 1.48, 1.9, 1.5, 2.31, 4.32, 3.34, 3.17, 3.32, 4.18, 3.74, 3.2, 2.18, 2.9, 4.44, 4.92, 3.26, 2.22, 2.45, 1.93, 0.98, 0.98, 1.32, 1.11, 0, 0.81, 1.06, 1.31, 1.46, 2.35, 2.79, 2.67, 2.83, 3.17, 2.61, 0.99, 2.82, 4.78, 5.906, 5.879, 6.11, 6.169, 6.699, 7.946, 8.65, 9.256, 9.878, 11.081, 11.771, 11.131, 8.997, 7.888, 8.018, 7.448, 5.84, 5.17, 5.41, 6.7, 8.25, 8.905, 9.335, 8.695, 8.425, 8.324, 8.124, 7.734, 7.232, 6.819, 6.729, 5.546], [4.52, 3.78, 2.98, 2.79, 2.89, 3.11, 3.56, 3.19, 3.66, 3.27, 2.76, 3.06, 3.56, 2.63, 2.01, 2.08, 1.65, 1.85, 2.49, 2.05, 1.78, 3.67, 2.73, 2.58, 2.75, 3.55, 3.09, 2.57, 1.73, 2.33, 3.81, 4.23, 2.57, 1.55, 1.76, 1.36, 0.87, 1.47, 1.99, 1.82, 0.81, 0, 0.51, 0.7, 0.81, 1.68, 2.12, 1.94, 2.18, 2.5, 2.0, 1.26, 3.53, 5.47, 6.599, 6.59, 6.8, 6.862, 7.392, 8.639, 9.34, 9.949, 10.571, 11.774, 12.464, 11.824, 9.689, 8.601, 8.733, 8.158, 6.55, 5.92, 6.16, 7.45, 8.96, 9.65, 10.048, 9.388, 9.118, 9.017, 8.817, 8.427, 7.925, 7.512, 7.422, 6.239], [4.59, 3.85, 3.05, 2.86, 2.98, 3.2, 3.63, 3.26, 3.75, 3.36, 2.83, 3.13, 3.63, 2.62, 2.0, 2.21, 1.66, 1.92, 2.6, 2.2, 1.81, 3.66, 2.76, 2.55, 2.82, 3.58, 3.06, 2.6, 1.8, 2.34, 3.78, 4.18, 2.56, 1.56, 1.77, 1.39, 0.98, 1.56, 2.08, 1.95, 1.06, 0.51, 0, 0.65, 0.92, 1.69, 2.13, 1.99, 2.19, 2.51, 1.95, 1.29, 3.62, 5.54, 6.67, 6.66, 6.87, 6.935, 7.465, 8.71, 9.41, 10.02, 10.644, 11.847, 12.537, 11.897, 9.779, 8.674, 8.805, 8.225, 6.66, 5.99, 6.23, 7.54, 9.05, 9.72, 10.121, 9.461, 9.191, 9.084, 8.884, 8.494, 7.998, 7.585, 7.495, 6.31], [4.88, 4.14, 3.34, 3.15, 3.23, 3.47, 3.92, 3.51, 3.98, 3.61, 3.1, 3.42, 3.96, 2.97, 2.33, 2.48, 1.93, 2.07, 2.77, 2.41, 1.78, 3.35, 2.43, 2.34, 2.47, 3.27, 2.77, 2.31, 1.79, 2.21, 3.41, 3.91, 2.27, 1.23, 1.56, 1.34, 1.15, 1.79, 2.37, 2.22, 1.31, 0.7, 0.65, 0, 0.81, 1.4, 1.84, 1.7, 1.96, 2.24, 1.74, 1.54, 3.91, 5.81, 6.94, 6.93, 7.14, 7.22, 7.738, 8.98, 9.68, 10.29, 10.917, 12.12, 12.81, 12.17, 10.074, 8.967, 9.095, 8.518, 6.93, 6.3, 6.54, 7.808, 9.318, 9.99, 10.414, 9.734, 9.453, 9.36, 9.16, 8.77, 8.271, 7.858, 7.768, 6.58], [5.17, 4.43, 3.63, 3.44, 3.54, 3.76, 4.23, 3.82, 4.29, 3.919, 3.41, 3.75, 4.25, 3.26, 2.64, 2.71, 2.0, 2.14, 2.9, 2.6, 1.37, 2.96, 2.2, 2.21, 2.36, 3.0, 2.46, 2.08, 1.42, 1.86, 3.18, 3.62, 1.9, 1.08, 1.25, 1.09, 1.2, 2.0, 2.54, 2.45, 1.46, 0.81, 0.92, 0.81, 0, 1.01, 1.47, 1.53, 1.63, 1.85, 1.59, 1.83, 4.16, 6.12, 7.249, 7.24, 7.45, 7.512, 8.042, 9.289, 9.99, 10.599, 11.241, 12.459, 13.114, 12.474, 10.359, 9.231, 9.365, 8.788, 7.2, 6.55, 6.79, 8.058, 9.588, 10.288, 10.678, 10.038, 9.768, 9.675, 9.475, 9.085, 8.575, 8.162, 8.072, 6.889], [6.085, 5.36, 4.56, 4.37, 4.43, 4.69, 5.12, 4.675, 5.185, 4.832, 4.34, 4.7, 5.04, 3.93, 3.27, 3.48, 2.75, 2.91, 3.73, 3.43, 1.42, 2.23, 1.67, 1.78, 1.99, 2.51, 1.93, 1.65, 1.45, 1.91, 2.73, 2.81, 1.25, 0.83, 1.06, 1.3, 1.95, 2.89, 3.39, 3.3, 2.35, 1.68, 1.69, 1.4, 1.01, 0, 0.66, 0.86, 0.94, 1.18, 1.1, 2.64, 5.03, 7.032, 8.162, 8.17, 8.365, 8.425, 8.955, 10.202, 10.919, 11.512, 12.173, 13.392, 14.026, 13.386, 11.229, 10.163, 10.253, 9.673, 8.101, 7.4, 7.66, 8.885, 10.455, 11.161, 11.591, 10.951, 10.681, 10.588, 10.388, 9.998, 9.488, 9.075, 8.985, 7.802], [6.505, 5.8, 5.0, 4.81, 4.87, 5.13, 5.56, 5.135, 5.625, 5.272, 4.78, 5.14, 5.48, 4.35, 3.67, 3.9, 3.07, 3.21, 4.21, 3.81, 1.42, 1.85, 1.33, 1.42, 1.69, 2.13, 1.83, 1.71, 1.57, 1.99, 2.37, 2.47, 1.17, 1.01, 1.2, 1.58, 2.39, 3.33, 3.83, 3.74, 2.79, 2.12, 2.13, 1.84, 1.47, 0.66, 0, 0.74, 0.82, 0.84, 0.88, 3.02, 5.47, 7.472, 8.602, 8.61, 8.805, 8.865, 9.395, 10.642, 11.359, 11.952, 12.613, 13.832, 14.466, 13.826, 11.643, 10.59, 10.653, 10.073, 8.481, 7.771, 8.0, 9.223, 10.793, 11.601, 12.017, 11.391, 11.121, 11.028, 10.828, 10.438, 9.928, 9.515, 9.425, 8.242], [6.34, 5.62, 4.82, 4.63, 4.67, 4.93, 5.36, 4.941, 5.431, 5.09, 4.58, 4.94, 5.38, 4.31, 3.59, 3.78, 3.09, 3.27, 4.03, 3.67, 1.26, 2.01, 1.57, 1.74, 1.87, 2.31, 1.77, 1.55, 1.51, 2.13, 2.63, 2.59, 1.19, 1.17, 1.24, 1.68, 2.27, 3.15, 3.71, 3.62, 2.67, 1.94, 1.99, 1.7, 1.53, 0.86, 0.74, 0, 0.72, 0.84, 0.98, 2.98, 5.33, 7.29, 8.408, 8.41, 8.62, 8.671, 9.201, 10.448, 11.16, 11.758, 12.419, 13.632, 14.272, 13.632, 11.469, 10.429, 10.55, 9.959, 8.37, 7.68, 7.92, 9.145, 10.695, 11.466, 11.856, 11.196, 10.926, 10.833, 10.633, 10.243, 9.733, 9.321, 9.231, 8.048], [6.56, 5.86, 5.06, 4.87, 4.91, 5.15, 5.58, 5.17, 5.68, 5.31, 4.82, 5.16, 5.52, 4.45, 3.71, 3.96, 3.15, 3.39, 4.31, 3.93, 1.1, 1.67, 1.25, 1.38, 1.51, 1.91, 1.47, 1.49, 1.69, 2.03, 2.35, 2.27, 1.23, 1.27, 1.46, 1.82, 2.43, 3.33, 3.85, 3.74, 2.83, 2.18, 2.19, 1.96, 1.63, 0.94, 0.82, 0.72, 0, 0.5, 0.66, 3.08, 5.49, 7.51, 8.64, 8.63, 8.84, 8.891, 9.421, 10.68, 11.4, 11.99, 12.619, 13.849, 14.492, 13.852, 11.666, 10.601, 10.679, 10.099, 8.506, 7.816, 8.0, 9.29, 10.859, 11.626, 12.04, 11.416, 11.146, 11.053, 10.853, 10.463, 9.953, 9.541, 9.451, 8.268], [6.9, 6.2, 5.4, 5.21, 5.25, 5.49, 5.92, 5.53, 6.016, 5.65, 5.16, 5.5, 5.9, 4.83, 4.09, 4.34, 3.51, 3.65, 4.59, 4.25, 1.4, 1.41, 1.23, 1.38, 1.47, 1.75, 1.43, 1.69, 1.89, 2.15, 2.35, 2.03, 1.35, 1.49, 1.56, 2.06, 2.77, 3.67, 4.19, 4.1, 3.17, 2.5, 2.51, 2.24, 1.85, 1.18, 0.84, 0.84, 0.5, 0, 0.9, 3.42, 5.83, 7.85, 8.98, 8.97, 9.18, 9.236, 9.766, 11.02, 11.74, 12.33, 12.965, 14.189, 14.838, 14.198, 12.031, 10.947, 11.025, 10.445, 8.852, 8.18, 8.36, 9.668, 11.218, 11.972, 12.386, 11.762, 11.492, 11.399, 11.199, 10.809, 10.299, 9.886, 9.796, 8.613], [6.28, 5.58, 4.78, 4.59, 4.65, 4.87, 5.3, 4.95, 5.42, 5.03, 4.54, 4.84, 5.28, 4.15, 3.49, 3.86, 3.01, 3.37, 4.23, 3.79, 1.24, 1.95, 1.45, 1.36, 1.59, 2.05, 1.51, 1.45, 1.61, 1.91, 2.41, 2.45, 1.23, 1.23, 1.34, 1.62, 2.19, 3.05, 3.65, 3.54, 2.61, 2.0, 1.95, 1.74, 1.59, 1.1, 0.88, 0.98, 0.66, 0.9, 0, 2.68, 5.21, 7.23, 8.36, 8.35, 8.56, 8.628, 9.158, 10.4, 11.12, 11.71, 12.337, 13.54, 14.23, 13.59, 11.391, 10.318, 10.406, 9.837, 8.304, 7.56, 7.72, 9.05, 10.62, 11.364, 11.786, 11.143, 10.884, 10.78, 10.58, 10.184, 9.691, 9.278, 9.188, 8.0], [3.62, 2.9, 2.14, 1.99, 2.03, 2.29, 2.66, 2.37, 2.78, 2.61, 2.08, 2.22, 2.7, 1.75, 1.33, 1.56, 1.37, 1.41, 1.99, 1.51, 2.4, 4.39, 3.45, 3.28, 3.49, 4.29, 3.87, 3.27, 2.23, 3.01, 4.55, 5.07, 3.33, 2.35, 2.62, 2.0, 0.95, 1.33, 1.47, 1.16, 0.99, 1.26, 1.29, 1.54, 1.83, 2.64, 3.02, 2.98, 3.08, 3.42, 2.68, 0, 2.57, 4.57, 5.7, 5.69, 5.9, 5.98, 6.51, 7.74, 8.44, 9.05, 9.689, 10.892, 11.582, 10.942, 8.783, 7.685, 7.769, 7.189, 5.67, 4.92, 5.12, 6.45, 8.0, 8.716, 9.146, 8.506, 8.236, 8.131, 7.931, 7.541, 7.043, 6.63, 6.54, 5.34], [1.33, 1.21, 1.09, 1.26, 1.34, 1.34, 1.33, 1.3, 1.15, 1.28, 1.49, 1.29, 1.35, 1.78, 2.24, 1.79, 2.62, 2.84, 2.04, 1.9, 4.77, 6.78, 5.88, 5.75, 5.94, 6.8, 6.4, 5.78, 4.74, 5.48, 7.08, 7.6, 5.78, 4.74, 5.01, 4.41, 3.18, 2.32, 1.9, 1.91, 2.82, 3.53, 3.62, 3.91, 4.16, 5.03, 5.47, 5.33, 5.49, 5.83, 5.21, 2.57, 0, 2.06, 3.15, 3.14, 3.41, 3.43, 3.96, 5.19, 5.93, 6.5, 7.168, 8.371, 9.06, 8.4, 6.247, 5.178, 5.27, 4.69, 3.18, 2.47, 2.79, 4.04, 5.55, 6.2, 6.624, 5.984, 5.72, 5.602, 5.402, 5.012, 4.502, 4.08, 3.99, 2.79], [1.21, 1.87, 2.55, 2.68, 2.7, 2.52, 2.07, 2.56, 2.11, 2.46, 2.85, 2.53, 2.37, 3.58, 4.22, 3.69, 4.52, 4.6, 3.48, 3.68, 6.73, 8.76, 7.9, 7.73, 7.94, 8.82, 8.42, 7.8, 6.76, 7.5, 9.1, 9.62, 7.8, 6.76, 7.03, 6.43, 5.2, 4.26, 3.76, 3.85, 4.78, 5.47, 5.54, 5.81, 6.12, 7.032, 7.472, 7.29, 7.51, 7.85, 7.23, 4.57, 2.06, 0, 1.13, 1.36, 1.57, 1.51, 2.04, 3.17, 3.93, 4.48, 5.254, 6.497, 7.067, 6.401, 4.267, 3.25, 3.328, 2.768, 1.42, 1.13, 1.41, 2.34, 3.75, 4.24, 4.63, 3.99, 3.7, 3.59, 3.39, 3.0, 2.49, 2.08, 1.99, 1.37], [2.16, 2.88, 3.62, 3.81, 3.75, 3.51, 3.06, 3.55, 3.08, 3.43, 3.84, 3.58, 3.44, 4.59, 5.328, 4.8, 5.65, 5.71, 4.57, 4.81, 7.86, 9.89, 9.03, 8.86, 9.07, 9.95, 9.55, 8.93, 7.89, 8.63, 10.23, 10.75, 8.93, 7.89, 8.16, 7.56, 6.33, 5.37, 4.83, 4.92, 5.906, 6.599, 6.67, 6.94, 7.249, 8.162, 8.602, 8.408, 8.64, 8.98, 8.36, 5.7, 3.15, 1.13, 0, 0.53, 0.68, 0.74, 1.07, 2.04, 2.8, 3.35, 4.153, 5.395, 5.965, 5.274, 3.238, 2.21, 2.36, 1.78, 1.31, 1.42, 1.56, 2.05, 2.94, 3.35, 3.68, 3.06, 2.61, 2.48, 2.28, 1.87, 1.52, 1.43, 1.52, 1.84], [2.25, 3.03, 3.81, 3.98, 3.88, 3.7, 3.29, 3.76, 3.29, 3.66, 4.01, 3.53, 3.41, 4.544, 5.298, 4.77, 5.62, 5.7, 4.54, 4.8, 7.91, 9.92, 9.0, 8.83, 9.04, 9.92, 9.52, 8.9, 7.86, 8.6, 10.2, 10.72, 8.9, 7.86, 8.13, 7.53, 6.3, 5.32, 4.8, 4.91, 5.879, 6.59, 6.66, 6.93, 7.24, 8.17, 8.61, 8.41, 8.63, 8.97, 8.35, 5.69, 3.14, 1.36, 0.53, 0, 0.59, 0.85, 1.08, 2.09, 2.83, 3.38, 4.048, 5.251, 5.92, 5.26, 3.19, 2.08, 2.29, 1.81, 1.48, 1.53, 1.79, 2.22, 2.85, 3.32, 3.71, 3.13, 2.68, 2.49, 2.29, 1.98, 1.71, 1.7, 1.85, 2.07], [2.42, 3.2, 4.0, 4.17, 4.07, 3.89, 3.48, 3.95, 3.5, 3.85, 4.2, 3.76, 3.62, 4.774, 5.53, 5.0, 5.83, 5.89, 4.77, 5.01, 8.06, 10.09, 9.21, 9.04, 9.25, 10.13, 9.73, 9.11, 8.07, 8.81, 10.41, 10.93, 9.11, 8.07, 8.34, 7.74, 6.53, 5.53, 5.01, 5.12, 6.11, 6.8, 6.87, 7.14, 7.45, 8.365, 8.805, 8.62, 8.84, 9.18, 8.56, 5.9, 3.41, 1.57, 0.68, 0.59, 0, 0.62, 0.87, 1.86, 2.62, 3.19, 3.86, 5.12, 5.74, 5.1, 3.1, 1.97, 2.16, 1.62, 1.29, 1.56, 1.64, 1.89, 2.72, 3.23, 3.58, 3.0, 2.51, 2.32, 2.06, 1.69, 1.48, 1.51, 1.6, 2.08], [2.44, 3.18, 3.96, 4.13, 4.09, 3.91, 3.46, 3.89, 3.44, 3.79, 4.18, 3.84, 3.7, 4.89, 5.554, 5.036, 5.91, 5.97, 4.83, 5.09, 8.14, 10.17, 9.29, 9.114, 9.318, 10.204, 9.798, 9.19, 8.15, 8.884, 10.481, 10.995, 9.19, 8.144, 8.411, 7.82, 6.59, 5.598, 5.066, 5.193, 6.169, 6.862, 6.935, 7.22, 7.512, 8.425, 8.865, 8.671, 8.891, 9.236, 8.628, 5.98, 3.43, 1.51, 0.74, 0.85, 0.62, 0, 0.71, 1.82, 2.6, 3.13, 3.84, 5.1, 5.657, 5.017, 2.96, 1.87, 2.08, 1.52, 1.15, 1.54, 1.58, 1.67, 2.68, 3.05, 3.36, 2.8, 2.43, 2.24, 2.0, 1.65, 1.34, 1.31, 1.42, 1.84], [2.93, 3.69, 4.47, 4.64, 4.58, 4.4, 3.95, 4.36, 3.91, 4.24, 4.69, 4.35, 4.25, 5.42, 6.101, 5.563, 6.44, 6.5, 5.38, 5.62, 8.67, 10.7, 9.82, 9.65, 9.86, 10.74, 10.34, 9.72, 8.68, 9.42, 11.02, 11.54, 9.72, 8.68, 8.95, 8.35, 7.12, 6.14, 5.616, 5.703, 6.699, 7.392, 7.465, 7.738, 8.042, 8.955, 9.395, 9.201, 9.421, 9.766, 9.158, 6.51, 3.96, 2.04, 1.07, 1.08, 0.87, 0.71, 0, 1.29, 2.03, 2.58, 3.31, 4.57, 5.13, 4.49, 2.53, 1.54, 1.69, 1.27, 1.6, 2.09, 2.11, 1.74, 2.37, 2.66, 2.99, 2.41, 1.98, 1.75, 1.53, 1.28, 1.13, 1.18, 1.41, 2.09], [4.14, 4.86, 5.66, 5.85, 5.79, 5.53, 5.1, 5.57, 5.1, 5.45, 5.88, 5.58, 5.479, 6.591, 7.368, 6.83, 7.69, 7.75, 6.61, 6.85, 9.9, 11.93, 11.07, 10.9, 11.11, 11.99, 11.59, 10.97, 9.93, 10.67, 12.27, 12.79, 10.97, 9.93, 10.2, 9.6, 8.37, 7.39, 6.843, 6.96, 7.946, 8.639, 8.71, 8.98, 9.289, 10.202, 10.642, 10.448, 10.68, 11.02, 10.4, 7.74, 5.19, 3.17, 2.04, 2.09, 1.86, 1.82, 1.29, 0, 1.02, 1.47, 2.16, 3.376, 3.946, 3.266, 1.46, 1.33, 1.26, 1.36, 2.45, 3.08, 3.02, 2.05, 1.76, 1.87, 2.04, 1.5, 1.17, 1.0, 0.98, 1.29, 1.44, 1.71, 1.96, 2.8], [4.86, 5.56, 6.36, 6.55, 6.49, 6.27, 5.82, 6.25, 5.76, 6.09, 6.58, 6.3, 6.2, 7.33, 8.105, 7.56, 8.41, 8.47, 7.35, 7.55, 10.6, 12.65, 11.79, 11.62, 11.83, 12.71, 12.31, 11.69, 10.65, 11.39, 12.99, 13.51, 11.69, 10.65, 10.92, 10.32, 9.09, 8.11, 7.55, 7.68, 8.65, 9.34, 9.41, 9.68, 9.99, 10.919, 11.359, 11.16, 11.4, 11.74, 11.12, 8.44, 5.93, 3.93, 2.8, 2.83, 2.62, 2.6, 2.03, 1.02, 0, 0.79, 1.54, 2.76, 3.32, 2.59, 1.22, 1.67, 1.56, 1.88, 3.15, 3.88, 3.74, 2.63, 1.56, 1.51, 1.5, 1.16, 1.23, 1.22, 1.38, 1.77, 1.94, 2.23, 2.38, 3.42], [5.45, 6.17, 6.97, 7.16, 7.1, 6.84, 6.41, 6.84, 6.35, 6.68, 7.19, 6.89, 6.789, 7.901, 8.678, 8.14, 9.0, 9.06, 7.92, 8.16, 11.21, 13.24, 12.38, 12.21, 12.42, 13.3, 12.9, 12.28, 11.24, 11.98, 13.58, 14.1, 12.28, 11.24, 11.51, 10.91, 9.68, 8.7, 8.153, 8.27, 9.256, 9.949, 10.02, 10.29, 10.599, 11.512, 11.952, 11.758, 11.99, 12.33, 11.71, 9.05, 6.5, 4.48, 3.35, 3.38, 3.19, 3.13, 2.58, 1.47, 0.79, 0, 0.95, 2.123, 2.733, 2.0, 1.05, 1.76, 1.69, 2.17, 3.62, 4.35, 4.19, 3.02, 1.55, 1.14, 1.07, 1.05, 1.32, 1.43, 1.63, 2.04, 2.31, 2.62, 2.69, 3.81], [6.22, 6.964, 7.764, 7.934, 7.851, 7.637, 7.21, 7.67, 7.2, 7.545, 7.981, 7.52, 7.393, 8.523, 9.283, 8.815, 9.65, 9.71, 8.576, 8.819, 11.886, 13.896, 13.019, 12.843, 13.047, 13.93, 13.527, 12.89, 11.85, 12.59, 14.19, 14.71, 12.89, 11.85, 12.12, 11.52, 10.29, 9.347, 8.795, 8.882, 9.878, 10.571, 10.644, 10.917, 11.241, 12.173, 12.613, 12.419, 12.619, 12.965, 12.337, 9.689, 7.168, 5.254, 4.153, 4.048, 3.86, 3.84, 3.31, 2.16, 1.54, 0.95, 0, 1.26, 1.93, 1.33, 1.34, 2.25, 2.24, 2.74, 4.27, 5.0, 4.82, 3.61, 2.0, 1.39, 1.1, 1.58, 1.91, 2.06, 2.22, 2.67, 3.06, 3.45, 3.48, 4.56], [7.464, 8.207, 9.007, 9.177, 9.094, 8.88, 8.453, 8.925, 8.455, 8.788, 9.224, 8.743, 8.596, 9.726, 10.486, 10.018, 10.862, 10.939, 9.779, 10.022, 13.129, 15.139, 14.236, 14.046, 14.25, 15.136, 14.73, 14.11, 13.07, 13.81, 15.39, 15.91, 14.09, 13.05, 13.32, 12.72, 11.51, 10.559, 10.019, 10.125, 11.081, 11.774, 11.847, 12.12, 12.459, 13.392, 13.832, 13.632, 13.849, 14.189, 13.54, 10.892, 8.371, 6.497, 5.395, 5.251, 5.12, 5.1, 4.57, 3.376, 2.76, 2.123, 1.26, 0, 0.87, 0.93, 2.5, 3.41, 3.4, 3.94, 5.49, 6.22, 6.04, 4.83, 3.14, 2.37, 2.04, 2.74, 3.11, 3.24, 3.42, 3.85, 4.24, 4.65, 4.7, 5.773], [8.014, 8.777, 9.577, 9.747, 9.664, 9.45, 9.023, 9.475, 9.005, 9.358, 9.794, 9.413, 9.266, 10.413, 11.156, 10.618, 11.514, 11.583, 10.432, 10.694, 13.759, 15.786, 14.892, 14.716, 14.92, 15.806, 15.4, 14.792, 13.752, 14.486, 16.071, 16.585, 14.78, 13.734, 14.001, 13.41, 12.183, 11.2, 10.668, 10.775, 11.771, 12.464, 12.537, 12.81, 13.114, 14.026, 14.466, 14.272, 14.492, 14.838, 14.23, 11.582, 9.06, 7.067, 5.965, 5.92, 5.74, 5.657, 5.13, 3.946, 3.32, 2.733, 1.93, 0.87, 0, 0.94, 2.93, 3.94, 3.87, 4.43, 6.06, 6.79, 6.63, 5.36, 3.75, 2.92, 2.55, 3.21, 3.58, 3.69, 3.91, 4.38, 4.81, 5.193, 5.217, 6.354], [7.351, 8.094, 8.894, 9.081, 9.018, 8.764, 8.334, 8.75, 8.245, 8.613, 9.114, 8.773, 8.606, 9.773, 10.504, 9.978, 10.874, 10.943, 9.792, 10.054, 13.119, 15.146, 14.252, 14.076, 14.28, 15.166, 14.76, 14.152, 13.112, 13.846, 15.431, 15.945, 14.14, 13.094, 13.361, 12.77, 11.543, 10.56, 10.028, 10.135, 11.131, 11.824, 11.897, 12.17, 12.474, 13.386, 13.826, 13.632, 13.852, 14.198, 13.59, 10.942, 8.4, 6.401, 5.274, 5.26, 5.1, 5.017, 4.49, 3.266, 2.59, 2.0, 1.33, 0.93, 0.94, 0, 2.23, 3.32, 3.23, 3.79, 5.392, 6.142, 5.959, 4.7, 3.11, 2.278, 1.87, 2.51, 2.78, 2.91, 3.11, 3.58, 4.03, 4.413, 4.457, 5.654], [5.22, 5.98, 6.778, 6.947, 6.878, 6.645, 6.228, 6.741, 6.274, 6.65, 7.038, 6.68, 6.493, 7.623, 8.32, 7.823, 8.691, 8.757, 7.631, 7.882, 10.932, 12.959, 12.062, 11.874, 12.084, 12.97, 12.558, 11.939, 10.899, 11.633, 13.23, 13.744, 11.942, 10.893, 11.16, 10.572, 9.33, 8.45, 7.95, 8.042, 8.997, 9.689, 9.779, 10.074, 10.359, 11.229, 11.643, 11.469, 11.666, 12.031, 11.391, 8.783, 6.247, 4.267, 3.238, 3.19, 3.1, 2.96, 2.53, 1.46, 1.22, 1.05, 1.34, 2.5, 2.93, 2.23, 0, 1.23, 1.18, 1.62, 3.21, 3.949, 3.78, 2.51, 1.22, 1.01, 1.16, 1.0, 0.99, 1.04, 1.34, 1.79, 2.24, 2.61, 2.6, 3.64], [4.21, 4.97, 5.757, 5.927, 5.86, 5.66, 5.25, 5.715, 5.245, 5.62, 5.985, 5.59, 5.383, 6.533, 7.253, 6.795, 7.629, 7.68, 6.549, 6.829, 9.868, 11.887, 10.989, 10.801, 10.997, 11.883, 11.477, 10.866, 9.826, 10.56, 12.157, 12.671, 10.869, 9.849, 10.107, 9.499, 8.292, 7.317, 6.805, 6.892, 7.888, 8.601, 8.674, 8.967, 9.231, 10.163, 10.59, 10.429, 10.601, 10.947, 10.318, 7.685, 5.178, 3.25, 2.21, 2.08, 1.97, 1.87, 1.54, 1.33, 1.67, 1.76, 2.25, 3.41, 3.94, 3.32, 1.23, 0, 0.51, 0.87, 2.18, 2.89, 2.71, 1.68, 1.45, 1.56, 1.75, 1.27, 0.92, 1.03, 0.99, 1.06, 1.29, 1.6, 1.59, 2.59], [4.24, 5.02, 5.818, 5.988, 5.93, 5.73, 5.313, 5.825, 5.355, 5.73, 6.08, 5.7, 5.513, 6.683, 7.343, 6.865, 7.682, 7.75, 6.66, 6.917, 9.946, 11.973, 11.076, 10.883, 11.087, 11.973, 11.567, 10.953, 9.913, 10.647, 12.244, 12.758, 10.956, 9.907, 10.174, 9.586, 8.364, 7.43, 6.93, 7.038, 8.018, 8.733, 8.805, 9.095, 9.365, 10.253, 10.653, 10.55, 10.679, 11.025, 10.406, 7.769, 5.27, 3.328, 2.36, 2.29, 2.16, 2.08, 1.69, 1.26, 1.56, 1.69, 2.24, 3.4, 3.87, 3.23, 1.18, 0.51, 0, 0.84, 2.25, 2.94, 2.78, 1.67, 1.34, 1.39, 1.64, 1.08, 0.87, 0.96, 0.88, 1.25, 1.48, 1.75, 1.74, 2.74], [3.68, 4.48, 5.258, 5.428, 5.33, 5.13, 4.74, 5.245, 4.778, 5.19, 5.52, 5.16, 4.96, 6.123, 6.763, 6.285, 7.102, 7.17, 6.079, 6.322, 9.366, 11.393, 10.496, 10.303, 10.507, 11.393, 10.987, 10.373, 9.333, 10.067, 11.664, 12.178, 10.376, 9.327, 9.594, 9.006, 7.79, 6.89, 6.39, 6.48, 7.448, 8.158, 8.225, 8.518, 8.788, 9.673, 10.073, 9.959, 10.099, 10.445, 9.837, 7.189, 4.69, 2.768, 1.78, 1.81, 1.62, 1.52, 1.27, 1.36, 1.88, 2.17, 2.74, 3.94, 4.43, 3.79, 1.62, 0.87, 0.84, 0, 1.63, 2.36, 2.2, 1.07, 1.5, 1.91, 2.28, 1.66, 1.21, 1.04, 0.84, 0.97, 1.24, 1.37, 1.4, 2.26], [2.39, 3.17, 3.85, 3.96, 3.88, 3.72, 3.31, 3.74, 3.31, 3.7, 4.11, 3.69, 3.47, 4.64, 5.26, 4.71, 5.509, 5.595, 4.48, 4.74, 7.773, 9.8, 8.903, 8.71, 8.911, 9.797, 9.391, 8.783, 7.743, 8.477, 10.074, 10.588, 8.786, 7.757, 8.004, 7.416, 6.2, 5.34, 4.92, 4.99, 5.84, 6.55, 6.66, 6.93, 7.2, 8.101, 8.481, 8.37, 8.506, 8.852, 8.304, 5.67, 3.18, 1.42, 1.31, 1.48, 1.29, 1.15, 1.6, 2.45, 3.15, 3.62, 4.27, 5.49, 6.06, 5.392, 3.21, 2.18, 2.25, 1.63, 0, 0.89, 0.77, 1.08, 2.53, 3.24, 3.65, 3.05, 2.66, 2.55, 2.35, 2.02, 1.69, 1.6, 1.65, 1.55], [2.02, 2.68, 3.2, 3.31, 3.23, 3.19, 2.82, 3.11, 2.66, 3.11, 3.46, 3.02, 2.76, 3.91, 4.51, 4.08, 4.779, 4.865, 3.77, 4.03, 7.052, 9.07, 8.173, 7.966, 8.201, 9.058, 8.647, 8.044, 7.03, 7.767, 9.327, 9.841, 8.053, 7.03, 7.3, 6.686, 5.53, 4.69, 4.21, 4.28, 5.17, 5.92, 5.99, 6.3, 6.55, 7.4, 7.771, 7.68, 7.816, 8.18, 7.56, 4.92, 2.47, 1.13, 1.42, 1.53, 1.56, 1.54, 2.09, 3.08, 3.88, 4.35, 5.0, 6.22, 6.79, 6.142, 3.949, 2.89, 2.94, 2.36, 0.89, 0, 0.66, 1.61, 3.18, 3.91, 4.3, 3.66, 3.39, 3.28, 3.1, 2.69, 2.26, 1.91, 1.92, 1.42], [2.26, 2.9, 3.46, 3.63, 3.65, 3.57, 3.1, 3.41, 3.04, 3.39, 3.74, 3.32, 3.02, 4.25, 4.75, 4.34, 4.99, 5.03, 4.01, 4.25, 7.22, 9.23, 8.336, 8.14, 8.37, 9.227, 8.821, 8.213, 7.21, 7.93, 9.504, 10.018, 8.216, 7.23, 7.48, 6.86, 5.79, 4.93, 4.49, 4.48, 5.41, 6.16, 6.23, 6.54, 6.79, 7.66, 8.0, 7.92, 8.0, 8.36, 7.72, 5.12, 2.79, 1.41, 1.56, 1.79, 1.64, 1.58, 2.11, 3.02, 3.74, 4.19, 4.82, 6.04, 6.63, 5.959, 3.78, 2.71, 2.78, 2.2, 0.77, 0.66, 0, 1.39, 3.0, 3.75, 4.14, 3.5, 3.21, 3.12, 2.92, 2.53, 2.12, 1.79, 1.74, 1.44], [3.33, 4.11, 4.75, 4.88, 4.74, 4.62, 4.19, 4.62, 4.19, 4.64, 5.03, 4.57, 4.31, 5.46, 6.04, 5.61, 6.25, 6.298, 5.255, 5.48, 8.505, 10.503, 9.609, 9.413, 9.637, 10.494, 10.083, 9.474, 8.46, 9.2, 10.757, 11.288, 9.483, 8.48, 8.73, 8.13, 7.04, 6.22, 5.76, 5.83, 6.7, 7.45, 7.54, 7.808, 8.058, 8.885, 9.223, 9.145, 9.29, 9.668, 9.05, 6.45, 4.04, 2.34, 2.05, 2.22, 1.89, 1.67, 1.74, 2.05, 2.63, 3.02, 3.61, 4.83, 5.36, 4.7, 2.51, 1.68, 1.67, 1.07, 1.08, 1.61, 1.39, 0, 1.73, 2.58, 2.97, 2.29, 1.98, 1.89, 1.73, 1.62, 1.61, 1.62, 1.65, 1.99], [4.78, 5.58, 6.24, 6.37, 6.23, 6.11, 5.68, 6.13, 5.68, 6.13, 6.52, 6.08, 5.86, 7.01, 7.59, 7.08, 7.839, 7.888, 6.805, 7.05, 10.066, 12.077, 11.199, 11.003, 11.187, 12.073, 11.667, 11.056, 10.016, 10.75, 12.347