[[0, 0.48, 1.74, 1.75, 0.83, 1.85, 3.38, 5.36, 6.49, 6.74, 7.16, 7.01, 7.02, 8.07, 8.47, 8.7, 8.51, 7.91, 7.13, 6.69, 5.83, 5.53, 5.29, 4.18, 4.04, 4.79, 4.25, 3.55, 3.2, 2.76, 2.48, 3.42, 3.54, 2.79, 2.52, 1.92, 1.84, 2.04, 1.82, 1.48, 2.18, 3.04, 4.06, 4.03, 2.98, 2.84, 2.66, 2.43, 2.89, 3.55, 3.5, 2.2, 1.23, 1.99, 1.98, 1.88, 1.78, 1.64, 1.89, 1.94, 2.25, 2.12, 2.81, 3.3, 3.31, 3.1, 2.77, 1.92, 2.03, 2.09, 2.12, 2.63, 3.55, 3.03, 2.29, 2.18, 2.23, 2.76, 2.95, 3.15, 2.95, 2.72, 3.43, 4.12, 4.09, 4.37], [0.48, 0, 1.46, 1.51, 0.93, 2.19, 3.72, 5.58, 6.75, 7.0, 7.38, 7.21, 7.26, 8.35, 8.77, 9.04, 8.87, 8.19, 7.41, 6.97, 6.11, 5.81, 5.57, 4.46, 4.3, 5.11, 4.57, 3.69, 3.36, 2.9, 2.5, 3.4, 3.52, 2.83, 2.56, 2.1, 2.1, 2.38, 1.94, 1.54, 1.96, 2.78, 3.76, 3.71, 2.66, 2.52, 2.36, 2.15, 2.67, 3.27, 3.2, 1.98, 1.47, 2.11, 2.2, 2.16, 2.0, 1.98, 2.21, 2.02, 2.23, 2.0, 2.69, 3.1, 3.17, 2.96, 2.65, 1.96, 2.19, 2.25, 2.3, 2.99, 3.87, 3.31, 2.57, 2.2, 2.25, 2.72, 2.97, 3.21, 2.97, 2.64, 3.27, 3.96, 3.93, 4.25], [1.74, 1.46, 0, 0.79, 1.57, 3.45, 5.08, 6.78, 8.01, 8.22, 8.5, 8.33, 8.58, 9.61, 10.11, 10.38, 10.19, 9.37, 8.61, 8.11, 7.25, 7.03, 6.73, 5.68, 5.68, 6.49, 5.95, 4.81, 4.36, 3.94, 3.26, 3.62, 3.86, 3.37, 3.16, 3.0, 3.36, 3.5, 3.02, 2.36, 1.82, 1.74, 2.56, 2.49, 1.52, 1.36, 1.3, 1.33, 1.93, 2.29, 2.02, 1.58, 2.53, 3.23, 3.54, 3.32, 2.94, 3.22, 3.47, 2.52, 2.31, 1.86, 2.09, 2.58, 2.53, 2.38, 2.43, 2.38, 2.85, 2.99, 3.28, 4.23, 5.15, 4.71, 3.65, 3.24, 2.75, 2.94, 3.43, 3.53, 3.33, 2.82, 2.83, 3.4, 3.41, 3.71], [1.75, 1.51, 0.79, 0, 1.5, 3.44, 5.07, 6.73, 8.0, 8.17, 8.33, 8.16, 8.55, 9.56, 10.08, 10.37, 10.2, 9.3, 8.5, 8.0, 7.12, 6.94, 6.64, 5.65, 5.67, 6.48, 5.94, 4.76, 4.23, 3.81, 3.03, 3.13, 3.37, 2.88, 2.83, 2.87, 3.33, 3.49, 2.89, 2.07, 1.59, 1.49, 2.41, 2.4, 1.43, 1.31, 1.39, 1.42, 1.94, 2.06, 2.07, 1.57, 2.52, 3.2, 3.53, 3.31, 2.91, 3.21, 3.46, 2.29, 1.84, 1.43, 1.68, 2.07, 2.06, 1.85, 1.9, 1.99, 2.58, 2.78, 3.27, 4.22, 5.12, 4.68, 3.64, 3.19, 2.64, 2.49, 3.0, 3.18, 2.94, 2.39, 2.32, 2.85, 2.84, 3.18], [0.83, 0.93, 1.57, 1.5, 0, 2.22, 3.81, 5.53, 6.78, 7.01, 7.29, 7.12, 7.31, 8.34, 8.84, 9.17, 8.94, 8.14, 7.38, 6.9, 6.04, 5.78, 5.5, 4.45, 4.43, 5.24, 4.68, 3.52, 3.11, 2.69, 2.31, 3.11, 3.25, 2.4, 2.09, 1.81, 2.13, 2.35, 1.97, 1.25, 2.01, 2.77, 3.73, 3.72, 2.73, 2.59, 2.49, 2.24, 2.66, 3.24, 3.19, 2.03, 1.66, 2.34, 2.39, 2.23, 1.99, 2.01, 2.24, 1.79, 1.96, 1.79, 2.52, 3.03, 2.98, 2.71, 2.36, 1.61, 1.7, 1.82, 2.07, 2.98, 3.9, 3.5, 2.56, 2.27, 2.32, 2.43, 2.64, 2.82, 2.7, 2.39, 3.08, 3.77, 3.72, 4.02], [1.85, 2.19, 3.45, 3.44, 2.22, 0, 1.93, 3.69, 4.82, 5.03, 5.51, 5.4, 5.33, 6.36, 6.78, 7.03, 6.8, 6.18, 5.42, 4.96, 4.12, 3.82, 3.56, 2.67, 2.55, 3.14, 2.74, 2.66, 2.27, 1.99, 2.61, 3.63, 3.75, 3.42, 3.11, 2.23, 1.63, 1.53, 2.07, 2.17, 3.39, 4.61, 5.67, 5.66, 4.61, 4.47, 4.21, 3.98, 4.36, 5.04, 5.03, 3.61, 1.92, 1.78, 1.61, 1.55, 1.93, 1.41, 1.72, 2.29, 2.98, 3.31, 4.14, 4.77, 4.28, 3.99, 3.62, 2.37, 2.02, 1.76, 1.69, 1.48, 1.9, 1.86, 1.88, 2.21, 2.3, 3.19, 3.02, 3.2, 3.4, 3.47, 4.42, 5.09, 5.12, 5.26], [3.38, 3.72, 5.08, 5.07, 3.81, 1.93, 0, 2.22, 3.31, 3.56, 4.02, 3.87, 3.82, 4.87, 5.27, 5.64, 5.21, 4.71, 3.99, 3.65, 3.23, 3.15, 3.07, 2.34, 2.22, 2.17, 2.07, 2.49, 2.74, 2.58, 3.2, 4.18, 4.3, 4.41, 4.14, 3.12, 2.68, 2.46, 2.84, 3.42, 4.88, 6.12, 7.12, 7.07, 6.1, 5.92, 5.5, 5.17, 5.55, 6.27, 6.24, 4.76, 2.85, 2.87, 2.58, 2.42, 2.76, 2.36, 2.31, 3.22, 4.33, 4.82, 5.67, 6.24, 5.69, 5.24, 4.81, 3.42, 3.07, 2.53, 2.26, 1.99, 2.15, 2.03, 2.47, 2.74, 3.09, 3.96, 3.79, 3.85, 4.31, 4.56, 5.67, 6.28, 6.31, 6.51], [5.36, 5.58, 6.78, 6.73, 5.53, 3.69, 2.22, 0, 1.51, 1.96, 2.34, 2.07, 1.98, 2.99, 3.55, 4.36, 4.05, 2.85, 2.33, 2.17, 2.21, 2.23, 2.15, 1.88, 2.18, 2.23, 2.13, 2.53, 3.2, 3.36, 4.16, 5.14, 5.16, 5.39, 5.02, 4.18, 3.82, 3.68, 4.2, 4.92, 6.4, 7.58, 8.62, 8.51, 7.56, 7.46, 6.88, 6.35, 6.57, 7.31, 7.34, 6.06, 4.67, 4.03, 3.82, 3.96, 4.22, 3.96, 3.97, 4.76, 5.77, 6.46, 7.41, 7.86, 7.19, 6.5, 6.17, 5.1, 4.53, 4.07, 3.82, 3.07, 2.53, 2.75, 3.45, 3.72, 4.29, 5.22, 4.87, 4.73, 5.31, 5.54, 6.83, 7.56, 7.57, 7.83], [6.49, 6.75, 8.01, 8.0, 6.78, 4.82, 3.31, 1.51, 0, 1.13, 1.65, 1.2, 1.05, 1.78, 2.32, 3.13, 2.78, 1.8, 1.68, 1.68, 1.88, 2.0, 2.24, 2.45, 2.61, 2.52, 2.82, 3.52, 4.27, 4.47, 5.35, 6.33, 6.35, 6.6, 6.25, 5.33, 4.85, 4.81, 5.33, 6.21, 7.69, 8.87, 9.89, 9.76, 8.83, 8.73, 8.15, 7.6, 7.8, 8.56, 8.57, 7.31, 5.84, 5.14, 4.89, 5.03, 5.37, 5.07, 5.08, 5.99, 7.06, 7.73, 8.62, 9.13, 8.46, 7.79, 7.46, 6.31, 5.76, 5.3, 4.97, 4.2, 3.52, 3.76, 4.6, 4.93, 5.48, 6.45, 6.06, 5.9, 6.44, 6.71, 8.04, 8.77, 8.8, 9.08], [6.74, 7.0, 8.22, 8.17, 7.01, 5.03, 3.56, 1.96, 1.13, 0, 0.84, 0.99, 1.34, 1.79, 2.17, 3.02, 2.63, 1.67, 1.29, 1.55, 1.67, 2.01, 2.25, 2.82, 2.86, 2.63, 2.99, 3.81, 4.48, 4.66, 5.48, 6.56, 6.58, 6.81, 6.46, 5.56, 5.1, 4.92, 5.4, 6.4, 7.9, 9.1, 10.1, 9.95, 9.02, 8.86, 8.3, 7.71, 8.01, 8.73, 8.76, 7.48, 6.05, 5.29, 5.14, 5.32, 5.54, 5.34, 5.29, 6.14, 7.25, 7.88, 8.77, 9.32, 8.67, 8.0, 7.65, 6.46, 5.91, 5.49, 5.2, 4.47, 3.75, 4.03, 4.83, 5.18, 5.73, 6.58, 6.15, 5.97, 6.51, 6.86, 8.23, 8.92, 8.99, 9.27], [7.16, 7.38, 8.5, 8.33, 7.29, 5.51, 4.02, 2.34, 1.65, 0.84, 0, 0.83, 1.42, 1.87, 2.21, 3.36, 2.97, 1.77, 1.29, 1.59, 1.99, 2.33, 2.47, 3.16, 3.22, 3.09, 3.43, 3.95, 4.68, 4.9, 5.52, 6.46, 6.34, 6.63, 6.26, 5.6, 5.42, 5.32, 5.7, 6.48, 7.96, 9.16, 10.16, 10.01, 9.08, 8.98, 8.5, 7.85, 8.07, 8.69, 8.74, 7.66, 6.45, 5.57, 5.62, 5.7, 5.86, 5.72, 5.73, 6.44, 7.31, 8.12, 9.05, 9.46, 8.73, 8.06, 7.73, 6.7, 6.07, 5.71, 5.56, 4.87, 4.27, 4.53, 5.11, 5.36, 5.89, 6.48, 5.95, 5.79, 6.51, 6.88, 8.25, 8.96, 9.03, 9.33], [7.01, 7.21, 8.33, 8.16, 7.12, 5.4, 3.87, 2.07, 1.2, 0.99, 0.83, 0, 1.05, 1.66, 2.14, 3.33, 2.96, 1.7, 1.4, 1.62, 2.02, 2.32, 2.38, 3.01, 3.09, 2.96, 3.34, 3.7, 4.41, 4.69, 5.31, 6.25, 6.17, 6.48, 6.09, 5.43, 5.31, 5.23, 5.53, 6.31, 7.73, 8.89, 9.93, 9.76, 8.81, 8.81, 8.31, 7.62, 7.84, 8.54, 8.61, 7.43, 6.3, 5.5, 5.49, 5.59, 5.69, 5.57, 5.58, 6.23, 7.16, 7.93, 8.86, 9.29, 8.5, 7.85, 7.56, 6.53, 5.9, 5.54, 5.39, 4.72, 4.16, 4.4, 4.94, 5.19, 5.68, 6.35, 5.88, 5.72, 6.32, 6.75, 8.0, 8.77, 8.82, 9.08], [7.02, 7.26, 8.58, 8.55, 7.31, 5.33, 3.82, 1.98, 1.05, 1.34, 1.42, 1.05, 0, 1.61, 2.03, 3.12, 2.75, 1.83, 1.63, 1.89, 2.07, 2.29, 2.41, 3.0, 3.08, 2.79, 3.15, 3.87, 4.58, 4.86, 5.74, 6.58, 6.44, 6.75, 6.48, 5.76, 5.28, 5.22, 5.84, 6.74, 8.22, 9.4, 10.42, 10.27, 9.32, 9.22, 8.6, 7.91, 8.19, 8.83, 8.84, 7.78, 6.35, 5.45, 5.34, 5.46, 5.9, 5.6, 5.53, 6.56, 7.53, 8.26, 9.21, 9.68, 8.99, 8.32, 7.99, 6.88, 6.27, 5.87, 5.56, 4.73, 3.99, 4.23, 4.99, 5.4, 5.99, 6.76, 6.17, 5.99, 6.57, 6.96, 8.49, 9.2, 9.25, 9.59], [8.07, 8.35, 9.61, 9.56, 8.34, 6.36, 4.87, 2.99, 1.78, 1.79, 1.87, 1.66, 1.61, 0, 0.88, 1.83, 1.7, 1.28, 1.5, 2.04, 2.64, 2.78, 3.12, 3.99, 4.15, 3.78, 4.22, 4.92, 5.69, 5.99, 6.75, 7.71, 7.73, 8.036, 7.65, 6.91, 6.39, 6.31, 6.93, 7.73, 9.15, 10.35, 11.37, 11.2, 10.25, 10.23, 9.65, 8.98, 9.28, 9.96, 10.05, 8.81, 7.44, 6.54, 6.33, 6.59, 6.95, 6.63, 6.6, 7.61, 8.64, 9.33, 10.24, 10.69, 9.92, 9.27, 8.96, 7.91, 7.3, 6.9, 6.59, 5.78, 5.02, 5.28, 6.18, 6.53, 7.12, 7.89, 7.46, 7.26, 7.9, 8.21, 9.4, 10.19, 10.22, 10.52], [8.47, 8.77, 10.11, 10.08, 8.84, 6.78, 5.27, 3.55, 2.32, 2.17, 2.21, 2.14, 2.03, 0.88, 0, 1.31, 1.38, 1.36, 1.92, 2.4, 3.02, 3.24, 3.7, 4.51, 4.51, 4.1, 4.5, 5.38, 6.27, 6.57, 7.29, 8.349, 8.289, 8.599, 8.181, 7.35, 6.83, 6.77, 7.37, 8.25, 9.67, 10.87, 11.87, 11.76, 10.79, 10.73, 10.17, 9.58, 9.9, 10.62, 10.69, 9.27, 7.8, 7.0, 6.65, 6.87, 7.41, 7.03, 6.9, 8.07, 9.08, 9.77, 10.72, 11.21, 10.44, 9.79, 9.5, 8.41, 7.8, 7.38, 7.07, 6.16, 5.34, 5.62, 6.48, 6.95, 7.54, 8.31, 7.88, 7.66, 8.36, 8.79, 9.96, 10.73, 10.78, 11.08], [8.7, 9.04, 10.38, 10.37, 9.17, 7.03, 5.64, 4.36, 3.13, 3.02, 3.36, 3.33, 3.12, 1.83, 1.31, 0, 0.83, 1.87, 2.75, 3.286, 3.81, 4.01, 4.61, 5.2, 4.98, 4.17, 4.97, 6.19, 7.08, 7.34, 8.18, 9.38, 9.45, 9.694, 9.261, 8.159, 7.52, 7.52, 8.02, 8.68, 10.22, 11.48, 12.56, 12.569, 11.5, 11.32, 10.962, 10.538, 10.806, 11.561, 11.642, 10.079, 8.25, 7.821, 7.28, 7.42, 7.64, 7.32, 7.29, 8.4, 9.59, 10.12, 10.97, 11.56, 11.01, 10.28, 9.91, 8.8, 8.406, 7.75, 7.34, 6.35, 5.39, 5.87, 7.11, 7.5, 8.11, 9.167, 8.854, 8.694, 9.394, 9.748, 10.75, 11.516, 11.546, 11.869], [8.51, 8.87, 10.19, 10.2, 8.94, 6.8, 5.21, 4.05, 2.78, 2.63, 2.97, 2.96, 2.75, 1.7, 1.38, 0.83, 0, 1.54, 2.46, 2.98, 3.52, 3.7, 4.24, 4.93, 4.69, 3.82, 4.56, 5.84, 6.71, 6.97, 7.786, 8.981, 9.04, 9.304, 8.91, 7.79, 7.13, 7.15, 7.61, 8.49, 10.03, 11.29, 12.29, 12.2, 11.25, 11.07, 10.65, 10.18, 10.431, 11.191, 11.255, 9.71, 7.86, 7.44, 6.97, 7.19, 7.41, 7.09, 6.92, 8.17, 9.42, 9.87, 10.74, 11.39, 10.8, 10.11, 9.74, 8.49, 8.1, 7.48, 7.07, 6.12, 5.16, 5.66, 6.84, 7.25, 7.84, 8.81, 8.5, 8.324, 9.004, 9.358, 10.48, 11.11, 11.22, 11.52], [7.91, 8.19, 9.37, 9.3, 8.14, 6.18, 4.71, 2.85, 1.8, 1.67, 1.77, 1.7, 1.83, 1.28, 1.36, 1.87, 1.54, 0, 1.16, 1.8, 2.3, 2.46, 2.96, 3.77, 3.99, 3.54, 4.02, 4.7, 5.59, 5.87, 6.57, 7.61, 7.677, 7.956, 7.55, 6.63, 6.25, 6.27, 6.75, 7.45, 8.89, 10.09, 11.09, 10.96, 10.03, 9.97, 9.51, 8.92, 9.12, 9.86, 9.95, 8.61, 7.2, 6.4, 6.07, 6.41, 6.75, 6.45, 6.44, 7.39, 8.34, 9.07, 10.0, 10.41, 9.66, 9.01, 8.7, 7.65, 7.02, 6.64, 6.37, 5.62, 4.84, 5.12, 6.02, 6.29, 6.84, 7.73, 7.36, 7.16, 7.82, 8.07, 9.22, 9.97, 9.96, 10.28], [7.13, 7.41, 8.61, 8.5, 7.38, 5.42, 3.99, 2.33, 1.68, 1.29, 1.29, 1.4, 1.63, 1.5, 1.92, 2.75, 2.46, 1.16, 0, 1.14, 1.72, 1.82, 2.2, 2.99, 3.21, 2.88, 3.3, 3.94, 4.77, 5.11, 5.73, 6.65, 6.73, 6.998, 6.63, 5.91, 5.51, 5.51, 6.01, 6.63, 8.03, 9.19, 10.23, 10.1, 9.15, 9.19, 8.75, 8.14, 8.26, 8.96, 9.05, 7.87, 6.48, 5.68, 5.43, 5.67, 5.99, 5.69, 5.7, 6.63, 7.6, 8.31, 9.22, 9.61, 8.8, 8.15, 7.88, 6.87, 6.28, 5.86, 5.61, 4.84, 4.06, 4.36, 5.32, 5.57, 6.12, 6.97, 6.62, 6.42, 7.08, 7.27, 8.36, 9.17, 9.18, 9.42], [6.69, 6.97, 8.11, 8.0, 6.9, 4.96, 3.65, 2.17, 1.68, 1.55, 1.59, 1.62, 1.89, 2.04, 2.4, 3.286, 2.98, 1.8, 1.14, 0, 1.16, 1.34, 1.72, 2.53, 2.77, 2.48, 2.84, 3.52, 4.37, 4.63, 5.27, 6.17, 6.17, 6.42, 6.01, 5.33, 5.01, 4.97, 5.39, 6.07, 7.49, 8.65, 9.69, 9.56, 8.57, 8.65, 8.13, 7.6, 7.78, 8.46, 8.51, 7.37, 5.98, 5.16, 4.85, 5.11, 5.49, 5.23, 5.22, 6.09, 7.02, 7.79, 8.72, 9.07, 8.26, 7.61, 7.32, 6.39, 5.74, 5.36, 5.15, 4.4, 3.64, 3.88, 4.66, 5.03, 5.52, 6.25, 5.96, 5.78, 6.46, 6.75, 7.74, 8.61, 8.6, 8.88], [5.83, 6.11, 7.25, 7.12, 6.04, 4.12, 3.23, 2.21, 1.88, 1.67, 1.99, 2.02, 2.07, 2.64, 3.02, 3.81, 3.52, 2.3, 1.72, 1.16, 0, 0.68, 1.28, 1.79, 1.97, 1.8, 2.1, 2.82, 3.71, 3.97, 4.59, 5.69, 5.69, 5.92, 5.49, 4.53, 4.21, 4.25, 4.59, 5.27, 6.77, 7.97, 8.97, 8.94, 7.95, 7.77, 7.35, 7.0, 7.22, 7.92, 7.95, 6.61, 5.14, 4.38, 4.09, 4.25, 4.61, 4.39, 4.4, 5.21, 6.14, 6.89, 7.82, 8.21, 7.54, 6.87, 6.52, 5.49, 4.86, 4.48, 4.29, 3.56, 2.8, 3.04, 3.86, 4.19, 4.68, 5.51, 5.18, 5.04, 5.76, 6.05, 7.08, 7.91, 7.92, 8.24], [5.53, 5.81, 7.03, 6.94, 5.78, 3.82, 3.15, 2.23, 2.0, 2.01, 2.33, 2.32, 2.29, 2.78, 3.24, 4.01, 3.7, 2.46, 1.82, 1.34, 0.68, 0, 0.88, 1.43, 1.63, 1.66, 1.78, 2.48, 3.45, 3.73, 4.37, 5.43, 5.49, 5.72, 5.29, 4.33, 3.89, 3.99, 4.45, 5.07, 6.53, 7.73, 8.75, 8.68, 7.71, 7.67, 7.19, 6.72, 6.94, 7.64, 7.69, 6.37, 4.9, 4.1, 3.77, 4.01, 4.41, 4.11, 4.08, 5.03, 5.98, 6.73, 7.66, 8.01, 7.32, 6.63, 6.32, 5.33, 4.72, 4.3, 4.05, 3.24, 2.48, 2.72, 3.7, 3.97, 4.52, 5.37, 5.04, 4.88, 5.6, 5.87, 6.88, 7.67, 7.66, 7.98], [5.29, 5.57, 6.73, 6.64, 5.5, 3.56, 3.07, 2.15, 2.24, 2.25, 2.47, 2.38, 2.41, 3.12, 3.7, 4.61, 4.24, 2.96, 2.2, 1.72, 1.28, 0.88, 0, 1.33, 1.57, 1.52, 1.72, 2.18, 2.91, 3.19, 3.77, 4.85, 4.93, 5.18, 4.83, 4.07, 3.67, 3.53, 4.15, 4.83, 6.23, 7.43, 8.45, 8.24, 7.27, 7.37, 6.87, 6.16, 6.36, 7.02, 7.15, 5.97, 4.68, 3.7, 3.59, 3.89, 4.13, 3.83, 3.9, 4.83, 5.8, 6.53, 7.4, 7.77, 6.94, 6.29, 6.04, 5.07, 4.36, 4.0, 3.79, 3.0, 2.32, 2.6, 3.46, 3.77, 4.32, 5.05, 4.62, 4.44, 5.12, 5.37, 6.5, 7.29, 7.32, 7.54], [4.18, 4.46, 5.68, 5.65, 4.45, 2.67, 2.34, 1.88, 2.45, 2.82, 3.16, 3.01, 3.0, 3.99, 4.51, 5.2, 4.93, 3.77, 2.99, 2.53, 1.79, 1.43, 1.33, 0, 0.94, 1.47, 1.13, 1.35, 2.18, 2.4, 3.16, 4.22, 4.3, 4.53, 4.12, 3.14, 2.64, 2.68, 3.16, 3.86, 5.34, 6.52, 7.56, 7.51, 6.5, 6.4, 5.9, 5.47, 5.67, 6.43, 6.5, 5.12, 3.55, 2.95, 2.66, 2.72, 3.08, 2.8, 2.81, 3.7, 4.73, 5.4, 6.31, 6.78, 6.13, 5.44, 5.11, 4.02, 3.45, 2.99, 2.7, 1.95, 1.47, 1.55, 2.39, 2.64, 3.21, 4.2, 3.87, 3.73, 4.37, 4.62, 5.75, 6.56, 6.53, 6.81], [4.04, 4.3, 5.68, 5.67, 4.43, 2.55, 2.22, 2.18, 2.61, 2.86, 3.22, 3.09, 3.08, 4.15, 4.51, 4.98, 4.69, 3.99, 3.21, 2.77, 1.97, 1.63, 1.57, 0.94, 0, 1.11, 1.11, 1.41, 2.26, 2.5, 3.28, 4.48, 4.56, 4.79, 4.38, 3.28, 2.74, 2.66, 3.16, 3.92, 5.4, 6.64, 7.66, 7.63, 6.64, 6.46, 6.04, 5.63, 5.89, 6.65, 6.72, 5.16, 3.45, 3.19, 2.78, 2.82, 2.96, 2.66, 2.71, 3.7, 4.85, 5.4, 6.27, 6.82, 6.19, 5.5, 5.15, 4.02, 3.53, 2.99, 2.62, 1.69, 1.35, 1.47, 2.41, 2.66, 3.31, 4.34, 3.99, 3.83, 4.51, 4.82, 5.89, 6.64, 6.69, 6.95], [4.79, 5.11, 6.49, 6.48, 5.24, 3.14, 2.17, 2.23, 2.52, 2.63, 3.09, 2.96, 2.79, 3.78, 4.1, 4.17, 3.82, 3.54, 2.88, 2.48, 1.8, 1.66, 1.52, 1.47, 1.11, 0, 1.2, 2.22, 3.11, 3.37, 4.17, 5.41, 5.49, 5.72, 5.29, 4.17, 3.51, 3.51, 3.95, 4.81, 6.33, 7.59, 8.59, 8.52, 7.51, 7.37, 6.99, 6.54, 6.8, 7.54, 7.65, 6.07, 4.16, 3.88, 3.37, 3.51, 3.69, 3.35, 3.26, 4.53, 5.72, 6.23, 7.08, 7.67, 7.06, 6.37, 6.02, 4.81, 4.38, 3.76, 3.39, 2.44, 1.62, 1.98, 3.18, 3.59, 4.16, 5.17, 4.88, 4.72, 5.42, 5.75, 6.78, 7.51, 7.56, 7.84], [4.25, 4.57, 5.95, 5.94, 4.68, 2.74, 2.07, 2.13, 2.82, 2.99, 3.43, 3.34, 3.15, 4.22, 4.5, 4.97, 4.56, 4.02, 3.3, 2.84, 2.1, 1.78, 1.72, 1.13, 1.11, 1.2, 0, 1.52, 2.41, 2.67, 3.51, 4.63, 4.67, 4.92, 4.49, 3.37, 2.79, 2.79, 3.13, 4.21, 5.75, 6.97, 7.97, 7.88, 6.93, 6.73, 6.25, 5.82, 6.1, 6.86, 6.89, 5.37, 3.44, 3.22, 2.75, 2.87, 3.09, 2.79, 2.58, 3.83, 5.02, 5.59, 6.48, 7.11, 6.52, 5.83, 5.46, 4.23, 3.78, 3.22, 2.79, 1.88, 1.38, 1.52, 2.46, 2.87, 3.44, 4.45, 4.12, 3.92, 4.62, 4.97, 6.12, 6.81, 6.88, 7.2], [3.55, 3.69, 4.81, 4.76, 3.52, 2.66, 2.49, 2.53, 3.52, 3.81, 3.95, 3.7, 3.87, 4.92, 5.38, 6.19, 5.84, 4.7, 3.94, 3.52, 2.82, 2.48, 2.18, 1.35, 1.41, 2.22, 1.52, 0, 1.27, 1.57, 2.09, 3.23, 3.31, 3.56, 3.29, 2.17, 2.13, 2.17, 2.35, 2.95, 4.37, 5.55, 6.57, 6.48, 5.53, 5.47, 5.01, 4.46, 4.72, 5.46, 5.55, 4.07, 2.9, 2.58, 2.35, 2.37, 2.31, 2.13, 2.16, 2.83, 3.84, 4.47, 5.42, 5.89, 5.14, 4.49, 4.18, 3.09, 2.54, 2.12, 1.87, 1.66, 1.68, 1.5, 1.72, 1.79, 2.46, 3.27, 2.9, 2.68, 3.34, 3.63, 4.76, 5.47, 5.52, 5.82], [3.2, 3.36, 4.36, 4.23, 3.11, 2.27, 2.74, 3.2, 4.27, 4.48, 4.68, 4.41, 4.58, 5.69, 6.27, 7.08, 6.71, 5.59, 4.77, 4.37, 3.71, 3.45, 2.91, 2.18, 2.26, 3.11, 2.41, 1.27, 0, 0.8, 1.48, 2.4, 2.52, 2.65, 2.54, 1.8, 1.8, 1.6, 2.04, 2.54, 3.84, 5.0, 6.02, 5.83, 4.92, 4.88, 4.58, 3.85, 3.97, 4.55, 4.66, 3.36, 2.55, 2.17, 2.0, 2.08, 1.9, 1.76, 1.87, 2.34, 3.27, 3.9, 4.77, 5.28, 4.55, 3.92, 3.59, 2.5, 1.87, 1.63, 1.6, 1.63, 2.15, 1.61, 1.55, 1.58, 2.15, 2.64, 2.23, 2.11, 2.51, 2.76, 4.13, 4.82, 4.85, 5.15], [2.76, 2.9, 3.94, 3.81, 2.69, 1.99, 2.58, 3.36, 4.47, 4.66, 4.9, 4.69, 4.86, 5.99, 6.57, 7.34, 6.97, 5.87, 5.11, 4.63, 3.97, 3.73, 3.19, 2.4, 2.5, 3.37, 2.67, 1.57, 0.8, 0, 1.32, 2.24, 2.38, 2.43, 2.26, 1.52, 1.6, 1.34, 1.76, 2.24, 3.54, 4.74, 5.76, 5.55, 4.6, 4.56, 4.12, 3.45, 3.59, 4.23, 4.34, 3.06, 2.15, 1.75, 1.76, 1.8, 1.68, 1.38, 1.49, 1.96, 2.97, 3.58, 4.45, 4.96, 4.27, 3.68, 3.37, 2.18, 1.59, 1.47, 1.46, 1.77, 2.45, 1.93, 1.47, 1.36, 1.73, 2.38, 2.01, 1.91, 2.29, 2.5, 3.89, 4.54, 4.57, 4.87], [2.48, 2.5, 3.26, 3.03, 2.31, 2.61, 3.2, 4.16, 5.35, 5.48, 5.52, 5.31, 5.74, 6.75, 7.29, 8.18, 7.786, 6.57, 5.73, 5.27, 4.59, 4.37, 3.77, 3.16, 3.28, 4.17, 3.51, 2.09, 1.48, 1.32, 0, 1.36, 1.48, 1.83, 2.08, 1.56, 1.8, 1.66, 1.76, 1.64, 2.74, 3.78, 4.78, 4.59, 3.72, 3.72, 3.5, 2.89, 3.09, 3.61, 3.68, 2.48, 1.91, 1.65, 1.98, 1.92, 1.5, 1.56, 1.47, 1.5, 2.23, 2.92, 3.77, 4.16, 3.27, 2.74, 2.51, 1.48, 1.27, 1.19, 1.44, 2.33, 3.07, 2.53, 1.51, 1.14, 1.43, 1.54, 1.41, 1.57, 1.89, 1.98, 3.15, 3.76, 3.79, 3.95], [3.42, 3.4, 3.62, 3.13, 3.11, 3.63, 4.18, 5.14, 6.33, 6.56, 6.46, 6.25, 6.58, 7.71, 8.349, 9.38, 8.981, 7.61, 6.65, 6.17, 5.69, 5.43, 4.85, 4.22, 4.48, 5.41, 4.63, 3.23, 2.4, 2.24, 1.36, 0, 0.92, 1.25, 2.08, 2.34, 2.6, 2.44, 2.52, 2.26, 2.78, 3.16, 4.06, 3.85, 3.34, 3.38, 3.44, 2.93, 3.23, 2.95, 3.04, 2.76, 2.55, 2.25, 2.8, 2.64, 2.32, 2.66, 2.55, 1.82, 1.75, 2.56, 3.31, 3.54, 2.63, 2.14, 1.93, 1.68, 1.79, 2.09, 2.58, 3.51, 4.29, 3.65, 2.47, 2.06, 2.13, 1.3, 1.47, 1.65, 1.43, 1.38, 2.45, 3.16, 3.19, 3.19], [3.54, 3.52, 3.86, 3.37, 3.25, 3.75, 4.3, 5.16, 6.35, 6.58, 6.34, 6.17, 6.44, 7.73, 8.289, 9.45, 9.04, 7.677, 6.73, 6.17, 5.69, 5.49, 4.93, 4.3, 4.56, 5.49, 4.67, 3.31, 2.52, 2.38, 1.48, 0.92, 0, 1.29, 2.2, 2.4, 2.74, 2.5, 2.56, 2.48, 3.16, 3.56, 4.5, 4.27, 3.78, 3.8, 3.68, 3.19, 3.45, 3.27, 3.38, 3.0, 2.81, 2.41, 2.84, 2.66, 2.48, 2.76, 2.61, 2.08, 2.15, 2.84, 3.71, 4.0, 3.03, 2.54, 2.37, 1.86, 1.93, 2.19, 2.62, 3.57, 4.37, 3.71, 2.43, 2.14, 2.05, 1.38, 1.31, 1.59, 1.69, 1.74, 2.85, 3.58, 3.59, 3.63], [2.79, 2.83, 3.37, 2.88, 2.4, 3.42, 4.41, 5.39, 6.6, 6.81, 6.63, 6.48, 6.75, 8.036, 8.599, 9.694, 9.304, 7.956, 6.998, 6.42, 5.92, 5.72, 5.18, 4.53, 4.79, 5.72, 4.92, 3.56, 2.65, 2.43, 1.83, 1.25, 1.29, 0, 1.31, 1.75, 2.39, 2.35, 2.15, 1.77, 2.61, 3.11, 4.13, 3.92, 3.21, 3.27, 3.17, 2.72, 3.04, 2.94, 2.89, 2.49, 2.26, 2.3, 2.59, 2.45, 2.39, 2.73, 2.78, 1.85, 1.82, 2.47, 3.32, 3.61, 2.74, 2.43, 2.16, 1.57, 1.62, 2.24, 2.77, 3.78, 4.6, 3.94, 2.7, 2.45, 2.54, 1.39, 1.5, 1.74, 1.3, 1.35, 2.52, 3.29, 3.28, 3.32], [2.52, 2.56, 3.16, 2.83, 2.09, 3.11, 4.14, 5.02, 6.25, 6.46, 6.26, 6.09, 6.48, 7.65, 8.181, 9.261, 8.91, 7.55, 6.63, 6.01, 5.49, 5.29, 4.83, 4.12, 4.38, 5.29, 4.49, 3.29, 2.54, 2.26, 2.08, 2.08, 2.2, 1.31, 0, 1.38, 2.3, 2.18, 2.06, 1.64, 2.3, 3.08, 4.12, 3.95, 3.2, 3.22, 3.18, 2.65, 2.89, 3.07, 2.96, 2.16, 2.19, 2.49, 2.68, 2.44, 2.48, 2.66, 2.81, 2.28, 2.25, 2.58, 3.27, 3.56, 2.95, 2.46, 2.29, 1.98, 1.61, 2.37, 2.7, 3.45, 4.17, 3.67, 2.81, 2.58, 2.79, 1.72, 1.95, 2.15, 1.87, 1.8, 2.71, 3.52, 3.55, 3.67], [1.92, 2.1, 3.0, 2.87, 1.81, 2.23, 3.12, 4.18, 5.33, 5.56, 5.6, 5.43, 5.76, 6.91, 7.35, 8.159, 7.79, 6.63, 5.91, 5.33, 4.53, 4.33, 4.07, 3.14, 3.28, 4.17, 3.37, 2.17, 1.8, 1.52, 1.56, 2.34, 2.4, 1.75, 1.38, 0, 1.14, 1.3, 1.0, 1.16, 2.64, 3.76, 4.76, 4.67, 3.72, 3.56, 3.2, 2.77, 3.03, 3.75, 3.7, 2.32, 1.31, 1.51, 1.5, 1.44, 1.38, 1.6, 1.77, 1.64, 2.07, 2.66, 3.59, 4.02, 3.33, 2.72, 2.41, 1.62, 1.23, 1.59, 1.7, 2.37, 3.11, 2.47, 1.79, 1.52, 1.75, 1.76, 1.77, 1.73, 1.83, 1.96, 3.13, 3.74, 3.81, 3.99], [1.84, 2.1, 3.36, 3.33, 2.13, 1.63, 2.68, 3.82, 4.85, 5.1, 5.42, 5.31, 5.28, 6.39, 6.83, 7.52, 7.13, 6.25, 5.51, 5.01, 4.21, 3.89, 3.67, 2.64, 2.74, 3.51, 2.79, 2.13, 1.8, 1.6, 1.8, 2.6, 2.74, 2.39, 2.3, 1.14, 0, 0.94, 1.32, 1.64, 3.08, 4.32, 5.32, 5.25, 4.28, 4.08, 3.62, 3.15, 3.43, 4.19, 4.22, 2.8, 1.23, 0.93, 0.86, 0.96, 1.34, 1.12, 1.23, 1.8, 2.43, 3.04, 3.99, 4.48, 3.87, 3.24, 2.85, 1.92, 1.37, 1.67, 1.64, 1.89, 2.43, 1.81, 1.37, 1.48, 1.53, 2.12, 1.95, 2.09, 2.23, 2.38, 3.61, 4.28, 4.45, 4.59], [2.04, 2.38, 3.5, 3.49, 2.35, 1.53, 2.46, 3.68, 4.81, 4.92, 5.32, 5.23, 5.22, 6.31, 6.77, 7.52, 7.15, 6.27, 5.51, 4.97, 4.25, 3.99, 3.53, 2.68, 2.66, 3.51, 2.79, 2.17, 1.6, 1.34, 1.66, 2.44, 2.5, 2.35, 2.18, 1.3, 0.94, 0, 1.42, 1.86, 3.36, 4.46, 5.46, 5.27, 4.34, 4.22, 3.7, 3.11, 3.49, 4.19, 4.24, 2.94, 1.49, 1.31, 1.24, 1.02, 1.3, 1.22, 1.39, 1.84, 2.73, 3.32, 4.15, 4.7, 4.01, 3.36, 2.99, 1.96, 1.27, 1.51, 1.44, 1.67, 2.39, 1.81, 1.33, 1.64, 1.83, 2.24, 1.99, 1.99, 2.21, 2.52, 3.83, 4.46, 4.49, 4.69], [1.82, 1.94, 3.02, 2.89, 1.97, 2.07, 2.84, 4.2, 5.33, 5.4, 5.7, 5.53, 5.84, 6.93, 7.37, 8.02, 7.61, 6.75, 6.01, 5.39, 4.59, 4.45, 4.15, 3.16, 3.16, 3.95, 3.13, 2.35, 2.04, 1.76, 1.76, 2.52, 2.56, 2.15, 2.06, 1.0, 1.32, 1.42, 0, 1.32, 2.76, 3.92, 4.92, 4.83, 3.86, 3.68, 3.32, 2.97, 3.35, 3.99, 3.94, 2.64, 1.21, 1.53, 1.18, 1.52, 1.26, 1.52, 1.61, 1.62, 2.29, 2.72, 3.55, 4.16, 3.53, 2.92, 2.55, 1.56, 1.53, 1.67, 1.58, 2.15, 2.93, 2.31, 1.97, 1.74, 1.75, 1.94, 2.11, 2.21, 2.15, 2.34, 3.51, 4.16, 4.15, 4.35], [1.48, 1.54, 2.36, 2.07, 1.25, 2.17, 3.42, 4.92, 6.21, 6.4, 6.48, 6.31, 6.74, 7.73, 8.25, 8.68, 8.49, 7.45, 6.63, 6.07, 5.27, 5.07, 4.83, 3.86, 3.92, 4.81, 4.21, 2.95, 2.54, 2.24, 1.64, 2.26, 2.48, 1.77, 1.64, 1.16, 1.64, 1.86, 1.32, 0, 1.68, 2.82, 3.94, 4.03, 3.04, 2.9, 2.92, 2.67, 2.91, 3.41, 3.36, 2.2, 1.31, 1.81, 1.82, 1.78, 1.54, 1.68, 1.93, 1.38, 1.77, 1.98, 2.85, 3.16, 2.55, 2.06, 1.61, 1.2, 1.21, 1.49, 1.64, 2.61, 3.45, 2.95, 2.07, 1.7, 1.85, 1.62, 2.03, 2.33, 2.13, 2.06, 2.73, 3.46, 3.49, 3.71], [2.18, 1.96, 1.82, 1.59, 2.01, 3.39, 4.88, 6.4, 7.69, 7.9, 7.96, 7.73, 8.22, 9.15, 9.67, 10.22, 10.03, 8.89, 8.03, 7.49, 6.77, 6.53, 6.23, 5.34, 5.4, 6.33, 5.75, 4.37, 3.84, 3.54, 2.74, 2.78, 3.16, 2.61, 2.3, 2.64, 3.08, 3.36, 2.76, 1.68, 0, 1.4, 2.62, 2.73, 2.0, 2.06, 2.42, 2.15, 2.39, 2.63, 2.42, 1.56, 2.41, 2.91, 3.26, 3.16, 3.0, 3.14, 3.41, 2.6, 2.21, 2.12, 2.33, 2.54, 1.99, 1.78, 1.69, 2.2, 2.41, 2.93, 3.2, 4.15, 5.01, 4.49, 3.49, 3.02, 2.67, 2.32, 2.95, 3.49, 3.03, 2.52, 2.31, 3.0, 3.15, 3.03], [3.04, 2.78, 1.74, 1.49, 2.77, 4.61, 6.12, 7.58, 8.87, 9.1, 9.16, 8.89, 9.4, 10.35, 10.87, 11.48, 11.29, 10.09, 9.19, 8.65, 7.97, 7.73, 7.43, 6.52, 6.64, 7.59, 6.97, 5.55, 5.0, 4.74, 3.78, 3.16, 3.56, 3.11, 3.08, 3.76, 4.32, 4.46, 3.92, 2.82, 1.4, 0, 1.52, 1.63, 1.32, 1.32, 1.94, 1.91, 1.99, 1.75, 1.58, 1.8, 3.55, 4.11, 4.48, 4.28, 4.04, 4.36, 4.55, 3.26, 2.43, 2.08, 2.13, 2.16, 1.83, 1.74, 1.99, 2.88, 3.31, 3.89, 4.38, 5.39, 6.25, 5.73, 4.63, 4.14, 3.63, 2.86, 3.49, 3.83, 3.29, 2.82, 2.15, 2.62, 2.81, 2.59], [4.06, 3.76, 2.56, 2.41, 3.73, 5.67, 7.12, 8.62, 9.89, 10.1, 10.16, 9.93, 10.42, 11.37, 11.87, 12.56, 12.29, 11.09, 10.23, 9.69, 8.97, 8.75, 8.45, 7.56, 7.66, 8.59, 7.97, 6.57, 6.02, 5.76, 4.78, 4.06, 4.5, 4.13, 4.12, 4.76, 5.32, 5.46, 4.92, 3.94, 2.62, 1.52, 0, 1.05, 1.5, 1.46, 1.96, 2.61, 2.57, 1.95, 1.84, 2.72, 4.55, 5.11, 5.48, 5.32, 5.14, 5.42, 5.57, 4.38, 3.21, 2.64, 2.29, 1.94, 1.95, 2.44, 2.87, 3.8, 4.31, 4.91, 5.44, 6.53, 7.37, 6.81, 5.65, 5.18, 4.59, 3.82, 4.39, 4.65, 3.99, 3.56, 2.19, 2.32, 2.47, 2.27], [4.03, 3.71, 2.49, 2.4, 3.72, 5.66, 7.07, 8.51, 9.76, 9.95, 10.01, 9.76, 10.27, 11.2, 11.76, 12.569, 12.2, 10.96, 10.1, 9.56, 8.94, 8.68, 8.24, 7.51, 7.63, 8.52, 7.88, 6.48, 5.83, 5.55, 4.59, 3.85, 4.27, 3.92, 3.95, 4.67, 5.25, 5.27, 4.83, 4.03, 2.73, 1.63, 1.05, 0, 1.19, 1.49, 1.81, 2.4, 2.18, 1.62, 1.53, 2.55, 4.54, 5.04, 5.41, 5.35, 5.13, 5.43, 5.56, 4.43, 3.4, 3.03, 2.8, 2.79, 2.38, 2.51, 3.0, 3.79, 4.22, 4.88, 5.47, 6.54, 7.4, 6.86, 5.66, 5.19, 4.64, 3.77, 4.32, 4.54, 3.96, 3.49, 2.74, 2.95, 2.96, 2.58], [2.98, 2.66, 1.52, 1.43, 2.73, 4.61, 6.1, 7.56, 8.83, 9.02, 9.08, 8.81, 9.32, 10.25, 10.79, 11.5, 11.25, 10.03, 9.15, 8.57, 7.95, 7.71, 7.27, 6.5, 6.64, 7.51, 6.93, 5.53, 4.92, 4.6, 3.72, 3.34, 3.78, 3.21, 3.2, 3.72, 4.28, 4.34, 3.86, 3.04, 2.0, 1.32, 1.5, 1.19, 0, 0.92, 1.06, 1.53, 1.89, 1.49, 1.28, 1.8, 3.51, 4.05, 4.42, 4.3, 4.06, 4.36, 4.49, 3.36, 2.55, 2.36, 2.45, 2.74, 2.21, 2.22, 2.51, 2.9, 3.31, 3.87, 4.46, 5.47, 6.37, 5.79, 4.57, 4.16, 3.63, 3.0, 3.59, 3.81, 3.29, 2.84, 2.37, 2.96, 2.99, 2.93], [2.84, 2.52, 1.36, 1.31, 2.59, 4.47, 5.92, 7.46, 8.73, 8.86, 8.98, 8.81, 9.22, 10.23, 10.73, 11.32, 11.07, 9.97, 9.19, 8.65, 7.77, 7.67, 7.37, 6.4, 6.46, 7.37, 6.73, 5.47, 4.88, 4.56, 3.72, 3.38, 3.8, 3.27, 3.22, 3.56, 4.08, 4.22, 3.68, 2.9, 2.06, 1.32, 1.46, 1.49, 0.92, 0, 1.04, 1.47, 1.67, 1.41, 1.3, 1.66, 3.31, 3.87, 4.24, 4.1, 3.9, 4.24, 4.29, 3.14, 2.29, 2.06, 2.13, 2.34, 2.07, 2.16, 2.39, 2.66, 3.15, 3.73, 4.26, 5.35, 6.19, 5.57, 4.39, 3.96, 3.37, 2.84, 3.37, 3.59, 3.17, 2.68, 2.25, 2.68, 2.73, 2.87], [2.66, 2.36, 1.3, 1.39, 2.49, 4.21, 5.5, 6.88, 8.15, 8.3, 8.5, 8.31, 8.6, 9.65, 10.17, 10.962, 10.65, 9.51, 8.75, 8.13, 7.35, 7.19, 6.87, 5.9, 6.04, 6.99, 6.25, 5.01, 4.58, 4.12, 3.5, 3.44, 3.68, 3.17, 3.18, 3.2, 3.62, 3.7, 3.32, 2.92, 2.42, 1.94, 1.96, 1.81, 1.06, 1.04, 0, 0.99, 1.63, 1.65, 1.38, 1.56, 2.93, 3.43, 3.76, 3.68, 3.56, 3.9, 3.91, 2.96, 2.55, 2.3, 2.43, 2.8, 2.51, 2.54, 2.79, 2.74, 3.23, 3.61, 4.02, 5.01, 5.85, 5.21, 3.95, 3.58, 3.05, 3.0, 3.43, 3.43, 3.11, 2.62, 2.49, 3.02, 3.01, 3.27], [2.43, 2.15, 1.33, 1.42, 2.24, 3.98, 5.17, 6.35, 7.6, 7.71, 7.85, 7.62, 7.91, 8.98, 9.58, 10.538, 10.18, 8.92, 8.14, 7.6, 7.0, 6.72, 6.16, 5.47, 5.63, 6.54, 5.82, 4.46, 3.85, 3.45, 2.89, 2.93, 3.19, 2.72, 2.65, 2.77, 3.15, 3.11, 2.97, 2.67, 2.15, 1.91, 2.61, 2.4, 1.53, 1.47, 0.99, 0, 1.04, 1.32, 1.21, 1.13, 2.56, 2.88, 3.37, 3.31, 3.15, 3.47, 3.5, 2.69, 2.56, 2.33, 2.62, 3.05, 2.6, 2.47, 2.62, 2.59, 2.82, 3.34, 3.69, 4.58, 5.42, 4.8, 3.58, 3.21, 2.72, 2.67, 3.02, 3.12, 2.74, 2.21, 2.52, 3.01, 3.04, 3.2], [2.89, 2.67, 1.93, 1.94, 2.66, 4.36, 5.55, 6.57, 7.8, 8.01, 8.07, 7.84, 8.19, 9.28, 9.9, 10.806, 10.431, 9.12, 8.26, 7.78, 7.22, 6.94, 6.36, 5.67, 5.89, 6.8, 6.1, 4.72, 3.97, 3.59, 3.09, 3.23, 3.45, 3.04, 2.89, 3.03, 3.43, 3.49, 3.35, 2.91, 2.39, 1.99, 2.57, 2.18, 1.89, 1.67, 1.63, 1.04, 0, 1.06, 1.27, 1.39, 2.9, 3.22, 3.73, 3.71, 3.45, 3.75, 3.84, 3.09, 2.9, 2.69, 2.86, 3.21, 2.72, 2.63, 2.9, 2.91, 3.08, 3.66, 4.03, 4.94, 5.68, 5.08, 3.9, 3.45, 2.94, 3.03, 3.28, 3.4, 3.08, 2.49, 2.6, 2.99, 3.08, 3.02], [3.55, 3.27, 2.29, 2.06, 3.24, 5.04, 6.27, 7.31, 8.56, 8.73, 8.69, 8.54, 8.83, 9.96, 10.62, 11.561, 11.191, 9.86, 8.96, 8.46, 7.92, 7.64, 7.02, 6.43, 6.65, 7.54, 6.86, 5.46, 4.55, 4.23, 3.61, 2.95, 3.27, 2.94, 3.07, 3.75, 4.19, 4.19, 3.99, 3.41, 2.63, 1.75, 1.95, 1.62, 1.49, 1.41, 1.65, 1.32, 1.06, 0, 0.75, 1.61, 3.64, 3.9, 4.47, 4.45, 4.19, 4.49, 4.54, 3.57, 2.82, 2.67, 2.76, 3.01, 2.44, 2.41, 2.68, 3.05, 3.38, 4.14, 4.73, 5.66, 6.44, 5.84, 4.62, 4.19, 3.66, 3.05, 3.26, 3.46, 2.94, 2.33, 2.4, 2.87, 2.96, 2.88], [3.5, 3.2, 2.02, 2.07, 3.19, 5.03, 6.24, 7.34, 8.57, 8.76, 8.74, 8.61, 8.84, 10.05, 10.69, 11.642, 11.255, 9.95, 9.05, 8.51, 7.95, 7.69, 7.15, 6.5, 6.72, 7.65, 6.89, 5.55, 4.66, 4.34, 3.68, 3.04, 3.38, 2.89, 2.96, 3.7, 4.22, 4.24, 3.94, 3.36, 2.42, 1.58, 1.84, 1.53, 1.28, 1.3, 1.38, 1.21, 1.27, 0.75, 0, 1.62, 3.63, 3.93, 4.42, 4.38, 4.26, 4.58, 4.57, 3.54, 2.87, 2.74, 2.77, 3.0, 2.51, 2.44, 2.77, 3.14, 3.41, 4.17, 4.72, 5.71, 6.53, 5.89, 4.63, 4.24, 3.65, 2.94, 3.29, 3.61, 2.99, 2.5, 2.41, 2.84, 2.95, 2.97], [2.2, 1.98, 1.58, 1.57, 2.03, 3.61, 4.76, 6.06, 7.31, 7.48, 7.66, 7.43, 7.78, 8.81, 9.27, 10.079, 9.71, 8.61, 7.87, 7.37, 6.61, 6.37, 5.97, 5.12, 5.16, 6.07, 5.37, 4.07, 3.36, 3.06, 2.48, 2.76, 3.0, 2.49, 2.16, 2.32, 2.8, 2.94, 2.64, 2.2, 1.56, 1.8, 2.72, 2.55, 1.8, 1.66, 1.56, 1.13, 1.39, 1.61, 1.62, 0, 2.07, 2.63, 3.02, 3.04, 2.82, 3.0, 3.05, 2.4, 2.19, 2.02, 2.31, 2.78, 2.33, 2.14, 2.21, 2.06, 2.21, 2.83, 3.26, 4.15, 4.95, 4.35, 3.21, 2.7, 2.51, 2.3, 2.57, 2.95, 2.51, 1.94, 2.27, 2.8, 2.87, 3.07], [1.23, 1.47, 2.53, 2.52, 1.66, 1.92, 2.85, 4.67, 5.84, 6.05, 6.45, 6.3, 6.35, 7.44, 7.8, 8.25, 7.86, 7.2, 6.48, 5.98, 5.14, 4.9, 4.68, 3.55, 3.45, 4.16, 3.44, 2.9, 2.55, 2.15, 1.91, 2.55, 2.81, 2.26, 2.19, 1.31, 1.23, 1.49, 1.21, 1.31, 2.41, 3.55, 4.55, 4.54, 3.51, 3.31, 2.93, 2.56, 2.9, 3.64, 3.63, 2.07, 0, 1.26, 1.35, 1.37, 1.21, 1.17, 1.22, 1.43, 2.0, 2.23, 3.06, 3.69, 3.12, 2.73, 2.32, 1.43, 1.62, 1.78, 1.75, 2.26, 3.08, 2.46, 1.7, 1.51, 1.54, 1.91, 2.24, 2.42, 2.2, 1.99, 3.0, 3.69, 3.7, 3.94], [1.99, 2.11, 3.23, 3.2, 2.34, 1.78, 2.87, 4.03, 5.14, 5.29, 5.57, 5.5, 5.45, 6.54, 7.0, 7.821, 7.44, 6.4, 5.68, 5.16, 4.38, 4.1, 3.7, 2.95, 3.19, 3.88, 3.22, 2.58, 2.17, 1.75, 1.65, 2.25, 2.41, 2.3, 2.49, 1.51, 0.93, 1.31, 1.53, 1.81, 2.91, 4.11, 5.11, 5.04, 4.05, 3.87, 3.43, 2.88, 3.22, 3.9, 3.93, 2.63, 1.26, 0, 0.97, 1.21, 1.63, 1.41, 1.56, 1.73, 2.32, 2.91, 3.84, 4.33, 3.7, 3.21, 2.84, 1.87, 1.64, 1.92, 1.95, 2.22, 2.86, 2.12, 1.6, 1.49, 1.52, 2.03, 1.86, 2.14, 2.06, 2.17, 3.46, 4.07, 4.2, 4.38], [1.98, 2.2, 3.54, 3.53, 2.39, 1.61, 2.58, 3.82, 4.89, 5.14, 5.62, 5.49, 5.34, 6.33, 6.65, 7.28, 6.97, 6.07, 5.43, 4.85, 4.09, 3.77, 3.59, 2.66, 2.78, 3.37, 2.75, 2.35, 2.0, 1.76, 1.98, 2.8, 2.84, 2.59, 2.68, 1.5, 0.86, 1.24, 1.18, 1.82, 3.26, 4.48, 5.48, 5.41, 4.42, 4.24, 3.76, 3.37, 3.73, 4.47, 4.42, 3.02, 1.35, 0.97, 0, 0.84, 1.38, 1.24, 1.27, 1.88, 2.65, 3.26, 4.15, 4.68, 4.05, 3.5, 3.09, 1.96, 1.65, 1.83, 1.7, 1.89, 2.43, 1.73, 1.55, 1.62, 1.67, 2.3, 2.21, 2.37, 2.49, 2.7, 3.85, 4.54, 4.59, 4.81], [1.88, 2.16, 3.32, 3.31, 2.23, 1.55, 2.42, 3.96, 5.03, 5.32, 5.7, 5.59, 5.46, 6.59, 6.87, 7.42, 7.19, 6.41, 5.67, 5.11, 4.25, 4.01, 3.89, 2.72, 2.82, 3.51, 2.87, 2.37, 2.08, 1.8, 1.92, 2.64, 2.66, 2.45, 2.44, 1.44, 0.96, 1.02, 1.52, 1.78, 3.16, 4.28, 5.32, 5.35, 4.3, 4.1, 3.68, 3.31, 3.71, 4.45, 4.38, 3.04, 1.37, 1.21, 0.84, 0, 1.16, 1.2, 1.29, 1.58, 2.37, 3.04, 3.95, 4.46, 3.89, 3.3, 2.87, 1.78, 1.47, 1.55, 1.44, 1.73, 2.37, 1.73, 1.17, 1.5, 1.47, 2.04, 1.87, 2.05, 2.31, 2.64, 3.77, 4.5, 4.53, 4.73], [1.78, 2.0, 2.94, 2.91, 1.99, 1.93, 2.76, 4.22, 5.37, 5.54, 5.86, 5.69, 5.9, 6.95, 7.41, 7.64, 7.41, 6.75, 5.99, 5.49, 4.61, 4.41, 4.13, 3.08, 2.96, 3.69, 3.09, 2.31, 1.9, 1.68, 1.5, 2.32, 2.48, 2.39, 2.48, 1.38, 1.34, 1.3, 1.26, 1.54, 3.0, 4.04, 5.14, 5.13, 4.06, 3.9, 3.56, 3.15, 3.45, 4.19, 4.26, 2.82, 1.21, 1.63, 1.38, 1.16, 0, 0.96, 1.15, 1.1, 2.19, 2.64, 3.43, 4.12, 3.57, 2.88, 2.51, 1.5, 1.43, 1.27, 1.12, 1.69, 2.45, 1.97, 1.29, 1.18, 1.35, 1.86, 1.83, 1.85, 2.21, 2.44, 3.43, 4.16, 4.17, 4.43], [1.64, 1.98, 3.22, 3.21, 2.01, 1.41, 2.36, 3.96, 5.07, 5.34, 5.72, 5.57, 5.6, 6.63, 7.03, 7.32, 7.09, 6.45, 5.69, 5.23, 4.39, 4.11, 3.83, 2.8, 2.66, 3.35, 2.79, 2.13, 1.76, 1.38, 1.56, 2.66, 2.76, 2.73, 2.66, 1.6, 1.12, 1.22, 1.52, 1.68, 3.14, 4.36, 5.42, 5.43, 4.36, 4.24, 3.9, 3.47, 3.75, 4.49, 4.58, 3.0, 1.17, 1.41, 1.24, 1.2, 0.96, 0, 0.73, 1.42, 2.51, 2.98, 3.81, 4.42, 3.81, 3.28, 2.93, 1.74, 1.51, 1.31, 1.08, 1.33, 2.07, 1.65, 1.19, 1.14, 1.37, 2.22, 2.13, 2.27, 2.55, 2.76, 3.75, 4.46, 4.51, 4.75], [1.89, 2.21, 3.47, 3.46, 2.24, 1.72, 2.31, 3.97, 5.08, 5.29, 5.73, 5.58, 5.53, 6.6, 6.9, 7.29, 6.92, 6.44, 5.7, 5.22, 4.4, 4.08, 3.9, 2.81, 2.71, 3.26, 2.58, 2.16, 1.87, 1.49, 1.47, 2.55, 2.61, 2.78, 2.81, 1.77, 1.23, 1.39, 1.61, 1.93, 3.41, 4.55, 5.57, 5.56, 4.49, 4.29, 3.91, 3.5, 3.84, 4.54, 4.57, 3.05, 1.22, 1.56, 1.27, 1.29, 1.15, 0.73, 0, 1.39, 2.6, 3.09, 3.96, 4.65, 4.08, 3.59, 3.2, 1.79, 1.66, 1.3, 1.01, 1.46, 2.06, 1.54, 0.98, 1.07, 1.34, 2.21, 2.04, 2.16, 2.52, 2.73, 3.82, 4.55, 4.6, 4.86], [1.94, 2.02, 2.52, 2.29, 1.79, 2.29, 3.22, 4.76, 5.99, 6.14, 6.44, 6.23, 6.56, 7.61, 8.07, 8.4, 8.17, 7.39, 6.63, 6.09, 5.21, 5.03, 4.83, 3.7, 3.7, 4.53, 3.83, 2.83, 2.34, 1.96, 1.5, 1.82, 2.08, 1.85, 2.28, 1.64, 1.8, 1.84, 1.62, 1.38, 2.6, 3.26, 4.38, 4.43, 3.36, 3.14, 2.96, 2.69, 3.09, 3.57, 3.54, 2.4, 1.43, 1.73, 1.88, 1.58, 1.1, 1.42, 1.39, 0, 1.35, 1.86, 2.65, 3.34, 2.89, 2.4, 1.97, 0.88, 1.29, 1.17, 1.44, 2.31, 3.15, 2.63, 1.61, 1.26, 1.35, 1.3, 1.41, 1.55, 1.55, 1.78, 2.79, 3.54, 3.57, 3.79], [2.25, 2.23, 2.31, 1.84, 1.96, 2.98, 4.33, 5.77, 7.06, 7.25, 7.31, 7.16, 7.53, 8.64, 9.08, 9.59, 9.42, 8.34, 7.6, 7.02, 6.14, 5.98, 5.8, 4.73, 4.85, 5.72, 5.02, 3.84, 3.27, 2.97, 2.23, 1.75, 2.15, 1.82, 2.25, 2.07, 2.43, 2.73, 2.29, 1.77, 2.21, 2.43, 3.21, 3.4, 2.55, 2.29, 2.55, 2.56, 2.9, 2.82, 2.87, 2.19, 2.0, 2.32, 2.65, 2.37, 2.19, 2.51, 2.6, 1.35, 0, 1.01, 1.76, 2.21, 1.96, 1.83, 1.42, 1.21, 1.68, 2.16, 2.61, 3.54, 4.42, 3.8, 2.68, 2.23, 1.88, 1.39, 1.6, 1.88, 1.3, 1.31, 1.76, 2.53, 2.54, 2.78], [2.12, 2.0, 1.86, 1.43, 1.79, 3.31, 4.82, 6.46, 7.73, 7.88, 8.12, 7.93, 8.26, 9.33, 9.77, 10.12, 9.87, 9.07, 8.31, 7.79, 6.89, 6.73, 6.53, 5.4, 5.4, 6.23, 5.59, 4.47, 3.9, 3.58, 2.92, 2.56, 2.84, 2.47, 2.58, 2.66, 3.04, 3.32, 2.72, 1.98, 2.12, 2.08, 2.64, 3.03, 2.36, 2.06, 2.3, 2.33, 2.69, 2.67, 2.74, 2.02, 2.23, 2.91, 3.26, 3.04, 2.64, 2.98, 3.09, 1.86, 1.01, 0, 1.05, 1.74, 1.65, 1.68, 1.49, 1.64, 2.29, 2.65, 3.04, 3.97, 4.79, 4.39, 3.33, 2.88, 2.49, 2.06, 2.39, 2.63, 1.99, 1.7, 1.63, 2.28, 2.27, 2.67], [2.81, 2.69, 2.09, 1.68, 2.52, 4.14, 5.67, 7.41, 8.62, 8.77, 9.05, 8.86, 9.21, 10.24, 10.72, 10.97, 10.74, 10.0, 9.22, 8.72, 7.82, 7.66, 7.4, 6.31, 6.27, 7.08, 6.48, 5.42, 4.77, 4.45, 3.77, 3.31, 3.71, 3.32, 3.27, 3.59, 3.99, 4.15, 3.55, 2.85, 2.33, 2.13, 2.29, 2.8, 2.45, 2.13, 2.43, 2.62, 2.86, 2.76, 2.77, 2.31, 3.06, 3.84, 4.15, 3.95, 3.43, 3.81, 3.96, 2.65, 1.76, 1.05, 0, 1.11, 1.24, 1.71, 1.86, 2.43, 3.12, 3.5, 3.81, 4.7, 5.6, 5.28, 4.26, 3.81, 3.28, 2.87, 3.26, 3.5, 2.76, 2.43, 1.58, 1.81, 1.8, 2.26], [3.3, 3.1, 2.58, 2.07, 3.03, 4.77, 6.24, 7.86, 9.13, 9.32, 9.46, 9.29, 9.68, 10.69, 11.21, 11.56, 11.39, 10.41, 9.61, 9.07, 8.21, 8.01, 7.77, 6.78, 6.82, 7.67, 7.11, 5.89, 5.28, 4.96, 4.16, 3.54, 4.0, 3.61, 3.56, 4.02, 4.48, 4.7, 4.16, 3.16, 2.54, 2.16, 1.94, 2.79, 2.74, 2.34, 2.8, 3.05, 3.21, 3.01, 3.0, 2.78, 3.69, 4.33, 4.68, 4.46, 4.12, 4.42, 4.65, 3.34, 2.21, 1.74, 1.11, 0, 1.43, 1.92, 1.97, 2.94, 3.49, 4.03, 4.5, 5.41, 6.31, 5.85, 4.79, 4.34, 3.77, 3.06, 3.63, 3.91, 3.27, 2.86, 1.55, 1.3, 1.47, 1.97], [3.31, 3.17, 2.53, 2.06, 2.98, 4.28, 5.69, 7.19, 8.46, 8.67, 8.73, 8.5, 8.99, 9.92, 10.44, 11.01, 10.8, 9.66, 8.8, 8.26, 7.54, 7.32, 6.94, 6.13, 6.19, 7.06, 6.52, 5.14, 4.55, 4.27, 3.27, 2.63, 3.03, 2.74, 2.95, 3.33, 3.87, 4.01, 3.53, 2.55, 1.99, 1.83, 1.95, 2.38, 2.21, 2.07, 2.51, 2.6, 2.72, 2.44, 2.51, 2.33, 3.12, 3.7, 4.05, 3.89, 3.57, 3.81, 4.08, 2.89, 1.96, 1.65, 1.24, 1.43, 0, 0.97, 1.52, 2.37, 2.78, 3.38, 3.89, 4.92, 5.82, 5.3, 4.16, 3.73, 3.12, 2.39, 2.94, 3.2, 2.58, 2.27, 1.1, 1.43, 1.44, 1.46], [3.1, 2.96, 2.38, 1.85, 2.71, 3.99, 5.24, 6.5, 7.79, 8.0, 8.06, 7.85, 8.32, 9.27, 9.79, 10.28, 10.11, 9.01, 8.15, 7.61, 6.87, 6.63, 6.29, 5.44, 5.5, 6.37, 5.83, 4.49, 3.92, 3.68, 2.74, 2.14, 2.54, 2.43, 2.46, 2.72, 3.24, 3.36, 2.92, 2.06, 1.78, 1.74, 2.44, 2.51, 2.22, 2.16, 2.54, 2.47, 2.63, 2.41, 2.44, 2.14, 2.73, 3.21, 3.5, 3.3, 2.88, 3.28, 3.59, 2.4, 1.83, 1.68, 1.71, 1.92, 0.97, 0, 0.87, 2.0, 2.27, 2.85, 3.36, 4.17, 5.05, 4.55, 3.59, 3.2, 2.77, 1.8, 2.47, 2.61, 2.25, 2.06, 1.43, 2.06, 2.13, 2.21], [2.77, 2.65, 2.43, 1.9, 2.36, 3.62, 4.81, 6.17, 7.46, 7.65, 7.73, 7.56, 7.99, 8.96, 9.5, 9.91, 9.74, 8.7, 7.88, 7.32, 6.52, 6.32, 6.04, 5.11, 5.15, 6.02, 5.46, 4.18, 3.59, 3.37, 2.51, 1.93, 2.37, 2.16, 2.29, 2.41, 2.85, 2.99, 2.55, 1.61, 1.69, 1.99, 2.87, 3.0, 2.51, 2.39, 2.79, 2.62, 2.9, 2.68, 2.77, 2.21, 2.32, 2.84, 3.09, 2.87, 2.51, 2.93, 3.2, 1.97, 1.42, 1.49, 1.86, 1.97, 1.52, 0.87, 0, 1.59, 1.98, 2.48, 2.95, 3.8, 4.66, 4.18, 3.2, 2.83, 2.56, 1.43, 2.12, 2.36, 1.92, 1.69, 1.68, 2.37, 2.48, 2.6], [1.92, 1.96, 2.38, 1.99, 1.61, 2.37, 3.42, 5.1, 6.31, 6.46, 6.7, 6.53, 6.88, 7.91, 8.41, 8.8, 8.49, 7.65, 6.87, 6.39, 5.49, 5.33, 5.07, 4.02, 4.02, 4.81, 4.23, 3.09, 2.5, 2.18, 1.48, 1.68, 1.86, 1.57, 1.98, 1.62, 1.92, 1.96, 1.56, 1.2, 2.2, 2.88, 3.8, 3.79, 2.9, 2.66, 2.74, 2.59, 2.91, 3.05, 3.14, 2.06, 1.43, 1.87, 1.96, 1.78, 1.5, 1.74, 1.79, 0.88, 1.21, 1.64, 2.43, 2.94, 2.37, 2.0, 1.59, 0, 1.09, 1.27, 1.76, 2.79, 3.63, 3.11, 1.99, 1.64, 1.53, 1.06, 1.31, 1.67, 1.43, 1.38, 2.37, 3.02, 3.05, 3.27], [2.03, 2.19, 2.85, 2.58, 1.7, 2.02, 3.07, 4.53, 5.76, 5.91, 6.07, 5.9, 6.27, 7.3, 7.8, 8.406, 8.1, 7.02, 6.28, 5.74, 4.86, 4.72, 4.36, 3.45, 3.53, 4.38, 3.78, 2.54, 1.87, 1.59, 1.27, 1.79, 1.93, 1.62, 1.61, 1.23, 1.37, 1.27, 1.53, 1.21, 2.41, 3.31, 4.31, 4.22, 3.31, 3.15, 3.23, 2.82, 3.08, 3.38, 3.41, 2.21, 1.62, 1.64, 1.65, 1.47, 1.43, 1.51, 1.66, 1.29, 1.68, 2.29, 3.12, 3.49, 2.78, 2.27, 1.98, 1.09, 0, 1.04, 1.49, 2.38, 3.28, 2.7, 1.74, 1.53, 1.68, 1.33, 1.24, 1.64, 1.62, 1.73, 2.76, 3.43, 3.46, 3.6], [2.09, 2.25, 2.99, 2.78, 1.82, 1.76, 2.53, 4.07, 5.3, 5.49, 5.71, 5.54, 5.87, 6.9, 7.38, 7.75, 7.48, 6.64, 5.86, 5.36, 4.48, 4.3, 4.0, 2.99, 2.99, 3.76, 3.22, 2.12, 1.63, 1.47, 1.19, 2.09, 2.19, 2.24, 2.37, 1.59, 1.67, 1.51, 1.67, 1.49, 2.93, 3.89, 4.91, 4.88, 3.87, 3.73, 3.61, 3.34, 3.66, 4.14, 4.17, 2.83, 1.78, 1.92, 1.83, 1.55, 1.27, 1.31, 1.3, 1.17, 2.16, 2.65, 3.5, 4.03, 3.38, 2.85, 2.48, 1.27, 1.04, 0, 0.85, 1.66, 2.56, 2.08, 1.32, 1.17, 1.52, 1.81, 1.72, 1.76, 2.22, 2.49, 3.52, 4.19, 4.2, 4.36], [2.12, 2.3, 3.28, 3.27, 2.07, 1.69, 2.26, 3.82, 4.97, 5.2, 5.56, 5.39, 5.56, 6.59, 7.07, 7.34, 7.07, 6.37, 5.61, 5.15, 4.29, 4.05, 3.79, 2.7, 2.62, 3.39, 2.79, 1.87, 1.6, 1.46, 1.44, 2.58, 2.62, 2.77, 2.7, 1.7, 1.64, 1.44, 1.58, 1.64, 3.2, 4.38, 5.44, 5.47, 4.46, 4.26, 4.02, 3.69, 4.03, 4.73, 4.72, 3.26, 1.75, 1.95, 1.7, 1.44, 1.12, 1.08, 1.01, 1.44, 2.61, 3.04, 3.81, 4.5, 3.89, 3.36, 2.95, 1.76, 1.49, 0.85, 0, 1.15, 2.03, 1.67, 1.15, 1.16, 1.57, 2.3, 2.17, 2.15, 2.71, 3.02, 4.05, 4.74, 4.75, 4.93], [2.63, 2.99, 4.23, 4.22, 2.98, 1.48, 1.99, 3.07, 4.2, 4.47, 4.87, 4.72, 4.73, 5.78, 6.16, 6.35, 6.12, 5.62, 4.84, 4.4, 3.56, 3.24, 3.0, 1.95, 1.69, 2.44, 1.88, 1.66, 1.63, 1.77, 2.33, 3.51, 3.57, 3.78, 3.45, 2.37, 1.89, 1.67, 2.15, 2.61, 4.15, 5.39, 6.53, 6.54, 5.47, 5.35, 5.01, 4.58, 4.94, 5.66, 5.71, 4.15, 2.26, 2.22, 1.89, 1.73, 1.69, 1.33, 1.46, 2.31, 3.54, 3.97, 4.7, 5.41, 4.92, 4.17, 3.8, 2.79, 2.38, 1.66, 1.15, 0, 1.1, 1.0, 1.34, 1.75, 2.24, 3.25, 3.1, 3.0, 3.62, 3.97, 5.0, 5.69, 5.7, 5.9], [3.55, 3.87, 5.15, 5.12, 3.9, 1.9, 2.15, 2.53, 3.52, 3.75, 4.27, 4.16, 3.99, 5.02, 5.34, 5.39, 5.16, 4.84, 4.06, 3.64, 2.8, 2.48, 2.32, 1.47, 1.35, 1.62, 1.38, 1.68, 2.15, 2.45, 3.07, 4.29, 4.37, 4.6, 4.17, 3.11, 2.43, 2.39, 2.93, 3.45, 5.01, 6.25, 7.37, 7.4, 6.37, 6.19, 5.85, 5.42, 5.68, 6.44, 6.53, 4.95, 3.08, 2.86, 2.43, 2.37, 2.45, 2.07, 2.06, 3.15, 4.42, 4.79, 5.6, 6.31, 5.82, 5.05, 4.66, 3.63, 3.28, 2.56, 2.03, 1.1, 0, 0.9, 2.0, 2.43, 2.98, 4.05, 3.78, 3.64, 4.36, 4.67, 5.66, 6.41, 6.46, 6.74], [3.03, 3.31, 4.71, 4.68, 3.5, 1.86, 2.03, 2.75, 3.76, 4.03, 4.53, 4.4, 4.23, 5.28, 5.62, 5.87, 5.66, 5.12, 4.36, 3.88, 3.04, 2.72, 2.6, 1.55, 1.47, 1.98, 1.52, 1.5, 1.61, 1.93, 2.53, 3.65, 3.71, 3.94, 3.67, 2.47, 1.81, 1.81, 2.31, 2.95, 4.49, 5.73, 6.81, 6.86, 5.79, 5.57, 5.21, 4.8, 5.08, 5.84, 5.89, 4.35, 2.46, 2.12, 1.73, 1.73, 1.97, 1.65, 1.54, 2.63, 3.8, 4.39, 5.28, 5.85, 5.3, 4.55, 4.18, 3.11, 2.7, 2.08, 1.67, 1.0, 0.9, 0, 1.4, 1.79, 2.34, 3.39, 3.12, 3.0, 3.7, 4.01, 5.04, 5.85, 5.9, 6.16], [2.29, 2.57, 3.65, 3.64, 2.56, 1.88, 2.47, 3.45, 4.6, 4.83, 5.11, 4.94, 4.99, 6.18, 6.48, 7.11, 6.84, 6.02, 5.32, 4.66, 3.86, 3.7, 3.46, 2.39, 2.41, 3.18, 2.46, 1.72, 1.55, 1.47, 1.51, 2.47, 2.43, 2.7, 2.81, 1.79, 1.37, 1.33, 1.97, 2.07, 3.49, 4.63, 5.65, 5.66, 4.57, 4.39, 3.95, 3.58, 3.9, 4.62, 4.63, 3.21, 1.7, 1.6, 1.55, 1.17, 1.29, 1.19, 0.98, 1.61, 2.68, 3.33, 4.26, 4.79, 4.16, 3.59, 3.2, 1.99, 1.74, 1.32, 1.15, 1.34, 2.0, 1.4, 0, 0.89, 1.26, 2.11, 1.92, 1.96, 2.48, 2.81, 3.9, 4.63, 4.68, 4.98], [2.18, 2.2, 3.24, 3.19, 2.27, 2.21, 2.74, 3.72, 4.93, 5.18, 5.36, 5.19, 5.4, 6.53, 6.95, 7.5, 7.25, 6.29, 5.57, 5.03, 4.19, 3.97, 3.77, 2.64, 2.66, 3.59, 2.87, 1.79, 1.58, 1.36, 1.14, 2.06, 2.14, 2.45, 2.58, 1.52, 1.48, 1.64, 1.74, 1.7, 3.02, 4.14, 5.18, 5.19, 4.16, 3.96, 3.58, 3.21, 3.45, 4.19, 4.24, 2.7, 1.51, 1.49, 1.62, 1.5, 1.18, 1.14, 1.07, 1.26, 2.23, 2.88, 3.81, 4.34, 3.73, 3.2, 2.83, 1.64, 1.53, 1.17, 1.16, 1.75, 2.43, 1.79, 0.89, 0, 1.03, 1.82, 1.63, 1.83, 2.15, 2.32, 3.45, 4.16, 4.21, 4.49], [2.23, 2.25, 2.75, 2.64, 2.32, 2.3, 3.09, 4.29, 5.48, 5.73, 5.89, 5.68, 5.99, 7.12, 7.54, 8.11, 7.84, 6.84, 6.12, 5.52, 4.68, 4.52, 4.32, 3.21, 3.31, 4.16, 3.44, 2.46, 2.15, 1.73, 1.43, 2.13, 2.05, 2.54, 2.79, 1.75, 1.53, 1.83, 1.75, 1.85, 2.67, 3.63, 4.59, 4.64, 3.63, 3.37, 3.05, 2.72, 2.94, 3.66, 3.65, 2.51, 1.54, 1.52, 1.67, 1.47, 1.35, 1.37, 1.34, 1.35, 1.88, 2.49, 3.28, 3.77, 3.12, 2.77, 2.56, 1.53, 1.68, 1.52, 1.57, 2.24, 2.98, 2.34, 1.26, 1.03, 0, 1.63, 1.62, 1.88, 2.24, 2.23, 2.92, 3.65, 3.7, 3.98], [2.76, 2.72, 2.94, 2.49, 2.43, 3.19, 3.96, 5.22, 6.45, 6.58, 6.48, 6.35, 6.76, 7.89, 8.31, 9.167, 8.81, 7.73, 6.97, 6.25, 5.51, 5.37, 5.05, 4.2, 4.34, 5.17, 4.45, 3.27, 2.64, 2.38, 1.54, 1.3, 1.38, 1.39, 1.72, 1.76, 2.12, 2.24, 1.94, 1.62, 2.32, 2.86, 3.82, 3.77, 3.0, 2.84, 3.0, 2.67, 3.03, 3.05, 2.94, 2.3, 1.91, 2.03, 2.3, 2.04, 1.86, 2.22, 2.21, 1.3, 1.39, 2.06, 2.87, 3.06, 2.39, 1.8, 1.43, 1.06, 1.33, 1.81, 2.3, 3.25, 4.05, 3.39, 2.11, 1.82, 1.63, 0, 1.01, 1.37, 1.37, 1.38, 2.15, 2.82, 2.91, 3.11], [2.95, 2.97, 3.43, 3.0, 2.64, 3.02, 3.79, 4.87, 6.06, 6.15, 5.95, 5.88, 6.17, 7.46, 7.88, 8.854, 8.5, 7.36, 6.62, 5.96, 5.18, 5.04, 4.62, 3.87, 3.99, 4.88, 4.12, 2.9, 2.23, 2.01, 1.41, 1.47, 1.31, 1.5, 1.95, 1.77, 1.95, 1.99, 2.11, 2.03, 2.95, 3.