[[0, 1.48, 3.09, 4.26, 4.02, 3.58, 4.17, 4.47, 4.77, 4.76, 4.88, 4.25, 4.19, 4.06, 3.15, 4.05, 4.17, 3.07, 2.78, 3.18, 3.01, 3.37, 4.64, 6.18, 7.51, 7.73, 7.48, 7.47, 9.918, 11.394, 12.128, 13.37, 13.771, 13.74, 13.953, 13.607, 12.162, 11.51, 11.69, 11.92, 11.88, 11.96, 12.175, 12.425, 12.299, 12.157, 12.483, 12.431, 11.927, 11.085, 10.378, 10.703, 11.183, 11.193, 11.466, 11.662, 9.624, 5.72, 3.75, 3.59, 3.63, 3.39, 4.17, 4.42, 4.32, 4.62, 3.95, 3.68, 3.16, 2.95, 2.87, 2.78, 2.95, 3.76, 4.93, 4.63, 4.53, 4.55, 4.81, 5.34, 5.64, 5.86, 4.83, 4.42, 4.29, 3.78], [1.48, 0, 2.81, 4.08, 3.88, 3.58, 4.05, 4.33, 4.71, 4.64, 4.74, 4.13, 3.97, 3.92, 2.89, 3.71, 3.93, 2.63, 2.46, 3.02, 2.77, 3.05, 4.32, 6.06, 7.41, 7.51, 7.36, 7.15, 9.552, 10.98, 11.747, 13.004, 13.419, 13.448, 13.616, 13.398, 11.896, 11.113, 11.37, 11.56, 11.583, 11.603, 11.829, 12.046, 12.005, 11.926, 12.143, 12.063, 11.578, 10.794, 10.024, 10.362, 10.821, 10.821, 11.109, 11.302, 9.293, 5.38, 2.93, 2.91, 2.79, 2.55, 3.75, 3.84, 3.66, 3.82, 3.25, 2.98, 2.5, 2.47, 2.49, 2.5, 2.59, 3.26, 4.57, 4.27, 4.13, 4.35, 4.61, 5.1, 5.32, 5.56, 4.53, 4.2, 4.15, 3.56], [3.09, 2.81, 0, 1.53, 1.61, 1.61, 2.0, 2.2, 2.32, 2.31, 2.37, 1.88, 1.58, 1.65, 1.58, 1.24, 1.34, 1.5, 1.89, 1.69, 2.08, 2.34, 2.93, 4.01, 5.16, 5.36, 5.37, 4.68, 6.976, 8.506, 9.223, 10.419, 10.775, 10.842, 11.089, 10.777, 9.25, 8.5, 8.78, 9.03, 8.97, 8.97, 9.186, 9.442, 9.355, 9.2, 9.562, 9.539, 8.915, 8.241, 7.471, 7.795, 8.288, 8.308, 8.533, 8.7, 6.597, 2.97, 2.76, 2.52, 2.62, 3.28, 5.36, 5.41, 5.11, 5.15, 4.42, 3.79, 3.33, 3.06, 2.48, 2.55, 2.78, 2.09, 2.28, 2.2, 2.46, 2.54, 2.48, 2.63, 2.83, 2.95, 2.3, 2.01, 1.84, 1.85], [4.26, 4.08, 1.53, 0, 1.08, 1.56, 1.61, 1.67, 1.33, 1.26, 1.44, 1.27, 1.05, 1.3, 1.95, 1.47, 1.37, 2.15, 2.38, 2.08, 2.43, 2.33, 2.6, 3.5, 4.35, 4.51, 4.64, 3.77, 5.9, 7.368, 8.119, 9.332, 9.656, 9.597, 9.885, 9.482, 8.033, 7.43, 7.61, 7.82, 7.82, 7.9, 8.111, 8.374, 8.224, 8.039, 8.439, 8.416, 7.775, 6.888, 6.288, 6.642, 7.112, 7.132, 7.431, 7.587, 5.493, 1.72, 2.77, 2.81, 2.83, 3.97, 6.021, 6.091, 5.7, 5.74, 4.95, 4.26, 3.88, 3.61, 2.93, 3.06, 3.29, 2.1, 1.65, 1.69, 1.97, 2.29, 1.81, 2.08, 1.98, 2.02, 1.77, 1.66, 1.73, 2.04], [4.02, 3.88, 1.61, 1.08, 0, 1.08, 1.17, 1.47, 1.19, 1.12, 1.4, 1.19, 1.25, 1.5, 1.99, 1.71, 1.73, 1.87, 2.16, 1.8, 2.13, 2.09, 2.34, 3.14, 4.25, 4.45, 4.38, 3.91, 6.32, 7.742, 8.506, 9.726, 10.003, 9.98, 10.262, 9.871, 8.442, 7.745, 7.97, 8.135, 8.243, 8.283, 8.512, 8.737, 8.635, 8.606, 8.953, 8.919, 8.189, 7.385, 6.794, 7.133, 7.6, 7.563, 7.919, 8.115, 5.882, 1.78, 2.41, 2.47, 2.43, 3.65, 5.57, 5.54, 5.18, 5.36, 4.57, 3.84, 3.5, 3.13, 2.59, 2.76, 2.99, 2.3, 1.87, 1.91, 1.77, 2.01, 1.81, 2.06, 2.14, 2.36, 1.93, 1.68, 1.73, 1.98], [3.58, 3.58, 1.61, 1.56, 1.08, 0, 0.87, 1.29, 1.53, 1.54, 1.74, 1.41, 1.51, 1.58, 2.07, 1.85, 1.89, 1.99, 2.0, 1.66, 2.17, 2.13, 2.9, 3.7, 4.53, 4.79, 4.64, 4.45, 6.869, 8.265, 9.073, 10.293, 10.575, 10.495, 10.775, 10.486, 8.991, 8.328, 8.528, 8.718, 8.769, 8.846, 9.075, 9.318, 9.196, 9.078, 9.465, 9.43, 8.701, 7.856, 7.242, 7.624, 8.074, 8.054, 8.414, 8.613, 6.442, 2.5, 2.61, 2.53, 2.35, 3.31, 5.27, 5.26, 4.92, 4.86, 4.29, 3.7, 3.2, 3.01, 2.59, 2.44, 2.73, 2.44, 2.19, 2.45, 2.33, 2.47, 2.33, 2.5, 2.74, 2.86, 2.39, 1.76, 1.69, 1.98], [4.17, 4.05, 2.0, 1.61, 1.17, 0.87, 0, 0.78, 1.26, 1.25, 1.39, 1.26, 1.44, 1.67, 2.3, 2.22, 2.18, 2.36, 2.47, 1.99, 2.5, 2.42, 3.23, 3.89, 4.72, 4.86, 4.61, 4.52, 6.793, 8.186, 8.973, 10.196, 10.47, 10.452, 10.734, 10.395, 8.923, 8.237, 8.437, 8.59, 8.744, 8.77, 9.039, 9.258, 9.16, 9.058, 9.466, 9.409, 8.668, 7.829, 7.226, 7.66, 8.073, 8.044, 8.415, 8.608, 6.346, 2.21, 2.86, 2.86, 2.58, 3.46, 5.3, 5.21, 4.87, 4.95, 4.3, 3.69, 3.33, 3.24, 2.8, 2.67, 3.18, 2.77, 2.48, 2.72, 2.58, 2.86, 2.7, 2.83, 3.03, 3.13, 2.76, 2.05, 2.0, 2.39], [4.47, 4.33, 2.2, 1.67, 1.47, 1.29, 0.78, 0, 0.96, 1.05, 1.11, 1.08, 1.3, 1.55, 2.2, 2.2, 2.14, 2.46, 2.57, 2.09, 2.58, 2.44, 3.25, 4.03, 4.82, 4.96, 4.73, 4.62, 6.666, 8.031, 8.866, 10.058, 10.341, 10.28, 10.55, 10.195, 8.832, 8.045, 8.228, 8.475, 8.613, 8.595, 8.795, 9.014, 8.907, 8.89, 9.283, 9.242, 8.461, 7.648, 7.031, 7.459, 7.892, 7.837, 8.202, 8.407, 6.205, 2.33, 2.84, 2.8, 2.76, 3.74, 5.46, 5.35, 5.05, 5.17, 4.46, 3.89, 3.49, 3.34, 2.88, 2.79, 3.32, 2.77, 2.64, 2.78, 2.76, 3.1, 2.82, 3.07, 3.17, 3.31, 2.86, 2.21, 2.22, 2.55], [4.77, 4.71, 2.32, 1.33, 1.19, 1.53, 1.26, 0.96, 0, 0.73, 0.99, 1.04, 1.16, 1.51, 2.32, 2.08, 1.94, 2.46, 2.57, 2.19, 2.56, 2.34, 2.97, 3.57, 4.26, 4.42, 4.39, 4.1, 6.035, 7.391, 8.207, 9.421, 9.712, 9.643, 9.92, 9.501, 8.151, 7.422, 7.568, 7.832, 7.932, 7.963, 8.121, 8.38, 8.23, 8.212, 8.593, 8.567, 7.842, 7.003, 6.399, 6.79, 7.22, 7.2, 7.56, 7.762, 5.588, 1.91, 2.9, 2.88, 2.86, 4.04, 5.82, 5.91, 5.53, 5.69, 4.82, 4.17, 3.81, 3.6, 3.1, 3.09, 3.46, 2.63, 2.34, 2.54, 2.44, 2.74, 2.46, 2.63, 2.77, 2.83, 2.56, 2.03, 2.1, 2.61], [4.76, 4.64, 2.31, 1.26, 1.12, 1.54, 1.25, 1.05, 0.73, 0, 0.82, 1.17, 1.19, 1.42, 2.41, 2.21, 2.07, 2.35, 2.5, 2.12, 2.53, 2.27, 2.66, 3.42, 4.33, 4.43, 4.32, 3.87, 6.076, 7.458, 8.248, 9.462, 9.728, 9.679, 9.939, 9.528, 8.184, 7.455, 7.644, 7.845, 7.971, 8.002, 8.217, 8.439, 8.34, 8.267, 8.658, 8.621, 7.863, 7.056, 6.444, 6.835, 7.285, 7.245, 7.613, 7.815, 5.6, 1.7, 2.67, 2.73, 2.69, 3.93, 5.73, 5.76, 5.34, 5.5, 4.59, 3.98, 3.6, 3.37, 2.93, 2.9, 3.31, 2.52, 2.25, 2.37, 2.13, 2.41, 2.17, 2.48, 2.58, 2.64, 2.39, 1.94, 2.01, 2.4], [4.88, 4.74, 2.37, 1.44, 1.4, 1.74, 1.39, 1.11, 0.99, 0.82, 0, 0.95, 1.03, 1.28, 2.19, 2.01, 1.97, 2.61, 2.68, 2.28, 2.71, 2.41, 3.02, 3.74, 4.57, 4.71, 4.66, 4.15, 6.253, 7.676, 8.396, 9.63, 9.925, 9.878, 10.134, 9.731, 8.357, 7.626, 7.781, 8.022, 8.147, 8.173, 8.333, 8.592, 8.48, 8.433, 8.832, 8.797, 8.059, 7.244, 6.643, 7.04, 7.47, 7.467, 7.792, 7.985, 5.812, 1.76, 2.79, 2.87, 2.77, 3.99, 5.71, 5.74, 5.36, 5.64, 4.69, 4.04, 3.7, 3.43, 2.93, 3.02, 3.41, 2.66, 2.43, 2.57, 2.45, 2.83, 2.41, 2.7, 2.82, 2.86, 2.55, 2.1, 2.11, 2.56], [4.25, 4.13, 1.88, 1.27, 1.19, 1.41, 1.26, 1.08, 1.04, 1.17, 0.95, 0, 0.88, 1.01, 1.62, 1.7, 1.72, 2.18, 2.33, 1.99, 2.34, 1.96, 2.85, 3.85, 4.76, 4.9, 4.79, 4.36, 6.72, 8.099, 8.915, 10.105, 10.365, 10.339, 10.616, 10.138, 8.813, 8.131, 8.271, 8.541, 8.597, 8.655, 8.82, 9.085, 8.896, 8.817, 9.247, 9.219, 8.514, 7.691, 7.036, 7.43, 7.908, 7.906, 8.245, 8.404, 6.261, 2.01, 2.4, 2.54, 2.48, 3.58, 5.24, 5.29, 4.97, 5.25, 4.3, 3.75, 3.33, 3.08, 2.58, 2.69, 3.1, 2.45, 2.26, 2.42, 2.4, 2.7, 2.4, 2.69, 2.81, 2.95, 2.46, 1.91, 1.94, 2.27], [4.19, 3.97, 1.58, 1.05, 1.25, 1.51, 1.44, 1.3, 1.16, 1.19, 1.03, 0.88, 0, 0.63, 1.5, 1.34, 1.24, 1.88, 2.05, 1.71, 2.16, 1.84, 2.59, 3.69, 4.78, 4.94, 4.79, 4.12, 6.521, 7.946, 8.715, 9.932, 10.25, 10.192, 10.454, 10.044, 8.646, 7.945, 8.088, 8.355, 8.433, 8.446, 8.635, 8.883, 8.796, 8.766, 9.143, 9.065, 8.336, 7.543, 6.964, 7.322, 7.752, 7.752, 8.086, 8.288, 6.094, 1.97, 2.28, 2.34, 2.34, 3.42, 5.28, 5.37, 4.97, 5.17, 4.3, 3.63, 3.29, 3.0, 2.38, 2.49, 2.84, 1.97, 2.0, 2.04, 2.06, 2.5, 2.0, 2.45, 2.57, 2.63, 2.12, 1.67, 1.56, 1.79], [4.06, 3.92, 1.65, 1.3, 1.5, 1.58, 1.67, 1.55, 1.51, 1.42, 1.28, 1.01, 0.63, 0, 1.43, 1.29, 1.27, 1.73, 1.9, 1.54, 2.01, 1.79, 2.46, 3.76, 4.91, 5.03, 4.8, 4.31, 6.657, 8.056, 8.862, 10.068, 10.329, 10.312, 10.572, 10.183, 8.784, 8.072, 8.208, 8.478, 8.562, 8.602, 8.769, 9.043, 8.903, 8.859, 9.25, 9.213, 8.492, 7.66, 7.042, 7.415, 7.865, 7.831, 8.185, 8.378, 6.201, 2.22, 2.33, 2.27, 2.23, 3.21, 5.17, 5.28, 4.88, 5.02, 4.17, 3.46, 3.16, 2.95, 2.41, 2.28, 2.57, 1.78, 1.95, 2.07, 1.99, 2.35, 1.97, 2.52, 2.56, 2.72, 2.13, 1.62, 1.61, 1.78], [3.15, 2.89, 1.58, 1.95, 1.99, 2.07, 2.3, 2.2, 2.32, 2.41, 2.19, 1.62, 1.5, 1.43, 0, 1.38, 1.52, 1.56, 1.65, 1.63, 1.74, 1.84, 2.89, 4.29, 5.66, 5.86, 5.69, 5.3, 7.563, 8.959, 9.723, 10.949, 11.296, 11.22, 11.456, 11.041, 9.694, 8.948, 9.088, 9.358, 9.458, 9.497, 9.703, 9.939, 9.713, 9.7, 10.094, 10.051, 9.431, 8.549, 7.904, 8.273, 8.755, 8.755, 9.088, 9.259, 7.136, 2.89, 2.38, 2.22, 2.32, 2.56, 4.48, 4.59, 4.25, 4.37, 3.64, 3.03, 2.59, 2.24, 1.58, 1.73, 2.12, 1.87, 2.44, 2.46, 2.48, 2.96, 2.54, 3.09, 3.278, 3.538, 2.68, 2.21, 2.24, 1.93], [4.05, 3.71, 1.24, 1.47, 1.71, 1.85, 2.22, 2.2, 2.08, 2.21, 2.01, 1.7, 1.34, 1.29, 1.38, 0, 0.64, 1.66, 2.07, 1.71, 2.22, 2.28, 2.75, 3.97, 5.06, 5.3, 5.37, 4.56, 6.395, 7.929, 8.663, 9.811, 10.173, 10.22, 10.529, 10.16, 8.63, 7.887, 8.127, 8.437, 8.397, 8.354, 8.587, 8.819, 8.63, 8.675, 8.997, 8.939, 8.314, 7.691, 6.987, 7.224, 7.717, 7.733, 7.912, 8.091, 5.923, 2.37, 2.72, 2.42, 2.52, 3.5, 5.6, 5.73, 5.31, 5.39, 4.52, 3.87, 3.51, 3.2, 2.6, 2.67, 2.82, 1.93, 1.78, 1.98, 2.32, 2.52, 2.38, 2.35, 2.43, 2.49, 2.1, 1.85, 1.74, 1.77], [4.17, 3.93, 1.34, 1.37, 1.73, 1.89, 2.18, 2.14, 1.94, 2.07, 1.97, 1.72, 1.24, 1.27, 1.52, 0.64, 0, 1.66, 2.07, 1.75, 2.22, 2.2, 2.55, 3.91, 5.02, 5.18, 5.27, 4.3, 6.238, 7.823, 8.603, 9.714, 10.044, 10.108, 10.409, 10.08, 8.49, 7.847, 8.027, 8.357, 8.297, 8.274, 8.42, 8.705, 8.529, 8.483, 8.893, 8.848, 8.158, 7.536, 6.857, 7.135, 7.585, 7.595, 7.798, 7.973, 5.794, 2.29, 2.72, 2.38, 2.54, 3.64, 5.7, 5.81, 5.37, 5.41, 4.5, 3.87, 3.47, 3.18, 2.62, 2.69, 2.78, 1.89, 1.74, 1.9, 2.22, 2.42, 2.24, 2.29, 2.31, 2.39, 2.06, 1.75, 1.56, 1.69], [3.07, 2.63, 1.5, 2.15, 1.87, 1.99, 2.36, 2.46, 2.46, 2.35, 2.61, 2.18, 1.88, 1.73, 1.56, 1.66, 1.66, 0, 0.91, 0.77, 1.22, 1.44, 2.49, 3.81, 5.18, 5.28, 5.17, 4.9, 7.484, 8.9, 9.744, 10.905, 11.218, 11.296, 11.526, 11.295, 9.764, 8.915, 9.195, 9.425, 9.502, 9.462, 9.663, 9.891, 9.775, 9.779, 10.099, 10.051, 9.335, 8.648, 7.905, 8.264, 8.735, 8.693, 9.01, 9.208, 7.063, 3.21, 1.8, 1.66, 1.68, 2.22, 4.36, 4.51, 4.05, 4.07, 3.26, 2.59, 2.21, 2.02, 1.8, 1.69, 1.7, 1.43, 2.34, 2.24, 2.08, 2.18, 2.44, 2.79, 3.13, 3.442, 2.56, 1.97, 1.8, 1.41], [2.78, 2.46, 1.89, 2.38, 2.16, 2.0, 2.47, 2.57, 2.57, 2.5, 2.68, 2.33, 2.05, 1.9, 1.65, 2.07, 2.07, 0.91, 0, 0.86, 0.91, 1.23, 2.44, 3.96, 5.39, 5.53, 5.22, 5.259, 7.852, 9.288, 10.018, 11.267, 11.619, 11.6, 11.797, 11.56, 10.057, 9.304, 9.505, 9.695, 9.741, 9.786, 10.018, 10.26, 10.196, 10.083, 10.448, 10.394, 9.764, 8.894, 8.254, 8.634, 9.058, 9.061, 9.412, 9.605, 7.499, 3.44, 1.53, 1.37, 1.31, 1.77, 3.95, 4.1, 3.66, 3.62, 2.83, 2.14, 1.78, 1.63, 1.51, 1.26, 1.37, 1.4, 2.69, 2.503, 2.15, 2.37, 2.69, 3.152, 3.489, 3.775, 2.741, 2.1, 2.05, 1.7], [3.18, 3.02, 1.69, 2.08, 1.8, 1.66, 1.99, 2.09, 2.19, 2.12, 2.28, 1.99, 1.71, 1.54, 1.63, 1.71, 1.75, 0.77, 0.86, 0, 0.95, 1.25, 2.5, 3.64, 4.89, 5.07, 4.72, 4.847, 7.466, 8.885, 9.618, 10.91, 11.23, 11.229, 11.414, 11.237, 9.708, 8.882, 9.045, 9.295, 9.409, 9.409, 9.567, 9.841, 9.728, 9.718, 10.086, 10.025, 9.367, 8.545, 7.883, 8.259, 8.663, 8.651, 9.029, 9.228, 7.105, 3.08, 1.71, 1.51, 1.41, 2.29, 4.41, 4.5, 4.06, 4.06, 3.25, 2.56, 2.24, 2.11, 1.97, 1.6, 1.87, 1.4, 2.29, 2.21, 2.03, 2.23, 2.35, 2.797, 3.12, 3.38, 2.41, 1.7, 1.63, 1.44], [3.01, 2.77, 2.08, 2.43, 2.13, 2.17, 2.5, 2.58, 2.56, 2.53, 2.71, 2.34, 2.16, 2.01, 1.74, 2.22, 2.22, 1.22, 0.91, 0.95, 0, 0.96, 2.43, 4.17, 5.58, 5.74, 5.43, 5.52, 8.084, 9.529, 10.255, 11.499, 11.834, 11.75, 12.002, 11.595, 10.241, 9.489, 9.609, 9.896, 9.996, 10.036, 10.19, 10.461, 10.26, 10.261, 10.646, 10.606, 9.943, 9.093, 8.498, 8.837, 9.304, 9.304, 9.609, 9.825, 7.677, 3.45, 1.44, 1.24, 1.34, 2.0, 3.88, 3.95, 3.53, 3.57, 2.8, 2.17, 1.89, 1.94, 1.9, 1.61, 1.8, 1.85, 3.0, 2.751, 2.4, 2.56, 2.82, 3.376, 3.702, 3.955, 2.993, 2.45, 2.34, 2.03], [3.37, 3.05, 2.34, 2.33, 2.09, 2.13, 2.42, 2.44, 2.34, 2.27, 2.41, 1.96, 1.84, 1.79, 1.84, 2.28, 2.2, 1.44, 1.23, 1.25, 0.96, 0, 2.23, 4.15, 5.5, 5.66, 5.39, 5.4, 7.969, 9.368, 10.176, 11.361, 11.658, 11.623, 11.903, 11.373, 10.077, 9.403, 9.535, 9.813, 9.886, 9.91, 10.058, 10.346, 10.159, 10.129, 10.52, 10.48, 9.769, 8.914, 8.314, 8.691, 9.155, 9.155, 9.494, 9.673, 7.536, 3.19, 1.22, 1.24, 1.3, 2.12, 3.88, 4.07, 3.59, 3.79, 2.96, 2.31, 2.01, 2.1, 1.98, 1.71, 1.88, 1.99, 2.82, 2.7, 2.18, 2.46, 2.691, 3.263, 3.563, 3.846, 2.92, 2.33, 2.22, 2.01], [4.64, 4.32, 2.93, 2.6, 2.34, 2.9, 3.23, 3.25, 2.97, 2.66, 3.02, 2.85, 2.59, 2.46, 2.89, 2.75, 2.55, 2.49, 2.44, 2.5, 2.43, 2.23, 0, 2.36, 4.03, 4.15, 4.04, 3.47, 5.931, 7.47, 8.25, 9.39, 9.697, 9.716, 10.036, 9.647, 8.091, 7.474, 7.694, 7.947, 7.901, 7.921, 8.116, 8.372, 8.286, 8.209, 8.6, 8.569, 7.821, 7.184, 6.521, 6.812, 7.242, 7.242, 7.505, 7.69, 5.456, 2.46, 2.59, 2.41, 2.41, 3.87, 5.89, 5.96, 5.52, 5.58, 4.61, 3.86, 3.6, 3.35, 3.03, 2.86, 2.97, 2.38, 2.43, 1.83, 1.35, 1.35, 1.67, 1.88, 1.84, 2.12, 1.95, 2.44, 2.53, 2.38], [6.18, 6.06, 4.01, 3.5, 3.14, 3.7, 3.89, 4.03, 3.57, 3.42, 3.74, 3.85, 3.69, 3.76, 4.29, 3.97, 3.91, 3.81, 3.96, 3.64, 4.17, 4.15, 2.36, 0, 1.79, 1.97, 1.78, 1.73, 4.27, 5.494, 6.299, 7.468, 7.757, 7.927, 8.208, 8.0, 6.354, 5.551, 5.95, 6.061, 6.112, 6.072, 6.324, 6.559, 6.497, 6.409, 6.746, 6.677, 6.002, 5.345, 4.608, 4.945, 5.328, 5.316, 5.638, 5.833, 3.85, 3.0, 4.51, 4.37, 4.13, 5.482, 7.743, 7.787, 7.339, 7.34, 6.343, 5.46, 5.24, 4.83, 4.39, 4.44, 4.59, 3.4, 2.91, 2.49, 2.33, 2.11, 2.27, 2.2, 2.02, 2.2, 2.43, 2.98, 2.97, 3.08], [7.51, 7.41, 5.16, 4.35, 4.25, 4.53, 4.72, 4.82, 4.26, 4.33, 4.57, 4.76, 4.78, 4.91, 5.66, 5.06, 5.02, 5.18, 5.39, 4.89, 5.58, 5.5, 4.03, 1.79, 0, 0.66, 0.99, 1.58, 3.54, 4.35, 5.045, 6.291, 6.672, 6.866, 7.064, 6.883, 5.315, 4.58, 4.98, 5.11, 5.01, 5.01, 5.199, 5.407, 5.315, 5.304, 5.538, 5.452, 5.008, 4.305, 3.76, 3.92, 4.208, 4.145, 4.299, 4.529, 3.72, 3.95, 6.04, 5.96, 5.68, 6.872, 9.044, 9.145, 8.694, 8.612, 7.63, 6.758, 6.564, 6.4, 5.9, 5.81, 5.96, 4.83, 3.8, 3.78, 3.88, 3.56, 3.48, 3.07, 3.01, 2.97, 3.4, 3.71, 3.84, 4.25], [7.73, 7.51, 5.36, 4.51, 4.45, 4.79, 4.86, 4.96, 4.42, 4.43, 4.71, 4.9, 4.94, 5.03, 5.86, 5.3, 5.18, 5.28, 5.53, 5.07, 5.74, 5.66, 4.15, 1.97, 0.66, 0, 0.87, 1.48, 3.5, 4.25, 5.01, 6.257, 6.618, 6.806, 6.989, 6.811, 5.295, 4.64, 5.08, 5.21, 5.07, 4.99, 5.17, 5.355, 5.243, 5.187, 5.46, 5.435, 5.031, 4.35, 3.88, 4.0, 4.19, 4.11, 4.25, 4.46, 3.84, 4.19, 6.18, 6.1, 5.84, 7.074, 9.261, 9.359, 8.908, 8.832, 7.85, 6.972, 6.764, 6.58, 6.12, 6.01, 6.16, 4.99, 4.08, 3.94, 4.04, 3.68, 3.66, 3.37, 3.21, 3.15, 3.64, 3.95, 4.02, 4.45], [7.48, 7.36, 5.37, 4.64, 4.38, 4.64, 4.61, 4.73, 4.39, 4.32, 4.66, 4.79, 4.79, 4.8, 5.69, 5.37, 5.27, 5.17, 5.22, 4.72, 5.43, 5.39, 4.04, 1.78, 0.99, 0.87, 0, 1.59, 3.81, 4.7, 5.44, 6.689, 7.069, 7.19, 7.356, 7.235, 5.67, 5.03, 5.45, 5.52, 5.52, 5.44, 5.68, 5.799, 5.778, 5.739, 6.07, 5.99, 5.555, 4.78, 4.31, 4.53, 4.615, 4.68, 4.92, 5.19, 4.09, 4.12, 5.95, 5.87, 5.45, 6.488, 8.622, 8.626, 8.178, 8.156, 7.245, 6.336, 6.26, 6.21, 5.79, 5.58, 5.89, 4.74, 3.99, 3.85, 3.81, 3.59, 3.39, 3.38, 3.18, 3.16, 3.47, 3.78, 3.93, 4.2], [7.47, 7.15, 4.68, 3.77, 3.91, 4.45, 4.52, 4.62, 4.1, 3.87, 4.15, 4.36, 4.12, 4.31, 5.3, 4.56, 4.3, 4.9, 5.259, 4.847, 5.52, 5.4, 3.47, 1.73, 1.58, 1.48, 1.59, 0, 3.26, 4.33, 5.13, 6.21, 6.59, 6.791, 6.974, 6.834, 5.26, 4.68, 5.16, 5.25, 5.11, 4.95, 5.07, 5.261, 5.191, 5.158, 5.5, 5.54, 5.01, 4.41, 3.78, 4.04, 4.17, 4.21, 4.51, 4.74, 3.36, 3.57, 5.813, 5.7, 5.494, 6.846, 8.993, 9.04, 8.606, 8.604, 7.614, 6.687, 6.549, 6.194, 5.66, 5.73, 5.857, 4.49, 3.5, 3.32, 3.48, 3.2, 3.02, 2.71, 2.55, 2.37, 3.02, 3.57, 3.56, 3.95], [9.918, 9.552, 6.976, 5.9, 6.32, 6.869, 6.793, 6.666, 6.035, 6.076, 6.253, 6.72, 6.521, 6.657, 7.563, 6.395, 6.238, 7.484, 7.852, 7.466, 8.084, 7.969, 5.931, 4.27, 3.54, 3.5, 3.81, 3.26, 0, 2.07, 3.09, 4.06, 4.625, 5.065, 5.221, 4.985, 3.3, 2.74, 3.3, 3.37, 3.21, 3.17, 3.29, 3.46, 3.557, 3.5, 3.52, 3.52, 3.29, 2.93, 2.4, 2.48, 2.67, 2.49, 2.41, 2.74, 1.78, 5.172, 8.378, 8.241, 8.104, 9.476, 11.726, 11.773, 11.322, 11.297, 10.332, 9.42, 9.174, 8.787, 8.122, 8.269, 8.487, 6.818, 5.3, 5.429, 5.882, 5.628, 5.391, 4.841, 4.464, 4.187, 5.177, 5.878, 5.959, 6.429], [11.394, 10.98, 8.506, 7.368, 7.742, 8.265, 8.186, 8.031, 7.391, 7.458, 7.676, 8.099, 7.946, 8.056, 8.959, 7.929, 7.823, 8.9, 9.288, 8.885, 9.529, 9.368, 7.47, 5.494, 4.35, 4.25, 4.7, 4.33, 2.07, 0, 1.4, 2.46, 2.76, 3.16, 3.273, 3.14, 1.89, 1.51, 1.81, 1.72, 1.48, 1.46, 1.66, 1.93, 1.98, 2.07, 2.01, 1.89, 1.72, 1.68, 1.53, 1.45, 1.5, 1.24, 1.46, 1.71, 2.33, 6.508, 9.788, 9.717, 9.509, 10.889, 13.085, 13.135, 12.684, 12.659, 11.688, 10.796, 10.53, 10.189, 9.527, 9.662, 9.924, 8.243, 6.679, 6.855, 7.279, 7.1, 6.747, 6.264, 5.897, 5.65, 6.64, 7.263, 7.39, 7.843], [12.128, 11.747, 9.223, 8.119, 8.506, 9.073, 8.973, 8.866, 8.207, 8.248, 8.396, 8.915, 8.715, 8.862, 9.723, 8.663, 8.603, 9.744, 10.018, 9.618, 10.255, 10.176, 8.25, 6.299, 5.045, 5.01, 5.44, 5.13, 3.09, 1.4, 0, 1.7, 2.1, 2.24, 2.24, 2.18, 1.31, 1.35, 1.53, 1.2, 1.02, 1.04, 1.18, 0.99, 1.26, 1.23, 1.13, 1.13, 1.22, 1.6, 2.03, 1.83, 1.6, 1.48, 1.54, 1.61, 3.13, 7.234, 10.538, 10.463, 10.317, 11.648, 13.82, 13.861, 13.416, 13.402, 12.437, 11.513, 11.296, 10.901, 10.272, 10.449, 10.754, 9.016, 7.517, 7.792, 8.095, 7.98, 7.551, 7.09, 6.721, 6.384, 7.34, 8.073, 8.226, 8.711], [13.37, 13.004, 10.419, 9.332, 9.726, 10.293, 10.196, 10.058, 9.421, 9.462, 9.63, 10.105, 9.932, 10.068, 10.949, 9.811, 9.714, 10.905, 11.267, 10.91, 11.499, 11.361, 9.39, 7.468, 6.291, 6.257, 6.689, 6.21, 4.06, 2.46, 1.7, 0, 0.96, 1.58, 1.58, 1.48, 1.55, 2.17, 2.21, 1.96, 1.98, 1.88, 1.76, 1.55, 1.78, 1.93, 1.63, 1.65, 2.02, 2.66, 3.259, 2.89, 2.62, 2.62, 2.5, 2.23, 4.012, 8.419, 11.74, 11.655, 11.522, 12.885, 15.074, 15.11, 14.661, 14.671, 13.689, 12.771, 12.551, 12.126, 11.493, 11.672, 11.902, 10.241, 8.726, 8.916, 9.309, 9.101, 8.776, 8.253, 7.901, 7.607, 8.631, 9.307, 9.429, 9.882], [13.771, 13.419, 10.775, 9.656, 10.003, 10.575, 10.47, 10.341, 9.712, 9.728, 9.925, 10.365, 10.25, 10.329, 11.296, 10.173, 10.044, 11.218, 11.619, 11.23, 11.834, 11.658, 9.697, 7.757, 6.672, 6.618, 7.069, 6.59, 4.625, 2.76, 2.1, 0.96, 0, 0.92, 1.12, 1.16, 1.79, 2.55, 2.41, 2.16, 2.28, 2.18, 2.14, 1.97, 2.04, 2.17, 1.91, 1.89, 2.18, 2.892, 3.525, 3.19, 2.88, 2.9, 2.84, 2.59, 4.459, 8.801, 12.032, 11.93, 11.788, 13.174, 15.372, 15.381, 14.927, 14.966, 13.972, 13.06, 12.814, 12.438, 11.782, 11.94, 12.217, 10.545, 9.076, 9.274, 9.598, 9.391, 9.069, 8.548, 8.194, 7.977, 9.042, 9.639, 9.678, 10.163], [13.74, 13.448, 10.842, 9.597, 9.98, 10.495, 10.452, 10.28, 9.643, 9.679, 9.878, 10.339, 10.192, 10.312, 11.22, 10.22, 10.108, 11.296, 11.6, 11.229, 11.75, 11.623, 9.716, 7.927, 6.866, 6.806, 7.19, 6.791, 5.065, 3.16, 2.24, 1.58, 0.92, 0, 0.84, 1.0, 1.87, 2.544, 2.288, 2.2, 2.32, 2.24, 2.3, 2.03, 2.14, 2.17, 1.99, 2.01, 2.18, 2.801, 3.591, 3.303, 2.98, 3.12, 3.12, 2.87, 4.756, 8.731, 11.977, 11.889, 11.759, 13.198, 15.25, 15.296, 14.854, 14.847, 13.885, 12.949, 12.72, 12.351, 11.757, 11.871, 12.19, 10.532, 9.233, 9.6, 9.656, 9.646, 9.094, 8.746, 8.349, 8.035, 9.099, 9.728, 9.855, 10.308], [13.953, 13.616, 11.089, 9.885, 10.262, 10.775, 10.734, 10.55, 9.92, 9.939, 10.134, 10.616, 10.454, 10.572, 11.456, 10.529, 10.409, 11.526, 11.797, 11.414, 12.002, 11.903, 10.036, 8.208, 7.064, 6.989, 7.356, 6.974, 5.221, 3.273, 2.24, 1.58, 1.12, 0.84, 0, 0.96, 2.13, 2.728, 2.451, 2.24, 2.32, 2.376, 2.3, 2.05, 2.22, 2.25, 2.05, 1.99, 2.38, 3.056, 3.826, 3.55, 3.18, 3.28, 3.28, 3.03, 5.025, 8.963, 12.279, 12.195, 12.087, 13.423, 15.449, 15.513, 15.1, 15.061, 14.082, 13.213, 12.959, 12.65, 12.039, 12.176, 12.467, 10.762, 9.459, 9.86, 9.927, 9.946, 9.312, 8.996, 8.647, 8.35, 9.326, 9.932, 10.132, 10.582], [13.607, 13.398, 10.777, 9.482, 9.871, 10.486, 10.395, 10.195, 9.501, 9.528, 9.731, 10.138, 10.044, 10.183, 11.041, 10.16, 10.08, 11.295, 11.56, 11.237, 11.595, 11.373, 9.647, 8.0, 6.883, 6.811, 7.235, 6.834, 4.985, 3.14, 2.18, 1.48, 1.16, 1.0, 0.96, 0, 1.89, 2.551, 2.285, 2.22, 2.2, 2.26, 2.24, 2.01, 2.12, 2.07, 1.87, 1.91, 2.18, 2.86, 3.625, 3.328, 3.0, 3.14, 3.02, 2.75, 4.745, 8.519, 11.729, 11.758, 11.767, 13.178, 15.042, 15.146, 14.712, 14.655, 13.68, 12.827, 12.521, 12.168, 11.615, 11.805, 12.116, 10.583, 9.33, 9.712, 9.759, 9.737, 9.061, 8.821, 8.465, 8.147, 9.117, 9.8, 9.924, 10.412], [12.162, 11.896, 9.25, 8.033, 8.442, 8.991, 8.923, 8.832, 8.151, 8.184, 8.357, 8.813, 8.646, 8.784, 9.694, 8.63, 8.49, 9.764, 10.057, 9.708, 10.241, 10.077, 8.091, 6.354, 5.315, 5.295, 5.67, 5.26, 3.3, 1.89, 1.31, 1.55, 1.79, 1.87, 2.13, 1.89, 0, 1.14, 1.28, 1.21, 1.27, 1.27, 1.49, 1.32, 1.47, 1.52, 1.56, 1.4, 1.33, 1.69, 2.2, 2.12, 2.03, 2.05, 1.99, 1.76, 3.06, 7.144, 10.453, 10.408, 10.272, 11.667, 13.767, 13.797, 13.381, 13.382, 12.403, 11.473, 11.247, 10.831, 10.197, 10.397, 10.63, 9.019, 7.644, 7.953, 8.124, 8.038, 7.481, 7.145, 6.745, 6.442, 7.486, 8.131, 8.244, 8.697], [11.51, 11.113, 8.5, 7.43, 7.745, 8.328, 8.237, 8.045, 7.422, 7.455, 7.626, 8.131, 7.945, 8.072, 8.948, 7.887, 7.847, 8.915, 9.304, 8.882, 9.489, 9.403, 7.474, 5.551, 4.58, 4.64, 5.03, 4.68, 2.74, 1.51, 1.35, 2.17, 2.55, 2.544, 2.728, 2.551, 1.14, 0, 0.74, 0.87, 1.01, 0.95, 1.25, 1.38, 1.47, 1.68, 1.66, 1.5, 1.27, 1.25, 1.52, 1.52, 1.57, 1.59, 1.65, 1.5, 2.44, 6.487, 9.777, 9.674, 9.557, 10.897, 13.085, 13.14, 12.689, 12.692, 11.714, 10.787, 10.567, 10.174, 9.58, 9.676, 9.975, 8.262, 6.875, 7.241, 7.378, 7.284, 6.838, 6.39, 6.09, 5.79, 6.784, 7.442, 7.538, 8.008], [11.69, 11.37, 8.78, 7.61, 7.97, 8.528, 8.437, 8.228, 7.568, 7.644, 7.781, 8.271, 8.088, 8.208, 9.088, 8.127, 8.027, 9.195, 9.505, 9.045, 9.609, 9.535, 7.694, 5.95, 4.98, 5.08, 5.45, 5.16, 3.3, 1.81, 1.53, 2.21, 2.41, 2.288, 2.451, 2.285, 1.28, 0.74, 0, 0.63, 1.01, 1.13, 1.43, 1.44, 1.65, 1.58, 1.6, 1.46, 1.27, 1.13, 1.7, 1.58, 1.77, 1.85, 1.87, 1.62, 2.8, 6.67, 9.917, 9.818, 9.758, 11.152, 13.259, 13.354, 12.903, 12.864, 11.888, 10.984, 10.744, 10.371, 9.803, 9.893, 10.155, 8.488, 7.255, 7.621, 7.678, 7.664, 7.078, 6.75, 6.43, 6.11, 7.1, 7.725, 7.898, 8.368], [11.92, 11.56, 9.03, 7.82, 8.135, 8.718, 8.59, 8.475, 7.832, 7.845, 8.022, 8.541, 8.355, 8.478, 9.358, 8.437, 8.357, 9.425, 9.695, 9.295, 9.896, 9.813, 7.947, 6.061, 5.11, 5.21, 5.52, 5.25, 3.37, 1.72, 1.2, 1.96, 2.16, 2.2, 2.24, 2.22, 1.21, 0.87, 0.63, 0, 0.86, 0.96, 1.22, 1.17, 1.48, 1.43, 1.53, 1.27, 1.24, 1.26, 1.85, 1.67, 1.72, 1.74, 1.82, 1.71, 2.95, 6.82, 10.186, 10.088, 9.948, 11.313, 13.477, 13.521, 13.076, 13.077, 12.095, 11.157, 10.954, 10.524, 9.933, 10.083, 10.385, 8.678, 7.345, 7.734, 7.828, 7.837, 7.188, 6.9, 6.52, 6.22, 7.23, 7.815, 8.008, 8.478], [11.88, 11.583, 8.97, 7.82, 8.243, 8.769, 8.744, 8.613, 7.932, 7.971, 8.147, 8.597, 8.433, 8.562, 9.458, 8.397, 8.297, 9.502, 9.741, 9.409, 9.996, 9.886, 7.901, 6.112, 5.01, 5.07, 5.52, 5.11, 3.21, 1.48, 1.02, 1.98, 2.28, 2.32, 2.32, 2.2, 1.27, 1.01, 1.01, 0.86, 0, 0.58, 0.94, 1.03, 1.22, 1.17, 1.15, 0.93, 1.02, 1.32, 1.81, 1.53, 1.5, 1.5, 1.52, 1.35, 2.87, 6.971, 10.237, 10.189, 10.076, 11.391, 13.603, 13.658, 13.216, 13.177, 12.209, 11.271, 11.051, 10.655, 10.041, 10.181, 10.425, 8.763, 7.382, 7.688, 7.882, 7.791, 7.296, 6.915, 6.54, 6.22, 7.21, 7.889, 8.045, 8.535], [11.96, 11.603, 8.97, 7.9, 8.283, 8.846, 8.77, 8.595, 7.963, 8.002, 8.173, 8.655, 8.446, 8.602, 9.497, 8.354, 8.274, 9.462, 9.786, 9.409, 10.036, 9.91, 7.921, 6.072, 5.01, 4.99, 5.44, 4.95, 3.17, 1.46, 1.04, 1.88, 2.18, 2.24, 2.376, 2.26, 1.27, 0.95, 1.13, 0.96, 0.58, 0, 0.54, 0.81, 0.92, 1.15, 1.19, 0.93, 0.88, 1.4, 1.79, 1.47, 1.26, 1.32, 1.36, 1.41, 2.83, 7.02, 10.291, 10.183, 10.067, 11.419, 13.629, 13.687, 13.239, 13.217, 12.238, 11.317, 11.093, 10.681, 10.104, 10.2, 10.445, 8.78, 7.382, 7.668, 7.902, 7.731, 7.356, 6.892, 6.54, 6.24, 7.23, 7.929, 8.019, 8.512], [12.175, 11.829, 9.186, 8.111, 8.512, 9.075, 9.039, 8.795, 8.121, 8.217, 8.333, 8.82, 8.635, 8.769, 9.703, 8.587, 8.42, 9.663, 10.018, 9.567, 10.19, 10.058, 8.116, 6.324, 5.199, 5.17, 5.68, 5.07, 3.29, 1.66, 1.18, 1.76, 2.14, 2.3, 2.3, 2.24, 1.49, 1.25, 1.43, 1.22, 0.94, 0.54, 0, 0.73, 0.82, 1.03, 1.21, 0.91, 0.9, 1.62, 1.99, 1.67, 1.2, 1.36, 1.44, 1.49, 3.07, 7.383, 10.461, 10.39, 10.346, 11.693, 13.84, 13.93, 13.482, 13.445, 12.466, 11.565, 11.322, 10.946, 10.375, 10.489, 10.677, 9.033, 7.67, 7.88, 8.171, 7.986, 7.625, 7.173, 6.812, 6.509, 7.507, 8.235, 8.325, 8.821], [12.425, 12.046, 9.442, 8.374, 8.737, 9.318, 9.258, 9.014, 8.38, 8.439, 8.592, 9.085, 8.883, 9.043, 9.939, 8.819, 8.705, 9.891, 10.26, 9.841, 10.461, 10.346, 8.372, 6.559, 5.407, 5.355, 5.799, 5.261, 3.46, 1.93, 0.99, 1.55, 1.97, 2.03, 2.05, 2.01, 1.32, 1.38, 1.44, 1.17, 1.03, 0.81, 0.73, 0, 0.79, 0.98, 1.08, 0.92, 1.03, 1.67, 2.212, 1.94, 1.61, 1.67, 1.61, 1.58, 3.29, 7.596, 10.709, 10.63, 10.576, 11.89, 14.042, 14.111, 13.663, 13.661, 12.671, 11.767, 11.527, 11.145, 10.554, 10.688, 10.94, 9.272, 7.915, 8.117, 8.399, 8.222, 7.848, 7.377, 7.021, 6.749, 7.704, 8.437, 8.542, 9.012], [12.299, 12.005, 9.355, 8.224, 8.635, 9.196, 9.16, 8.907, 8.23, 8.34, 8.48, 8.896, 8.796, 8.903, 9.713, 8.63, 8.529, 9.775, 10.196, 9.728, 10.26, 10.159, 8.286, 6.497, 5.315, 5.243, 5.778, 5.191, 3.557, 1.98, 1.26, 1.78, 2.04, 2.14, 2.22, 2.12, 1.47, 1.47, 1.65, 1.48, 1.22, 0.92, 0.82, 0.79, 0, 0.73, 1.15, 1.01, 1.0, 1.74, 2.11, 1.81, 1.48, 1.54, 1.52, 1.67, 3.269, 7.59, 10.569, 10.493, 10.457, 11.863, 13.929, 14.019, 13.574, 13.563, 12.553, 11.683, 11.415, 11.061, 10.487, 10.595, 10.818, 9.173, 7.932, 8.084, 8.283, 8.124, 7.771, 7.288, 6.913, 6.648, 7.732, 8.368, 8.484, 8.899], [12.157, 11.926, 9.2, 8.039, 8.606, 9.078, 9.058, 8.89, 8.212, 8.267, 8.433, 8.817, 8.766, 8.859, 9.7, 8.675, 8.483, 9.779, 10.083, 9.718, 10.261, 10.129, 8.209, 6.409, 5.304, 5.187, 5.739, 5.158, 3.5, 2.07, 1.23, 1.93, 2.17, 2.17, 2.25, 2.07, 1.52, 1.68, 1.58, 1.43, 1.17, 1.15, 1.03, 0.98, 0.73, 0, 0.98, 0.88, 1.03, 1.45, 2.04, 1.7, 1.43, 1.61, 1.55, 1.48, 3.22, 7.451, 10.519, 10.463, 10.365, 11.756, 13.848, 13.934, 13.498, 13.445, 12.454, 11.588, 11.296, 10.945, 10.374, 10.488, 10.685, 9.075, 7.815, 8.064, 8.236, 8.077, 7.699, 7.247, 6.84, 6.558, 7.642, 8.274, 8.39, 8.827], [12.483, 12.143, 9.562, 8.439, 8.953, 9.465, 9.466, 9.283, 8.593, 8.658, 8.832, 9.247, 9.143, 9.25, 10.094, 8.997, 8.893, 10.099, 10.448, 10.086, 10.646, 10.52, 8.6, 6.746, 5.538, 5.46, 6.07, 5.5, 3.52, 2.01, 1.13, 1.63, 1.91, 1.99, 2.05, 1.87, 1.56, 1.66, 1.6, 1.53, 1.15, 1.19, 1.21, 1.08, 1.15, 0.98, 0, 0.62, 1.01, 1.77, 2.36, 1.895, 1.59, 1.79, 1.65, 1.42, 3.35, 7.727, 10.879, 10.84, 10.781, 12.121, 14.284, 14.38, 13.929, 13.858, 12.876, 12.018, 11.712, 11.373, 10.777, 10.896, 11.116, 9.459, 8.024, 8.251, 8.562, 8.391, 8.006, 7.548, 7.171, 6.894, 7.901, 8.6, 8.724, 9.18], [12.431, 12.063, 9.539, 8.416, 8.919, 9.43, 9.409, 9.242, 8.567, 8.621, 8.797, 9.219, 9.065, 9.213, 10.051, 8.939, 8.848, 10.051, 10.394, 10.025, 10.606, 10.48, 8.569, 6.677, 5.452, 5.435, 5.99, 5.54, 3.52, 1.89, 1.13, 1.65, 1.89, 2.01, 1.99, 1.91, 1.4, 1.5, 1.46, 1.27, 0.93, 0.93, 0.91, 0.92, 1.01, 0.88, 0.62, 0, 0.99, 1.73, 2.3, 1.88, 1.53, 1.75, 1.61, 1.48, 3.38, 7.707, 10.854, 10.786, 10.721, 12.067, 14.225, 14.326, 13.875, 13.798, 12.811, 11.975, 11.652, 11.333, 10.725, 10.852, 11.084, 9.396, 7.947, 8.171, 8.511, 8.336, 7.975, 7.517, 7.145, 6.822, 7.801, 8.514, 8.655, 9.117], [11.927, 11.578, 8.915, 7.775, 8.189, 8.701, 8.668, 8.461, 7.842, 7.863, 8.059, 8.514, 8.336, 8.492, 9.431, 8.314, 8.158, 9.335, 9.764, 9.367, 9.943, 9.769, 7.821, 6.002, 5.008, 5.031, 5.555, 5.01, 3.29, 1.72, 1.22, 2.02, 2.18, 2.18, 2.38, 2.18, 1.33, 1.27, 1.27, 1.24, 1.02, 0.88, 0.9, 1.03, 1.0, 1.03, 1.01, 0.99, 0, 1.16, 1.69, 1.35, 1.14, 1.34, 1.38, 1.37, 2.803, 7.083, 10.175, 10.062, 9.965, 11.36, 13.507, 13.562, 13.11, 13.089, 12.11, 11.209, 10.954, 10.581, 9.959, 10.089, 10.334, 8.676, 7.42, 7.648, 7.798, 7.699, 7.313, 6.858, 6.464, 6.184, 7.279, 7.924, 7.972, 8.41], [11.085, 10.794, 8.241, 6.888, 7.385, 7.856, 7.829, 7.648, 7.003, 7.056, 7.244, 7.691, 7.543, 7.66, 8.549, 7.691, 7.536, 8.648, 8.894, 8.545, 9.093, 8.914, 7.184, 5.345, 4.305, 4.35, 4.78, 4.41, 2.93, 1.68, 1.6, 2.66, 2.892, 2.801, 3.056, 2.86, 1.69, 1.25, 1.13, 1.26, 1.32, 1.4, 1.62, 1.67, 1.74, 1.45, 1.77, 1.73, 1.16, 0, 1.15, 0.97, 1.02, 1.16, 1.38, 1.37, 2.458, 6.21, 9.349, 9.288, 9.155, 10.52, 12.609, 12.693, 12.248, 12.195, 11.221, 10.332, 10.063, 9.792, 9.168, 9.239, 9.547, 7.845, 6.64, 6.959, 7.056, 7.085, 6.465, 6.215, 5.778, 5.501, 6.508, 7.093, 7.203, 7.678], [10.378, 10.024, 7.471, 6.288, 6.794, 7.242, 7.226, 7.031, 6.399, 6.444, 6.643, 7.036, 6.964, 7.042, 7.904, 6.987, 6.857, 7.905, 8.254, 7.883, 8.498, 8.314, 6.521, 4.608, 3.76, 3.88, 4.31, 3.78, 2.4, 1.53, 2.03, 3.259, 3.525, 3.591, 3.826, 3.625, 2.2, 1.52, 1.7, 1.85, 1.81, 1.79, 1.99, 2.212, 2.11, 2.04, 2.36, 2.3, 1.69, 1.15, 0, 0.74, 1.15, 1.15, 1.63, 1.74, 1.88, 5.7, 8.754, 8.687, 8.547, 9.893, 12.053, 12.149, 11.701, 11.63, 10.639, 9.796, 9.501, 9.246, 8.614, 8.664, 8.907, 7.223, 5.95, 6.22, 6.357, 6.308, 5.898, 5.445, 5.068, 4.871, 5.898, 6.416, 6.533, 6.988], [10.703, 10.362, 7.795, 6.642, 7.133, 7.624, 7.66, 7.459, 6.79, 6.835, 7.04, 7.43, 7.322, 7.415, 8.273, 7.224, 7.135, 8.264, 8.634, 8.259, 8.837, 8.691, 6.812, 4.945, 3.92, 4.0, 4.53, 4.04, 2.48, 1.45, 1.83, 2.89, 3.19, 3.303, 3.55, 3.328, 2.12, 1.52, 1.58, 1.67, 1.53, 1.47, 1.67, 1.94, 1.81, 1.7, 1.895, 1.88, 1.35, 0.97, 0.74, 0, 0.67, 0.89, 1.25, 1.22, 2.02, 6.063, 9.085, 9.011, 8.949, 10.321, 12.482, 12.583, 12.132, 12.052, 11.073, 10.213, 9.932, 9.577, 8.965, 9.076, 9.278, 7.622, 6.289, 6.439, 6.724, 6.582, 6.252, 5.785, 5.345, 5.1, 6.155, 6.776, 6.909, 7.334], [11.183, 10.821, 8.288, 7.112, 7.6, 8.074, 8.073, 7.892, 7.22, 7.285, 7.47, 7.908, 7.752, 7.865, 8.755, 7.717, 7.585, 8.735, 9.058, 8.663, 9.304, 9.155, 7.242, 5.328, 4.208, 4.19, 4.615, 4.17, 2.67, 1.5, 1.6, 2.62, 2.88, 2.98, 3.18, 3.0, 2.03, 1.57, 1.77, 1.72, 1.5, 1.26, 1.2, 1.61, 1.48, 1.43, 1.59, 1.53, 1.14, 1.02, 1.15, 0.67, 0, 0.62, 1.0, 1.17, 2.358, 6.513, 9.584, 9.481, 9.379, 10.731, 12.891, 12.984, 12.533, 12.462, 11.501, 10.608, 10.342, 10.03, 9.401, 9.505, 9.708, 8.032, 6.663, 6.835, 7.16, 7.012, 6.628, 6.195, 5.775, 5.51, 6.495, 7.152, 7.3, 7.768], [11.193, 10.821, 8.308, 7.132, 7.563, 8.054, 8.044, 7.837, 7.2, 7.245, 7.467, 7.906, 7.752, 7.831, 8.755, 7.733, 7.595, 8.693, 9.061, 8.651, 9.304, 9.155, 7.242, 5.316, 4.145, 4.11, 4.68, 4.21, 2.49, 1.24, 1.48, 2.62, 2.9, 3.12, 3.28, 3.14, 2.05, 1.59, 1.85, 1.74, 1.5, 1.32, 1.36, 1.67, 1.54, 1.61, 1.79, 1.75, 1.34, 1.16, 1.15, 0.89, 0.62, 0, 0.84, 1.27, 2.218, 6.43, 9.584, 9.501, 9.33, 10.705, 12.908, 12.981, 12.53, 12.479, 11.518, 10.599, 10.359, 10.01, 9.381, 9.465, 9.693, 8.009, 6.579, 6.755, 7.099, 6.912, 6.628, 6.155, 5.755, 5.498, 6.505, 7.141, 7.296, 7.732], [11.466, 11.109, 8.533, 7.431, 7.919, 8.414, 8.415, 8.202, 7.56, 7.613, 7.792, 8.245, 8.086, 8.185, 9.088, 7.912, 7.798, 9.01, 9.412, 9.029, 9.609, 9.494, 7.505, 5.638, 4.299, 4.25, 4.92, 4.51, 2.41, 1.46, 1.54, 2.5, 2.84, 3.12, 3.28, 3.02, 1.99, 1.65, 1.87, 1.82, 1.52, 1.36, 1.44, 1.61, 1.52, 1.55, 1.65, 1.61, 1.38, 1.38, 1.63, 1.25, 1.0, 0.84, 0, 0.83, 2.39, 6.76, 9.883, 9.763, 9.695, 11.07, 13.266, 13.358, 12.907, 12.842, 11.855, 10.979, 10.696, 10.358, 9.746, 9.845, 10.015, 8.386, 6.927, 7.051, 7.479, 7.196, 6.956, 6.437, 6.071, 5.794, 6.768, 7.509, 7.633, 8.071], [11.662, 11.302, 8.7, 7.587, 8.115, 8.613, 8.608, 8.407, 7.762, 7.815, 7.985, 8.404, 8.288, 8.378, 9.259, 8.091, 7.973, 9.208, 9.605, 9.228, 9.825, 9.673, 7.69, 5.833, 4.529, 4.46, 5.19, 4.74, 2.74, 1.71, 1.61, 2.23, 2.59, 2.87, 3.03, 2.75, 1.76, 1.5, 1.62, 1.71, 1.35, 1.41, 1.49, 1.58, 1.67, 1.48, 1.42, 1.48, 1.37, 1.37, 1.74, 1.22, 1.17, 1.27, 0.83, 0, 2.568, 6.867, 10.056, 9.956, 9.888, 11.263, 13.47, 13.557, 13.106, 13.044, 12.053, 11.189, 10.892, 10.553, 9.945, 10.044, 10.245, 8.588, 7.138, 7.298, 7.672, 7.398, 7.183, 6.633, 6.284, 6.024, 7.021, 7.742, 7.826, 8.27], [9.624, 9.293, 6.597, 5.493, 5.882, 6.442, 6.346, 6.205, 5.588, 5.6, 5.812, 6.261, 6.094, 6.201, 7.136, 5.923, 5.794, 7.063, 7.499, 7.105, 7.677, 7.536, 5.456, 3.85, 3.72, 3.84, 4.09, 3.36, 1.78, 2.33, 3.13, 4.012, 4.459, 4.756, 5.025, 4.745, 3.06, 2.44, 2.8, 2.95, 2.87, 2.83, 3.07, 3.29, 3.269, 3.22, 3.35, 3.38, 2.803, 2.458, 1.88, 2.02, 2.358, 2.218, 2.39, 2.568, 0, 4.624, 7.907, 7.782, 7.648, 9.089, 11.279, 11.305, 10.86, 10.861, 9.87, 8.944, 8.727, 8.308, 7.677, 7.818, 8.031, 6.408, 5.0, 5.189, 5.44, 5.269, 4.974, 4.45, 4.05, 3.79, 4.94, 5.587, 5.64, 6.053], [5.72, 5.38, 2.97, 1.72, 1.78, 2.5, 2.21, 2.33, 1.91, 1.7, 1.76, 2.01, 1.97, 2.22, 2.89, 2.37, 2.29, 3.21, 3.44, 3.08, 3.45, 3.19, 2.46, 3.0, 3.95, 4.19, 4.12, 3.57, 5.172, 6.508, 7.234, 8.419, 8.801, 8.731, 8.963, 8.519, 7.144, 6.487, 6.67, 6.82, 6.971, 7.02, 7.383, 7.596, 7.59, 7.451, 7.727, 7.707, 7.083, 6.21, 5.7, 6.063, 6.513, 6.43, 6.76, 6.867, 4.624, 0, 3.45, 3.57, 3.51, 4.97, 6.73, 6.742, 6.3, 6.4, 5.35, 4.54, 4.26, 3.83, 3.27, 3.58, 4.03, 2.64, 1.65, 2.01, 2.05, 2.29, 1.65, 1.8, 1.68, 1.66, 1.91, 2.04, 2.25, 2.62], [3.75, 2.93, 2.76, 2.77, 2.41, 2.61, 2.86, 2.84, 2.9, 2.67, 2.79, 2.4, 2.28, 2.33, 2.38, 2.72, 2.72, 1.8, 1.53, 1.71, 1.44, 1.22, 2.59, 4.51, 6.04, 6.18, 5.95, 5.813, 8.378, 9.788, 10.538, 11.74, 12.032, 11.977, 12.279, 11.729, 10.453, 9.777, 9.917, 10.186, 10.237, 10.291, 10.461, 10.709, 10.569, 10.519, 10.879, 10.854, 10.175, 9.349, 8.754, 9.085, 9.584, 9.584, 9.883, 10.056, 7.907, 3.45, 0, 0.92, 0.88, 2.04, 3.54, 3.67, 3.17, 3.39, 2.52, 2.05, 1.99, 1.98, 2.04, 1.99, 1.92, 2.25, 3.32, 3.12, 2.62, 2.88, 3.1, 3.703, 3.966, 4.217, 3.271, 2.89, 2.82, 2.55], [3.59, 2.91, 2.52, 2.81, 2.47, 2.53, 2.86, 2.8, 2.88, 2.73, 2.87, 2.54, 2.34, 2.27, 2.22, 2.42, 2.38, 1.66, 1.37, 1.51, 1.24, 1.24, 2.41, 4.37, 5.96, 6.1, 5.87, 5.7, 8.241, 9.717, 10.463, 11.655, 11.93, 11.889, 12.195, 11.758, 10.408, 9.674, 9.818, 10.088, 10.189, 10.183, 10.39, 10.63, 10.493, 10.463, 10.84, 10.786, 10.062, 9.288, 8.687, 9.011, 9.481, 9.501, 9.763, 9.956, 7.782, 3.57, 0.92, 0, 0.84, 2.0, 3.66, 3.77, 3.27, 3.39, 2.48, 1.99, 2.09, 2.04, 2.1, 1.91, 1.9, 2.17, 3.22, 2.96, 2.54, 2.76, 3.04, 3.57, 3.849, 4.112, 3.193, 2.71, 2.62, 2.25], [3.63, 2.79, 2.62, 2.83, 2.43, 2.35, 2.58, 2.76, 2.86, 2.69, 2.77, 2.48, 2.34, 2.23, 2.32, 2.52, 2.54, 1.68, 1.31, 1.41, 1.34, 1.3, 2.41, 4.13, 5.68, 5.84, 5.45, 5.494, 8.104, 9.509, 10.317, 11.522, 11.788, 11.759, 12.087, 11.767, 10.272, 9.557, 9.758, 9.948, 10.076, 10.067, 10.346, 10.576, 10.457, 10.365, 10.781, 10.721, 9.965, 9.155, 8.547, 8.949, 9.379, 9.33, 9.695, 9.888, 7.648, 3.51, 0.88, 0.84, 0, 1.76, 3.7, 3.77, 3.25, 3.37, 2.44, 1.93, 1.77, 1.82, 1.92, 1.59, 1.62, 1.83, 2.98, 2.78, 2.3, 2.56, 2.92, 3.338, 3.681, 3.981, 3.06, 2.45, 2.38, 2.15], [3.39, 2.55, 3.28, 3.97, 3.65, 3.31, 3.46, 3.74, 4.04, 3.93, 3.99, 3.58, 3.42, 3.21, 2.56, 3.5, 3.64, 2.22, 1.77, 2.29, 2.0, 2.12, 3.87, 5.482, 6.872, 7.074, 6.488, 6.846, 9.476, 10.889, 11.648, 12.885, 13.174, 13.198, 13.423, 13.178, 11.667, 10.897, 11.152, 11.313, 11.391, 11.419, 11.693, 11.89, 11.863, 11.756, 12.121, 12.067, 11.36, 10.52, 9.893, 10.321, 10.731, 10.705, 11.07, 11.263, 9.089, 4.97, 2.04, 2.0, 1.76, 0, 2.32, 2.57, 2.19, 2.27, 1.88, 1.43, 1.73, 2.14, 2.26, 1.69, 1.58, 2.73, 4.26, 4.119, 3.66, 3.92, 4.277, 4.704, 5.119, 5.407, 4.38, 3.67, 3.552, 3.15], [4.17, 3.75, 5.36, 6.021, 5.57, 5.27, 5.3, 5.46, 5.82, 5.73, 5.71, 5.24, 5.28, 5.17, 4.48, 5.6, 5.7, 4.36, 3.95, 4.41, 3.88, 3.88, 5.89, 7.743, 9.044, 9.261, 8.622, 8.993, 11.726, 13.085, 13.82, 15.074, 15.372, 15.25, 15.449, 15.042, 13.767, 13.085, 13.259, 13.477, 13.603, 13.629, 13.84, 14.042, 13.929, 13.848, 14.284, 14.225, 13.507, 12.609, 12.053, 12.482, 12.891, 12.908, 13.266, 13.47, 11.279, 6.73, 3.54, 3.66, 3.7, 2.32, 0, 1.19, 1.41, 1.71, 1.66, 2.37, 2.65, 3.1, 3.7, 3.51, 3.28, 4.952, 6.516, 6.413, 5.92, 6.211, 6.399, 6.963, 7.294, 7.566, 6.593, 5.872, 5.796, 5.312], [4.42, 3.84, 5.41, 6.091, 5.54, 5.26, 5.21, 5.35, 5.91, 5.76, 5.74, 5.29, 5.37, 5.28, 4.59, 5.73, 5.81, 4.51, 4.1, 4.5, 3.95, 4.07, 5.96, 7.787, 9.145, 9.359, 8.626, 9.04, 11.773, 13.135, 13.861, 15.11, 15.381, 15.296, 15.513, 15.146, 13.797, 13.14, 13.354, 13.521, 13.658, 13.687, 13.93, 14.111, 14.019, 13.934, 14.38, 14.326, 13.562, 12.693, 12.149, 12.583, 12.984, 12.981, 13.358, 13.557, 11.305, 6.742, 3.67, 3.77, 3.77, 2.57, 1.19, 0, 0.92, 1.42, 1.85, 2.48, 2.7, 3.07, 3.77, 3.56, 3.39, 5.027, 6.595, 6.49, 5.99, 6.269, 6.457, 7.004, 7.341, 7.612, 6.648, 5.93, 5.84, 5.37], [4.32, 3.66, 5.11, 5.7, 5.18, 4.92, 4.87, 5.05, 5.53, 5.34, 5.36, 4.97, 4.97, 4.88, 4.25, 5.31, 5.37, 4.05, 3.66, 4.06, 3.53, 3.59, 5.52, 7.339, 8.694, 8.908, 8.178, 8.606, 11.322, 12.684, 13.416, 14.661, 14.927, 14.854, 15.1, 14.712, 13.381, 12.689, 12.903, 13.076, 13.216, 13.239, 13.482, 13.663, 13.574, 13.498, 13.929, 13.875, 13.11, 12.248, 11.701, 12.132, 12.533, 12.53, 12.907, 13.106, 10.86, 6.3, 3.17, 3.27, 3.25, 2.19, 1.41, 0.92, 0, 1.06, 1.33, 1.96, 2.24, 2.65, 3.29, 3.1, 2.97, 4.57, 6.135, 6.03, 5.53, 5.809, 6.003, 6.556, 6.884, 7.164, 6.194, 5.47, 5.38, 4.91], [4.62, 3.82, 5.15, 5.74, 5.36, 4.86, 4.95, 5.17, 5.69, 5.5, 5.64, 5.25, 5.17, 5.02, 4.37, 5.39, 5.41, 4.07, 3.62, 4.06, 3.57, 3.79, 5.58, 7.34, 8.612, 8.832, 8.156, 8.604, 11.297, 12.659, 13.402, 14.671, 14.966, 14.847, 15.061, 14.655, 13.382, 12.692, 12.864, 13.077, 13.177, 13.217, 13.445, 13.661, 13.563, 13.445, 13.858, 13.798, 13.089, 12.195, 11.63, 12.052, 12.462, 12.479, 12.842, 13.044, 10.861, 6.4, 3.39, 3.39, 3.37, 2.27, 1.71, 1.42, 1.06, 0, 1.39, 2.04, 2.26, 2.95, 3.39, 3.1, 2.95, 4.52, 6.066, 5.983, 5.47, 5.77, 5.981, 6.54, 6.868, 7.163, 6.169, 5.427, 5.366, 4.882], [3.95, 3.25, 4.42, 4.95, 4.57, 4.29, 4.3, 4.46, 4.82, 4.59, 4.69, 4.3, 4.3, 4.17, 3.64, 4.52, 4.5, 3.26, 2.83, 3.25, 2.8, 2.96, 4.61, 6.343, 7.63, 7.85, 7.245, 7.614, 10.332, 11.688, 12.437, 13.689, 13.972, 13.885, 14.082, 13.68, 12.403, 11.714, 11.888, 12.095, 12.209, 12.238, 12.466, 12.671, 12.553, 12.454, 12.876, 12.811, 12.11, 11.221, 10.639, 11.073, 11.501, 11.518, 11.855, 12.053, 9.87, 5.35, 2.52, 2.48, 2.44, 1.88, 1.66, 1.85, 1.33, 1.39, 0, 1.05, 1.45, 2.08, 2.52, 2.35, 2.44, 3.63, 5.133, 5.06, 4.56, 4.82, 5.002, 5.56, 5.917, 6.18, 5.239, 4.512, 4.402, 3.983], [3.68, 2.98, 3.79, 4.26, 3.84, 3.7, 3.69, 3.89, 4.17, 3.98, 4.04, 3.75, 3.63, 3.46, 3.03, 3.87, 3.87, 2.59, 2.14, 2.56, 2.17, 2.31, 3.86, 5.46, 6.758, 6.972, 6.336, 6.687, 9.42, 10.796, 11.513, 12.771, 13.06, 12.949, 13.213, 12.827, 11.473, 10.787, 10.984, 11.157, 11.271, 11.317, 11.565, 11.767, 11.683, 11.588, 12.018, 11.975, 11.209, 10.332, 9.796, 10.213, 10.608, 10.599, 10.979, 11.189, 8.944, 4.54, 2.05, 1.99, 1.93, 1.43, 2.37, 2.48, 1.96, 2.04, 1.05, 0, 1.1, 1.67, 1.87, 1.66, 1.77, 2.8, 4.27, 4.19, 3.69, 3.91, 4.092, 4.64, 4.988, 5.268, 4.298, 3.6, 3.492, 3.08], [3.16, 2.5, 3.33, 3.88, 3.5, 3.2, 3.33, 3.49, 3.81, 3.6, 3.7, 3.33, 3.29, 3.16, 2.59, 3.51, 3.47, 2.21, 1.78, 2.24, 1.89, 2.01, 3.6, 5.24, 6.564, 6.764, 6.26, 6.549, 9.174, 10.53, 11.296, 12.551, 12.814, 12.72, 12.959, 12.521, 11.247, 10.567, 10.744, 10.954, 11.051, 11.093, 11.322, 11.527, 11.415, 11.296, 11.712, 11.652, 10.954, 10.063, 9.501, 9.932, 10.342, 10.359, 10.696, 10.892, 8.727, 4.26, 1.99, 2.09, 1.77, 1.73, 2.65, 2.7, 2.24, 2.26, 1.45, 1.1, 0, 1.13, 1.43, 1.26, 1.33, 2.5, 4.003, 3.95, 3.45, 3.65, 3.861, 4.413, 4.759, 5.031, 4.075, 3.353, 3.243, 2.793], [2.95, 2.47, 3.06, 3.61, 3.13, 3.01, 3.24, 3.34, 3.6, 3.37, 3.43, 3.08, 3.0, 2.95, 2.24, 3.2, 3.18, 2.02, 1.63, 2.11, 1.94, 2.1, 3.35, 4.83, 6.4, 6.58, 6.21, 6.194, 8.787, 10.189, 10.901, 12.126, 12.438, 12.351, 12.65, 12.168, 10.831, 10.174, 10.371, 10.524, 10.655, 10.681, 10.946, 11.145, 11.061, 10.945, 11.373, 11.333, 10.581, 9.792, 9.246, 9.577, 10.03, 10.01, 10.358, 10.553, 8.308, 3.83, 1.98, 2.04, 1.82, 2.14, 3.1, 3.07, 2.65, 2.95, 2.08, 1.67, 1.13, 0, 0.92, 1.15, 1.26, 2.25, 3.66, 3.56, 3.12, 3.3, 3.48, 4.05, 4.361, 4.632, 3.659, 3.09, 2.96, 2.43], [2.87, 2.49, 2.48, 2.93, 2.59, 2.59, 2.8, 2.88, 3.1, 2.93, 2.93, 2.58, 2.38, 2.41, 1.58, 2.6, 2.62, 1.8, 1.51, 1.97, 1.9, 1.98, 3.03, 4.39, 5.9, 6.12, 5.79, 5.66, 8.122, 9.527, 10.272, 11.493, 11.782, 11.757, 12.039, 11.615, 10.197, 9.58, 9.803, 9.933, 10.041, 10.104, 10.375, 10.554, 10.487, 10.374, 10.777, 10.725, 9.959, 9.168, 8.614, 8.965, 9.401, 9.381, 9.746, 9.945, 7.677, 3.27, 2.04, 2.1, 1.92, 2.26, 3.7, 3.77, 3.29, 3.39, 2.52, 1.87, 1.43, 0.92, 0, 0.85, 1.34, 1.89, 2.94, 2.88, 2.62, 3.0, 2.92, 3.41, 3.71, 4.01, 3.054, 2.43, 2.34, 2.03], [2.78, 2.5, 2.55, 3.06, 2.76, 2.44, 2.67, 2.79, 3.09, 2.9, 3.02, 2.69, 2.49, 2.28, 1.73, 2.67, 2.69, 1.69, 1.26, 1.6, 1.61,