[[0, 0.88, 1.77, 2.23, 2.59, 3.236, 4.817, 5.603, 5.486, 5.157, 4.816, 4.752, 5.299, 7.546, 9.303, 9.318, 8.502, 8.294, 8.268, 7.473, 7.219, 6.236, 5.446, 5.312, 5.823, 6.847, 6.435, 5.757, 6.168, 6.734, 7.118, 7.166, 7.376, 7.931, 8.41, 8.58, 8.663, 9.05, 9.111, 8.958, 8.576, 8.579, 9.212, 9.104, 9.11, 9.03, 7.752, 6.329, 5.566, 5.34, 5.09, 4.37, 3.64, 4.12, 3.94, 3.92, 3.37, 4.55, 5.521, 6.017, 6.488, 6.894, 6.599, 4.53, 3.11, 2.62, 2.64, 3.88, 4.03, 4.44, 5.501, 5.992, 5.868, 4.44, 3.51, 2.94, 2.53, 2.31, 2.27, 2.24, 2.67, 3.24, 2.64, 2.35, 2.35, 2.09], [0.88, 0, 1.17, 1.73, 2.13, 2.791, 4.283, 5.103, 4.963, 4.701, 4.371, 4.186, 4.862, 7.083, 8.838, 8.864, 8.042, 7.817, 7.791, 7.014, 6.753, 5.758, 5.031, 4.809, 5.328, 6.356, 5.94, 5.297, 5.72, 6.238, 6.644, 6.695, 6.856, 7.466, 7.991, 8.101, 8.152, 8.519, 8.641, 8.478, 8.047, 8.114, 8.709, 8.587, 8.621, 8.533, 7.255, 5.95, 5.19, 4.94, 4.71, 3.97, 3.18, 3.78, 3.62, 3.52, 2.91, 4.05, 5.01, 5.532, 6.029, 6.429, 6.186, 4.095, 2.55, 2.08, 2.08, 3.46, 3.55, 3.96, 5.009, 5.503, 5.399, 3.896, 3.07, 2.4, 2.15, 1.83, 1.65, 1.82, 2.21, 2.82, 2.22, 1.93, 1.87, 1.67], [1.77, 1.17, 0, 0.96, 1.76, 2.17, 3.523, 4.323, 4.137, 3.98, 3.83, 3.54, 4.121, 6.278, 8.012, 8.044, 7.219, 6.982, 6.959, 6.185, 5.939, 4.909, 4.256, 4.072, 4.537, 5.506, 5.079, 4.45, 4.897, 5.517, 5.729, 5.811, 6.116, 6.697, 7.167, 7.332, 7.318, 7.676, 7.829, 7.618, 7.306, 7.442, 7.946, 7.716, 7.741, 7.656, 6.403, 5.18, 4.42, 4.19, 4.2, 3.52, 2.63, 3.03, 2.87, 2.89, 2.3, 3.2, 4.14, 4.899, 5.359, 5.767, 5.425, 3.312, 1.92, 1.59, 1.49, 2.83, 2.72, 3.09, 4.136, 4.628, 4.503, 3.061, 2.18, 1.55, 1.68, 1.66, 1.44, 1.67, 2.02, 2.29, 1.71, 1.4, 1.4, 1.44], [2.23, 1.73, 0.96, 0, 1.14, 1.55, 2.76, 3.563, 3.42, 3.4, 3.41, 3.04, 3.59, 5.597, 7.278, 7.315, 6.482, 6.236, 6.213, 5.436, 5.193, 4.203, 3.673, 3.509, 3.893, 4.78, 4.385, 3.707, 4.166, 4.772, 4.998, 5.028, 5.358, 5.957, 6.479, 6.577, 6.594, 6.956, 7.083, 6.878, 6.572, 6.662, 7.203, 6.976, 6.99, 6.893, 5.663, 4.48, 3.66, 3.49, 3.56, 2.92, 2.37, 2.65, 2.59, 2.79, 2.16, 2.72, 3.46, 4.17, 4.624, 5.064, 4.744, 2.66, 1.58, 1.47, 1.01, 2.19, 2.08, 2.47, 3.44, 3.925, 3.801, 2.438, 1.6, 1.33, 1.86, 1.92, 1.34, 1.47, 1.7, 1.73, 1.43, 1.24, 1.32, 1.34], [2.59, 2.13, 1.76, 1.14, 0, 1.31, 2.316, 3.159, 3.14, 2.98, 2.95, 2.66, 3.23, 5.196, 6.945, 6.976, 6.123, 5.909, 5.883, 5.103, 4.849, 3.972, 3.482, 3.154, 3.507, 4.491, 4.098, 3.456, 3.798, 4.368, 4.807, 4.791, 5.098, 5.676, 6.146, 6.288, 6.319, 6.686, 6.759, 6.576, 6.248, 6.338, 6.768, 6.675, 6.669, 6.59, 5.38, 4.36, 3.54, 3.45, 3.48, 2.82, 2.51, 2.91, 2.93, 3.11, 2.36, 2.76, 3.22, 3.59, 4.019, 4.519, 4.346, 2.54, 1.5, 1.93, 1.21, 1.91, 1.98, 2.27, 3.18, 3.66, 3.57, 2.35, 1.74, 1.69, 2.22, 2.32, 1.62, 1.63, 1.62, 1.65, 1.57, 1.52, 1.78, 1.84], [3.236, 2.791, 2.17, 1.55, 1.31, 0, 1.73, 2.51, 2.37, 2.21, 2.1, 1.87, 2.4, 4.382, 6.148, 6.165, 5.312, 5.118, 5.075, 4.275, 4.018, 3.051, 2.561, 2.256, 2.741, 3.711, 3.338, 2.73, 3.09, 3.671, 4.237, 4.157, 4.324, 4.894, 5.418, 5.548, 5.633, 5.997, 6.068, 5.924, 5.534, 5.509, 6.096, 5.995, 6.0, 5.96, 4.79, 3.87, 3.19, 3.08, 3.19, 2.57, 2.36, 2.72, 2.68, 2.88, 2.07, 2.41, 2.81, 3.18, 3.64, 4.12, 3.8, 2.25, 2.09, 2.42, 1.78, 1.94, 1.93, 2.02, 2.83, 3.21, 3.08, 2.22, 1.87, 1.96, 2.59, 2.71, 2.05, 2.0, 1.89, 1.7, 1.82, 1.79, 2.01, 2.09], [4.817, 4.283, 3.523, 2.76, 2.316, 1.73, 0, 1.1, 1.4, 1.56, 1.83, 1.38, 1.75, 3.17, 4.687, 4.729, 3.882, 3.659, 3.613, 2.851, 2.611, 2.09, 1.88, 1.5, 1.7, 2.47, 2.04, 1.66, 1.88, 2.28, 2.9, 2.736, 3.01, 3.527, 4.043, 4.16, 4.16, 4.47, 4.593, 4.433, 4.18, 4.31, 4.68, 4.41, 4.47, 4.43, 3.48, 2.92, 2.56, 2.71, 2.72, 2.42, 2.57, 2.55, 2.75, 3.11, 2.6, 1.9, 2.26, 2.43, 2.77, 3.25, 3.19, 2.42, 2.46, 3.41, 2.73, 1.99, 1.94, 1.85, 2.24, 2.52, 2.59, 2.17, 2.12, 2.83, 3.88, 4.237, 3.271, 3.01, 2.62, 2.15, 2.61, 2.78, 2.96, 3.22], [5.603, 5.103, 4.323, 3.563, 3.159, 2.51, 1.1, 0, 0.92, 1.32, 1.73, 1.48, 1.45, 2.29, 4.035, 4.035, 3.096, 2.916, 2.876, 2.17, 1.948, 1.41, 1.32, 1.08, 1.28, 2.09, 1.88, 1.88, 1.56, 1.74, 2.38, 2.176, 2.47, 3.02, 3.63, 3.72, 3.74, 3.99, 4.06, 4.1, 3.88, 4.01, 4.22, 4.09, 4.07, 3.97, 3.16, 2.92, 2.92, 3.09, 3.28, 3.04, 3.27, 3.23, 3.37, 3.61, 3.18, 2.54, 2.8, 2.85, 2.93, 3.39, 3.59, 3.12, 3.38, 4.23, 3.45, 2.63, 2.64, 2.55, 2.88, 3.08, 3.13, 2.93, 2.8, 3.49, 4.697, 5.028, 4.091, 3.83, 3.42, 2.97, 3.41, 3.6, 3.76, 4.02], [5.486, 4.963, 4.137, 3.42, 3.14, 2.37, 1.4, 0.92, 0, 1.14, 1.53, 1.38, 1.59, 2.45, 4.168, 4.168, 3.241, 3.067, 3.036, 2.37, 2.095, 1.35, 1.06, 0.82, 1.14, 2.11, 1.96, 1.96, 1.72, 2.26, 2.739, 2.579, 2.83, 3.46, 4.13, 4.24, 4.22, 4.389, 4.5, 4.636, 4.42, 4.55, 4.66, 4.53, 4.53, 4.47, 3.6, 3.24, 3.2, 3.27, 3.46, 3.14, 3.35, 3.35, 3.59, 3.79, 3.28, 2.58, 2.9, 3.13, 3.11, 3.57, 3.69, 3.14, 3.42, 4.163, 3.35, 2.69, 2.66, 2.55, 2.86, 3.08, 3.11, 2.91, 2.88, 3.31, 4.46, 4.836, 3.98, 3.95, 3.68, 3.21, 3.59, 3.72, 3.86, 3.98], [5.157, 4.701, 3.98, 3.4, 2.98, 2.21, 1.56, 1.32, 1.14, 0, 0.73, 0.74, 1.05, 2.603, 4.448, 4.448, 3.501, 3.344, 3.284, 2.698, 2.44, 1.71, 1.24, 1.04, 1.04, 2.15, 2.08, 1.86, 1.84, 2.48, 2.933, 2.76, 3.01, 3.66, 4.31, 4.46, 4.48, 4.711, 4.8, 4.91, 4.66, 4.706, 5.095, 4.87, 4.85, 4.77, 3.86, 3.14, 2.92, 3.07, 3.22, 2.78, 3.05, 3.13, 3.11, 3.17, 2.52, 2.58, 2.84, 3.21, 3.25, 3.71, 3.73, 3.16, 3.54, 4.09, 3.51, 2.91, 2.84, 2.51, 2.8, 2.98, 2.97, 2.93, 2.92, 3.13, 4.074, 4.511, 3.86, 3.51, 3.22, 2.93, 3.33, 3.22, 3.46, 3.62], [4.816, 4.371, 3.83, 3.41, 2.95, 2.1, 1.83, 1.73, 1.53, 0.73, 0, 0.81, 1.12, 2.953, 4.8, 4.8, 3.914, 3.754, 3.697, 2.971, 2.725, 2.0, 1.49, 1.29, 1.43, 2.54, 2.35, 2.13, 2.17, 2.79, 3.3, 3.103, 3.33, 4.01, 4.624, 4.78, 4.85, 5.084, 5.134, 5.234, 4.994, 4.99, 5.425, 5.24, 5.22, 5.14, 4.21, 3.23, 3.09, 3.2, 3.31, 2.81, 3.1, 3.24, 3.14, 3.24, 2.51, 2.81, 3.11, 3.48, 3.44, 3.92, 3.9, 3.29, 3.59, 4.02, 3.66, 3.16, 3.11, 2.78, 2.97, 3.15, 3.12, 3.18, 3.15, 3.06, 3.71, 4.17, 3.65, 3.28, 2.99, 3.02, 3.3, 2.99, 3.25, 3.35], [4.752, 4.186, 3.54, 3.04, 2.66, 1.87, 1.38, 1.48, 1.38, 0.74, 0.81, 0, 1.13, 3.063, 4.845, 4.865, 3.975, 3.742, 3.742, 3.075, 2.815, 2.03, 1.46, 1.1, 1.36, 2.443, 2.26, 1.88, 1.96, 2.599, 3.159, 2.959, 3.246, 3.896, 4.506, 4.616, 4.616, 4.854, 4.932, 5.016, 4.796, 4.906, 5.3, 5.01, 5.01, 4.93, 4.02, 3.24, 2.88, 3.01, 3.16, 2.64, 2.81, 2.95, 2.91, 3.07, 2.36, 2.34, 2.58, 2.97, 3.07, 3.51, 3.55, 2.98, 3.2, 3.75, 3.13, 2.71, 2.66, 2.37, 2.66, 2.76, 2.77, 2.71, 2.64, 2.69, 3.703, 4.074, 3.48, 3.07, 2.78, 2.63, 2.95, 2.88, 2.98, 3.26], [5.299, 4.862, 4.121, 3.59, 3.23, 2.4, 1.75, 1.45, 1.59, 1.05, 1.12, 1.13, 0, 2.378, 4.24, 4.244, 3.394, 3.254, 3.21, 2.33, 2.13, 1.7, 1.51, 1.39, 1.33, 2.22, 1.79, 1.67, 1.55, 2.19, 2.89, 2.73, 2.9, 3.37, 3.98, 4.11, 4.063, 4.38, 4.423, 4.51, 4.27, 4.36, 4.67, 4.52, 4.58, 4.56, 3.63, 2.65, 2.57, 2.8, 3.05, 2.71, 3.18, 3.08, 3.1, 3.12, 2.55, 2.57, 2.73, 2.9, 2.94, 3.36, 3.44, 3.05, 3.75, 4.24, 3.7, 3.04, 2.95, 2.66, 2.71, 2.85, 2.86, 3.04, 3.17, 3.28, 4.204, 4.653, 4.13, 3.74, 3.429, 3.16, 3.52, 3.43, 3.67, 3.83], [7.546, 7.083, 6.278, 5.597, 5.196, 4.382, 3.17, 2.29, 2.45, 2.603, 2.953, 3.063, 2.378, 0, 2.02, 2.06, 1.33, 1.25, 1.43, 1.05, 1.19, 1.62, 2.19, 2.41, 1.89, 1.8, 1.79, 2.35, 1.81, 1.73, 1.65, 1.57, 1.72, 2.25, 2.88, 3.09, 3.13, 3.24, 3.37, 3.35, 3.35, 3.46, 3.59, 3.3, 3.28, 3.26, 2.83, 2.91, 3.33, 3.64, 4.01, 4.25, 4.78, 4.38, 4.52, 4.58, 4.398, 3.67, 3.41, 3.16, 2.92, 3.22, 3.26, 4.07, 5.438, 6.253, 5.499, 4.26, 4.21, 3.72, 3.47, 3.49, 3.52, 4.0, 4.547, 5.363, 6.489, 6.923, 6.155, 5.799, 5.428, 4.968, 5.484, 5.583, 5.757, 5.992], [9.303, 8.838, 8.012, 7.278, 6.945, 6.148, 4.687, 4.035, 4.168, 4.448, 4.8, 4.845, 4.24, 2.02, 0, 0.58, 1.07, 1.47, 1.55, 1.948, 2.33, 3.36, 4.003, 4.224, 3.772, 2.7, 3.014, 3.654, 3.219, 2.732, 2.634, 2.477, 2.104, 1.81, 1.94, 2.19, 2.29, 2.08, 2.03, 2.01, 2.25, 2.26, 2.27, 2.08, 2.0, 2.0, 2.39, 3.293, 3.993, 4.354, 4.627, 5.292, 6.016, 5.665, 5.871, 5.94, 6.079, 4.982, 4.272, 3.816, 3.38, 3.1, 3.24, 4.97, 6.98, 8.013, 7.222, 5.653, 5.496, 5.12, 4.282, 4.047, 4.0, 5.152, 6.139, 7.146, 8.293, 8.675, 7.812, 7.498, 7.068, 6.555, 7.147, 7.354, 7.495, 7.741], [9.318, 8.864, 8.044, 7.315, 6.976, 6.165, 4.729, 4.035, 4.168, 4.448, 4.8, 4.865, 4.244, 2.06, 0.58, 0, 1.11, 1.67, 1.79, 1.97, 2.33, 3.4, 4.01, 4.23, 3.79, 2.82, 3.079, 3.67, 3.244, 2.79, 2.69, 2.53, 2.3, 1.89, 1.94, 2.07, 2.17, 2.02, 2.01, 2.19, 2.27, 2.3, 2.19, 2.02, 2.0, 1.96, 2.49, 3.413, 4.073, 4.417, 4.727, 5.381, 6.081, 5.756, 5.925, 5.978, 6.122, 5.067, 4.524, 4.074, 3.62, 3.42, 3.52, 5.07, 7.005, 8.045, 7.244, 5.673, 5.576, 5.198, 4.484, 4.267, 4.26, 5.24, 6.184, 7.18, 8.321, 8.707, 7.846, 7.512, 7.082, 6.564, 7.155, 7.357, 7.527, 7.779], [8.502, 8.042, 7.219, 6.482, 6.123, 5.312, 3.882, 3.096, 3.241, 3.501, 3.914, 3.975, 3.394, 1.33, 1.07, 1.11, 0, 0.94, 1.12, 1.2, 1.48, 2.49, 3.14, 3.3, 2.86, 2.07, 2.32, 2.84, 2.4, 1.98, 1.82, 1.64, 1.57, 1.58, 2.09, 2.28, 2.36, 2.29, 2.36, 2.34, 2.42, 2.49, 2.58, 2.23, 2.29, 2.25, 2.2, 2.7, 3.42, 3.71, 4.02, 4.551, 5.24, 4.917, 5.153, 5.201, 5.286, 4.265, 3.834, 3.427, 2.99, 3.19, 3.23, 4.32, 6.184, 7.237, 6.397, 4.803, 4.786, 4.333, 3.734, 3.52, 3.65, 4.47, 5.36, 6.33, 7.468, 7.873, 7.01, 6.7, 6.267, 5.71, 6.351, 6.539, 6.702, 6.951], [8.294, 7.817, 6.982, 6.236, 5.909, 5.118, 3.659, 2.916, 3.067, 3.344, 3.754, 3.742, 3.254, 1.25, 1.47, 1.67, 0.94, 0, 0.48, 1.18, 1.48, 2.31, 2.98, 3.14, 2.56, 1.65, 1.96, 2.612, 2.194, 1.74, 1.58, 1.44, 1.43, 1.68, 2.21, 2.52, 2.56, 2.49, 2.66, 2.56, 2.68, 2.71, 2.8, 2.55, 2.43, 2.43, 2.18, 2.68, 3.28, 3.57, 3.88, 4.311, 5.02, 4.677, 5.023, 5.087, 5.077, 3.934, 3.34, 2.99, 2.79, 3.01, 3.07, 4.16, 5.946, 6.983, 6.191, 4.641, 4.486, 4.062, 3.32, 3.28, 3.27, 4.102, 5.065, 6.069, 7.222, 7.633, 6.775, 6.471, 6.041, 5.496, 6.119, 6.316, 6.453, 6.696], [8.268, 7.791, 6.959, 6.213, 5.883, 5.075, 3.613, 2.876, 3.036, 3.284, 3.697, 3.742, 3.21, 1.43, 1.55, 1.79, 1.12, 0.48, 0, 1.22, 1.52, 2.33, 3.0, 3.12, 2.54, 1.51, 1.92, 2.572, 2.194, 1.72, 1.64, 1.5, 1.57, 1.76, 2.33, 2.66, 2.72, 2.59, 2.76, 2.66, 2.78, 2.81, 2.94, 2.65, 2.51, 2.51, 2.26, 2.74, 3.36, 3.61, 3.8, 4.191, 4.957, 4.635, 4.961, 5.027, 5.094, 3.891, 3.28, 2.93, 2.73, 2.97, 3.09, 4.12, 5.926, 6.963, 6.166, 4.681, 4.486, 4.022, 3.18, 3.14, 3.13, 4.042, 5.045, 6.049, 7.197, 7.61, 6.752, 6.454, 6.018, 5.494, 6.111, 6.29, 6.427, 6.67], [7.473, 7.014, 6.185, 5.436, 5.103, 4.275, 2.851, 2.17, 2.37, 2.698, 2.971, 3.075, 2.33, 1.05, 1.948, 1.97, 1.2, 1.18, 1.22, 0, 0.66, 1.63, 2.26, 2.42, 2.04, 1.65, 1.6, 2.02, 1.68, 1.42, 1.52, 1.34, 1.49, 1.9, 2.41, 2.64, 2.7, 2.69, 2.84, 2.84, 2.84, 2.93, 3.04, 2.79, 2.73, 2.73, 2.44, 2.6, 3.18, 3.47, 3.7, 3.92, 4.535, 4.178, 4.541, 4.647, 4.431, 3.36, 3.14, 3.05, 2.85, 3.21, 3.35, 3.76, 5.161, 6.183, 5.366, 3.921, 3.746, 3.41, 3.08, 3.16, 3.19, 3.55, 4.32, 5.304, 6.437, 6.839, 5.976, 5.712, 5.241, 4.761, 5.331, 5.51, 5.668, 5.917], [7.219, 6.753, 5.939, 5.193, 4.849, 4.018, 2.611, 1.948, 2.095, 2.44, 2.725, 2.815, 2.13, 1.19, 2.33, 2.33, 1.48, 1.48, 1.52, 0.66, 0, 1.21, 1.98, 2.06, 1.82, 1.71, 1.74, 2.06, 1.8, 1.64, 1.76, 1.54, 1.75, 2.24, 2.85, 3.06, 3.1, 3.13, 3.28, 3.36, 3.28, 3.37, 3.5, 3.31, 3.29, 3.23, 2.8, 2.8, 3.3, 3.57, 3.76, 3.96, 4.53, 4.19, 4.561, 4.67, 4.411, 3.36, 3.32, 3.27, 3.07, 3.45, 3.55, 3.78, 4.921, 5.923, 5.151, 3.87, 3.66, 3.39, 3.2, 3.32, 3.33, 3.65, 4.18, 5.044, 6.182, 6.582, 5.718, 5.515, 5.104, 4.621, 5.131, 5.259, 5.413, 5.656], [6.236, 5.758, 4.909, 4.203, 3.972, 3.051, 2.09, 1.41, 1.35, 1.71, 2.0, 2.03, 1.7, 1.62, 3.36, 3.4, 2.49, 2.31, 2.33, 1.63, 1.21, 0, 0.91, 1.35, 1.31, 1.74, 1.73, 1.99, 1.73, 2.07, 2.27, 2.13, 2.44, 3.05, 3.78, 3.93, 3.97, 4.1, 4.21, 4.27, 4.19, 4.3, 4.47, 4.14, 4.22, 4.14, 3.59, 3.33, 3.49, 3.78, 3.91, 3.89, 4.34, 4.04, 4.26, 4.44, 3.99, 3.21, 3.25, 3.32, 3.22, 3.62, 3.74, 3.67, 4.21, 4.927, 4.199, 3.48, 3.25, 3.04, 3.15, 3.29, 3.22, 3.32, 3.37, 4.154, 5.193, 5.578, 4.972, 4.879, 4.61, 4.12, 4.48, 4.47, 4.669, 4.718], [5.446, 5.031, 4.256, 3.673, 3.482, 2.561, 1.88, 1.32, 1.06, 1.24, 1.49, 1.46, 1.51, 2.19, 4.003, 4.01, 3.14, 2.98, 3.0, 2.26, 1.98, 0.91, 0, 0.96, 1.02, 2.01, 1.9, 1.98, 1.84, 2.44, 2.88, 2.7, 2.99, 3.56, 4.29, 4.4, 4.42, 4.57, 4.72, 4.78, 4.66, 4.77, 4.94, 4.71, 4.73, 4.67, 3.96, 3.54, 3.6, 3.87, 3.96, 3.66, 3.91, 3.87, 3.97, 4.15, 3.5, 3.02, 3.3, 3.45, 3.35, 3.79, 3.85, 3.44, 3.88, 4.223, 3.67, 3.17, 3.08, 2.87, 3.08, 3.26, 3.25, 3.23, 3.16, 3.544, 4.552, 4.908, 4.422, 4.33, 4.1, 3.69, 3.97, 3.86, 4.1, 4.148], [5.312, 4.809, 4.072, 3.509, 3.154, 2.256, 1.5, 1.08, 0.82, 1.04, 1.29, 1.1, 1.39, 2.41, 4.224, 4.23, 3.3, 3.14, 3.12, 2.42, 2.06, 1.35, 0.96, 0, 0.84, 2.03, 1.88, 1.78, 1.68, 2.26, 2.78, 2.62, 2.87, 3.52, 4.19, 4.32, 4.28, 4.47, 4.58, 4.72, 4.52, 4.59, 4.8, 4.67, 4.71, 4.65, 3.78, 3.28, 3.2, 3.37, 3.52, 3.08, 3.21, 3.31, 3.33, 3.51, 2.96, 2.56, 2.86, 3.15, 2.95, 3.45, 3.47, 2.98, 3.36, 4.15, 3.475, 2.71, 2.7, 2.51, 2.78, 2.96, 2.95, 2.89, 2.86, 3.219, 4.277, 4.663, 3.857, 3.744, 3.365, 3.01, 3.29, 3.46, 3.523, 3.737], [5.823, 5.328, 4.537, 3.893, 3.507, 2.741, 1.7, 1.28, 1.14, 1.04, 1.43, 1.36, 1.33, 1.89, 3.772, 3.79, 2.86, 2.56, 2.54, 2.04, 1.82, 1.31, 1.02, 0.84, 0, 1.55, 1.44, 1.44, 1.36, 1.96, 2.44, 2.3, 2.53, 3.12, 3.85, 4.1, 4.06, 4.21, 4.34, 4.38, 4.32, 4.41, 4.58, 4.39, 4.33, 4.35, 3.6, 3.0, 2.98, 3.23, 3.34, 3.06, 3.31, 3.17, 3.31, 3.49, 3.0, 2.42, 2.64, 2.85, 2.81, 3.23, 3.27, 2.86, 3.8, 4.583, 3.829, 2.83, 2.72, 2.37, 2.46, 2.62, 2.65, 2.79, 2.96, 3.639, 4.737, 5.174, 4.382, 4.149, 3.725, 3.35, 3.79, 3.888, 4.019, 4.228], [6.847, 6.356, 5.506, 4.78, 4.491, 3.711, 2.47, 2.09, 2.11, 2.15, 2.54, 2.443, 2.22, 1.8, 2.7, 2.82, 2.07, 1.65, 1.51, 1.65, 1.71, 1.74, 2.01, 2.03, 1.55, 0, 0.81, 1.25, 1.15, 1.33, 1.73, 1.51, 1.74, 2.15, 2.84, 3.13, 3.19, 3.26, 3.47, 3.33, 3.35, 3.5, 3.79, 3.32, 3.22, 3.16, 2.71, 2.27, 2.43, 2.64, 2.69, 2.87, 3.507, 3.248, 3.611, 3.74, 3.761, 2.575, 2.05, 1.98, 2.02, 2.48, 2.44, 2.81, 4.511, 5.51, 4.739, 3.436, 3.166, 2.716, 1.89, 1.89, 1.86, 2.62, 3.584, 4.588, 5.747, 6.166, 5.317, 5.042, 4.571, 4.081, 4.691, 4.857, 4.975, 5.217], [6.435, 5.94, 5.079, 4.385, 4.098, 3.338, 2.04, 1.88, 1.96, 2.08, 2.35, 2.26, 1.79, 1.79, 3.014, 3.079, 2.32, 1.96, 1.92, 1.6, 1.74, 1.73, 1.9, 1.88, 1.44, 0.81, 0, 0.78, 0.72, 1.34, 1.8, 1.66, 1.81, 2.32, 3.01, 3.24, 3.3, 3.41, 3.58, 3.46, 3.4, 3.61, 3.8, 3.37, 3.39, 3.43, 2.82, 2.18, 2.24, 2.47, 2.54, 2.64, 3.232, 2.855, 3.23, 3.31, 3.268, 2.122, 1.8, 1.81, 1.97, 2.37, 2.31, 2.52, 4.108, 5.12, 4.326, 2.87, 2.68, 2.266, 1.72, 1.74, 1.83, 2.39, 3.197, 4.241, 5.357, 5.759, 4.91, 4.606, 4.155, 3.658, 4.258, 4.424, 4.565, 4.807], [5.757, 5.297, 4.45, 3.707, 3.456, 2.73, 1.66, 1.88, 1.96, 1.86, 2.13, 1.88, 1.67, 2.35, 3.654, 3.67, 2.84, 2.612, 2.572, 2.02, 2.06, 1.99, 1.98, 1.78, 1.44, 1.25, 0.78, 0, 0.74, 1.64, 1.96, 1.92, 2.11, 2.58, 3.29, 3.44, 3.48, 3.67, 3.86, 3.74, 3.58, 3.81, 4.16, 3.65, 3.65, 3.67, 2.9, 2.08, 1.98, 2.21, 2.32, 2.22, 2.65, 2.37, 2.65, 2.83, 2.705, 1.52, 1.62, 1.81, 2.15, 2.51, 2.31, 2.04, 3.496, 4.449, 3.743, 2.33, 2.18, 1.71, 1.42, 1.52, 1.71, 1.93, 2.6, 3.65, 4.754, 5.128, 4.276, 3.983, 3.519, 3.11, 3.615, 3.762, 3.933, 4.171], [6.168, 5.72, 4.897, 4.166, 3.798, 3.09, 1.88, 1.56, 1.72, 1.84, 2.17, 1.96, 1.55, 1.81, 3.219, 3.244, 2.4, 2.194, 2.194, 1.68, 1.8, 1.73, 1.84, 1.68, 1.36, 1.15, 0.72, 0.74, 0, 1.24, 1.72, 1.58, 1.73, 2.28, 2.95, 3.1, 3.12, 3.31, 3.42, 3.4, 3.32, 3.45, 3.78, 3.33, 3.37, 3.29, 2.7, 2.04, 2.12, 2.31, 2.48, 2.5, 3.13, 2.73, 3.01, 3.07, 2.989, 2.0, 1.76, 1.83, 2.01, 2.37, 2.39, 2.5, 3.856, 4.869, 4.083, 2.77, 2.72, 2.21, 1.98, 1.94, 2.09, 2.43, 3.06, 3.99, 5.146, 5.534, 4.702, 4.423, 3.959, 3.475, 4.055, 4.234, 4.377, 4.6], [6.734, 6.238, 5.517, 4.772, 4.368, 3.671, 2.28, 1.74, 2.26, 2.48, 2.79, 2.599, 2.19, 1.73, 2.732, 2.79, 1.98, 1.74, 1.72, 1.42, 1.64, 2.07, 2.44, 2.26, 1.96, 1.33, 1.34, 1.64, 1.24, 0, 1.16, 0.98, 1.09, 1.58, 2.03, 2.26, 2.38, 2.53, 2.68, 2.62, 2.5, 2.59, 2.96, 2.71, 2.67, 2.65, 1.96, 1.88, 2.22, 2.43, 2.68, 2.84, 3.481, 3.182, 3.487, 3.59, 3.677, 2.72, 2.38, 2.31, 2.33, 2.75, 2.81, 2.96, 4.365, 5.424, 4.779, 3.49, 3.38, 3.09, 2.56, 2.52, 2.67, 3.11, 3.78, 4.673, 5.8, 6.143, 5.217, 4.941, 4.517, 3.996, 4.573, 4.752, 4.872, 5.152], [7.118, 6.644, 5.729, 4.998, 4.807, 4.237, 2.9, 2.38, 2.739, 2.933, 3.3, 3.159, 2.89, 1.65, 2.634, 2.69, 1.82, 1.58, 1.64, 1.52, 1.76, 2.27, 2.88, 2.78, 2.44, 1.73, 1.8, 1.96, 1.72, 1.16, 0, 0.58, 0.79, 1.54, 2.11, 2.34, 2.44, 2.57, 2.76, 2.56, 2.44, 2.71, 3.08, 2.59, 2.53, 2.39, 1.64, 1.84, 2.4, 2.61, 2.92, 3.28, 3.881, 3.535, 3.758, 3.85, 3.967, 3.06, 2.78, 2.83, 2.99, 3.31, 3.37, 3.76, 4.7, 5.661, 5.069, 4.03, 3.94, 3.49, 3.02, 2.96, 3.17, 3.39, 3.96, 4.896, 6.049, 6.457, 5.614, 5.241, 4.785, 4.178, 4.795, 4.977, 5.131, 5.426], [7.166, 6.695, 5.811, 5.028, 4.791, 4.157, 2.736, 2.176, 2.579, 2.76, 3.103, 2.959, 2.73, 1.57, 2.477, 2.53, 1.64, 1.44, 1.5, 1.34, 1.54, 2.13, 2.7, 2.62, 2.3, 1.51, 1.66, 1.92, 1.58, 0.98, 0.58, 0, 0.79, 1.44, 2.01, 2.2, 2.28, 2.41, 2.62, 2.48, 2.38, 2.55, 2.96, 2.51, 2.45, 2.29, 1.68, 1.82, 2.42, 2.63, 2.96, 3.26, 3.901, 3.575, 3.878, 3.987, 4.04, 3.04, 2.72, 2.73, 2.77, 3.17, 3.25, 3.62, 4.725, 5.741, 5.149, 4.03, 3.96, 3.47, 2.92, 2.88, 2.99, 3.31, 4.1, 4.976, 6.169, 6.534, 5.665, 5.309, 4.825, 4.277, 4.875, 5.057, 5.251, 5.546], [7.376, 6.856, 6.116, 5.358, 5.098, 4.324, 3.01, 2.47, 2.83, 3.01, 3.33, 3.246, 2.9, 1.72, 2.104, 2.3, 1.57, 1.43, 1.57, 1.49, 1.75, 2.44, 2.99, 2.87, 2.53, 1.74, 1.81, 2.11, 1.73, 1.09, 0.79, 0.79, 0, 1.07, 1.68, 1.91, 2.07, 2.14, 2.33, 2.13, 2.07, 2.16, 2.67, 2.32, 2.14, 2.14, 1.63, 1.91, 2.49, 2.78, 3.11, 3.51, 4.188, 3.842, 3.985, 4.094, 4.239, 3.31, 2.77, 2.8, 2.84, 3.04, 3.06, 3.81, 5.026, 6.022, 5.456, 4.16, 3.989, 3.56, 3.01, 2.91, 3.08, 3.56, 4.33, 5.203, 6.396, 6.744, 5.818, 5.539, 5.115, 4.582, 5.182, 5.384, 5.501, 5.756], [7.931, 7.466, 6.697, 5.957, 5.676, 4.894, 3.527, 3.02, 3.46, 3.66, 4.01, 3.896, 3.37, 2.25, 1.81, 1.89, 1.58, 1.68, 1.76, 1.9, 2.24, 3.05, 3.56, 3.52, 3.12, 2.15, 2.32, 2.58, 2.28, 1.58, 1.54, 1.44, 1.07, 0, 1.03, 1.32, 1.4, 1.53, 1.64, 1.52, 1.48, 1.61, 1.96, 1.65, 1.55, 1.47, 1.28, 2.08, 2.72, 3.05, 3.36, 3.912, 4.649, 4.35, 4.502, 4.557, 4.829, 3.88, 3.26, 3.09, 3.03, 3.23, 3.21, 3.94, 5.562, 6.639, 5.923, 4.67, 4.42, 4.11, 3.3, 3.14, 3.33, 4.05, 4.84, 5.75, 6.9, 7.274, 6.419, 6.146, 5.747, 5.175, 5.755, 5.982, 6.109, 6.352], [8.41, 7.991, 7.167, 6.479, 6.146, 5.418, 4.043, 3.63, 4.13, 4.31, 4.624, 4.506, 3.98, 2.88, 1.94, 1.94, 2.09, 2.21, 2.33, 2.41, 2.85, 3.78, 4.29, 4.19, 3.85, 2.84, 3.01, 3.29, 2.95, 2.03, 2.11, 2.01, 1.68, 1.03, 0, 0.61, 0.85, 1.0, 1.13, 0.97, 1.05, 1.12, 1.49, 1.28, 1.22, 1.32, 1.47, 2.51, 3.11, 3.44, 3.71, 4.302, 5.068, 4.8, 4.935, 5.021, 5.284, 4.39, 3.83, 3.62, 3.6, 3.72, 3.68, 4.51, 6.012, 7.078, 6.516, 5.24, 5.09, 4.76, 3.89, 3.71, 3.96, 4.58, 5.37, 6.263, 7.43, 7.756, 6.952, 6.579, 6.183, 5.614, 6.153, 6.393, 6.522, 6.791], [8.58, 8.101, 7.332, 6.577, 6.288, 5.548, 4.16, 3.72, 4.24, 4.46, 4.78, 4.616, 4.11, 3.09, 2.19, 2.07, 2.28, 2.52, 2.66, 2.64, 3.06, 3.93, 4.4, 4.32, 4.1, 3.13, 3.24, 3.44, 3.1, 2.26, 2.34, 2.2, 1.91, 1.32, 0.61, 0, 0.68, 0.87, 0.94, 0.96, 0.9, 1.03, 1.36, 1.07, 1.33, 1.43, 1.62, 2.66, 3.3, 3.63, 3.92, 4.532, 5.23, 5.07, 5.171, 5.251, 5.474, 4.5, 4.08, 3.87, 3.83, 3.89, 3.93, 4.64, 6.179, 7.248, 6.666, 5.39, 5.28, 4.97, 4.26, 4.04, 4.23, 4.83, 5.66, 6.473, 7.64, 7.958, 7.064, 6.698, 6.286, 5.73, 6.321, 6.54, 6.675, 6.961], [8.663, 8.152, 7.318, 6.594, 6.319, 5.633, 4.16, 3.74, 4.22, 4.48, 4.85, 4.616, 4.063, 3.13, 2.29, 2.17, 2.36, 2.56, 2.72, 2.7, 3.1, 3.97, 4.42, 4.28, 4.06, 3.19, 3.3, 3.48, 3.12, 2.38, 2.44, 2.28, 2.07, 1.4, 0.85, 0.68, 0, 0.59, 0.84, 1.06, 1.14, 1.31, 1.36, 1.17, 1.45, 1.57, 1.76, 2.9, 3.52, 3.81, 4.12, 4.617, 5.321, 5.13, 5.254, 5.374, 5.481, 4.52, 4.1, 3.97, 3.89, 4.11, 4.13, 4.72, 6.239, 7.305, 6.618, 5.43, 5.36, 4.97, 4.3, 4.18, 4.35, 4.93, 5.74, 6.571, 7.676, 8.04, 7.167, 6.769, 6.342, 5.793, 6.41, 6.629, 6.778, 7.084], [9.05, 8.519, 7.676, 6.956, 6.686, 5.997, 4.47, 3.99, 4.389, 4.711, 5.084, 4.854, 4.38, 3.24, 2.08, 2.02, 2.29, 2.49, 2.59, 2.69, 3.13, 4.1, 4.57, 4.47, 4.21, 3.26, 3.41, 3.67, 3.31, 2.53, 2.57, 2.41, 2.14, 1.53, 1.0, 0.87, 0.59, 0, 0.67, 0.97, 1.15, 1.28, 1.17, 1.0, 1.32, 1.42, 1.87, 3.17, 3.81, 4.086, 4.381, 4.924, 5.669, 5.468, 5.606, 5.741, 5.839, 4.81, 4.23, 3.96, 3.84, 4.06, 4.12, 4.95, 6.629, 7.695, 6.948, 5.66, 5.57, 5.18, 4.33, 4.11, 4.32, 5.14, 6.03, 6.918, 8.036, 8.428, 7.535, 7.137, 6.727, 6.185, 6.779, 6.998, 7.145, 7.445], [9.111, 8.641, 7.829, 7.083, 6.759, 6.068, 4.593, 4.06, 4.5, 4.8, 5.134, 4.932, 4.423, 3.37, 2.03, 2.01, 2.36, 2.66, 2.76, 2.84, 3.28, 4.21, 4.72, 4.58, 4.34, 3.47, 3.58, 3.86, 3.42, 2.68, 2.76, 2.62, 2.33, 1.64, 1.13, 0.94, 0.84, 0.67, 0, 0.64, 0.82, 0.95, 1.02, 0.85, 1.07, 1.15, 1.78, 3.172, 3.832, 4.128, 4.391, 5.035, 5.815, 5.627, 5.739, 5.834, 5.958, 5.0, 4.4, 4.15, 3.99, 3.93, 4.09, 5.02, 6.74, 7.793, 7.138, 5.83, 5.72, 5.35, 4.52, 4.12, 4.25, 5.33, 6.18, 7.053, 8.158, 8.538, 7.628, 7.255, 6.839, 6.297, 6.872, 7.086, 7.253, 7.561], [8.958, 8.478, 7.618, 6.878, 6.576, 5.924, 4.433, 4.1, 4.636, 4.91, 5.234, 5.016, 4.51, 3.35, 2.01, 2.19, 2.34, 2.56, 2.66, 2.84, 3.36, 4.27, 4.78, 4.72, 4.38, 3.33, 3.46, 3.74, 3.4, 2.62, 2.56, 2.48, 2.13, 1.52, 0.97, 0.96, 1.06, 0.97, 0.64, 0, 0.72, 0.87, 1.04, 0.91, 0.89, 1.09, 1.64, 3.044, 3.663, 3.903, 4.177, 4.841, 5.565, 5.339, 5.531, 5.644, 5.857, 4.8, 4.02, 3.71, 3.71, 3.61, 3.73, 4.88, 6.494, 7.551, 6.946, 5.67, 5.5, 5.19, 4.22, 3.82, 4.05, 5.07, 5.94, 6.866, 8.009, 8.318, 7.439, 7.051, 6.621, 6.09, 6.644, 6.869, 7.058, 7.381], [8.576, 8.047, 7.306, 6.572, 6.248, 5.534, 4.18, 3.88, 4.42, 4.66, 4.994, 4.796, 4.27, 3.35, 2.25, 2.27, 2.42, 2.68, 2.78, 2.84, 3.28, 4.19, 4.66, 4.52, 4.32, 3.35, 3.4, 3.58, 3.32, 2.5, 2.44, 2.38, 2.07, 1.48, 1.05, 0.9, 1.14, 1.15, 0.82, 0.72, 0, 0.65, 0.96, 0.91, 1.09, 1.23, 1.32, 2.76, 3.287, 3.537, 3.82, 4.513, 5.25, 5.084, 5.211, 5.277, 5.517, 4.6, 3.98, 3.75, 3.77, 3.67, 3.79, 4.62, 6.159, 7.23, 6.57, 5.35, 5.3, 5.03, 4.28, 3.9, 4.11, 4.99, 5.72, 6.557, 7.627, 7.961, 7.029, 6.684, 6.249, 5.71, 6.301, 6.489, 6.715, 7.021], [8.579, 8.114, 7.442, 6.662, 6.338, 5.509, 4.31, 4.01, 4.55, 4.706, 4.99, 4.906, 4.36, 3.46, 2.26, 2.3, 2.49, 2.71, 2.81, 2.93, 3.37, 4.3, 4.77, 4.59, 4.41, 3.5, 3.61, 3.81, 3.45, 2.59, 2.71, 2.55, 2.16, 1.61, 1.12, 1.03, 1.31, 1.28, 0.95, 0.87, 0.65, 0, 0.99, 1.06, 1.12, 1.2, 1.57, 2.865, 3.429, 3.635, 3.865, 4.537, 5.315, 5.154, 5.303, 5.418, 5.633, 4.83, 4.15, 3.88, 3.78, 3.68, 3.84, 4.77, 6.29, 7.377, 6.759, 5.54, 5.47, 5.2, 4.43, 3.99, 4.06, 5.1, 5.91, 6.659, 7.78, 8.036, 7.108, 6.777, 6.39, 5.85, 6.383, 6.602, 6.808, 7.097], [9.212, 8.709, 7.946, 7.203, 6.768, 6.096, 4.68, 4.22, 4.66, 5.095, 5.425, 5.3, 4.67, 3.59, 2.27, 2.19, 2.58, 2.8, 2.94, 3.04, 3.5, 4.47, 4.94, 4.8, 4.58, 3.79, 3.8, 4.16, 3.78, 2.96, 3.08, 2.96, 2.67, 1.96, 1.49, 1.36, 1.36, 1.17, 1.02, 1.04, 0.96, 0.99, 0, 0.89, 1.13, 1.23, 1.92, 3.44, 3.966, 4.239, 4.406, 5.14, 5.908, 5.684, 5.928, 6.042, 6.158, 5.22, 4.54, 4.01, 3.77, 3.69, 3.93, 4.94, 6.82, 7.927, 7.093, 5.71, 5.7, 5.53, 4.7, 4.32, 4.53, 5.61, 6.44, 7.29, 8.304, 8.621, 7.715, 7.33, 6.895, 6.345, 6.933, 7.16, 7.412, 7.718], [9.104, 8.587, 7.716, 6.976, 6.675, 5.995, 4.41, 4.09, 4.53, 4.87, 5.24, 5.01, 4.52, 3.3, 2.08, 2.02, 2.23, 2.55, 2.65, 2.79, 3.31, 4.14, 4.71, 4.67, 4.39, 3.32, 3.37, 3.65, 3.33, 2.71, 2.59, 2.51, 2.32, 1.65, 1.28, 1.07, 1.17, 1.0, 0.85, 0.91, 0.91, 1.06, 0.89, 0, 1.0, 1.08, 1.63, 3.162, 3.716, 4.052, 4.302, 4.979, 5.754, 5.499, 5.669, 5.775, 5.879, 4.79, 4.15, 3.8, 3.78, 3.72, 3.86, 4.91, 6.703, 7.734, 6.965, 5.62, 5.53, 5.16, 4.23, 3.93, 4.14, 5.12, 6.03, 6.972, 8.142, 8.481, 7.549, 7.213, 6.755, 6.259, 6.785, 7.01, 7.208, 7.519], [9.11, 8.621, 7.741, 6.99, 6.669, 6.0, 4.47, 4.07, 4.53, 4.85, 5.22, 5.01, 4.58, 3.28, 2.0, 2.0, 2.29, 2.43, 2.51, 2.73, 3.29, 4.22, 4.73, 4.71, 4.33, 3.22, 3.39, 3.65, 3.37, 2.67, 2.53, 2.45, 2.14, 1.55, 1.22, 1.33, 1.45, 1.32, 1.07, 0.89, 1.09, 1.12, 1.13, 1.0, 0, 0.6, 1.45, 3.09, 3.719, 3.994, 4.275, 4.985, 5.745, 5.442, 5.675, 5.772, 5.887, 4.77, 3.97, 3.62, 3.68, 3.54, 3.68, 4.97, 6.683, 7.734, 6.979, 5.66, 5.51, 5.14, 4.05, 3.69, 3.92, 5.08, 5.99, 6.98, 8.147, 8.495, 7.583, 7.227, 6.749, 6.239, 6.796, 7.004, 7.219, 7.519], [9.03, 8.533, 7.656, 6.893, 6.59, 5.96, 4.43, 3.97, 4.47, 4.77, 5.14, 4.93, 4.56, 3.26, 2.0, 1.96, 2.25, 2.43, 2.51, 2.73, 3.23, 4.14, 4.67, 4.65, 4.35, 3.16, 3.43, 3.67, 3.29, 2.65, 2.39, 2.29, 2.14, 1.47, 1.32, 1.43, 1.57, 1.42, 1.15, 1.09, 1.23, 1.2, 1.23, 1.08, 0.6, 0, 1.33, 2.99, 3.599, 3.874, 4.13, 4.836, 5.619, 5.4, 5.56, 5.649, 5.819, 4.79, 4.07, 3.7, 3.7, 3.62, 3.8, 4.99, 6.563, 7.617, 6.88, 5.66, 5.53, 5.2, 4.13, 3.65, 3.92, 5.08, 5.91, 6.832, 8.016, 8.367, 7.495, 7.119, 6.673, 6.079, 6.676, 6.898, 7.099, 7.402], [7.752, 7.255, 6.403, 5.663, 5.38, 4.79, 3.48, 3.16, 3.6, 3.86, 4.21, 4.02, 3.63, 2.83, 2.39, 2.49, 2.2, 2.18, 2.26, 2.44, 2.8, 3.59, 3.96, 3.78, 3.6, 2.71, 2.82, 2.9, 2.7, 1.96, 1.64, 1.68, 1.63, 1.28, 1.47, 1.62, 1.76, 1.87, 1.78, 1.64, 1.32, 1.57, 1.92, 1.63, 1.45, 1.33, 0, 1.9, 2.34, 2.71, 2.96, 3.64, 4.352, 4.19, 4.31, 4.376, 4.6, 3.86, 3.44, 3.17, 3.35, 3.49, 3.43, 3.98, 5.36, 6.353, 5.61, 4.63, 4.68, 4.31, 3.58, 3.28, 3.59, 4.19, 4.84, 5.63, 6.78, 7.111, 6.225, 5.852, 5.443, 4.91, 5.48, 5.677, 5.829, 6.129], [6.329, 5.95, 5.18, 4.48, 4.36, 3.87, 2.92, 2.92, 3.24, 3.14, 3.23, 3.24, 2.65, 2.91, 3.293, 3.413, 2.7, 2.68, 2.74, 2.6, 2.8, 3.33, 3.54, 3.28, 3.0, 2.27, 2.18, 2.08, 2.04, 1.88, 1.84, 1.82, 1.91, 2.08, 2.51, 2.66, 2.9, 3.17, 3.172, 3.044, 2.76, 2.865, 3.44, 3.162, 3.09, 2.99, 1.9, 0, 1.2, 1.25, 1.46, 2.2, 2.97, 2.73, 2.89, 2.81, 3.44, 3.02, 2.74, 2.63, 2.85, 2.99, 2.81, 3.08, 4.2, 5.03, 4.87, 3.89, 3.74, 3.39, 2.84, 2.6, 2.85, 3.23, 3.66, 4.37, 5.3, 5.64, 4.9, 4.55, 4.18, 3.53, 4.09, 4.26, 4.36, 4.612], [5.566, 5.19, 4.42, 3.66, 3.54, 3.19, 2.56, 2.92, 3.2, 2.92, 3.09, 2.88, 2.57, 3.33, 3.993, 4.073, 3.42, 3.28, 3.36, 3.18, 3.3, 3.49, 3.6, 3.2, 2.98, 2.43, 2.24, 1.98, 2.12, 2.22, 2.4, 2.42, 2.49, 2.72, 3.11, 3.3, 3.52, 3.81, 3.832, 3.663, 3.287, 3.429, 3.966, 3.716, 3.719, 3.599, 2.34, 1.2, 0, 0.73, 1.14, 1.56, 2.29, 2.09, 2.19, 2.17, 2.58, 2.18, 2.1, 2.07, 2.37, 2.59, 2.27, 2.34, 3.66, 4.45, 3.91, 2.99, 2.96, 2.77, 2.3, 2.18, 2.41, 2.65, 3.04, 3.67, 4.66, 4.94, 4.22, 3.83, 3.54, 3.05, 3.45, 3.58, 3.7, 3.92], [5.34, 4.94, 4.19, 3.49, 3.45, 3.08, 2.71, 3.09, 3.27, 3.07, 3.2, 3.01, 2.8, 3.64, 4.354, 4.417, 3.71, 3.57, 3.61, 3.47, 3.57, 3.78, 3.87, 3.37, 3.23, 2.64, 2.47, 2.21, 2.31, 2.43, 2.61, 2.63, 2.78, 3.05, 3.44, 3.63, 3.81, 4.086, 4.128, 3.903, 3.537, 3.635, 4.239, 4.052, 3.994, 3.874, 2.71, 1.25, 0.73, 0, 0.87, 1.39, 1.98, 1.82, 1.9, 1.9, 2.49, 2.19, 2.17, 2.14, 2.34, 2.6, 2.32, 2.41, 3.41, 4.26, 3.92, 2.9, 2.95, 2.82, 2.35, 2.27, 2.46, 2.72, 2.99, 3.58, 4.43, 4.69, 3.97, 3.62, 3.37, 2.8, 3.24, 3.43, 3.55, 3.75], [5.09, 4.71, 4.2, 3.56, 3.48, 3.19, 2.72, 3.28, 3.46, 3.22, 3.31, 3.16, 3.05, 4.01, 4.627, 4.727, 4.02, 3.88, 3.8, 3.7, 3.76, 3.91, 3.96, 3.52, 3.34, 2.69, 2.54, 2.32, 2.48, 2.68, 2.92, 2.96, 3.11, 3.36, 3.71, 3.92, 4.12, 4.381, 4.391, 4.177, 3.82, 3.865, 4.406, 4.302, 4.275, 4.13, 2.96, 1.46, 1.14, 0.87, 0, 1.14, 1.79, 1.59, 1.75, 1.79, 2.5, 2.3, 2.1, 2.07, 2.31, 2.59, 2.33, 2.36, 3.34, 4.15, 3.95, 2.91, 2.94, 2.77, 2.34, 2.22, 2.37, 2.69, 3.06, 3.63, 4.4, 4.62, 3.84, 3.49, 3.16, 2.63, 3.09, 3.3, 3.48, 3.58], [4.37, 3.97, 3.52, 2.92, 2.82, 2.57, 2.42, 3.04, 3.14, 2.78, 2.81, 2.64, 2.71, 4.25, 5.292, 5.381, 4.551, 4.311, 4.191, 3.92, 3.96, 3.89, 3.66, 3.08, 3.06, 2.87, 2.64, 2.22, 2.5, 2.84, 3.28, 3.26, 3.51, 3.912, 4.302, 4.532, 4.617, 4.924, 5.035, 4.841, 4.513, 4.537, 5.14, 4.979, 4.985, 4.836, 3.64, 2.2, 1.56, 1.39, 1.14, 0, 1.21, 1.27, 1.39, 1.51, 1.78, 1.76, 1.82, 2.29, 2.73, 3.07, 2.75, 2.18, 3.02, 3.67, 3.33, 2.37, 2.42, 2.23, 2.08, 2.32, 2.41, 2.31, 2.74, 3.05, 3.76, 4.02, 3.28, 2.77, 2.54, 2.21, 2.51, 2.72, 2.74, 2.94], [3.64, 3.18, 2.63, 2.37, 2.51, 2.36, 2.57, 3.27, 3.35, 3.05, 3.1, 2.81, 3.18, 4.78, 6.016, 6.081, 5.24, 5.02, 4.957, 4.535, 4.53, 4.34, 3.91, 3.21, 3.31, 3.507, 3.232, 2.65, 3.13, 3.481, 3.881, 3.901, 4.188, 4.649, 5.068, 5.23, 5.321, 5.669, 5.815, 5.565, 5.25, 5.315, 5.908, 5.754, 5.745, 5.619, 4.352, 2.97, 2.29, 1.98, 1.79, 1.21, 0, 0.88, 0.96, 1.22, 1.37, 1.51, 2.33, 2.88, 3.323, 3.663, 3.403, 2.33, 2.71, 3.26, 2.88, 2.16, 2.41, 2.34, 2.59, 2.93, 2.96, 2.52, 2.63, 2.82, 3.45, 3.55, 2.71, 2.32, 2.19, 1.84, 1.94, 2.13, 2.29, 2.43], [4.12, 3.78, 3.03, 2.65, 2.91, 2.72, 2.55, 3.23, 3.35, 3.13, 3.24, 2.95, 3.08, 4.38, 5.665, 5.756, 4.917, 4.677, 4.635, 4.178, 4.19, 4.04, 3.87, 3.31, 3.17, 3.248, 2.855, 2.37, 2.73, 3.182, 3.535, 3.575, 3.842, 4.35, 4.8, 5.07, 5.13, 5.468, 5.627, 5.339, 5.084, 5.154, 5.684, 5.499, 5.442, 5.4, 4.19, 2.73, 2.09, 1.82, 1.59, 1.27, 0.88, 0, 0.74, 1.2, 1.61, 1.51, 2.17, 2.66, 3.217, 3.577, 3.26, 2.37, 2.99, 3.54, 3.14, 2.3, 2.53, 2.4, 2.55, 2.85, 2.9, 2.68, 2.65, 3.1, 3.75, 3.93, 3.17, 2.8, 2.51, 2.14, 2.26, 2.45, 2.65, 2.69], [3.94, 3.62, 2.87, 2.59, 2.93, 2.68, 2.75, 3.37, 3.59, 3.11, 3.14, 2.91, 3.1, 4.52, 5.871, 5.925, 5.153, 5.023, 4.961, 4.541, 4.561, 4.26, 3.97, 3.33, 3.31, 3.611, 3.23, 2.65, 3.01, 3.487, 3.758, 3.878, 3.985, 4.502, 4.935, 5.171, 5.254, 5.606, 5.739, 5.531, 5.211, 5.303, 5.928, 5.669, 5.675, 5.56, 4.31, 2.89, 2.19, 1.9, 1.75, 1.39, 0.96, 0.74, 0, 0.76, 1.29, 1.79, 2.49, 3.02, 3.44, 3.743, 3.44, 2.63, 3.05, 3.44, 3.18, 2.6, 2.79, 2.64, 2.87, 3.03, 3.14, 2.94, 2.77, 2.98, 3.67, 3.75, 3.01, 2.66, 2.43, 2.2, 2.18, 2.25, 2.45, 2.51], [3.92, 3.52, 2.89, 2.79, 3.11, 2.88, 3.11, 3.61, 3.79, 3.17, 3.24, 3.07, 3.12, 4.58, 5.94, 5.978, 5.201, 5.087, 5.027, 4.647, 4.67, 4.44, 4.15, 3.51, 3.49, 3.74, 3.31, 2.83, 3.07, 3.59, 3.85, 3.987, 4.094, 4.557, 5.021, 5.251, 5.374, 5.741, 5.834, 5.644, 5.277, 5.418, 6.042, 5.775, 5.772, 5.649, 4.376, 2.81, 2.17, 1.9, 1.79, 1.51, 1.22, 1.2, 0.76, 0, 1.35, 2.15, 2.61, 3.32, 3.58, 3.909, 3.592, 2.81, 3.23, 3.5, 3.42, 2.94, 3.01, 2.84, 2.99, 3.07, 3.32, 3.12, 2.89, 3.0, 3.63, 3.77, 3.09, 2.74, 2.53, 2.24, 2.26, 2.31, 2.45, 2.51], [3.37, 2.91, 2.3, 2.16, 2.36, 2.07, 2.6, 3.18, 3.28, 2.52, 2.51, 2.36, 2.55, 4.398, 6.079, 6.122, 5.286, 5.077, 5.094, 4.431, 4.411, 3.99, 3.5, 2.96, 3.0, 3.761, 3.268, 2.705, 2.989, 3.677, 3.967, 4.04, 4.239, 4.829, 5.284, 5.474, 5.481, 5.839, 5.958, 5.857, 5.517, 5.633, 6.158, 5.879, 5.887, 5.819, 4.6, 3.44, 2.58, 2.49, 2.5, 1.78, 1.37, 1.61, 1.29, 1.35, 0, 1.52, 2.34, 3.216, 3.633, 3.971, 3.602, 2.46, 2.8, 3.21, 2.65, 2.31, 2.32, 2.31, 2.74, 3.0, 3.07, 2.61, 2.48, 2.55, 3.06, 3.4, 2.7, 2.31, 2.18, 2.19, 2.17, 2.0, 2.14, 2.26], [4.55, 4.05, 3.2, 2.72, 2.76, 2.41, 1.9, 2.54, 2.58, 2.58, 2.81, 2.34, 2.57, 3.67, 4.982, 5.067, 4.265, 3.934, 3.891, 3.36, 3.36, 3.21, 3.02, 2.56, 2.42, 2.575, 2.122, 1.52, 2.0, 2.72, 3.06, 3.04, 3.31, 3.88, 4.39, 4.5, 4.52, 4.81, 5.0, 4.8, 4.6, 4.83, 5.22, 4.79, 4.77, 4.79, 3.86, 3.02, 2.18, 2.19, 2.3, 1.76, 1.51, 1.51, 1.79, 2.15, 1.52, 0, 1.34, 2.11, 2.59, 2.933, 2.57, 1.72, 3.0, 3.81, 2.77, 1.57, 1.62, 1.43, 1.56, 1.86, 1.95, 1.71, 2.2, 3.01, 3.94, 4.26, 3.48, 3.15, 2.9, 2.59, 2.83, 2.88, 2.98, 3.18], [5.521, 5.01, 4.14, 3.46, 3.22, 2.81, 2.26, 2.8, 2.9, 2.84, 3.11, 2.58, 2.73, 3.41, 4.272, 4.524, 3.834, 3.34, 3.28, 3.14, 3.32, 3.25, 3.3, 2.86, 2.64, 2.05, 1.8, 1.62, 1.76, 2.38, 2.78, 2.72, 2.77, 3.26, 3.83, 4.08, 4.1, 4.23, 4.4, 4.02, 3.98, 4.15, 4.54, 4.15, 3.97, 4.07, 3.44, 2.74, 2.1, 2.17, 2.1, 1.82, 2.33, 2.17, 2.49, 2.61, 2.34, 1.34, 0, 1.09, 1.51, 1.85, 1.61, 2.02, 3.62, 4.57, 3.45, 2.19, 2.02, 1.79, 1.2, 1.28, 1.51, 1.83, 2.82, 3.71, 4.62, 5.06, 4.2, 3.85, 3.48, 3.17, 3.53, 3.74, 3.86, 4.14], [6.017, 5.532, 4.899, 4.17, 3.59, 3.18, 2.43, 2.85, 3.13, 3.21, 3.48, 2.97, 2.9, 3.16, 3.816, 4.074, 3.427, 2.99, 2.93, 3.05, 3.27, 3.32, 3.45, 3.15, 2.85, 1.98, 1.81, 1.81, 1.83, 2.31, 2.83, 2.73, 2.8, 3.09, 3.62, 3.87, 3.97, 3.96, 4.15, 3.71, 3.75, 3.88, 4.01, 3.8, 3.62, 3.7, 3.17, 2.63, 2.07, 2.14, 2.07, 2.29, 2.88, 2.66, 3.02, 3.32, 3.216, 2.11, 1.09, 0, 1.08, 1.38, 1.38, 2.11, 3.91, 5.02, 3.975, 2.6, 2.69, 2.52, 1.61, 1.57, 1.8, 2.46, 3.45, 4.46, 5.425, 5.636, 4.69, 4.26, 3.83, 3.38, 3.92, 4.27, 4.51, 4.79], [6.488, 6.029, 5.359, 4.624, 4.019, 3.64, 2.77, 2.93, 3.11, 3.25, 3.44, 3.07, 2.94, 2.92, 3.38, 3.62, 2.99, 2.79, 2.73, 2.85, 3.07, 3.22, 3.35, 2.95, 2.81, 2.02, 1.97, 2.15, 2.01, 2.33, 2.99, 2.77, 2.84, 3.03, 3.6, 3.83, 3.89, 3.84, 3.99, 3.71, 3.77, 3.78, 3.77, 3.78, 3.68, 3.7, 3.35, 2.85, 2.37, 2.34, 2.31, 2.73, 3.323, 3.217, 3.44, 3.58, 3.633, 2.59, 1.51, 1.08, 0, 0.86, 1.04, 2.39, 4.23, 5.38, 4.414, 2.857, 2.933, 2.8, 1.87, 1.71, 1.76, 2.84, 3.75, 4.7, 5.727, 6.05, 5.15, 4.8, 4.39, 3.84, 4.4, 4.71, 4.95, 5.19], [6.894, 6.429, 5.767, 5.064, 4.519, 4.12, 3.25, 3.39, 3.57, 3.71, 3.92, 3.51, 3.36, 3.22, 3.1, 3.42, 3.19, 3.01, 2.97, 3.21, 3.45, 3.62, 3.79, 3.45, 3.23, 2.48, 2.37, 2.51, 2.37, 2.75, 3.31, 3.17, 3.04, 3.23, 3.72, 3.89, 4.11, 4.06, 3.93, 3.61, 3.67, 3.68, 3.69, 3.72, 3.54, 3.62, 3.49, 2.99, 2.59, 2.6, 2.59, 3.07, 3.663, 3.577, 3.743, 3.909, 3.971, 2.933, 1.85, 1.38, 0.86, 0, 0.78, 2.73, 4.69, 5.86, 4.874, 3.257, 3.333, 3.18, 2.23, 1.93, 2.02, 3.28, 4.19, 5.1, 6.147, 6.47, 5.57, 5.22, 4.93, 4.36, 4.88, 5.17, 5.37, 5.63], [6.599, 6.186, 5.425, 4.744, 4.346, 3.8, 3.19, 3.59, 3.69, 3.73, 3.9, 3.55, 3.44, 3.26, 3.24, 3.52, 3.23, 3.07, 3.09, 3.35, 3.55, 3.74, 3.85, 3.47, 3.27, 2.44, 2.31, 2.31, 2.39, 2.81, 3.37, 3.25, 3.06, 3.21, 3.68, 3.93, 4.13, 4.12, 4.09, 3.73, 3.79, 3.84, 3.93, 3.86, 3.68, 3.8, 3.43, 2.81, 2.27, 2.32, 2.33, 2.75, 3.403, 3.26, 3.44, 3.592, 3.602, 2.57, 1.61, 1.38, 1.04, 0.78, 0, 2.35, 4.47, 5.54, 4.594, 2.96, 2.93, 2.78, 1.97, 1.69, 1.9, 2.88, 3.79, 4.72, 5.748, 6.11, 5.31, 5.0, 4.63, 4.14, 4.64, 4.89, 5.03, 5.25], [4.53, 4.095, 3.312, 2.66, 2.54, 2.25, 2.42, 3.12, 3.14, 3.16, 3.29, 2.98, 3.05, 4.07, 4.97, 5.07, 4.32, 4.16, 4.12, 3.76, 3.78, 3.67, 3.44, 2.98, 2.86, 2.81, 2.52, 2.04, 2.5, 2.96, 3.76, 3.62, 3.81, 3.94, 4.51, 4.64, 4.72, 4.95, 5.02, 4.88, 4.62, 4.77, 4.94, 4.91, 4.97, 4.99, 3.98, 3.08, 2.34, 2.41, 2.36, 2.18, 2.33, 2.37, 2.63, 2.81, 2.46, 1.72, 2.02, 2.11, 2.39, 2.73, 2.35, 0, 2.5, 3.51, 2.51, 1.45, 1.42, 1.51, 1.64, 1.88, 1.79, 1.59, 2.18, 2.95, 3.74, 3.98, 3.14, 2.85, 2.62, 2.31, 2.61, 2.8, 2.92, 3.18], [3.11, 2.55, 1.92, 1.58, 1.5, 2.09, 2.46, 3.38, 3.42, 3.54, 3.59, 3.2, 3.75, 5.438, 6.98, 7.005, 6.184, 5.946, 5.926, 5.161, 4.921, 4.21, 3.88, 3.36, 3.8, 4.511, 4.108, 3.496, 3.856, 4.365, 4.7, 4.725, 5.026, 5.562, 6.012, 6.179, 6.239, 6.629, 6.74, 6.494, 6.159, 6.29, 6.82, 6.703, 6.683, 6.563, 5.36, 4.2, 3.66, 3.41, 3.34, 3.02, 2.71, 2.99, 3.05, 3.23, 2.8, 3.0, 3.62, 3.91, 4.23, 4.69, 4.47, 2.5, 0, 1.31, 1.33, 2.03, 2.12, 2.45, 3.36, 3.82, 3.65, 2.25, 1.46, 1.53, 2.02, 2.18, 1.28, 1.55, 1.76, 1.49, 1.59, 1.7, 1.48, 1.66], [2.62, 2.08, 1.59, 1.47, 1.93, 2.42, 3.41, 4.23, 4.163, 4.09, 4.02, 3.75, 4.24, 6.253, 8.013, 8.045, 7.237, 6.983, 6.963, 6.183, 5.923, 4.927, 4.223, 4.15, 4.583, 5.51, 5.12, 4.449, 4.869, 5.424, 5.661, 5.741, 6.022, 6.639, 7.078, 7.248, 7.305, 7.695, 7.793, 7.551, 7.23, 7.377, 7.927, 7.734, 7.734, 7.617, 6.353, 5.03, 4.45, 4.26, 4.15, 3.67, 3.26, 3.54, 3.44, 3.5, 3.21, 3.81, 4.57, 5.02, 5.38, 5.86, 5.54, 3.51, 1.31, 0, 1.42, 3.06, 3.07, 3.4, 4.29, 4.79, 4.66, 3.16, 2.15, 1.46, 1.55, 1.41, 1.19, 1.86, 2.19, 2.22, 2.04, 1.85, 1.65, 1.65], [2.64, 2.08, 1.49, 1.01, 1.21, 1.78, 2.73, 3.45, 3.35, 3.51, 3.66, 3.13, 3.7, 5.499, 7.222, 7.244, 6.397, 6.191, 6.166, 5.366, 5.151, 4.199, 3.67, 3.475, 3.829, 4.739, 4.326, 3.743, 4.083, 4.779, 5.069, 5.149, 5.456, 5.923, 6.516, 6.666, 6.618, 6.948, 7.138, 6.946, 6.57, 6.759, 7.093, 6.965, 6.979, 6.88, 5.61, 4.87, 3.91, 3.92, 3.95, 3.33, 2.88, 3.14, 3.18, 3.42, 2.65, 2.77, 3.45, 3.975, 4.414, 4.874, 4.594, 2.51, 1.33, 1.42, 0, 1.96, 1.99, 2.4, 3.39, 3.89, 3.8, 2.36, 1.59, 1.3, 1.77, 1.91, 1.35, 1.78, 2.19, 2.1, 2.02, 1.93, 1.61, 1.65], [3.88, 3.46, 2.83, 2.19, 1.91, 1.94, 1.99, 2.63, 2.69, 2.91, 3.16, 2.71, 3.04, 4.26, 5.653, 5.673, 4.803, 4.641, 4.681, 3.921, 3.87, 3.48, 3.17, 2.71, 2.83, 3.436, 2.87, 2.33, 2.77, 3.49, 4.03, 4.03, 4.16, 4.67, 5.24, 5.39, 5.43, 5.66, 5.83, 5.67, 5.35, 5.54, 5.71, 5.62, 5.66, 5.66, 4.63, 3.89, 2.99, 2.9, 2.91, 2.37, 2.16, 2.3, 2.6, 2.94, 2.31, 1.57, 2.19, 2.6, 2.857, 3.257, 2.96, 1.45, 2.03, 3.06, 1.96, 0, 0.75, 0.9, 1.93, 2.49, 2.46, 1.42, 1.57, 2.34, 3.21, 3.41, 2.61, 2.42, 2.39, 2.16, 2.28, 2.45, 2.47, 2.67], [4.03, 3.55, 2.72, 2.08, 1.98, 1.93, 1.94, 2.64, 2.66, 2.84, 3.11, 2.66, 2.95, 4.21, 5.496, 5.576, 4.786, 4.486, 4.486, 3.746, 3.66, 3.25, 3.08, 2.7, 2.72, 3.166, 2.68, 2.18, 2.72, 3.38, 3.94, 3.96, 3.989, 4.42, 5.09, 5.28, 5.36, 5.57, 5.72, 5.5, 5.3, 5.47, 5.7, 5.53, 5.51, 5.53, 4.68, 3.74, 2.96, 2.95, 2.94, 2.42, 2.41, 2.53, 2.79, 3.01, 2.32, 1.62, 2.02, 2.69, 2.933, 3.333, 2.93, 1.42, 2.12, 3.07, 1.99, 0.75, 0, 0.67, 1.66, 2.24, 2.186, 1.01, 1.3, 2.15, 3.04, 3.46, 2.72, 2.57, 2.4, 2.21, 2.33, 2.38, 2.4, 2.64], [4.44, 3.96, 3.09, 2.47, 2.27, 2.02, 1.85, 2.55, 2.55, 2.51, 2.78, 2.37, 2.66, 3.72, 5.12, 5.198, 4.333, 4.062, 4.022, 3.41, 3.39, 3.04, 2.87, 2.51, 2.37, 2.716, 2.266, 1.71, 2.21, 3.09, 3.49, 3.47, 3.56, 4.11, 4.76, 4.97, 4.97, 5.18, 5.35, 5.19, 5.03, 5.2, 5.53, 5.16, 5.14, 5.2, 4.31, 3.39, 2.77, 2.82, 2.77, 2.23, 2.34, 2.4, 2.64, 2.84, 2.31, 1.43, 1.79, 2.52, 2.8, 3.18, 2.78, 1.51, 2.45, 3.4, 2.4, 0.9, 0.67, 0, 1.29, 1.81, 1.76, 0.88, 1.53, 2.42, 3.37, 3.83, 3.09, 2.92, 2.55, 2.34, 2.64, 2.67, 2.69, 2.93], [5.501, 5.009, 4.136, 3.44, 3.18, 2.83, 2.24, 2.88, 2.86, 2.8, 2.97, 2.66, 2.71, 3.47, 4.282, 4.484, 3.734, 3.32, 3.18, 3.08, 3.2, 3.15, 3.08, 2.78, 2.46, 1.89, 1.72, 1.42, 1.98, 2.56, 3.02, 2.92, 3.01, 3.3, 3.89, 4.26, 4.3, 4.33, 4.52, 4.22, 4.28, 4.43, 4.7, 4.23, 4.05, 4.13, 3.58, 2.84, 2.3, 2.35, 2.34, 2.08, 2.59, 2.55, 2.87, 2.99, 2.74, 1.56, 1.2, 1.61, 1.87, 2.23, 1.97, 1.64, 3.36, 4.29, 3.39, 1.93, 1.66, 1.29, 0, 0.7, 0.89, 1.33, 2.34, 3.27, 4.38, 4.82, 4.06, 3.85, 3.4, 3.05, 3.51, 3.64, 3.7, 3.92], [5.992, 5.503, 4.628, 3.925, 3.66, 3.21, 2.52, 3.08, 3.08, 2.98, 3.15, 2.76, 2.85, 3.49, 4.047, 4.267, 3.52, 3.28, 3.14, 3.16, 3.32, 3.29, 3.26, 2.96, 2.62, 1.89, 1.74, 1.52, 1.94, 2.52, 2.96, 2.88, 2.91, 3.14, 3.71, 4.04, 4.18, 4.11, 4.12, 3.82, 3.9, 3.99, 4.32, 3.93, 3.69, 3.65, 3.28, 2.6, 2.18, 2.27, 2.22, 2.32, 2.93, 2.85, 3.03, 3.07, 3.0, 1.86, 1.28, 1.57, 1.71, 1.93, 1.69, 1.88, 3.82, 4.79, 3.89, 2.49, 2.24, 1.81, 0.7, 0, 0.75, 1.77, 2.8, 3.75, 4.88, 5.34, 4.58, 4.321, 3.9, 3.43, 3.97, 4.14, 4.2, 4.42], [5.868, 5.399, 4.503, 3.801, 3.57, 3.08, 2.59, 3.13, 3.11, 2.97, 3.12, 2.77, 2.86, 3.52, 4.0, 4.26, 3.65, 3.27, 3.13, 3.19, 3.33, 3.22, 3.25, 2.95, 2.65, 1.86, 1.83, 1.71, 2.09, 2.67, 3.17, 2.99, 3.08, 3.33, 3.96, 4.23, 4.35, 4.32, 4.25, 4.05, 4.11, 4.06, 4.53, 4.14, 3.92, 3.92, 3.59, 2.85, 2.41, 2.46, 2.37, 2.41, 2.96, 2.9, 3.14, 3.32, 3.07, 1.95, 1.51, 1.8, 1.76, 2.02, 1.9, 1.79, 3.65, 4.66, 3.8, 2.46, 2.186, 1.76, 0.89, 0.75, 0, 1.56, 2.67, 3.68, 4.747, 5.201, 4.409, 4.256, 3.752, 3.36, 3.9, 4.015, 4.086, 4.33], [4.44, 3.896, 3.061, 2.438, 2.35, 2.22, 2.17, 2.93, 2.91, 2.93, 3.18, 2.71, 3.04, 4.0, 5.152, 5.24, 4.47, 4.102, 4.042, 3.55, 3.65, 3.32, 3.23, 2.89, 2.79, 2.62, 2.39, 1.93, 2.43, 3.11, 3.39, 3.31, 3.56, 4.05, 4.58, 4.83, 4.93, 5.14, 5.33, 5.07, 4.99, 5.1, 5.61, 5.12, 5.08, 5.08, 4.19, 3.23, 2.65, 2.72, 2.69, 2.31, 2.52, 2.68, 2.94, 3.12, 2.61, 1.71, 1.83, 2.46, 2.84, 3.28, 2.88, 1.59, 2.25, 3.16, 2.36, 1.42, 1.01, 0.88, 1.33, 1.77, 1.56, 0, 1.29, 2.3, 3.35, 3.75, 2.95, 2.86, 2.57, 2.28, 2.62, 2.63, 2.63, 2.83], [3.51, 3.07, 2.18, 1.6, 1.74, 1.87, 2.12, 2.8, 2.88, 2.92, 3.15, 2.64, 3.17, 4.547, 6.139, 6.184, 5.36, 5.065, 5.045, 4.32, 4.18, 3.37, 3.16, 2.86, 2.96, 3.584, 3.197, 2.6, 3.06, 3.78, 3.96, 4.1, 4.33, 4.84, 5.37, 5.66, 5.74, 6.03, 6.18, 5.94, 5.72, 5.91, 6.44, 6.03, 5.99, 5.91, 4.84, 3.66, 3.04, 2.99, 3.06, 2.74, 2.63, 2.65, 2.77, 2.89, 2.48, 2.2, 2.82, 3.45, 3.75, 4.19, 3.79, 2.18, 1.46, 2.15, 1.59, 1.57, 1.3, 1.53, 2.34, 2.8, 2.67, 1.29, 0, 1.23, 2.3, 2.7, 2.04, 2.19, 2.22, 1.87, 1.97, 1.96, 1.74, 1.9], [2.94, 2.4, 1.55, 1.33, 1.69, 1.96, 2.83, 3.49, 3.31, 3.13, 3.06, 2.69, 3.28, 5.363, 7.146, 7.18, 6.