[[0, 1.66, 2.12, 1.84, 1.99, 2.25, 2.25, 1.64, 2.06, 2.97, 3.93, 4.03, 4.14, 3.8, 3.89, 4.56, 4.44, 4.53, 4.51, 4.523, 5.27, 5.95, 5.85, 5.7, 4.8, 2.61, 1.75, 1.78, 2.35, 2.94, 3.02, 2.75, 3.01, 2.04, 1.71, 1.72, 1.51, 1.86, 2.29, 2.72, 2.22, 2.25, 1.61, 1.4, 1.75, 1.96, 2.51, 2.94, 2.99, 2.47, 1.91, 1.48, 1.56, 1.8, 1.63, 1.19, 1.5, 2.0, 2.05, 1.8, 1.93, 1.99, 2.2, 2.28, 2.04, 1.77, 1.88, 2.46, 2.89, 3.35, 3.38, 3.26, 3.12, 2.62, 1.93, 1.66, 1.57, 1.62, 2.15, 1.96, 2.01, 2.54, 3.39, 5.15, 6.72, 7.68], [1.66, 0, 0.96, 1.2, 1.57, 1.41, 1.21, 1.28, 1.46, 1.63, 2.51, 2.57, 2.62, 2.3, 2.47, 3.0, 2.92, 3.01, 3.17, 3.03, 3.678, 4.355, 4.31, 4.18, 3.34, 1.73, 2.27, 2.18, 1.95, 1.78, 2.12, 2.03, 2.77, 2.7, 2.53, 2.74, 2.63, 2.88, 3.67, 3.86, 2.68, 1.87, 1.79, 1.58, 1.53, 1.22, 1.25, 1.46, 1.77, 1.33, 1.07, 1.08, 1.14, 1.4, 1.29, 1.79, 2.16, 2.48, 2.63, 2.42, 2.71, 3.21, 3.4, 3.52, 3.46, 2.97, 2.46, 2.22, 2.33, 2.45, 2.38, 2.28, 2.2, 2.14, 1.77, 1.58, 1.69, 2.08, 2.49, 2.34, 1.61, 1.78, 1.93, 3.69, 5.12, 6.18], [2.12, 0.96, 0, 1.06, 1.39, 1.33, 1.29, 1.42, 1.4, 1.43, 2.15, 2.07, 2.18, 2.06, 2.29, 2.82, 2.74, 2.99, 3.15, 3.07, 3.4, 4.08, 4.05, 3.96, 3.22, 1.75, 2.43, 2.36, 2.05, 2.02, 2.14, 2.25, 2.81, 2.88, 2.85, 3.02, 2.97, 3.08, 3.79, 3.98, 2.76, 1.91, 2.03, 1.86, 1.45, 1.2, 1.07, 1.26, 1.35, 1.05, 0.95, 1.1, 1.22, 1.3, 1.25, 1.99, 2.32, 2.62, 2.69, 2.66, 2.97, 3.49, 3.6, 3.8, 3.72, 3.35, 2.86, 2.36, 2.39, 2.51, 2.42, 2.42, 2.26, 2.24, 2.01, 1.74, 1.99, 2.4, 2.79, 2.52, 1.57, 1.62, 1.79, 3.53, 4.84, 6.0], [1.84, 1.2, 1.06, 0, 0.87, 1.01, 0.97, 1.0, 1.22, 1.79, 2.69, 2.67, 2.8, 2.74, 2.87, 3.42, 3.36, 3.41, 3.35, 3.49, 3.887, 4.55, 4.41, 4.26, 3.44, 1.65, 2.21, 2.1, 1.69, 1.88, 1.96, 2.13, 2.59, 2.68, 2.63, 2.64, 2.65, 2.68, 3.13, 3.44, 2.6, 2.05, 1.95, 1.64, 1.15, 1.16, 1.15, 1.52, 1.59, 1.27, 1.25, 1.28, 1.04, 1.54, 1.49, 1.63, 2.08, 2.74, 2.89, 2.8, 2.89, 3.25, 3.28, 3.56, 3.34, 3.19, 3.04, 2.7, 2.91, 3.13, 3.06, 2.96, 2.9, 2.66, 2.41, 2.2, 2.29, 2.5, 3.03, 2.92, 2.05, 2.2, 2.47, 4.03, 5.46, 6.6], [1.99, 1.57, 1.39, 0.87, 0, 0.74, 1.0, 0.95, 1.35, 2.14, 3.02, 3.0, 3.15, 3.03, 3.14, 3.69, 3.61, 3.62, 3.44, 3.72, 4.238, 4.911, 4.62, 4.43, 3.65, 1.54, 2.08, 2.15, 1.84, 1.97, 1.87, 1.86, 2.36, 2.51, 2.5, 2.69, 2.56, 2.49, 3.22, 3.51, 2.63, 2.38, 2.22, 1.93, 1.46, 1.41, 1.42, 1.75, 1.64, 1.38, 1.44, 1.55, 1.41, 1.81, 1.88, 1.96, 2.35, 3.01, 3.18, 3.03, 3.1, 3.5, 3.49, 3.75, 3.49, 3.38, 3.35, 3.13, 3.3, 3.48, 3.33, 3.25, 3.21, 3.07, 2.82, 2.53, 2.64, 2.81, 3.42, 3.25, 2.36, 2.39, 2.72, 4.3, 5.65, 6.81], [2.25, 1.41, 1.33, 1.01, 0.74, 0, 0.74, 0.95, 1.17, 1.66, 2.32, 2.44, 2.59, 2.41, 2.44, 3.05, 2.95, 3.02, 2.94, 3.08, 3.703, 4.357, 4.12, 3.95, 3.15, 1.36, 2.44, 2.57, 2.06, 1.79, 1.53, 1.76, 2.44, 2.91, 2.9, 3.17, 2.9, 2.83, 3.54, 3.97, 2.95, 2.42, 2.34, 2.07, 1.66, 1.57, 1.1, 1.33, 1.22, 1.24, 1.38, 1.73, 1.57, 1.71, 2.06, 2.24, 2.65, 3.21, 3.4, 3.25, 3.32, 3.66, 3.75, 3.97, 3.81, 3.66, 3.39, 3.25, 3.24, 3.14, 3.05, 3.05, 2.85, 3.07, 2.92, 2.63, 2.78, 2.95, 3.54, 3.39, 2.44, 2.25, 2.18, 3.68, 5.05, 6.11], [2.25, 1.21, 1.29, 0.97, 1.0, 0.74, 0, 0.95, 1.25, 1.58, 2.18, 2.26, 2.43, 2.19, 2.32, 2.91, 2.79, 2.9, 2.84, 2.92, 3.557, 4.2, 4.04, 3.85, 3.03, 1.66, 2.58, 2.57, 2.16, 1.53, 1.79, 1.98, 2.64, 3.03, 2.96, 3.11, 2.94, 2.97, 3.7, 3.97, 2.91, 2.42, 2.32, 2.03, 1.6, 1.51, 1.28, 1.45, 1.44, 1.4, 1.42, 1.59, 1.37, 1.75, 1.94, 2.18, 2.53, 3.15, 3.36, 3.19, 3.28, 3.64, 3.79, 3.95, 3.81, 3.62, 3.31, 3.17, 3.18, 3.18, 3.11, 3.03, 2.89, 3.03, 2.82, 2.59, 2.66, 2.87, 3.44, 3.31, 2.42, 2.17, 1.98, 3.52, 4.91, 6.05], [1.64, 1.28, 1.42, 1.0, 0.95, 0.95, 0.95, 0, 1.12, 1.85, 2.87, 2.91, 3.04, 2.98, 3.03, 3.7, 3.58, 3.63, 3.53, 3.668, 4.253, 4.927, 4.73, 4.58, 3.76, 1.61, 2.03, 1.94, 1.91, 1.84, 2.12, 1.97, 2.43, 2.36, 2.29, 2.54, 2.37, 2.34, 3.01, 3.4, 2.36, 2.13, 1.81, 1.54, 1.35, 1.2, 1.45, 1.76, 1.79, 1.45, 1.15, 1.12, 1.14, 1.52, 1.59, 1.59, 2.06, 2.68, 2.87, 2.64, 2.69, 3.01, 3.1, 3.34, 3.16, 2.99, 2.8, 2.76, 2.99, 3.09, 3.06, 2.94, 2.8, 2.78, 2.41, 2.14, 2.27, 2.36, 2.97, 2.74, 2.15, 2.06, 2.73, 4.27, 5.78, 6.78], [2.06, 1.46, 1.4, 1.22, 1.35, 1.17, 1.25, 1.12, 0, 1.53, 2.55, 2.57, 2.74, 2.62, 2.79, 3.48, 3.34, 3.39, 3.31, 3.47, 4.02, 4.69, 4.59, 4.44, 3.58, 1.59, 2.11, 2.18, 1.67, 1.68, 2.2, 2.19, 2.43, 2.76, 2.55, 2.76, 2.51, 2.7, 3.51, 3.82, 2.72, 1.99, 1.99, 1.72, 1.21, 1.36, 1.21, 1.72, 1.89, 1.47, 1.05, 1.46, 1.38, 1.3, 1.43, 1.97, 2.22, 2.74, 2.83, 2.8, 2.89, 3.31, 3.48, 3.62, 3.5, 3.31, 2.92, 2.6, 2.59, 2.45, 2.52, 2.6, 2.32, 2.42, 2.29, 2.08, 2.31, 2.7, 3.11, 2.94, 1.79, 1.8, 2.49, 3.99, 5.52, 6.54], [2.97, 1.63, 1.43, 1.79, 2.14, 1.66, 1.58, 1.85, 1.53, 0, 1.26, 1.42, 1.55, 1.51, 1.66, 2.23, 2.31, 2.48, 2.92, 2.64, 2.85, 3.35, 3.32, 3.21, 2.73, 1.98, 3.28, 3.35, 2.72, 1.91, 2.03, 2.24, 3.08, 3.79, 3.76, 4.03, 3.8, 3.97, 4.58, 4.93, 3.67, 2.5, 2.74, 2.51, 2.14, 2.11, 1.48, 1.65, 1.86, 1.84, 1.6, 2.03, 1.87, 1.69, 1.88, 2.92, 3.17, 3.31, 3.32, 3.33, 3.64, 4.14, 4.35, 4.41, 4.43, 4.04, 3.51, 2.91, 2.74, 2.32, 2.31, 2.47, 2.13, 2.45, 2.62, 2.53, 2.9, 3.31, 3.62, 3.37, 2.14, 1.55, 1.58, 2.72, 4.09, 5.15], [3.93, 2.51, 2.15, 2.69, 3.02, 2.32, 2.18, 2.87, 2.55, 1.26, 0, 0.8, 0.99, 0.95, 1.16, 1.61, 1.71, 1.92, 2.6, 2.24, 2.31, 2.55, 2.62, 2.63, 2.29, 2.7, 4.28, 4.31, 3.6, 2.51, 2.59, 2.92, 3.92, 4.65, 4.72, 5.01, 4.76, 4.91, 5.56, 5.95, 4.63, 3.34, 3.52, 3.49, 3.2, 3.13, 2.14, 2.05, 2.32, 2.52, 2.52, 2.95, 2.93, 2.51, 2.84, 3.96, 4.19, 4.11, 4.1, 4.13, 4.48, 5.12, 5.29, 5.41, 5.39, 4.92, 4.25, 3.51, 3.24, 2.8, 2.81, 3.01, 2.63, 2.89, 3.26, 3.21, 3.7, 4.09, 4.42, 4.07, 2.84, 2.11, 1.34, 2.08, 3.21, 4.11], [4.03, 2.57, 2.07, 2.67, 3.0, 2.44, 2.26, 2.91, 2.57, 1.42, 0.8, 0, 0.59, 0.89, 1.14, 1.51, 1.75, 1.94, 2.84, 2.48, 2.29, 2.47, 2.54, 2.59, 2.31, 2.76, 4.12, 4.21, 3.52, 2.45, 2.63, 2.9, 3.88, 4.59, 4.62, 4.85, 4.74, 4.91, 5.54, 5.83, 4.55, 3.3, 3.74, 3.67, 3.04, 2.93, 2.06, 2.01, 2.26, 2.36, 2.46, 2.81, 2.95, 2.75, 2.96, 3.84, 4.21, 4.33, 4.32, 4.35, 4.74, 5.36, 5.45, 5.65, 5.57, 5.2, 4.55, 3.79, 3.48, 3.06, 3.05, 3.27, 2.91, 3.15, 3.52, 3.43, 3.8, 4.31, 4.62, 4.21, 2.92, 2.17, 1.28, 1.78, 3.11, 4.17], [4.14, 2.62, 2.18, 2.8, 3.15, 2.59, 2.43, 3.04, 2.74, 1.55, 0.99, 0.59, 0, 0.66, 0.79, 1.12, 1.44, 1.63, 2.71, 2.27, 2.08, 2.16, 2.27, 2.32, 2.08, 2.61, 4.19, 4.2, 3.45, 2.48, 2.44, 2.75, 3.65, 4.52, 4.73, 4.94, 4.87, 5.0, 5.67, 5.96, 4.56, 3.31, 3.75, 3.74, 3.19, 3.06, 1.95, 1.76, 2.17, 2.35, 2.43, 2.92, 3.1, 2.84, 3.05, 4.01, 4.32, 4.5, 4.51, 4.54, 4.89, 5.51, 5.56, 5.8, 5.72, 5.29, 4.62, 3.88, 3.55, 3.09, 3.06, 3.3, 2.92, 3.16, 3.53, 3.38, 3.79, 4.28, 4.57, 4.3, 3.07, 2.38, 1.41, 1.67, 2.98, 4.04], [3.8, 2.3, 2.06, 2.74, 3.03, 2.41, 2.19, 2.98, 2.62, 1.51, 0.95, 0.89, 0.66, 0, 0.73, 1.16, 1.44, 1.75, 2.71, 2.29, 2.22, 2.34, 2.41, 2.42, 2.18, 2.67, 4.09, 4.1, 3.35, 2.44, 2.56, 2.85, 3.75, 4.44, 4.55, 4.82, 4.67, 4.86, 5.59, 5.84, 4.52, 3.15, 3.55, 3.5, 3.19, 3.035, 2.05, 1.98, 2.13, 2.35, 2.37, 2.88, 2.98, 2.62, 2.85, 3.87, 4.12, 4.26, 4.25, 4.26, 4.63, 5.21, 5.38, 5.52, 5.5, 5.03, 4.34, 3.62, 3.29, 2.79, 2.78, 3.0, 2.6, 2.88, 3.19, 3.06, 3.43, 3.92, 4.21, 4.02, 2.83, 2.22, 1.29, 1.75, 3.1, 4.12], [3.89, 2.47, 2.29, 2.87, 3.14, 2.44, 2.32, 3.03, 2.79, 1.66, 1.16, 1.14, 0.79, 0.73, 0, 0.85, 1.11, 1.54, 2.58, 2.1, 2.15, 2.21, 2.14, 2.17, 2.03, 2.58, 4.24, 4.27, 3.38, 2.61, 2.47, 2.84, 3.64, 4.45, 4.66, 4.99, 4.78, 4.87, 5.64, 5.99, 4.63, 3.3, 3.66, 3.61, 3.32, 3.21, 2.08, 1.91, 2.18, 2.46, 2.48, 3.05, 3.11, 2.63, 3.1, 3.96, 4.29, 4.37, 4.38, 4.39, 4.74, 5.28, 5.43, 5.57, 5.53, 5.08, 4.47, 3.73, 3.32, 2.88, 2.77, 3.03, 2.63, 2.99, 3.26, 3.11, 3.58, 3.95, 4.34, 4.25, 3.08, 2.47, 1.52, 1.74, 3.17, 4.01], [4.56, 3.0, 2.82, 3.42, 3.69, 3.05, 2.91, 3.7, 3.48, 2.23, 1.61, 1.51, 1.12, 1.16, 0.85, 0, 0.86, 1.33, 2.41, 1.95, 1.78, 1.76, 1.79, 1.8, 1.8, 2.99, 4.77, 4.76, 3.83, 3.04, 2.66, 3.03, 4.01, 5.0, 5.27, 5.52, 5.37, 5.48, 6.21, 6.5, 5.14, 3.69, 4.17, 4.18, 3.85, 3.76, 2.67, 2.28, 2.65, 3.01, 3.13, 3.66, 3.7, 3.26, 3.67, 4.53, 4.84, 4.94, 4.91, 4.92, 5.33, 5.97, 6.1, 6.26, 6.22, 5.73, 5.04, 4.22, 3.83, 3.31, 3.18, 3.4, 3.04, 3.4, 3.67, 3.68, 4.07, 4.44, 4.87, 4.72, 3.51, 2.94, 1.91, 1.41, 2.56, 3.46], [4.44, 2.92, 2.74, 3.36, 3.61, 2.95, 2.79, 3.58, 3.34, 2.31, 1.71, 1.75, 1.44, 1.44, 1.11, 0.86, 0, 1.17, 2.11, 1.83, 1.82, 1.96, 1.73, 1.74, 1.74, 2.93, 4.77, 4.76, 3.81, 2.98, 2.74, 3.01, 4.05, 5.0, 5.17, 5.5, 5.29, 5.4, 6.17, 6.44, 5.08, 3.69, 4.05, 4.04, 3.79, 3.68, 2.53, 2.24, 2.65, 2.99, 3.05, 3.56, 3.58, 3.32, 3.65, 4.49, 4.84, 4.88, 4.91, 4.92, 5.25, 5.83, 6.02, 6.14, 6.12, 5.63, 4.92, 4.26, 4.01, 3.45, 3.32, 3.44, 3.16, 3.64, 3.65, 3.54, 3.97, 4.4, 4.85, 4.72, 3.65, 3.28, 2.31, 1.73, 2.62, 3.46], [4.53, 3.01, 2.99, 3.41, 3.62, 3.02, 2.9, 3.63, 3.39, 2.48, 1.92, 1.94, 1.63, 1.75, 1.54, 1.33, 1.17, 0, 1.3, 1.02, 1.21, 1.49, 1.42, 1.41, 0.93, 2.86, 4.58, 4.57, 3.78, 2.87, 2.47, 2.78, 3.86, 4.89, 5.08, 5.33, 5.22, 5.39, 6.2, 6.43, 5.09, 3.78, 4.44, 4.41, 3.86, 3.67, 2.62, 2.33, 2.66, 2.88, 3.08, 3.65, 3.81, 3.63, 3.86, 4.48, 4.83, 5.23, 5.3, 5.33, 5.56, 5.98, 6.07, 6.37, 6.19, 5.88, 5.29, 4.65, 4.42, 3.88, 3.73, 3.73, 3.47, 4.01, 3.96, 3.93, 4.26, 4.79, 5.22, 5.07, 3.96, 3.59, 2.6, 1.74, 2.89, 3.73], [4.51, 3.17, 3.15, 3.35, 3.44, 2.94, 2.84, 3.53, 3.31, 2.92, 2.6, 2.84, 2.71, 2.71, 2.58, 2.41, 2.11, 1.3, 0, 0.94, 1.47, 1.97, 1.84, 1.69, 1.25, 2.68, 4.36, 4.39, 3.56, 2.65, 2.29, 2.48, 3.52, 4.59, 4.82, 5.11, 4.96, 5.19, 6.06, 6.25, 4.91, 3.84, 4.56, 4.53, 3.88, 3.67, 2.66, 2.45, 2.7, 2.88, 3.08, 3.71, 3.89, 3.89, 4.02, 4.5, 4.77, 5.43, 5.56, 5.53, 5.74, 6.08, 6.13, 6.43, 6.19, 5.96, 5.45, 4.91, 4.72, 4.3, 4.15, 4.05, 3.87, 4.27, 4.16, 4.11, 4.42, 4.93, 5.38, 5.29, 4.24, 4.07, 3.28, 2.68, 3.35, 4.23], [4.523, 3.03, 3.07, 3.49, 3.72, 3.08, 2.92, 3.668, 3.47, 2.64, 2.24, 2.48, 2.27, 2.29, 2.1, 1.95, 1.83, 1.02, 0.94, 0, 1.05, 1.67, 1.76, 1.53, 1.21, 2.94, 4.623, 4.616, 3.88, 2.95, 2.53, 2.76, 3.84, 4.85, 5.078, 5.313, 5.201, 5.408, 6.233, 6.418, 5.05, 3.74, 4.3, 4.35, 3.94, 3.76, 2.72, 2.39, 2.92, 3.06, 2.98, 3.63, 3.75, 3.71, 3.9, 4.515, 4.75, 5.17, 5.38, 5.25, 5.44, 5.92, 6.01, 6.25, 6.163, 5.78, 5.17, 4.73, 4.56, 4.04, 3.89, 3.85, 3.63, 4.11, 3.98, 3.97, 4.24, 4.69, 5.1, 5.05, 4.1, 3.81, 2.94, 2.32, 3.07, 3.91], [5.27, 3.678, 3.4, 3.887, 4.238, 3.703, 3.557, 4.253, 4.02, 2.85, 2.31, 2.29, 2.08, 2.22, 2.15, 1.78, 1.82, 1.21, 1.47, 1.05, 0, 1.08, 1.37, 1.26, 1.12, 3.409, 5.048, 5.032, 4.005, 3.092, 2.918, 3.31, 4.21, 5.44, 5.711, 5.807, 5.914, 6.007, 6.746, 6.801, 5.5, 3.97, 4.93, 4.975, 4.305, 3.959, 3.143, 2.798, 2.97, 3.31, 3.569, 4.097, 4.168, 4.04, 4.25, 4.965, 5.393, 5.72, 5.73, 5.76, 6.13, 6.68, 6.758, 6.977, 6.891, 6.508, 5.84, 5.06, 4.73, 4.19, 4.04, 4.12, 3.86, 4.3, 4.47, 4.48, 4.81, 5.34, 5.67, 5.46, 4.27, 3.88, 2.95, 2.23, 2.92, 3.84], [5.95, 4.355, 4.08, 4.55, 4.911, 4.357, 4.2, 4.927, 4.69, 3.35, 2.55, 2.47, 2.16, 2.34, 2.21, 1.76, 1.96, 1.49, 1.97, 1.67, 1.08, 0, 0.85, 1.16, 1.62, 4.108, 5.723, 5.752, 4.699, 3.729, 3.598, 3.93, 4.85, 6.14, 6.411, 6.507, 6.594, 6.667, 7.394, 7.421, 6.1, 4.59, 5.59, 5.635, 4.925, 4.598, 3.803, 3.42, 3.5, 3.926, 4.27, 4.758, 4.86, 4.7, 4.97, 5.625, 6.093, 6.48, 6.51, 6.54, 6.83, 7.39, 7.42, 7.675, 7.593, 7.19, 6.58, 5.82, 5.43, 4.91, 4.8, 4.9, 4.56, 4.86, 5.19, 5.18, 5.47, 6.0, 6.35, 6.28, 5.03, 4.34, 3.19, 1.87, 2.46, 3.36], [5.85, 4.31, 4.05, 4.41, 4.62, 4.12, 4.04, 4.73, 4.59, 3.32, 2.62, 2.54, 2.27, 2.41, 2.14, 1.79, 1.73, 1.42, 1.84, 1.76, 1.37, 0.85, 0, 0.69, 1.31, 3.735, 5.455, 5.51, 4.46, 3.55, 3.29, 3.62, 4.5, 5.83, 6.18, 6.33, 6.42, 6.39, 7.16, 7.09, 5.81, 4.48, 5.48, 5.49, 4.8, 4.39, 3.66, 3.27, 3.34, 3.68, 4.18, 4.75, 4.77, 4.63, 4.94, 5.52, 6.03, 6.45, 6.48, 6.49, 6.8, 7.28, 7.37, 7.63, 7.51, 7.16, 6.55, 5.79, 5.4, 4.88, 4.75, 4.87, 4.51, 4.87, 5.16, 5.15, 5.42, 5.89, 6.34, 6.23, 5.0, 4.37, 3.34, 2.1, 2.53, 3.39], [5.7, 4.18, 3.96, 4.26, 4.43, 3.95, 3.85, 4.58, 4.44, 3.21, 2.63, 2.59, 2.32, 2.42, 2.17, 1.8, 1.74, 1.41, 1.69, 1.53, 1.26, 1.16, 0.69, 0, 1.06, 3.49, 5.29, 5.26, 4.25, 3.34, 3.06, 3.45, 4.29, 5.64, 6.01, 6.2, 6.25, 6.24, 6.95, 6.92, 5.66, 4.43, 5.35, 5.3, 4.67, 4.32, 3.49, 3.14, 3.25, 3.55, 4.05, 4.64, 4.66, 4.46, 4.81, 5.43, 5.88, 6.3, 6.33, 6.34, 6.67, 7.13, 7.24, 7.5, 7.36, 7.03, 6.42, 5.64, 5.29, 4.77, 4.6, 4.76, 4.38, 4.74, 5.03, 5.04, 5.29, 5.74, 6.21, 6.08, 4.85, 4.3, 3.31, 2.17, 2.6, 3.48], [4.8, 3.34, 3.22, 3.44, 3.65, 3.15, 3.03, 3.76, 3.58, 2.73, 2.29, 2.31, 2.08, 2.18, 2.03, 1.8, 1.74, 0.93, 1.25, 1.21, 1.12, 1.62, 1.31, 1.06, 0, 2.77, 4.43, 4.44, 3.45, 2.58, 2.28, 2.65, 3.59, 4.88, 5.19, 5.32, 5.39, 5.4, 6.17, 6.18, 4.94, 3.77, 4.67, 4.58, 3.89, 3.5, 2.75, 2.36, 2.57, 2.81, 3.29, 3.84, 3.92, 3.92, 4.19, 4.51, 5.02, 5.64, 5.71, 5.74, 5.93, 6.29, 6.38, 6.64, 6.46, 6.21, 5.64, 5.04, 4.79, 4.25, 4.06, 4.1, 3.78, 4.32, 4.33, 4.3, 4.55, 5.02, 5.57, 5.5, 4.31, 3.9, 2.89, 2.21, 3.12, 4.04], [2.61, 1.73, 1.75, 1.65, 1.54, 1.36, 1.66, 1.61, 1.59, 1.98, 2.7, 2.76, 2.61, 2.67, 2.58, 2.99, 2.93, 2.86, 2.68, 2.94, 3.409, 4.108, 3.735, 3.49, 2.77, 0, 2.12, 2.15, 1.56, 1.33, 1.03, 1.08, 1.52, 2.57, 2.84, 3.13, 3.06, 3.11, 3.76, 4.11, 2.99, 2.22, 2.54, 2.39, 2.16, 1.61, 1.14, 1.33, 1.62, 1.36, 1.34, 1.85, 1.89, 2.01, 2.4, 2.6, 3.05, 3.65, 3.86, 3.69, 3.88, 4.2, 4.27, 4.55, 4.31, 4.08, 3.61, 3.31, 3.28, 3.0, 2.93, 3.05, 2.83, 3.07, 2.76, 2.55, 2.8, 2.99, 3.6, 3.55, 2.76, 2.79, 2.7, 3.74, 5.07, 6.03], [1.75, 2.27, 2.43, 2.21, 2.08, 2.44, 2.58, 2.03, 2.11, 3.28, 4.28, 4.12, 4.19, 4.09, 4.24, 4.77, 4.77, 4.58, 4.36, 4.623, 5.048, 5.723, 5.455, 5.29, 4.43, 2.12, 0, 0.91, 1.56, 2.27, 2.43, 2.02, 2.0, 1.49, 1.22, 1.39, 1.58, 2.09, 2.74, 2.95, 2.27, 2.04, 2.4, 2.37, 2.4, 1.87, 2.5, 2.83, 2.76, 2.16, 2.0, 1.85, 2.05, 2.33, 2.3, 1.82, 2.23, 2.87, 3.02, 2.79, 2.76, 3.0, 3.03, 3.33, 2.95, 2.76, 2.87, 3.09, 3.44, 3.82, 3.87, 3.87, 3.69, 3.51, 3.0, 2.35, 2.26, 2.55, 3.06, 2.87, 2.68, 3.05, 3.7, 5.38, 6.91, 8.11], [1.78, 2.18, 2.36, 2.1, 2.15, 2.57, 2.57, 1.94, 2.18, 3.35, 4.31, 4.21, 4.2, 4.1, 4.27, 4.76, 4.76, 4.57, 4.39, 4.616, 5.032, 5.752, 5.51, 5.26, 4.44, 2.15, 0.91, 0, 1.27, 2.2, 2.48, 2.17, 2.23, 1.36, 1.13, 1.28, 1.43, 1.9, 2.55, 2.76, 1.84, 1.77, 1.95, 2.1, 2.23, 1.88, 2.55, 2.92, 2.93, 2.29, 2.07, 1.84, 2.0, 2.14, 2.01, 1.71, 2.08, 2.66, 2.81, 2.58, 2.63, 2.89, 2.86, 3.26, 2.92, 2.69, 2.44, 2.66, 3.15, 3.71, 3.82, 3.66, 3.6, 3.08, 2.57, 2.0, 1.91, 2.26, 2.59, 2.56, 2.45, 3.0, 3.87, 5.43, 6.92, 8.1], [2.35, 1.95, 2.05, 1.69, 1.84, 2.06, 2.16, 1.91, 1.67, 2.72, 3.6, 3.52, 3.45, 3.35, 3.38, 3.83, 3.81, 3.78, 3.56, 3.88, 4.005, 4.699, 4.46, 4.25, 3.45, 1.56, 1.56, 1.27, 0, 1.45, 1.95, 1.84, 1.96, 2.05, 2.14, 2.29, 2.44, 2.61, 3.32, 3.47, 2.41, 1.68, 2.2, 2.19, 1.72, 1.59, 1.92, 2.29, 2.2, 1.8, 1.8, 1.99, 1.93, 1.95, 2.08, 2.06, 2.53, 3.29, 3.46, 3.37, 3.54, 3.86, 3.85, 4.19, 3.91, 3.68, 3.27, 2.87, 2.8, 2.98, 3.03, 2.93, 2.83, 2.55, 2.36, 2.07, 2.24, 2.63, 3.22, 3.17, 2.24, 2.63, 3.36, 4.7, 6.01, 7.15], [2.94, 1.78, 2.02, 1.88, 1.97, 1.79, 1.53, 1.84, 1.68, 1.91, 2.51, 2.45, 2.48, 2.44, 2.61, 3.04, 2.98, 2.87, 2.65, 2.95, 3.092, 3.729, 3.55, 3.34, 2.58, 1.33, 2.27, 2.2, 1.45, 0, 1.36, 1.47, 2.05, 3.0, 3.09, 3.26, 3.33, 3.4, 4.19, 4.2, 3.08, 2.19, 2.89, 2.82, 2.19, 1.74, 1.65, 1.78, 1.75, 1.55, 1.77, 2.16, 2.12, 2.4, 2.51, 2.67, 3.16, 3.94, 4.09, 4.02, 4.19, 4.51, 4.56, 4.86, 4.62, 4.39, 3.9, 3.46, 3.43, 3.13, 3.16, 3.24, 2.94, 3.18, 2.97, 2.78, 2.95, 3.42, 3.95, 3.86, 2.85, 2.74, 2.63, 3.73, 5.04, 6.26], [3.02, 2.12, 2.14, 1.96, 1.87, 1.53, 1.79, 2.12, 2.2, 2.03, 2.59, 2.63, 2.44, 2.56, 2.47, 2.66, 2.74, 2.47, 2.29, 2.53, 2.918, 3.598, 3.29, 3.06, 2.28, 1.03, 2.43, 2.48, 1.95, 1.36, 0, 0.87, 1.67, 2.9, 3.15, 3.38, 3.45, 3.68, 4.37, 4.6, 3.62, 2.83, 3.21, 3.16, 2.77, 2.32, 1.55, 1.42, 1.65, 1.73, 2.11, 2.58, 2.56, 2.8, 3.11, 3.03, 3.6, 4.34, 4.53, 4.38, 4.51, 4.75, 4.74, 5.1, 4.76, 4.51, 4.18, 3.96, 3.83, 3.45, 3.42, 3.48, 3.24, 3.54, 3.43, 3.22, 3.49, 3.72, 4.29, 4.26, 3.29, 3.1, 2.55, 3.33, 4.78, 5.82], [2.75, 2.03, 2.25, 2.13, 1.86, 1.76, 1.98, 1.97, 2.19, 2.24, 2.92, 2.9, 2.75, 2.85, 2.84, 3.03, 3.01, 2.78, 2.48, 2.76, 3.31, 3.93, 3.62, 3.45, 2.65, 1.08, 2.02, 2.17, 1.84, 1.47, 0.87, 0, 1.26, 2.37, 2.66, 2.97, 3.0, 3.43, 4.1, 4.33, 3.25, 2.56, 3.04, 3.11, 2.72, 2.25, 1.68, 1.55, 1.84, 1.74, 1.92, 2.33, 2.45, 2.85, 3.0, 2.9, 3.49, 4.31, 4.5, 4.27, 4.38, 4.58, 4.55, 4.91, 4.59, 4.32, 4.03, 3.91, 3.88, 3.54, 3.45, 3.51, 3.27, 3.57, 3.26, 3.09, 3.2, 3.57, 4.12, 4.11, 3.32, 3.27, 2.96, 3.8, 5.11, 6.23], [3.01, 2.77, 2.81, 2.59, 2.36, 2.44, 2.64, 2.43, 2.43, 3.08, 3.92, 3.88, 3.65, 3.75, 3.64, 4.01, 4.05, 3.86, 3.52, 3.84, 4.21, 4.85, 4.5, 4.29, 3.59, 1.52, 2.0, 2.23, 1.96, 2.05, 1.67, 1.26, 0, 1.89, 2.42, 2.81, 2.9, 3.67, 4.12, 4.43, 3.45, 2.78, 3.28, 3.29, 2.98, 2.47, 2.24, 2.27, 2.52, 2.3, 2.26, 2.63, 2.83, 3.03, 3.26, 3.16, 3.79, 4.61, 4.8, 4.59, 4.68, 4.76, 4.79, 5.09, 4.79, 4.5, 4.33, 4.25, 4.2, 3.96, 3.85, 3.95, 3.75, 3.93, 3.66, 3.43, 3.52, 3.77, 4.44, 4.41, 3.62, 3.73, 3.8, 4.76, 6.05, 7.17], [2.04, 2.7, 2.88, 2.68, 2.51, 2.91, 3.03, 2.36, 2.76, 3.79, 4.65, 4.59, 4.52, 4.44, 4.45, 5.0, 5.0, 4.89, 4.59, 4.85, 5.44, 6.14, 5.83, 5.64, 4.88, 2.57, 1.49, 1.36, 2.05, 3.0, 2.9, 2.37, 1.89, 0, 1.07, 1.42, 1.55, 2.42, 2.85, 3.14, 2.48, 2.31, 2.57, 2.74, 2.97, 2.62, 2.87, 3.26, 3.31, 2.65, 2.45, 2.12, 2.36, 2.62, 2.73, 2.45, 2.74, 3.44, 3.53, 3.24, 3.19, 3.23, 3.26, 3.52, 3.22, 2.95, 3.04, 3.34, 3.69, 4.17, 4.2, 4.06, 4.04, 3.7, 3.19, 2.58, 2.51, 2.74, 3.33, 3.18, 3.17, 3.62, 4.29, 5.75, 7.24, 8.34], [1.71, 2.53, 2.85, 2.63, 2.5, 2.9, 2.96, 2.29, 2.55, 3.76, 4.72, 4.62, 4.73, 4.55, 4.66, 5.27, 5.17, 5.08, 4.82, 5.078, 5.711, 6.411, 6.18, 6.01, 5.19, 2.84, 1.22, 1.13, 2.14, 3.09, 3.15, 2.66, 2.42, 1.07, 0, 0.83, 0.8, 1.67, 2.2, 2.51, 1.77, 2.22, 2.36, 2.51, 2.7, 2.49, 3.06, 3.51, 3.48, 2.86, 2.48, 1.99, 2.25, 2.49, 2.36, 2.14, 2.33, 2.79, 2.88, 2.59, 2.4, 2.42, 2.45, 2.75, 2.45, 2.2, 2.47, 3.03, 3.52, 4.14, 4.23, 4.09, 4.01, 3.55, 3.0, 2.37, 2.22, 2.53, 2.76, 2.79, 2.86, 3.37, 4.26, 5.82, 7.47, 8.57], [1.72, 2.74, 3.02, 2.64, 2.69, 3.17, 3.11, 2.54, 2.76, 4.03, 5.01, 4.85, 4.94, 4.82, 4.99, 5.52, 5.5, 5.33, 5.11, 5.313, 5.807, 6.507, 6.33, 6.2, 5.32, 3.13, 1.39, 1.28, 2.29, 3.26, 3.38, 2.97, 2.81, 1.42, 0.83, 0, 0.67, 1.42, 1.77, 2.1, 1.62, 2.23, 2.33, 2.6, 2.65, 2.62, 3.25, 3.66, 3.59, 3.09, 2.77, 2.2, 2.36, 2.72, 2.47, 1.93, 2.1, 2.52, 2.75, 2.56, 2.27, 2.11, 2.18, 2.48, 2.14, 1.83, 2.36, 3.16, 3.73, 4.45, 4.54, 4.42, 4.32, 3.74, 3.09, 2.56, 2.13, 2.38, 2.47, 2.62, 2.87, 3.6, 4.45, 6.11, 7.66, 8.86], [1.51, 2.63, 2.97, 2.65, 2.56, 2.9, 2.94, 2.37, 2.51, 3.8, 4.76, 4.74, 4.87, 4.67, 4.78, 5.37, 5.29, 5.22, 4.96, 5.201, 5.914, 6.594, 6.42, 6.25, 5.39, 3.06, 1.58, 1.43, 2.44, 3.33, 3.45, 3.0, 2.9, 1.55, 0.8, 0.67, 0, 1.15, 1.7, 2.11, 1.53, 2.26, 2.08, 2.33, 2.62, 2.65, 3.16, 3.63, 3.64, 3.1, 2.6, 2.13, 2.27, 2.49, 2.34, 1.84, 1.91, 2.31, 2.52, 2.35, 1.96, 1.92, 1.99, 2.21, 1.91, 1.64, 2.01, 3.05, 3.6, 4.28, 4.37, 4.25, 4.15, 3.59, 2.96, 2.35, 1.92, 2.13, 2.34, 2.41, 2.72, 3.41, 4.3, 5.92, 7.53, 8.65], [1.86, 2.88, 3.08, 2.68, 2.49, 2.83, 2.97, 2.34, 2.7, 3.97, 4.91, 4.91, 5.0, 4.86, 4.87, 5.48, 5.4, 5.39, 5.19, 5.408, 6.007, 6.667, 6.39, 6.24, 5.4, 3.11, 2.09, 1.9, 2.61, 3.4, 3.68, 3.43, 3.67, 2.42, 1.67, 1.42, 1.15, 0, 1.21, 1.52, 1.18, 2.25, 1.99, 2.22, 2.49, 2.62, 3.23, 3.6, 3.49, 3.09, 2.71, 2.26, 2.36, 2.54, 2.47, 1.83, 1.68, 2.06, 2.41, 2.26, 1.77, 1.69, 1.56, 1.84, 1.56, 1.55, 2.16, 3.24, 3.77, 4.47, 4.56, 4.42, 4.34, 3.76, 3.11, 2.48, 1.93, 1.84, 1.99, 2.26, 2.87, 3.54, 4.55, 6.07, 7.52, 8.62], [2.29, 3.67, 3.79, 3.13, 3.22, 3.54, 3.7, 3.01, 3.51, 4.58, 5.56, 5.54, 5.67, 5.59, 5.64, 6.21, 6.17, 6.2, 6.06, 6.233, 6.746, 7.394, 7.16, 6.95, 6.17, 3.76, 2.74, 2.55, 3.32, 4.19, 4.37, 4.1, 4.12, 2.85, 2.2, 1.77, 1.7, 1.21, 0, 0.99, 1.71, 2.935, 2.5, 2.71, 2.96, 3.19, 3.84, 4.27, 4.14, 3.84, 3.48, 2.97, 2.93, 3.15, 3.02, 2.24, 2.09, 2.65, 3.0, 2.95, 2.1, 1.56, 1.37, 1.75, 1.47, 1.64, 2.77, 3.85, 4.5, 5.22, 5.33, 5.19, 5.11, 4.47, 3.773, 3.27, 2.64, 2.23, 2.24, 2.83, 3.66, 4.33, 5.32, 6.88, 8.13, 9.23], [2.72, 3.86, 3.98, 3.44, 3.51, 3.97, 3.97, 3.4, 3.82, 4.93, 5.95, 5.83, 5.96, 5.84, 5.99, 6.5, 6.44, 6.43, 6.25, 6.418, 6.801, 7.421, 7.09, 6.92, 6.18, 4.11, 2.95, 2.76, 3.47, 4.2, 4.6, 4.33, 4.43, 3.14, 2.51, 2.1, 2.11, 1.52, 0.99, 0, 1.76, 3.03, 2.83, 3.02, 3.07, 3.24, 4.13, 4.46, 4.25, 3.89, 3.75, 3.16, 3.1, 3.56, 3.31, 2.33, 2.3, 2.88, 3.25, 3.18, 2.35, 1.79, 1.6, 2.08, 1.7, 1.97, 3.1, 4.16, 4.83, 5.59, 5.68, 5.54, 5.46, 4.8, 4.11, 3.58, 2.87, 2.62, 2.57, 3.08, 3.87, 4.62, 5.59, 7.13, 8.38, 9.6], [2.22, 2.68, 2.76, 2.6, 2.63, 2.95, 2.91, 2.36, 2.72, 3.67, 4.63, 4.55, 4.56, 4.52, 4.63, 5.14, 5.08, 5.09, 4.91, 5.05, 5.5, 6.1, 5.81, 5.66, 4.94, 2.99, 2.27, 1.84, 2.41, 3.08, 3.62, 3.25, 3.45, 2.48, 1.77, 1.62, 1.53, 1.18, 1.71, 1.76, 0, 1.63, 1.63, 1.9, 2.09, 2.08, 2.85, 3.16, 2.89, 2.67, 2.43, 1.98, 2.02, 2.34, 2.11, 1.81, 1.9, 2.3, 2.57, 2.42, 2.15, 2.21, 2.16, 2.5, 2.36, 2.17, 2.24, 3.0, 3.57, 4.25, 4.32, 4.18, 4.1, 3.5, 2.89, 2.26, 1.71, 1.8, 2.17, 2.28, 2.69, 3.48, 4.41, 5.83, 6.94, 8.12], [2.25, 1.87, 1.91, 2.05, 2.38, 2.42, 2.42, 2.13, 1.99, 2.5, 3.34, 3.3, 3.31, 3.15, 3.3, 3.69, 3.69, 3.78, 3.84, 3.74, 3.97, 4.59, 4.48, 4.43, 3.77, 2.22, 2.04, 1.77, 1.68, 2.19, 2.83, 2.56, 2.78, 2.31, 2.22, 2.23, 2.26, 2.25, 2.935, 3.03, 1.63, 0, 1.5, 1.79, 1.76, 1.59, 1.92, 2.15, 2.2, 2.02, 1.52, 1.49, 1.53, 1.31, 1.44, 1.8, 1.91, 2.31, 2.48, 2.41, 2.56, 3.024, 3.114, 3.334, 3.234, 2.887, 2.37, 2.09, 2.48, 2.88, 2.93, 2.89, 2.71, 2.41, 1.92, 1.51, 1.4, 1.79, 2.32, 2.17, 2.06, 2.59, 3.26, 4.52, 5.71, 6.89], [1.61, 1.79, 2.03, 1.95, 2.22, 2.34, 2.32, 1.81, 1.99, 2.74, 3.52, 3.74, 3.75, 3.55, 3.66, 4.17, 4.05, 4.44, 4.56, 4.3, 4.93, 5.59, 5.48, 5.35, 4.67, 2.54, 2.4, 1.95, 2.2, 2.89, 3.21, 3.04, 3.28, 2.57, 2.36, 2.33, 2.08, 1.99, 2.5, 2.83, 1.63, 1.5, 0, 0.79, 1.5, 1.71, 2.18, 2.49, 2.84, 2.44, 1.82, 1.65, 1.63, 1.41, 1.28, 1.26, 1.61, 1.71, 1.9, 1.77, 1.96, 2.36, 2.51, 2.59, 2.63, 2.12, 1.67, 1.83, 2.3, 3.02, 3.11, 2.97, 2.89, 2.23, 1.62, 1.15, 1.0, 1.03, 1.72, 1.65, 1.72, 2.51, 3.44, 5.04, 6.11, 7.01], [1.4, 1.58, 1.86, 1.64, 1.93, 2.07, 2.03, 1.54, 1.72, 2.51, 3.49, 3.67, 3.74, 3.5, 3.61, 4.18, 4.04, 4.41, 4.53, 4.35, 4.975, 5.635, 5.49, 5.3, 4.58, 2.39, 2.37, 2.1, 2.19, 2.82, 3.16, 3.11, 3.29, 2.74, 2.51, 2.6, 2.33, 2.22, 2.71, 3.02, 1.9, 1.79, 0.79, 0, 1.25, 1.48, 2.01, 2.38, 2.59, 2.21, 1.57, 1.48, 1.34, 1.26, 1.11, 1.29, 1.56, 1.78, 1.87, 1.68, 1.95, 2.43, 2.7, 2.7, 2.72, 2.31, 1.84, 1.88, 2.33, 2.87, 2.95, 2.81, 2.73, 2.12, 1.55, 1.24, 1.27, 1.3, 1.93, 1.76, 1.65, 2.3, 3.25, 4.95, 6.04, 6.92], [1.75, 1.53, 1.45, 1.15, 1.46, 1.66, 1.6, 1.35, 1.21, 2.14, 3.2, 3.04, 3.19, 3.19, 3.32, 3.85, 3.79, 3.86, 3.88, 3.94, 4.305, 4.925, 4.8, 4.67, 3.89, 2.16, 2.4, 2.23, 1.72, 2.19, 2.77, 2.72, 2.98, 2.97, 2.7, 2.65, 2.62, 2.49, 2.96, 3.07, 2.09, 1.76, 1.5, 1.25, 0, 0.89, 1.46, 1.85, 1.92, 1.58, 1.4, 1.45, 1.19, 1.33, 1.14, 1.3, 1.77, 2.29, 2.46, 2.47, 2.56, 3.02, 3.13, 3.31, 3.19, 3.02, 2.65, 2.47, 2.66, 3.02, 3.07, 2.95, 2.79, 2.33, 2.04, 1.91, 1.74, 2.07, 2.56, 2.49, 1.64, 2.03, 2.92, 4.5, 5.75, 6.91], [1.96, 1.22, 1.2, 1.16, 1.41, 1.57, 1.51, 1.2, 1.36, 2.11, 3.13, 2.93, 3.06, 3.035, 3.21, 3.76, 3.68, 3.67, 3.67, 3.76, 3.959, 4.598, 4.39, 4.32, 3.5, 1.61, 1.87, 1.88, 1.59, 1.74, 2.32, 2.25, 2.47, 2.62, 2.49, 2.62, 2.65, 2.62, 3.19, 3.24, 2.08, 1.59, 1.71, 1.48, 0.89, 0, 1.21, 1.56, 1.53, 1.17, 1.05, 1.06, 0.98, 1.42, 1.41, 1.57, 2.2, 2.78, 2.99, 2.8, 3.01, 3.39, 3.5, 3.74, 3.56, 3.35, 2.92, 2.68, 2.83, 3.09, 3.02, 2.94, 2.84, 2.72, 2.35, 2.02, 2.03, 2.36, 2.91, 2.74, 1.99, 2.2, 2.83, 4.41, 5.66, 6.82], [2.51, 1.25, 1.07, 1.15, 1.42, 1.1, 1.28, 1.45, 1.21, 1.48, 2.14, 2.06, 1.95, 2.05, 2.08, 2.67, 2.53, 2.62, 2.66, 2.72, 3.143, 3.803, 3.66, 3.49, 2.75, 1.14, 2.5, 2.55, 1.92, 1.65, 1.55, 1.68, 2.24, 2.87, 3.06, 3.25, 3.16, 3.23, 3.84, 4.13, 2.85, 1.92, 2.18, 2.01, 1.46, 1.21, 0, 0.65, 1.06, 0.86, 0.84, 1.35, 1.45, 1.57, 1.78, 2.32, 2.69, 3.31, 3.46, 3.39, 3.6, 3.96, 4.05, 4.31, 4.15, 3.88, 3.31, 2.97, 2.9, 2.72, 2.57, 2.71, 2.49, 2.71, 2.5, 2.29, 2.42, 2.79, 3.3, 3.21, 2.22, 2.27, 2.04, 3.38, 4.73, 5.73], [2.94, 1.46, 1.26, 1.52, 1.75, 1.33, 1.45, 1.76, 1.72, 1.65, 2.05, 2.01, 1.76, 1.98, 1.91, 2.28, 2.24, 2.33, 2.45, 2.39, 2.798, 3.42, 3.27, 3.14, 2.36, 1.33, 2.83, 2.92, 2.29, 1.78, 1.42, 1.55, 2.27, 3.26, 3.51, 3.66, 3.63, 3.6, 4.27, 4.46, 3.16, 2.15, 2.49, 2.38, 1.85, 1.56, 0.65, 0, 0.93, 1.09, 1.23, 1.7, 1.88, 2.0, 2.17, 2.71, 3.12, 3.6, 3.77, 3.7, 3.89, 4.39, 4.42, 4.7, 4.58, 4.21, 3.6, 3.3, 3.21, 2.95, 2.82, 2.94, 2.7, 3.0, 2.73, 2.52, 2.69, 3.02, 3.59, 3.48, 2.55, 2.48, 1.99, 3.17, 4.36, 5.36], [2.99, 1.77, 1.35, 1.59, 1.64, 1.22, 1.44, 1.79, 1.89, 1.86, 2.32, 2.26, 2.17, 2.13, 2.18, 2.65, 2.65, 2.66, 2.7, 2.92, 2.97, 3.5, 3.34, 3.25, 2.57, 1.62, 2.76, 2.93, 2.2, 1.75, 1.65, 1.84, 2.52, 3.31, 3.48, 3.59, 3.64, 3.49, 4.14, 4.25, 2.89, 2.2, 2.84, 2.59, 1.92, 1.53, 1.06, 0.93, 0, 0.92, 1.5, 1.95, 1.91, 2.05, 2.28, 2.7, 3.15, 3.77, 3.84, 3.85, 4.1, 4.48, 4.57, 4.83, 4.65, 4.4, 3.97, 3.45, 3.36, 3.16, 3.09, 3.09, 2.87, 3.11, 3.0, 2.69, 2.9, 3.29, 3.78, 3.63, 2.6, 2.47, 2.14, 3.5, 4.61, 5.67], [2.47, 1.33, 1.05, 1.27, 1.38, 1.24, 1.4, 1.45, 1.47, 1.84, 2.52, 2.36, 2.35, 2.35, 2.46, 3.01, 2.99, 2.88, 2.88, 3.06, 3.31, 3.926, 3.68, 3.55, 2.81, 1.36, 2.16, 2.29, 1.8, 1.55, 1.73, 1.74, 2.3, 2.65, 2.86, 3.09, 3.1, 3.09, 3.84, 3.89, 2.67, 2.02, 2.44, 2.21, 1.58, 1.17, 0.86, 1.09, 0.92, 0, 0.92, 1.41, 1.59, 1.71, 1.78, 2.26, 2.61, 3.23, 3.34, 3.33, 3.52, 3.9, 4.01, 4.27, 4.11, 3.86, 3.45, 3.03, 2.98, 2.92, 2.79, 2.81, 2.67, 2.85, 2.6, 2.29, 2.4, 2.81, 3.28, 3.15, 2.22, 2.29, 2.28, 3.86, 5.15, 6.15], [1.91, 1.07, 0.95, 1.25, 1.44, 1.38, 1.42, 1.15, 1.05, 1.6, 2.52, 2.46, 2.43, 2.37, 2.48, 3.13, 3.05, 3.08, 3.08, 2.98, 3.569, 4.27, 4.18, 4.05, 3.29, 1.34, 2.0, 2.07, 1.8, 1.77, 2.11, 1.92, 2.26, 2.45, 2.48, 2.77, 2.6, 2.71, 3.48, 3.75, 2.43, 1.52, 1.82, 1.57, 1.4, 1.05, 0.84, 1.23, 1.5, 0.92, 0, 0.89, 1.15, 1.27, 1.28, 1.88, 2.09, 2.63, 2.84, 2.71, 2.9, 3.28, 3.39, 3.63, 3.51, 3.18, 2.67, 2.45, 2.5, 2.44, 2.37, 2.43, 2.23, 2.39, 1.92, 1.65, 1.82, 2.21, 2.7, 2.53, 1.86, 2.01, 2.3, 3.88, 5.27, 6.21], [1.48, 1.08, 1.1, 1.28, 1.55, 1.73, 1.59, 1.12, 1.46, 2.03, 2.95, 2.81, 2.92, 2.88, 3.05, 3.66, 3.56, 3.65, 3.71, 3.63, 4.097, 4.758, 4.75, 4.64, 3.84, 1.85, 1.85, 1.84, 1.99, 2.16, 2.58, 2.33, 2.63, 2.12, 1.99, 2.2, 2.13, 2.26, 2.97, 3.16, 1.98, 1.49, 1.65, 1.48, 1.45, 1.06, 1.35, 1.7, 1.95, 1.41, 0.89, 0, 0.84, 1.2, 1.21, 1.55, 1.76, 2.38, 2.49, 2.14, 2.31, 2.83, 2.86, 3.04, 2.96, 2.59, 2.2, 2.36, 2.67, 2.91, 2.8, 2.72, 2.68, 2.56, 2.05, 1.68, 1.63, 1.94, 2.49, 2.2, 1.89, 2.02, 2.61, 4.25, 5.68, 6.78], [1.56, 1.14, 1.22, 1.04, 1.41, 1.57, 1.37, 1.14, 1.38, 1.87, 2.93, 2.95, 3.1, 2.98, 3.11, 3.7, 3.58, 3.81, 3.89, 3.75, 4.168, 4.86, 4.77, 4.66, 3.92, 1.89, 2.05, 2.0, 1.93, 2.12, 2.56, 2.45, 2.83, 2.36, 2.25, 2.36, 2.27, 2.36, 2.93, 3.1, 2.02, 1.53, 1.63, 1.34, 1.19, 0.98, 1.45, 1.88, 1.91, 1.59, 1.15, 0.84, 0, 1.14, 1.27, 1.39, 1.86, 2.42, 2.55, 2.22, 2.35, 2.79, 2.92, 3.1, 3.04, 2.75, 2.28, 2.42, 2.65, 2.99, 2.96, 2.86, 2.76, 2.58, 2.09, 1.86, 1.85, 2.08, 2.65, 2.38, 1.95, 2.1, 2.73, 4.27, 5.64, 6.82], [1.8, 1.4, 1.3, 1.54, 1.81, 1.71, 1.75, 1.52, 1.3, 1.69, 2.51, 2.75, 2.84, 2.62, 2.63, 3.26, 3.32, 3.63, 3.89, 3.71, 4.04, 4.7, 4.63, 4.46, 3.92, 2.01, 2.33, 2.14, 1.95, 2.4, 2.8, 2.85, 3.03, 2.62, 2.49, 2.72, 2.49, 2.54, 3.15, 3.56, 2.34, 1.31, 1.41, 1.26, 1.33, 1.42, 1.57, 2.0, 2.05, 1.71, 1.27, 1.2, 1.14, 0, 0.85, 1.71, 1.94, 1.98, 1.99, 2.04, 2.33, 2.87, 3.02, 3.16, 3.16, 2.71, 2.18, 1.68, 1.87, 2.19, 2.26, 2.24, 2.06, 1.86, 1.59, 1.32, 1.51, 1.8, 2.23, 1.98, 1.25, 1.56, 2.37, 3.95, 5.32, 6.34], [1.63, 1.29, 1.25, 1.49, 1.88, 2.06, 1.94, 1.59, 1.43, 1.88, 2.84, 2.96, 3.05, 2.85, 3.1, 3.67, 3.65, 3.86, 4.02, 3.9, 4.25, 4.97, 4.94, 4.81, 4.19, 2.4, 2.3, 2.01, 2.08, 2.51, 3.11, 3.0, 3.26, 2.73, 2.36, 2.47, 2.34, 2.47, 3.02, 3.31, 2.11, 1.44, 1.28, 1.11, 1.14, 1.41, 1.78, 2.17, 2.28, 1.78, 1.28, 1.21, 1.27, 0.85, 0, 1.46, 1.57, 1.75, 1.7, 1.71, 2.12, 2.66, 2.81, 2.95, 2.95, 2.42, 2.01, 1.51, 1.96, 2.48, 2.55, 2.45, 2.31, 1.81, 1.42, 1.19, 1.16, 1.61, 1.92, 1.65, 1.04, 1.67, 2.64, 4.36, 5.59, 6.69], [1.19, 1.79, 1.99, 1.63, 1.96, 2.24, 2.18, 1.59, 1.97, 2.92, 3.96, 3.84, 4.01, 3.87, 3.96, 4.53, 4.49, 4.48, 4.5, 4.515, 4.965, 5.625, 5.52, 5.43, 4.51, 2.6, 1.82, 1.71, 2.06, 2.67, 3.03, 2.9, 3.16, 2.45, 2.14, 1.93, 1.84, 1.83, 2.24, 2.33, 1.81, 1.8, 1.26, 1.29, 1.3, 1.57, 2.32, 2.71, 2.7, 2.26, 1.88, 1.55, 1.39, 1.71, 1.46, 0, 0.95, 1.61, 1.84, 1.85, 1.86, 2.06, 2.07, 2.27, 2.11, 2.08, 1.97, 2.43, 2.92, 3.52, 3.59, 3.45, 3.37, 2.79, 2.1, 1.77, 1.38, 1.37, 1.88, 1.81, 1.84, 2.49, 3.48, 5.08, 6.67, 7.87], [1.5, 2.16, 2.32, 2.08, 2.35, 2.65, 2.53, 2.06, 2.22, 3.17, 4.19, 4.21, 4.32, 4.12, 4.29, 4.84, 4.84, 4.83, 4.77, 4.75, 5.393, 6.093, 6.03, 5.88, 5.02, 3.05, 2.23, 2.08, 2.53, 3.16, 3.6, 3.49, 3.79, 2.74, 2.33, 2.1, 1.91, 1.68, 2.09, 2.3, 1.9, 1.91, 1.61, 1.56, 1.77, 2.2, 2.69, 3.12, 3.15, 2.61, 2.09, 1.76, 1.86, 1.94, 1.57, 0.95, 0, 1.24, 1.55, 1.66, 1.67, 1.83, 1.62, 1.76, 1.68, 1.89, 2.0, 2.44, 3.03, 3.73, 3.82, 3.68, 3.6, 2.96, 2.27, 1.82, 1.45, 1.2, 1.51, 1.52, 1.99, 2.7, 3.71, 5.39, 6.98, 8.16], [2.0, 2.48, 2.62, 2.74, 3.01, 3.21, 3.15, 2.68, 2.74, 3.31, 4.11, 4.33, 4.5, 4.26, 4.37, 4.94, 4.88, 5.23, 5.43, 5.17, 5.72, 6.48, 6.45, 6.3, 5.64, 3.65, 2.87, 2.66, 3.29, 3.94, 4.34, 4.31, 4.61, 3.44, 2.79, 2.52, 2.31, 2.06, 2.65, 2.88, 2.3, 2.31, 1.71, 1.78, 2.29, 2.78, 3.31, 3.6, 3.77, 3.23, 2.63, 2.38, 2.42, 1.98, 1.75, 1.61, 1.24, 0, 0.65, 0.92, 1.13, 1.53, 1.82, 1.72, 1.62, 1.59, 1.64, 1.8, 2.45, 3.19, 3.3, 3.16, 3.08, 2.44, 1.81, 1.62, 1.37, 1.26, 1.13, 1.28, 1.91, 2.66, 3.75, 5.61, 7.08, 8.04], [2.05, 2.63, 2.69, 2.89, 3.18, 3.4, 3.36, 2.87, 2.83, 3.32, 4.1, 4.32, 4.51, 4.25, 4.38, 4.91, 4.91, 5.3, 5.56, 5.38, 5.73, 6.51, 6.48, 6.33, 5.71, 3.86, 3.02, 2.81, 3.46, 4.09, 4.53, 4.5, 4.8, 3.53, 2.88, 2.75, 2.52, 2.41, 3.0, 3.25, 2.57, 2.48, 1.9, 1.87, 2.46, 2.99, 3.46, 3.77, 3.84, 3.34, 2.84, 2.49, 2.55, 1.99, 1.7, 1.84, 1.55, 0.65, 0, 0.69, 1.28, 1.84, 2.21, 2.05, 2.03, 1.86, 1.41, 1.47, 2.08, 2.84, 2.93, 2.83, 2.73, 2.09, 1.68, 1.57, 1.4, 1.53, 1.46, 1.21, 1.72, 2.51, 3.66, 5.6, 6.87, 7.75], [1.8, 2.42, 2.66, 2.8, 3.03, 3.25, 3.19, 2.64, 2.8, 3.33, 4.13, 4.35, 4.54, 4.26, 4.39, 4.92, 4.92, 5.33, 5.53, 5.25, 5.76, 6.54, 6.49, 6.34, 5.74, 3.69, 2.79, 2.58, 3.37, 4.02, 4.38, 4.27, 4.59, 3.24, 2.59, 2.56, 2.35, 2.26, 2.95, 3.18, 2.42, 2.41, 1.77, 1.68, 2.47, 2.8, 3.39, 3.7, 3.85, 3.33, 2.71, 2.14, 2.22, 2.04, 1.71, 1.85, 1.66, 0.92, 0.69, 0, 1.03, 1.73, 2.14, 2.0, 2.0, 1.69, 1.24, 1.62, 2.19, 2.91, 3.02, 2.92, 2.82, 2.18, 1.69, 1.58, 1.41, 1.56, 1.51, 1.18, 1.85, 2.62, 3.71, 5.59, 6.96, 7.84], [1.93, 2.71, 2.97, 2.89, 3.1, 3.32, 3.28, 2.69, 2.89, 3.64, 4.48, 4.74, 4.89, 4.63, 4.74, 5.33, 5.25, 5.56, 5.74, 5.44, 6.13, 6.83, 6.8, 6.67, 5.93, 3.88, 2.76, 2.63, 3.54, 4.19, 4.51, 4.38, 4.68, 3.19, 2.4, 2.27, 1.96, 1.77, 2.1, 2.35, 2.15, 2.56, 1.96, 1.95, 2.56, 3.01, 3.6, 3.89, 4.1, 3.52, 2.9, 2.31, 2.35, 2.33, 2.12, 1.86, 1.67, 1.13, 1.28, 1.03, 0, 1.0, 1.39, 1.41, 1.29, 1.14, 1.37, 2.31, 2.96, 3.7, 3.81, 3.67, 3.59, 2.95, 2.28, 2.01, 1.68, 1.65, 1.76, 1.71, 2.4, 3.11, 4.2, 6.0, 7.55, 8.51], [1.99, 3.21, 3.49, 3.25, 3.5, 3.66, 3.64, 3.01, 3.31, 4.14, 5.12, 5.36, 5.51, 5.21, 5.28, 5.97, 5.83, 5.98, 6.08, 5.92, 6.68, 7.39, 7.28, 7.13, 6.29, 4.2, 3.0, 2.89, 3.86, 4.51, 4.75, 4.58, 4.76, 3.23, 2.42, 2.11, 1.92, 1.69, 1.56, 1.79, 2.21, 3.024, 2.36, 2.43, 3.02, 3.39, 3.96, 4.39, 4.48, 3.9, 3.28, 2.83, 2.79, 2.87, 2.66, 2.06, 1.83, 1.53, 1.84, 1.73, 1.0, 0, 0.89, 0.97, 0.89, 1.06, 1.95, 3.05, 3.7, 4.44, 4.55, 4.41, 4.33, 3.69, 3.0, 2.65, 2.24, 2.05, 1.92, 2.29, 2.98, 3.77, 4.86, 6.58, 8.17, 9.13], [2.2, 3.4, 3.6, 3.28, 3.49, 3.75, 3.79, 3.1, 3.48, 4.35, 5.29, 5.45, 5.56, 5.38, 5.43, 6.1, 6.02, 6.07, 6.13, 6.01, 6.758, 7.42, 7.37, 7.24, 6.38, 4.27, 3.03, 2.86, 3.85, 4.56, 4.74, 4.55, 4.79, 3.26, 2.45, 2.18, 1.99, 1.56, 1.37, 1.6, 2.16, 3.114, 2.51, 2.7, 3.13, 3.5, 4.05, 4.42, 4.57, 4.01, 3.39, 2.86, 2.92, 3.02, 2.81, 2.07, 1.62, 1.82, 2.21, 2.14, 1.39, 0.89, 0, 0.86, 0.76, 1.23, 2.32, 3.44, 4.09, 4.83, 4.94, 4.8, 4.72, 4.08, 3.39, 2.86, 2.43, 2.0, 1.81, 2.32, 3.21, 3.92, 5.01, 6.67, 8.3, 9.36], [2.28, 3.52, 3.8, 3.56, 3.75, 3.97, 3.95, 3.34, 3.62, 4.41, 5.41, 5.65, 5.8, 5.52, 5.57, 6.26, 6.14, 6.37, 6.43, 6.25, 6.977, 7.675, 7.63, 7.5, 6.64, 4.55, 3.33, 3.26, 4.19, 4.86, 5.1, 4.91, 5.09, 3.52, 2.75, 2.48, 2.21, 1.84, 1.75, 2.08, 2.5, 3.334, 2.59, 2.7, 3.31, 3.74, 4.31, 4.7, 4.83, 4.27, 3.63, 3.04, 3.1, 3.16, 2.95, 2.27, 1.76, 1.72, 2.05, 2.0, 1.41, 0.97, 0.86, 0, 0.86, 1.33, 2.34, 3.46, 4.11, 4.85, 4.96, 4.82, 4.74, 4.1, 3.41, 2.92, 2.49, 2.04, 1.89, 2.42, 3.35, 4.08, 5.17, 6.89, 8.46, 9.42], [2.04, 3.46, 3.72, 3.34, 3.49, 3.81, 3.81, 3.16, 3.5, 4.43, 5.39, 5.57, 5.72, 5.5, 5.53, 6.22, 6.12, 6.19, 6.19, 6.163, 6.891, 7.593, 7.51, 7.36, 6.46, 4.31, 2.95, 2.92, 3.91, 4.62, 4.76, 4.59, 4.79, 3.22, 2.45, 2.14, 1.91, 1.56, 1.47, 1.7, 2.36, 3.234, 2.63, 2.72, 3.19, 3.56, 4.15, 4.58, 4.65, 4.11, 3.51, 2.96, 3.04, 3.16, 2.95, 2.11, 1.68, 1.62, 2.03, 2.0, 1.29, 0.89, 0.76, 0.86, 0, 1.03, 2.24, 3.36, 4.01, 4.75, 4.86, 4.72, 4.64, 4.0, 3.31, 2.94, 2.55, 2.12, 2.03, 2.42, 3.31, 4.04, 5.11, 6.79, 8.44, 9.46], [1.77, 2.97, 3.35, 3.19, 3.38, 3.66, 3.62, 2.99, 3.31, 4.04, 4.92, 5.2, 5.29, 5.03, 5.08, 5.73, 5.63, 5.88, 5.96, 5.78, 6.508, 7.19, 7.16, 7.03, 6.21, 4.08, 2.76, 2.69, 3.68, 4.39, 4.51, 4.32, 4.5, 2.95, 2.2, 1.83, 1.64, 1.55, 1.64, 1.97, 2.17, 2.887, 2.12, 2.31, 3.02, 3.35, 3.88, 4.21, 4.4, 3.86, 3.18, 2.59, 2.75, 2.71, 2.42, 2.08, 1.89, 1.59, 1.86, 1.69, 1.14, 1.06, 1.23, 1.33, 1.03, 0, 1.41, 2.53, 3.18, 3.9, 4.01, 3.87, 3.79, 3.15, 2.56, 2.35, 1.96, 1.79, 1.82, 1.95, 2.7, 3.53, 4.54, 6.4, 7.81, 8.81], [1.88, 2.46, 2.86, 3.04, 3.35, 3.39, 3.31, 2.8, 2.92, 3.51, 4.25, 4.55, 4.62, 4.34, 4.47, 5.04, 4.92, 5.29, 5.45, 5.17, 5.84, 6.58, 6.55, 6.42, 5.64, 3.61, 2.87, 2.44, 3.27, 3.9, 4.18, 4.03, 4.33, 3.04, 2.47, 2.36, 2.01, 2.16, 2.77, 3.1, 2.24, 2.37, 1.67, 1.84, 2.65, 2.92, 3.31, 3.6, 3.97, 3.45, 2.67, 2.2, 2.28, 2.18, 2.01, 1.97, 2.0, 1.64, 1.41, 1.24, 1.37, 1.95, 2.32, 2.34, 2.24, 1.41, 0, 1.32, 1.85, 2.53, 2.62, 2.52, 2.44, 1.94, 1.55, 1.56, 1.43, 1.62, 1.91, 1.4, 1.95, 2.88, 3.89, 5.79, 6.94, 7.82], [2.46, 2.22, 2.36, 2.7, 3.13, 3.25, 3.17, 2.76, 2.6, 2.91, 3.51, 3.79, 3.88, 3.62, 3.73, 4.22, 4.26, 4.65, 4.91, 4.73, 5.06, 5.82, 5.79, 5.64, 5.04, 3.31, 3.09, 2.66, 2.87, 3.46, 3.96, 3.91, 4.25, 3.34, 3.03, 3.16, 3.05, 3.24, 3.85, 4.16, 3.0, 2.09, 1.83, 1.88, 2.47, 2.68, 2.97, 3.3, 3.45, 3.03, 2.45, 2.36, 2.42, 1.68, 1.51, 2.43, 2.44, 1.8, 1.47, 1.62, 2.31, 3.05, 3.44, 3.46, 3.36, 2.53, 1.32, 0, 0.75, 1.47, 1.58, 1.48, 1.46, 1.08, 1.03, 1.18, 1.59, 2.02, 2.19, 1.54, 1.57, 2.26, 3.27, 5.03, 6.14, 7.02], [2.89, 2.33, 2.39, 2.91, 3.3, 3.24, 3.18, 2.99, 2.59, 2.74, 3.24, 3.48, 3.55, 3.29, 3.32, 3.83, 4.01, 4.42, 4.72, 4.56, 4.73, 5.43, 5.4, 5.29, 4.79, 3.28, 3.44, 3.15, 2.8, 3.43, 3.83, 3.88, 4.2, 3.69, 3.52, 3.73, 3.6, 3.77, 4.5, 4.83, 3.57, 2.48, 2.3, 2.33, 2.66, 2.83, 2.9, 3.21, 3.36, 2.98, 2.5, 2.67, 2.65, 1.87, 1.96, 2.92, 3.03, 2.45, 2.08, 2.19, 2.96, 3.7, 4.09, 4.11, 4.01, 3.18, 1.85, 0.75, 0, 0.92, 1.13, 1.09, 1.11, 0.91, 1.26, 1.47, 2.1, 2.55, 2.72, 1.99, 1.44, 1.99, 3.0, 4.72, 5.79, 6.55], [3.35, 2.45, 2.51, 3.13, 3.48, 3.14, 3.18, 3.09, 2.45, 2.32, 2.8, 3.06, 3.09, 2.79, 2.88, 3.31, 3.45, 3.88, 4.3, 4.04, 4.19, 4.91, 4.88, 4.77, 4.25, 3.0, 3.82, 3.71, 2.98, 3.13, 3.45, 3.54, 3.96, 4.17, 4.14, 4.45, 4.28, 4.47, 5.22, 5.59, 4.25, 2.88, 3.02, 2.87, 3.02, 3.09, 2.72, 2.95, 3.16, 2.92, 2.44, 2.91, 2.99, 2.19, 2.48, 3.52, 3.73, 3.19, 2.84, 2.91, 3.7, 4.44, 4.83, 4.85, 4.75, 3.9, 2.53, 1.47, 0.92, 0, 0.61, 0.73, 0.75, 1.21, 1.62, 2.03, 2.76, 3.19, 3.36, 2.73, 1.9, 1.95, 2.64, 4.28, 5.37, 6.05], [3.38, 2.38, 2.42, 3.06, 3.33, 3.05, 3.11, 3.06, 2.52, 2.31, 2.81, 3.05, 3.06, 2.78, 2.77, 3.18, 3.32, 3.73, 4.15, 3.89, 4.04, 4.8, 4.75, 4.6, 4.06, 2.93, 3.87, 3.82, 3.03, 3.16, 3.42, 3.45, 3.85, 4.2, 4.23, 4.54, 4.37, 4.56, 5.33, 5.68, 4.32, 2.93, 3.11, 2.95, 3.07, 3.02, 2.57, 2.82, 3.09, 2.79, 2.37, 2.8, 2.96, 2.26, 2.55, 3.59, 3.82, 3.3, 2.93, 3.02, 3.81, 4.55, 4.94, 4.96, 4.86, 4.01, 2.62, 1.58, 1.13, 0.61, 0, 0.6, 0.6, 1.2, 1.65, 2.12, 2.83, 3.28, 3.45, 2.74, 1.99, 2.0, 2.59, 4.25, 5.3, 5.96], [3.26, 2.28, 2.42, 2.96, 3.25, 3.05, 3.03, 2.94, 2.6, 2.47, 3.01, 3.27, 3.3, 3.0, 3.03, 3.4, 3.44, 3.73, 4.05, 3.85, 4.12, 4.9, 4.87, 4.76, 4.1, 3.05, 3.87, 3.66, 2.93, 3.24, 3.48, 3.51, 3.95, 4.06, 4.09, 4.42, 4.25, 4.42, 5.19, 5.54, 4.18, 2.89, 2.97, 2.81, 2.95, 2.94, 2.71, 2.94, 3.09, 2.81, 2.43, 2.72, 2.86, 2.24, 2.45, 3.45, 3.68, 3.16, 2.83, 2.92, 3.67, 4.41, 4.8, 4.82, 4.72, 3.87, 2.52, 1.48, 1.09, 0.73, 0.6, 0, 0.66, 1.16, 1.51, 2.06, 2.69, 3.14, 3.35, 2.7, 2.01, 2.04, 2.79, 4.49, 5.54, 6.16], [3.12, 2.2, 2.26, 2.9, 3.21, 2.85, 2.89, 2.8, 2.32, 2.13, 2.63, 2.91, 2.92, 2.6, 2.63, 3.04, 3.16, 3.47, 3.87, 3.63, 3.86, 4.56, 4.51, 4.38, 3.78, 2.83, 3.69, 3.6, 2.83, 2.94, 3.24, 3.27, 3.75, 4.04, 4.01, 4.32, 4.15, 4.34, 5.11, 5.46, 4.1, 2.71, 2.89, 2.73, 2.79, 2.84, 2.49, 2.7, 2.87, 2.67, 2.23, 2.68, 2.76, 2.06, 2.31, 3.37, 3.6, 3.08, 2.73, 2.82, 3.59, 4.33, 4.72, 4.74, 4.64, 3.79, 2.44, 1.46, 1.11, 0.75, 0.6, 0.66, 0, 0.98, 1.37, 1.92, 2.61, 3.04, 3.25, 2.7, 1.91, 1.82, 2.41, 4.09, 5.18, 5.86], [2.62, 2.14, 2.24, 2.66, 3.07, 3.07, 3.03, 2.78, 2.42, 2.45, 2.89, 3.15, 3.16, 2.88, 2.99, 3.4, 3.64, 4.01, 4.27, 4.11, 4.3, 4.86, 4.87, 4.74, 4.32, 3.07, 3.51, 3.08, 2.55, 3.18, 3.54, 3.57, 3.93, 3.7, 3.55, 3.74, 3.59, 3.76, 4.47, 4.8, 3.5, 2.41, 2.23, 2.12, 2.33, 2.72, 2.71, 3.0, 3.11, 2.85, 2.39, 2.56, 2.58, 1.86, 1.81, 2.79, 2.96, 2.44, 2.09, 2.18, 2.95, 3.69, 4.08, 4.1, 4.0, 3.15, 1.94, 1.08, 0.91, 1.21, 1.2, 1.16, 0.98, 0, 0.85, 1.34, 2.01, 2.4, 2.57, 2.1, 1.31, 1.7, 2.67, 4.31, 5.4, 6.12], [1.93, 1.77, 2.01, 2.41, 2.82, 2.92, 2.82, 2.41, 2.29, 2.62, 3.26, 3.52, 3.53, 3.19, 3.26, 3.67, 3.65, 3.96, 4.16, 3.98, 4.47, 5.19, 5.16, 5.03, 4.33, 2.76, 3.0, 2.57, 2.36, 2.97, 3.43, 3.26, 3.66, 3.19, 3.0, 3.09, 2.96, 3.11, 3.773, 4.11, 2.89, 1.92, 1.62, 1.55, 2.04, 2.35, 2.5, 2.73, 3.0, 2.6, 1.92, 2.05, 2.09, 1.59, 1.42, 2.1, 2.27, 1.81, 1.68, 1.69, 2.28, 3.0, 3.39, 3.41, 3.31, 2.56, 1.55, 1.03, 1.26, 1.62, 1.65, 1.51, 1.37, 0.85, 0, 0.85, 1.32, 1.73, 2.02, 1.69, 1.42, 2.19, 3.08, 4.7, 5.87, 6.59], [1.66, 1.58, 1.74, 2.2, 2.53, 2.63, 2.59, 2.14, 2.08, 2.53, 3.21, 3.43, 3.38, 3.06, 3.11, 3.68, 3.54, 3.93, 4.11, 3.97, 4.48, 5.18, 5.15, 5.04, 4.3, 2.55, 2.35, 2.0, 2.07, 2.78, 3.22, 3.09, 3.43, 2.58, 2.37, 2.56, 2.35, 2.48, 3.27, 3.58, 2.26, 1.51, 1.15, 1.24, 1.91, 2.02, 2.29, 2.52, 2.69, 2.29, 1.65, 1.68, 1.86, 1.32, 1.19, 1.77, 1.82, 1.62, 1.57, 1.58, 2.01, 2.65, 2.86, 2.92, 2.94, 2.35, 1.56, 1.18, 1.47, 2.03, 2.12, 2.06, 1.92, 1.34, 0.85, 0, 0.87, 1.26, 1.67, 1.4, 1.23, 1.98, 2.91, 4.61, 5.9, 6.66], [1.57, 1.69, 1.99, 2.29, 2.64, 2.78, 2.66, 2.27, 2.31, 2.9, 3.7, 3.8, 3.79, 3.43, 3.58, 4.07, 3.97, 4.26, 4.42, 4.24, 4.81, 5.47, 5.42, 5.29, 4.55, 2.8, 2.26, 1.91, 2.24, 2.95, 3.49, 3.2, 3.52, 2.51, 2.22, 2.13, 1.92, 1.93, 2.64, 2.87, 1.71, 1.4, 1.0, 1.27, 1.74, 2.03, 2.42, 2.69, 2.9, 2.4, 1.82, 1.63, 1.85, 1.51, 1.16, 1.38, 1.45, 1.37, 1.4, 1.41, 1.68, 2.24, 2.43, 2.49, 2.55, 1.96, 1.43, 1.59, 2.1, 2.76, 2.83, 2.69, 2.61, 2.01, 1.32, 0.87, 0, 0.83, 1.2, 1.11, 1.48, 2.43, 3.3, 4.96, 6.21, 7.13], [1.62, 2.08, 2.4, 2.5, 2.81, 2.95, 2.87, 2.36, 2.7, 3.31, 4.09, 4.31, 4.28, 3.92, 3.95, 4.44, 4.4, 4.79, 4.93, 4.69, 5.34, 6.0, 5.89, 5.74, 5.02, 2.99, 2.55, 2.26, 2.63, 3.42, 3.72, 3.57, 3.77, 2.74, 2.53, 2.38, 2.13, 1.84, 2.23, 2.62, 1.8, 1.79, 1.03, 1.3, 2.07, 2.36, 2.79, 3.02, 3.29, 2.81, 2.21, 1.94, 2.08, 1.8, 1.61, 1.37, 1.2, 1.26, 1.53, 1.56, 1.65, 2.05, 2.0, 2.04, 2.12, 1.79, 1.62, 2.02, 2.55, 3.19, 3.28, 3.14, 3.04, 2.4, 1.73, 1.26, 0.83, 0, 1.09, 1.14, 1.93, 2.84, 3.71, 5.43, 6.62, 7.44], [2.15, 2.49, 2.79, 3.03, 3.42, 3.54, 3.44, 2.97, 3.11, 3.62, 4.42, 4.62, 4.57, 4.21, 4.34, 4.87, 4.85, 5.22, 5.38, 5.1, 5.67, 6.35, 6.34, 6.21, 5.57, 3.6, 3.06, 2.59, 3.22, 3.95, 4.29, 4.12, 4.44, 3.33, 2.76, 2.47, 2.34, 1.99, 2.24, 2.57, 2.17, 2.32, 1.72, 1.93, 2.56, 2.91, 3.3, 3.59, 3.78, 