[[0, 0.83, 1.2, 2.26, 4.027, 6.636, 7.364, 7.504, 8.563, 9.737, 10.134, 10.215, 10.738, 11.471, 11.49, 11.087, 10.596, 10.776, 10.504, 9.597, 8.894, 9.336, 9.623, 8.991, 8.684, 8.45, 8.35, 8.61, 7.96, 7.115, 7.71, 8.135, 8.286, 8.519, 7.989, 7.676, 7.649, 6.733, 4.3, 3.45, 3.49, 2.99, 2.42, 2.24, 2.82, 3.39, 3.23, 3.05, 3.68, 3.97, 4.21, 5.08, 6.07, 5.96, 6.49, 7.27, 8.019, 7.566, 7.27, 7.66, 8.55, 9.83, 9.86, 8.86, 6.98, 7.631, 8.919, 8.603, 8.297, 7.91, 7.46, 7.454, 7.41, 8.12, 8.22, 9.49, 12.2, 14.123, 15.221, 16.13, 16.68, 16.633, 16.303, 16.701, 17.35, 17.647], [0.83, 0, 0.95, 2.25, 4.137, 6.686, 7.42, 7.563, 8.601, 9.81, 10.187, 10.258, 10.839, 11.584, 11.594, 11.166, 10.686, 10.895, 10.591, 9.71, 8.993, 9.394, 9.708, 9.113, 8.83, 8.62, 8.52, 8.78, 8.13, 7.2, 7.812, 8.237, 8.479, 8.69, 8.102, 7.782, 7.802, 6.91, 4.55, 3.64, 3.74, 3.18, 2.61, 2.33, 2.93, 3.64, 3.5, 3.26, 3.87, 4.2, 4.36, 5.27, 6.28, 6.17, 6.66, 7.44, 8.23, 7.76, 7.42, 7.81, 8.64, 9.94, 10.01, 9.01, 7.15, 7.75, 8.993, 8.676, 8.404, 8.08, 7.63, 7.62, 7.62, 8.37, 8.47, 9.7, 12.36, 14.276, 15.346, 16.232, 16.764, 16.697, 16.396, 16.774, 17.425, 17.722], [1.2, 0.95, 0, 1.98, 3.99, 6.652, 7.189, 7.312, 8.47, 9.54, 9.933, 10.081, 10.68, 11.32, 11.348, 11.0, 10.427, 10.588, 10.353, 9.49, 8.8, 9.222, 9.53, 8.857, 8.58, 8.35, 8.25, 8.53, 7.88, 6.95, 7.539, 7.98, 8.226, 8.439, 7.869, 7.549, 7.57, 6.64, 4.34, 3.37, 3.61, 3.17, 2.86, 2.54, 3.22, 3.65, 3.39, 3.31, 4.0, 4.23, 4.43, 4.98, 5.93, 5.86, 6.45, 7.19, 8.02, 7.51, 7.19, 7.64, 8.41, 9.69, 9.76, 8.78, 6.92, 7.52, 8.737, 8.426, 8.131, 7.83, 7.4, 7.37, 7.39, 8.2, 8.28, 9.45, 12.11, 14.023, 15.093, 15.979, 16.502, 16.424, 16.117, 16.532, 17.154, 17.451], [2.26, 2.25, 1.98, 0, 2.21, 4.88, 5.539, 5.675, 6.725, 7.89, 8.27, 8.368, 8.947, 9.657, 9.681, 9.277, 8.787, 8.988, 8.695, 7.803, 7.083, 7.522, 7.829, 7.22, 6.96, 6.77, 6.67, 6.95, 6.3, 5.31, 5.933, 6.367, 6.61, 6.84, 6.27, 5.932, 5.952, 5.06, 2.84, 2.61, 3.11, 2.73, 2.84, 2.62, 2.94, 3.29, 3.09, 3.23, 3.78, 4.09, 4.25, 4.5, 5.17, 4.9, 4.97, 5.69, 6.48, 5.95, 5.63, 6.08, 6.83, 8.09, 8.16, 7.22, 5.38, 5.9, 7.117, 6.803, 6.534, 6.23, 5.8, 5.75, 5.85, 6.68, 6.78, 7.95, 10.49, 12.426, 13.496, 14.366, 14.872, 14.801, 14.506, 14.902, 15.541, 15.838], [4.027, 4.137, 3.99, 2.21, 0, 2.89, 3.549, 3.709, 4.759, 5.953, 6.333, 6.39, 6.914, 7.575, 7.58, 7.267, 6.807, 7.051, 6.718, 5.705, 5.105, 5.548, 5.855, 5.24, 5.05, 4.9, 4.76, 5.04, 4.41, 3.42, 4.05, 4.39, 4.7, 4.93, 4.34, 4.04, 4.04, 3.17, 1.99, 3.64, 3.52, 3.28, 3.87, 3.91, 3.85, 3.76, 3.64, 4.3, 4.37, 4.54, 4.88, 4.77, 5.1, 4.79, 4.4, 4.32, 4.85, 4.28, 4.28, 4.69, 5.26, 6.36, 6.35, 5.43, 3.65, 3.99, 5.16, 4.83, 4.58, 4.34, 3.95, 3.88, 4.14, 5.41, 5.77, 6.18, 8.58, 10.48, 11.55, 12.42, 12.935, 12.851, 12.563, 12.928, 13.539, 13.839], [6.636, 6.686, 6.652, 4.88, 2.89, 0, 1.06, 1.3, 2.25, 3.461, 3.761, 3.704, 4.29, 5.08, 5.021, 4.621, 4.183, 4.45, 4.08, 3.21, 2.57, 2.93, 3.26, 2.87, 2.64, 2.61, 2.47, 2.77, 2.42, 1.75, 1.8, 1.96, 2.29, 2.6, 2.07, 1.97, 1.99, 1.72, 3.56, 5.29, 5.11, 5.03, 5.88, 6.128, 5.26, 5.03, 5.37, 6.19, 6.28, 6.25, 6.31, 5.9, 5.63, 5.18, 4.67, 3.83, 3.88, 3.81, 3.99, 4.08, 4.39, 4.67, 4.68, 4.2, 2.98, 2.12, 2.73, 2.36, 2.19, 2.35, 2.08, 2.49, 3.71, 5.26, 5.62, 5.07, 6.27, 7.95, 8.96, 9.81, 10.3, 10.25, 9.956, 10.31, 10.949, 11.249], [7.364, 7.42, 7.189, 5.539, 3.549, 1.06, 0, 0.7, 1.57, 2.63, 2.97, 3.074, 3.85, 4.489, 4.349, 3.95, 3.41, 3.71, 3.44, 2.85, 2.25, 2.33, 2.64, 2.27, 2.0, 2.03, 1.99, 2.37, 2.06, 1.55, 1.5, 1.56, 1.91, 2.02, 1.83, 1.93, 2.03, 1.98, 4.01, 5.85, 5.81, 5.77, 6.72, 6.931, 6.1, 5.73, 5.91, 6.73, 6.673, 6.53, 6.71, 6.26, 5.87, 5.42, 4.63, 3.67, 3.74, 3.73, 3.99, 4.04, 4.19, 4.37, 4.42, 4.0, 2.88, 1.96, 2.13, 1.66, 1.63, 2.03, 2.06, 2.49, 3.59, 5.04, 5.44, 4.87, 5.65, 7.29, 8.24, 9.07, 9.56, 9.49, 9.196, 9.59, 10.15, 10.449], [7.504, 7.563, 7.312, 5.675, 3.709, 1.3, 0.7, 0, 1.35, 2.49, 2.77, 2.93, 3.81, 4.335, 4.16, 3.77, 3.19, 3.47, 3.2, 2.73, 2.07, 2.15, 2.42, 2.03, 1.9, 1.97, 1.79, 2.19, 1.96, 1.49, 1.38, 1.44, 1.77, 1.86, 1.75, 1.79, 1.93, 1.92, 4.075, 5.99, 5.95, 6.01, 7.0, 7.131, 6.34, 5.89, 6.01, 6.885, 6.755, 6.69, 6.73, 6.28, 5.89, 5.4, 4.65, 3.63, 3.52, 3.65, 3.95, 4.0, 4.03, 4.15, 4.2, 3.92, 2.82, 1.9, 1.91, 1.54, 1.55, 1.93, 1.98, 2.43, 3.63, 5.02, 5.34, 4.75, 5.39, 7.05, 8.0, 8.83, 9.32, 9.23, 8.94, 9.35, 9.946, 10.246], [8.563, 8.601, 8.47, 6.725, 4.759, 2.25, 1.57, 1.35, 0, 1.54, 1.88, 2.0, 2.92, 3.548, 3.293, 2.82, 2.22, 2.46, 2.37, 1.92, 1.58, 1.5, 1.59, 1.56, 1.67, 1.64, 1.82, 2.46, 2.73, 2.28, 1.93, 1.89, 2.08, 1.81, 1.86, 2.24, 2.42, 2.79, 5.105, 6.98, 6.84, 6.98, 7.95, 8.123, 7.312, 6.78, 7.04, 7.875, 7.805, 7.64, 7.58, 7.13, 6.54, 6.21, 5.38, 4.42, 4.15, 4.48, 4.74, 4.83, 4.64, 4.56, 4.61, 4.53, 3.53, 2.61, 1.68, 1.81, 1.98, 2.66, 2.77, 3.18, 4.28, 5.59, 5.89, 5.16, 4.72, 6.12, 7.01, 7.82, 8.31, 8.22, 7.93, 8.34, 8.89, 9.19], [9.737, 9.81, 9.54, 7.89, 5.953, 3.461, 2.63, 2.49, 1.54, 0, 0.74, 1.3, 2.1, 2.57, 2.39, 2.06, 1.6, 1.86, 1.65, 1.56, 1.8, 1.66, 1.69, 2.04, 2.71, 2.9, 2.96, 3.32, 3.63, 3.12, 2.67, 2.77, 2.94, 2.69, 2.9, 3.16, 3.4, 3.683, 6.217, 8.067, 7.976, 8.168, 9.115, 9.348, 8.5, 7.953, 8.285, 8.96, 8.835, 8.644, 8.527, 7.96, 7.46, 7.05, 6.16, 5.16, 4.61, 5.12, 5.48, 5.53, 5.14, 4.56, 4.71, 4.95, 4.23, 3.35, 2.34, 2.53, 2.72, 3.32, 3.67, 4.16, 5.08, 6.33, 6.45, 5.54, 4.6, 5.28, 6.01, 6.8, 7.29, 7.16, 6.85, 7.3, 7.818, 8.081], [10.134, 10.187, 9.933, 8.27, 6.333, 3.761, 2.97, 2.77, 1.88, 0.74, 0, 0.9, 1.78, 2.23, 2.07, 1.78, 1.46, 1.62, 1.47, 1.66, 1.94, 1.68, 1.71, 2.24, 2.71, 2.86, 3.06, 3.24, 3.73, 3.5, 2.906, 2.906, 3.2, 2.85, 3.14, 3.48, 3.7, 4.046, 6.628, 8.403, 8.336, 8.454, 9.446, 9.688, 8.86, 8.265, 8.536, 9.36, 9.179, 9.033, 8.921, 8.237, 7.72, 7.33, 6.2, 5.18, 4.67, 5.16, 5.52, 5.59, 5.16, 4.64, 4.79, 4.93, 4.41, 3.45, 2.44, 2.63, 2.8, 3.48, 3.91, 4.38, 5.22, 6.31, 6.43, 5.6, 4.62, 5.18, 5.75, 6.46, 6.93, 6.8, 6.49, 6.94, 7.48, 7.74], [10.215, 10.258, 10.081, 8.368, 6.39, 3.704, 3.074, 2.93, 2.0, 1.3, 0.9, 0, 1.28, 1.81, 1.79, 1.42, 1.42, 1.66, 1.39, 1.52, 1.96, 1.8, 1.77, 2.34, 2.79, 2.8, 3.08, 3.38, 3.81, 3.74, 3.41, 3.31, 3.6, 3.21, 3.36, 3.6, 3.8, 4.205, 6.729, 8.395, 8.218, 8.47, 9.448, 9.743, 8.865, 8.27, 8.653, 9.508, 9.392, 9.231, 9.174, 8.63, 8.04, 7.55, 6.42, 5.16, 4.65, 5.1, 5.4, 5.49, 5.26, 4.9, 4.99, 5.15, 4.47, 3.63, 2.64, 3.01, 3.02, 3.7, 3.85, 4.36, 5.36, 6.55, 6.69, 5.88, 4.9, 5.42, 5.91, 6.58, 7.05, 6.82, 6.59, 6.98, 7.48, 7.74], [10.738, 10.839, 10.68, 8.947, 6.914, 4.29, 3.85, 3.81, 2.92, 2.1, 1.78, 1.28, 0, 1.03, 1.23, 1.24, 1.66, 1.82, 1.43, 1.82, 2.538, 2.44, 2.31, 2.98, 3.65, 3.66, 3.7, 4.16, 4.47, 4.45, 4.25, 3.87, 4.18, 3.79, 4.04, 4.18, 4.22, 4.785, 7.266, 9.048, 8.75, 8.996, 9.856, 10.284, 9.331, 8.73, 9.285, 10.222, 10.203, 10.048, 9.959, 9.25, 8.6, 8.01, 6.96, 5.7, 5.17, 5.54, 5.82, 5.93, 5.8, 5.4, 5.55, 5.77, 5.03, 4.17, 3.28, 3.59, 3.56, 4.18, 4.29, 4.66, 5.88, 7.15, 7.31, 6.44, 5.22, 5.3, 5.59, 6.18, 6.63, 6.42, 6.17, 6.56, 7.02, 7.28], [11.471, 11.584, 11.32, 9.657, 7.575, 5.08, 4.489, 4.335, 3.548, 2.57, 2.23, 1.81, 1.03, 0, 0.86, 1.19, 1.85, 1.93, 1.58, 2.27, 3.043, 2.865, 2.68, 3.325, 3.98, 4.15, 4.19, 4.45, 4.64, 4.874, 4.653, 4.32, 4.53, 4.16, 4.45, 4.53, 4.57, 5.264, 7.824, 9.647, 9.417, 9.654, 10.583, 11.029, 10.067, 9.38, 9.909, 10.875, 10.757, 10.589, 10.414, 9.56, 8.81, 8.12, 6.93, 5.77, 5.08, 5.39, 5.71, 5.8, 5.65, 5.27, 5.44, 5.6, 5.26, 4.48, 3.47, 3.88, 3.89, 4.43, 4.66, 4.79, 5.83, 7.04, 7.16, 6.35, 4.97, 4.75, 5.0, 5.57, 6.0, 5.77, 5.54, 5.91, 6.39, 6.63], [11.49, 11.594, 11.348, 9.681, 7.58, 5.021, 4.349, 4.16, 3.293, 2.39, 2.07, 1.79, 1.23, 0.86, 0, 0.87, 1.43, 1.49, 1.22, 2.03, 2.73, 2.43, 2.22, 2.89, 3.68, 3.95, 3.87, 4.17, 4.42, 4.754, 4.284, 3.901, 4.07, 3.72, 4.03, 4.11, 4.11, 4.924, 7.724, 9.525, 9.333, 9.653, 10.588, 11.069, 10.107, 9.4, 9.909, 10.809, 10.617, 10.263, 10.034, 9.02, 8.19, 7.5, 6.51, 5.49, 4.88, 5.17, 5.41, 5.68, 5.53, 5.11, 5.28, 5.4, 5.18, 4.3, 3.27, 3.58, 3.69, 4.19, 4.52, 4.55, 5.35, 6.56, 6.74, 5.95, 4.63, 4.59, 4.84, 5.45, 5.88, 5.77, 5.44, 5.81, 6.25, 6.49], [11.087, 11.166, 11.0, 9.277, 7.267, 4.621, 3.95, 3.77, 2.82, 2.06, 1.78, 1.42, 1.24, 1.19, 0.87, 0, 1.04, 1.24, 1.07, 1.82, 2.36, 2.0, 1.77, 2.48, 3.21, 3.48, 3.42, 3.66, 3.93, 4.4, 3.93, 3.55, 3.7, 3.29, 3.58, 3.78, 3.82, 4.62, 7.414, 9.188, 8.995, 9.292, 10.191, 10.648, 9.709, 9.031, 9.507, 10.414, 10.209, 9.858, 9.667, 8.73, 7.84, 7.31, 6.24, 5.12, 4.65, 5.02, 5.28, 5.53, 5.36, 5.02, 5.13, 5.19, 4.83, 4.07, 2.9, 3.27, 3.4, 4.06, 4.29, 4.26, 5.02, 6.31, 6.49, 5.72, 4.56, 4.6, 4.99, 5.6, 6.07, 6.0, 5.61, 5.98, 6.5, 6.76], [10.596, 10.686, 10.427, 8.787, 6.807, 4.183, 3.41, 3.19, 2.22, 1.6, 1.46, 1.42, 1.66, 1.85, 1.43, 1.04, 0, 0.84, 0.99, 1.52, 1.9, 1.48, 1.27, 1.86, 2.71, 2.98, 3.04, 3.3, 3.83, 3.8, 3.25, 2.89, 2.92, 2.63, 2.9, 3.16, 3.24, 4.134, 6.895, 8.695, 8.505, 8.773, 9.696, 10.13, 9.165, 8.522, 8.948, 9.862, 9.673, 9.319, 9.024, 7.93, 7.14, 6.85, 5.92, 5.0, 4.55, 5.06, 5.36, 5.55, 5.28, 4.9, 4.99, 5.07, 4.45, 3.55, 2.42, 2.71, 2.78, 3.46, 3.77, 4.02, 4.84, 5.99, 6.17, 5.38, 4.4, 4.66, 5.05, 5.76, 6.27, 6.26, 5.83, 6.24, 6.8, 7.1], [10.776, 10.895, 10.588, 8.988, 7.051, 4.45, 3.71, 3.47, 2.46, 1.86, 1.62, 1.66, 1.82, 1.93, 1.49, 1.24, 0.84, 0, 0.85, 1.66, 2.12, 1.76, 1.53, 2.1, 2.69, 3.06, 3.08, 3.34, 3.81, 3.875, 3.31, 2.95, 3.04, 2.69, 3.06, 3.24, 3.3, 4.27, 7.058, 8.794, 8.639, 8.927, 9.883, 10.299, 9.323, 8.656, 9.087, 10.016, 9.781, 9.475, 9.124, 8.065, 7.12, 6.69, 5.64, 4.86, 4.37, 4.86, 5.22, 5.31, 4.92, 4.54, 4.65, 4.71, 4.37, 3.51, 2.2, 2.57, 2.74, 3.26, 3.67, 3.82, 4.5, 5.73, 5.93, 5.18, 4.1, 4.36, 4.75, 5.42, 5.95, 5.883, 5.632, 5.951, 6.588, 6.888], [10.504, 10.591, 10.353, 8.695, 6.718, 4.08, 3.44, 3.2, 2.37, 1.65, 1.47, 1.39, 1.43, 1.58, 1.22, 1.07, 0.99, 0.85, 0, 1.19, 1.73, 1.45, 1.38, 1.95, 2.94, 3.21, 3.17, 3.53, 3.8, 3.75, 3.26, 2.84, 3.17, 2.86, 3.15, 3.09, 3.17, 3.94, 6.743, 8.521, 8.398, 8.678, 9.601, 10.07, 9.111, 8.389, 8.893, 9.793, 9.555, 9.205, 8.93, 8.06, 7.35, 6.92, 6.05, 4.93, 4.5, 4.87, 5.15, 5.32, 5.21, 4.81, 4.96, 5.06, 4.28, 3.5, 2.47, 2.76, 2.79, 3.33, 3.62, 3.93, 4.85, 6.22, 6.46, 5.67, 4.55, 4.85, 5.22, 5.87, 6.32, 6.25, 5.96, 6.31, 6.886, 7.186], [9.597, 9.71, 9.49, 7.803, 5.705, 3.21, 2.85, 2.73, 1.92, 1.56, 1.66, 1.52, 1.82, 2.27, 2.03, 1.82, 1.52, 1.66, 1.19, 0, 1.04, 1.36, 1.43, 1.74, 2.85, 2.98, 3.0, 3.52, 3.63, 3.4, 2.93, 2.81, 2.96, 2.77, 2.84, 2.76, 2.94, 3.29, 5.85, 7.68, 7.52, 7.76, 8.694, 9.185, 8.23, 7.58, 8.1, 8.98, 8.83, 8.54, 8.36, 7.61, 7.28, 6.81, 6.16, 5.1, 4.71, 5.06, 5.3, 5.49, 5.4, 5.04, 5.21, 5.29, 4.25, 3.41, 2.46, 2.69, 2.74, 3.4, 3.39, 3.82, 5.1, 6.49, 6.73, 5.96, 4.78, 5.66, 6.13, 6.78, 7.27, 7.24, 6.91, 7.28, 7.84, 8.14], [8.894, 8.993, 8.8, 7.083, 5.105, 2.57, 2.25, 2.07, 1.58, 1.8, 1.94, 1.96, 2.538, 3.043, 2.73, 2.36, 1.9, 2.12, 1.73, 1.04, 0, 0.86, 1.03, 1.2, 2.09, 2.3, 2.3, 2.82, 2.93, 2.66, 2.17, 2.01, 2.2, 2.15, 2.16, 2.08, 2.22, 2.53, 5.15, 6.96, 6.84, 7.08, 7.994, 8.459, 7.561, 6.86, 7.32, 8.22, 8.05, 7.74, 7.54, 6.85, 6.54, 6.07, 5.44, 4.38, 4.09, 4.36, 4.62, 4.81, 4.76, 4.54, 4.61, 4.61, 3.59, 2.71, 1.9, 2.05, 2.12, 2.7, 2.67, 3.12, 4.36, 5.73, 5.99, 5.28, 4.76, 5.94, 6.57, 7.36, 7.87, 7.9, 7.547, 7.88, 8.52, 8.82], [9.336, 9.394, 9.222, 7.522, 5.548, 2.93, 2.33, 2.15, 1.5, 1.66, 1.68, 1.8, 2.44, 2.865, 2.43, 2.0, 1.48, 1.76, 1.45, 1.36, 0.86, 0, 0.59, 1.02, 1.81, 2.08, 2.08, 2.38, 2.73, 2.66, 2.07, 1.81, 1.98, 1.75, 1.92, 2.0, 2.14, 2.77, 5.556, 7.376, 7.213, 7.511, 8.439, 8.879, 7.94, 7.239, 7.706, 8.593, 8.385, 8.015, 7.76, 6.87, 6.32, 5.95, 5.1, 4.02, 3.81, 4.04, 4.28, 4.55, 4.54, 4.38, 4.43, 4.33, 3.29, 2.43, 1.52, 1.69, 1.8, 2.46, 2.63, 3.02, 3.98, 5.29, 5.53, 4.88, 4.34, 5.5, 6.13, 6.9, 7.41, 7.46, 7.056, 7.38, 8.04, 8.34], [9.623, 9.708, 9.53, 7.829, 5.855, 3.26, 2.64, 2.42, 1.59, 1.69, 1.71, 1.77, 2.31, 2.68, 2.22, 1.77, 1.27, 1.53, 1.38, 1.43, 1.03, 0.59, 0, 0.97, 1.78, 2.05, 2.03, 2.39, 2.82, 2.83, 2.3, 1.96, 2.07, 1.82, 2.07, 2.23, 2.31, 3.1, 5.86, 7.67, 7.521, 7.798, 8.726, 9.166, 8.227, 7.526, 8.01, 8.9, 8.68, 8.33, 8.03, 7.1, 6.35, 6.02, 5.07, 4.05, 3.8, 4.05, 4.29, 4.5, 4.47, 4.25, 4.3, 4.26, 3.36, 2.56, 1.47, 1.78, 1.85, 2.49, 2.7, 3.01, 3.95, 5.18, 5.4, 4.73, 4.11, 5.21, 5.8, 6.63, 7.14, 7.21, 6.789, 7.11, 7.75, 8.05], [8.991, 9.113, 8.857, 7.22, 5.24, 2.87, 2.27, 2.03, 1.56, 2.04, 2.24, 2.34, 2.98, 3.325, 2.89, 2.48, 1.86, 2.1, 1.95, 1.74, 1.2, 1.02, 0.97, 0, 1.39, 1.66, 1.62, 2.08, 2.27, 2.2, 1.71, 1.61, 1.54, 1.43, 1.56, 1.62, 1.84, 2.39, 5.138, 6.933, 6.831, 7.09, 8.071, 8.496, 7.534, 6.836, 7.291, 8.19, 7.95, 7.56, 7.32, 6.39, 5.78, 5.39, 4.54, 3.68, 3.55, 3.78, 4.04, 4.23, 4.24, 4.0, 4.09, 4.03, 3.13, 2.21, 1.3, 1.43, 1.5, 2.0, 2.15, 2.48, 3.64, 4.87, 5.23, 4.58, 4.12, 5.52, 6.37, 7.24, 7.83, 7.869, 7.439, 7.783, 8.4, 8.7], [8.684, 8.83, 8.58, 6.96, 5.05, 2.64, 2.0, 1.9, 1.67, 2.71, 2.71, 2.79, 3.65, 3.98, 3.68, 3.21, 2.71, 2.69, 2.94, 2.85, 2.09, 1.81, 1.78, 1.39, 0, 0.91, 0.93, 1.23, 1.66, 1.91, 1.6, 1.34, 1.31, 1.1, 1.27, 1.77, 1.95, 2.4, 4.94, 6.71, 6.59, 6.83, 7.84, 8.198, 7.24, 6.59, 6.97, 7.854, 7.66, 7.27, 7.11, 6.4, 5.57, 5.24, 4.13, 3.25, 3.1, 3.33, 3.57, 3.78, 3.69, 3.59, 3.58, 3.46, 2.8, 1.88, 1.19, 1.18, 1.35, 1.87, 2.08, 2.29, 3.11, 4.08, 4.42, 3.75, 3.79, 5.59, 6.62, 7.513, 8.16, 8.179, 7.775, 8.11, 8.73, 9.01], [8.45, 8.62, 8.35, 6.77, 4.9, 2.61, 2.03, 1.97, 1.64, 2.9, 2.86, 2.8, 3.66, 4.15, 3.95, 3.48, 2.98, 3.06, 3.21, 2.98, 2.3, 2.08, 2.05, 1.66, 0.91, 0, 0.7, 1.14, 1.67, 2.04, 1.87, 1.65, 1.6, 1.25, 1.46, 2.06, 2.1, 2.35, 4.77, 6.54, 6.38, 6.6, 7.59, 7.915, 6.97, 6.36, 6.72, 7.6, 7.57, 7.2, 7.08, 6.47, 5.74, 5.43, 4.22, 3.22, 3.11, 3.3, 3.58, 3.75, 3.72, 3.86, 3.85, 3.51, 2.81, 1.93, 1.38, 1.53, 1.66, 1.96, 2.03, 2.5, 3.26, 4.13, 4.45, 3.74, 3.84, 5.88, 6.89, 7.794, 8.502, 8.544, 8.039, 8.394, 9.02, 9.3], [8.35, 8.52, 8.25, 6.67, 4.76, 2.47, 1.99, 1.79, 1.82, 2.96, 3.06, 3.08, 3.7, 4.19, 3.87, 3.42, 3.04, 3.08, 3.17, 3.0, 2.3, 2.08, 2.03, 1.62, 0.93, 0.7, 0, 0.86, 1.23, 1.78, 1.57, 1.35, 1.3, 1.15, 1.26, 1.72, 1.74, 2.03, 4.45, 6.3, 6.12, 6.368, 7.378, 7.771, 6.781, 6.116, 6.491, 7.41, 7.31, 6.94, 6.72, 6.09, 5.3, 4.95, 3.76, 2.8, 2.71, 2.88, 3.14, 3.33, 3.34, 3.54, 3.57, 3.15, 2.33, 1.57, 1.3, 1.31, 1.3, 1.6, 1.67, 1.96, 2.76, 3.83, 4.17, 3.48, 3.98, 5.94, 7.01, 7.926, 8.576, 8.618, 8.154, 8.526, 9.16, 9.44], [8.61, 8.78, 8.53, 6.95, 5.04, 2.77, 2.37, 2.19, 2.46, 3.32, 3.24, 3.38, 4.16, 4.45, 4.17, 3.66, 3.3, 3.34, 3.53, 3.52, 2.82, 2.38, 2.39, 2.08, 1.23, 1.14, 0.86, 0, 1.03, 1.88, 1.63, 1.41, 1.44, 1.31, 1.58, 1.94, 1.96, 2.05, 4.69, 6.451, 6.34, 6.625, 7.595, 8.032, 7.038, 6.333, 6.768, 7.647, 7.429, 7.04, 6.8, 6.01, 5.24, 4.89, 3.52, 2.32, 2.27, 2.42, 2.74, 2.91, 2.98, 3.12, 3.13, 2.65, 2.39, 1.55, 1.56, 1.41, 1.5, 1.6, 1.91, 2.06, 2.46, 3.25, 3.55, 2.9, 3.72, 5.72, 6.767, 7.666, 8.339, 8.361, 7.917, 8.28, 8.903, 9.183], [7.96, 8.13, 7.88, 6.3, 4.41, 2.42, 2.06, 1.96, 2.73, 3.63, 3.73, 3.81, 4.47, 4.64, 4.42, 3.93, 3.83, 3.81, 3.8, 3.63, 2.93, 2.73, 2.82, 2.27, 1.66, 1.67, 1.23, 1.03, 0, 1.37, 1.62, 1.54, 1.71, 1.7, 1.75, 1.89, 1.91, 1.54, 3.94, 5.77, 5.69, 5.935, 6.905, 7.338, 6.348, 5.643, 6.09, 6.997, 6.74, 6.43, 6.25, 5.6, 4.91, 4.3, 3.01, 2.01, 2.18, 2.05, 2.17, 2.36, 2.65, 3.11, 3.1, 2.46, 1.86, 1.36, 1.79, 1.6, 1.43, 1.41, 1.5, 1.43, 1.93, 3.14, 3.52, 3.03, 4.37, 6.341, 7.431, 8.341, 8.919, 8.916, 8.534, 8.932, 9.566, 9.858], [7.115, 7.2, 6.95, 5.31, 3.42, 1.75, 1.55, 1.49, 2.28, 3.12, 3.5, 3.74, 4.45, 4.874, 4.754, 4.4, 3.8, 3.875, 3.75, 3.4, 2.66, 2.66, 2.83, 2.2, 1.91, 2.04, 1.78, 1.88, 1.37, 0, 1.01, 1.43, 1.66, 1.79, 1.76, 1.84, 1.84, 1.27, 3.51, 5.26, 5.16, 5.34, 6.25, 6.617, 5.698, 5.06, 5.42, 6.32, 6.09, 6.02, 5.88, 5.31, 4.74, 4.25, 3.54, 2.64, 2.77, 2.68, 2.88, 2.93, 3.14, 3.7, 3.67, 3.07, 1.79, 1.23, 1.96, 1.61, 1.3, 1.28, 1.35, 1.52, 2.5, 3.83, 4.21, 3.72, 5.24, 7.125, 8.195, 9.065, 9.611, 9.539, 9.226, 9.624, 10.275, 10.575], [7.71, 7.812, 7.539, 5.933, 4.05, 1.8, 1.5, 1.38, 1.93, 2.67, 2.906, 3.41, 4.25, 4.653, 4.284, 3.93, 3.25, 3.31, 3.26, 2.93, 2.17, 2.07, 2.3, 1.71, 1.6, 1.87, 1.57, 1.63, 1.62, 1.01, 0, 0.94, 1.31, 1.54, 1.45, 1.41, 1.47, 1.4, 4.1, 5.83, 5.73, 5.952, 6.916, 7.312, 6.39, 5.763, 6.103, 6.892, 6.72, 6.45, 6.27, 5.46, 5.01, 4.64, 3.73, 3.03, 2.94, 3.09, 3.37, 3.44, 3.35, 3.57, 3.62, 3.18, 2.28, 1.26, 1.59, 1.18, 1.11, 1.29, 1.52, 1.77, 2.81, 4.08, 4.48, 3.85, 4.83, 6.58, 7.63, 8.48, 9.047, 8.99, 8.659, 9.04, 9.657, 9.957], [8.135, 8.237, 7.98, 6.367, 4.39, 1.96, 1.56, 1.44, 1.89, 2.77, 2.906, 3.31, 3.87, 4.32, 3.901, 3.55, 2.89, 2.95, 2.84, 2.81, 2.01, 1.81, 1.96, 1.61, 1.34, 1.65, 1.35, 1.41, 1.54, 1.43, 0.94, 0, 0.89, 1.08, 1.11, 1.17, 1.21, 1.62, 4.32, 6.095, 5.978, 6.255, 7.235, 7.661, 6.688, 5.983, 6.418, 7.317, 7.059, 6.67, 6.43, 5.58, 4.95, 4.56, 3.67, 2.93, 2.84, 2.95, 3.25, 3.4, 3.43, 3.41, 3.46, 3.1, 2.28, 1.36, 1.37, 0.96, 1.01, 1.33, 1.6, 1.83, 2.67, 3.92, 4.26, 3.67, 4.35, 6.11, 7.18, 8.058, 8.64, 8.599, 8.246, 8.638, 9.235, 9.515], [8.286, 8.479, 8.226, 6.61, 4.7, 2.29, 1.91, 1.77, 2.08, 2.94, 3.2, 3.6, 4.18, 4.53, 4.07, 3.7, 2.92, 3.04, 3.17, 2.96, 2.2, 1.98, 2.07, 1.54, 1.31, 1.6, 1.3, 1.44, 1.71, 1.66, 1.31, 0.89, 0, 0.87, 0.92, 1.12, 1.3, 1.65, 4.404, 6.199, 6.076, 6.373, 7.354, 7.779, 6.797, 6.102, 6.507, 7.415, 7.157, 6.768, 6.434, 5.53, 4.74, 4.39, 3.68, 2.94, 2.89, 3.0, 3.3, 3.57, 3.52, 3.4, 3.45, 3.13, 2.45, 1.53, 1.42, 0.99, 1.24, 1.42, 1.65, 1.88, 2.84, 3.71, 4.07, 3.44, 4.04, 5.88, 6.97, 7.894, 8.519, 8.534, 8.116, 8.497, 9.134, 9.414], [8.519, 8.69, 8.439, 6.84, 4.93, 2.6, 2.02, 1.86, 1.81, 2.69, 2.85, 3.21, 3.79, 4.16, 3.72, 3.29, 2.63, 2.69, 2.86, 2.77, 2.15, 1.75, 1.82, 1.43, 1.1, 1.25, 1.15, 1.31, 1.7, 1.79, 1.54, 1.08, 0.87, 0, 0.87, 1.43, 1.49, 1.98, 4.657, 6.432, 6.309, 6.606, 7.587, 8.012, 7.03, 6.335, 6.74, 7.648, 7.391, 7.021, 6.763, 5.924, 5.01, 4.76, 3.95, 3.07, 2.96, 3.13, 3.43, 3.68, 3.65, 3.57, 3.62, 3.36, 2.54, 1.66, 1.33, 1.08, 1.39, 1.75, 1.86, 2.01, 2.97, 3.94, 4.28, 3.67, 3.83, 5.67, 6.74, 7.67, 8.3, 8.31, 7.906, 8.267, 8.904, 9.184], [7.989, 8.102, 7.869, 6.27, 4.34, 2.07, 1.83, 1.75, 1.86, 2.9, 3.14, 3.36, 4.04, 4.45, 4.03, 3.58, 2.9, 3.06, 3.15, 2.84, 2.16, 1.92, 2.07, 1.56, 1.27, 1.46, 1.26, 1.58, 1.75, 1.76, 1.45, 1.11, 0.92, 0.87, 0, 1.0, 1.16, 1.69, 4.143, 5.942, 5.819, 6.076, 7.086, 7.459, 6.509, 5.865, 6.219, 7.119, 6.921, 6.555, 6.315, 5.61, 4.88, 4.59, 4.04, 3.2, 3.19, 3.32, 3.56, 3.83, 3.88, 3.96, 3.97, 3.67, 2.67, 1.77, 1.48, 1.31, 1.5, 1.92, 2.01, 2.12, 3.12, 4.29, 4.71, 4.08, 4.44, 6.24, 7.31, 8.2, 8.822, 8.837, 8.393, 8.797, 9.434, 9.72], [7.676, 7.782, 7.549, 5.932, 4.04, 1.97, 1.93, 1.79, 2.24, 3.16, 3.48, 3.6, 4.18, 4.53, 4.11, 3.78, 3.16, 3.24, 3.09, 2.76, 2.08, 2.0, 2.23, 1.62, 1.77, 2.06, 1.72, 1.94, 1.89, 1.84, 1.41, 1.17, 1.12, 1.43, 1.0, 0, 0.58, 1.41, 3.867, 5.697, 5.499, 5.816, 6.777, 7.202, 6.229, 5.605, 5.989, 6.909, 6.711, 6.361, 6.067, 5.19, 4.78, 4.31, 3.86, 3.02, 2.93, 3.14, 3.36, 3.61, 3.64, 3.64, 3.67, 3.47, 2.55, 1.67, 1.72, 1.41, 1.5, 1.6, 1.53, 1.76, 2.94, 4.35, 4.77, 4.14, 4.68, 6.52, 7.57, 8.48, 9.07, 9.026, 8.661, 9.065, 9.699, 9.982], [7.649, 7.802, 7.57, 5.952, 4.04, 1.99, 2.03, 1.93, 2.42, 3.4, 3.7, 3.8, 4.22, 4.57, 4.11, 3.82, 3.24, 3.3, 3.17, 2.94, 2.22, 2.14, 2.31, 1.84, 1.95, 2.1, 1.74, 1.96, 1.91, 1.84, 1.47, 1.21, 1.3, 1.49, 1.16, 0.58, 0, 1.37, 3.882, 5.635, 5.479, 5.806, 6.746, 7.223, 6.276, 5.566, 6.092, 6.992, 6.771, 6.441, 6.107, 5.19, 4.72, 4.25, 3.8, 3.02, 2.93, 3.0, 3.22, 3.57, 3.68, 3.8, 3.83, 3.51, 2.61, 1.79, 1.84, 1.55, 1.48, 1.58, 1.63, 1.74, 2.92, 4.27, 4.69, 4.08, 4.72, 6.52, 7.59, 8.505, 9.101, 9.092, 8.704, 9.108, 9.745, 10.025], [6.733, 6.91, 6.64, 5.06, 3.17, 1.72, 1.98, 1.92, 2.79, 3.683, 4.046, 4.205, 4.785, 5.264, 4.924, 4.62, 4.134, 4.27, 3.94, 3.29, 2.53, 2.77, 3.1, 2.39, 2.4, 2.35, 2.03, 2.05, 1.54, 1.27, 1.4, 1.62, 1.65, 1.98, 1.69, 1.41, 1.37, 0, 2.9, 4.67, 4.63, 4.87, 5.791, 6.248, 5.3, 4.65, 5.13, 6.016, 5.789, 5.502, 5.25, 4.7, 4.49, 3.94, 3.47, 2.61, 2.78, 2.57, 2.75, 3.16, 3.55, 3.91, 3.94, 3.28, 2.02, 1.54, 2.43, 2.1, 1.89, 1.57, 1.38, 1.49, 2.57, 3.94, 4.32, 3.83, 5.53, 7.45, 8.559, 9.472, 10.057, 10.038, 9.674, 10.066, 10.706, 10.992], [4.3, 4.55, 4.34, 2.84, 1.99, 3.56, 4.01, 4.075, 5.105, 6.217, 6.628, 6.729, 7.266, 7.824, 7.724, 7.414, 6.895, 7.058, 6.743, 5.85, 5.15, 5.556, 5.86, 5.138, 4.94, 4.77, 4.45, 4.69, 3.94, 3.51, 4.1, 4.32, 4.404, 4.657, 4.143, 3.867, 3.882, 2.9, 0, 2.39, 2.73, 2.61, 3.34, 3.48, 3.0, 2.87, 2.87, 3.35, 3.5, 3.47, 3.49, 3.52, 3.73, 3.42, 3.17, 3.37, 4.137, 3.63, 3.35, 3.78, 4.85, 6.21, 6.22, 5.12, 3.06, 3.9, 5.164, 4.848, 4.55, 4.17, 3.72, 3.73, 3.55, 4.38, 4.44, 5.49, 8.298, 10.281, 11.371, 12.281, 12.833, 12.838, 12.462, 12.86, 13.503, 13.798], [3.45, 3.64, 3.37, 2.61, 3.64, 5.29, 5.85, 5.99, 6.98, 8.067, 8.403, 8.395, 9.048, 9.647, 9.525, 9.188, 8.695, 8.794, 8.521, 7.68, 6.96, 7.376, 7.67, 6.933, 6.71, 6.54, 6.3, 6.451, 5.77, 5.26, 5.83, 6.095, 6.199, 6.432, 5.942, 5.697, 5.635, 4.67, 2.39, 0, 1.28, 1.24, 1.73, 2.13, 1.63, 1.68, 1.56, 1.7, 1.93, 1.74, 1.82, 2.21, 3.04, 3.01, 3.953, 4.982, 5.859, 5.437, 5.109, 5.51, 6.58, 7.937, 7.93, 6.83, 4.77, 5.63, 6.914, 6.581, 6.297, 5.9, 5.47, 5.48, 5.26, 5.77, 5.71, 7.28, 10.093, 12.056, 13.166, 14.082, 14.651, 14.611, 14.274, 14.672, 15.31, 15.599], [3.49, 3.74, 3.61, 3.11, 3.52, 5.11, 5.81, 5.95, 6.84, 7.976, 8.336, 8.218, 8.75, 9.417, 9.333, 8.995, 8.505, 8.639, 8.398, 7.52, 6.84, 7.213, 7.521, 6.831, 6.59, 6.38, 6.12, 6.34, 5.69, 5.16, 5.73, 5.978, 6.076, 6.309, 5.819, 5.499, 5.479, 4.63, 2.73, 1.28, 0, 0.68, 1.63, 2.07, 1.41, 0.98, 1.06, 1.8, 1.79, 1.7, 1.72, 1.79, 2.66, 2.77, 3.851, 4.839, 5.709, 5.276, 4.929, 5.361, 6.411, 7.771, 7.77, 6.67, 4.63, 5.461, 6.754, 6.455, 6.151, 5.74, 5.33, 5.3, 5.14, 5.65, 5.59, 7.16, 9.97, 11.933, 13.043, 13.956, 14.511, 14.473, 14.142, 14.541, 15.184, 15.473], [2.99, 3.18, 3.17, 2.73, 3.28, 5.03, 5.77, 6.01, 6.98, 8.168, 8.454, 8.47, 8.996, 9.654, 9.653, 9.292, 8.773, 8.927, 8.678, 7.76, 7.08, 7.511, 7.798, 7.09, 6.83, 6.6, 6.368, 6.625, 5.935, 5.34, 5.952, 6.255, 6.373, 6.606, 6.076, 5.816, 5.806, 4.87, 2.61, 1.24, 0.68, 0, 1.37, 1.75, 1.27, 1.02, 1.06, 1.56, 1.63, 1.68, 1.76, 2.13, 3.16, 3.21, 4.18, 5.156, 6.026, 5.593, 5.237, 5.655, 6.685, 8.045, 8.05, 6.95, 4.95, 5.715, 7.045, 6.74, 6.445, 5.999, 5.57, 5.6, 5.44, 5.97, 5.93, 7.46, 10.267, 12.231, 13.34, 14.253, 14.796, 14.761, 14.428, 14.826, 15.475, 15.77], [2.42, 2.61, 2.86, 2.84, 3.87, 5.88, 6.72, 7.0, 7.95, 9.115, 9.446, 9.448, 9.856, 10.583, 10.588, 10.191, 9.696, 9.883, 9.601, 8.694, 7.994, 8.439, 8.726, 8.071, 7.84, 7.59, 7.378, 7.595, 6.905, 6.25, 6.916, 7.235, 7.354, 7.587, 7.086, 6.777, 6.746, 5.791, 3.34, 1.73, 1.63, 1.37, 0, 0.94, 1.06, 1.59, 1.59, 1.65, 2.06, 2.19, 2.21, 3.02, 4.03, 4.08, 5.138, 6.126, 6.996, 6.543, 6.181, 6.582, 7.612, 8.972, 8.979, 7.879, 5.86, 6.693, 8.009, 7.701, 7.392, 6.981, 6.499, 6.569, 6.429, 6.94, 6.88, 8.449, 11.248, 13.221, 14.321, 15.233, 15.771, 15.722, 15.403, 15.801, 16.453, 16.75], [2.24, 2.33, 2.54, 2.62, 3.91, 6.128, 6.931, 7.131, 8.123, 9.348, 9.688, 9.743, 10.284, 11.029, 11.069, 10.648, 10.13, 10.299, 10.07, 9.185, 8.459, 8.879, 9.166, 8.496, 8.198, 7.915, 7.771, 8.032, 7.338, 6.617, 7.312, 7.661, 7.779, 8.012, 7.459, 7.202, 7.223, 6.248, 3.48, 2.13, 2.07, 1.75, 0.94, 0, 1.18, 1.87, 1.77, 1.63, 2.2, 2.41, 2.53, 3.38, 4.35, 4.48, 5.575, 6.563, 7.433, 6.981, 6.638, 7.016, 7.96, 9.36, 9.367, 8.287, 6.287, 7.095, 8.425, 8.117, 7.812, 7.409, 6.939, 6.985, 6.862, 7.38, 7.32, 8.886, 11.674, 13.654, 14.746, 15.653, 16.185, 16.133, 15.817, 16.215, 16.866, 17.163], [2.82, 2.93, 3.22, 2.94, 3.85, 5.26, 6.1, 6.34, 7.312, 8.5, 8.86, 8.865, 9.331, 10.067, 10.107, 9.709, 9.165, 9.323, 9.111, 8.23, 7.561, 7.94, 8.227, 7.534, 7.24, 6.97, 6.781, 7.038, 6.348, 5.698, 6.39, 6.688, 6.797, 7.03, 6.509, 6.229, 6.276, 5.3, 3.0, 1.63, 1.41, 1.27, 1.06, 1.18, 0, 0.93, 1.15, 1.33, 1.88, 1.97, 1.89, 2.58, 3.51, 3.5, 4.601, 5.569, 6.439, 6.033, 5.69, 6.036, 7.066, 8.426, 8.433, 7.333, 5.293, 6.153, 7.455, 7.153, 6.818, 6.43, 5.94, 5.995, 5.87, 6.38, 6.32, 7.89, 10.691, 12.663, 13.764, 14.67, 15.226, 15.177, 14.846, 15.244, 15.89, 16.187], [3.39, 3.64, 3.65, 3.29, 3.76, 5.03, 5.73, 5.89, 6.78, 7.953, 8.265, 8.27, 8.73, 9.38, 9.4, 9.031, 8.522, 8.656, 8.389, 7.58, 6.86, 7.239, 7.526, 6.836, 6.59, 6.36, 6.116, 6.333, 5.643, 5.06, 5.763, 5.983, 6.102, 6.335, 5.865, 5.605, 5.566, 4.65, 2.87, 1.68, 0.98, 1.02, 1.59, 1.87, 0.93, 0, 0.92, 1.68, 1.79, 1.7, 1.64, 1.91, 2.74, 2.75, 3.92, 4.865, 5.735, 5.317, 4.977, 5.35, 6.402, 7.762, 7.769, 6.669, 4.609, 5.483, 6.796, 6.469, 6.122, 5.76, 5.25, 5.3, 5.16, 5.67, 5.63, 7.18, 9.987, 11.959, 13.06, 13.972, 14.528, 14.478, 14.145, 14.543, 15.192, 15.489], [3.23, 3.5, 3.39, 3.09, 3.64, 5.37, 5.91, 6.01, 7.04, 8.285, 8.536, 8.653, 9.285, 9.909, 9.909, 9.507, 8.948, 9.087, 8.893, 8.1, 7.32, 7.706, 8.01, 7.291, 6.97, 6.72, 6.491, 6.768, 6.09, 5.42, 6.103, 6.418, 6.507, 6.74, 6.219, 5.989, 6.092, 5.13, 2.87, 1.56, 1.06, 1.06, 1.59, 1.77, 1.15, 0.92, 0, 1.22, 1.47, 1.4, 1.4, 1.93, 2.98, 3.13, 4.34, 5.343, 6.236, 5.846, 5.526, 5.79, 6.8, 8.16, 8.15, 7.05, 5.01, 5.863, 7.176, 6.869, 6.542, 6.14, 5.75, 5.76, 5.58, 6.11, 6.07, 7.6, 10.401, 12.373, 13.474, 14.386, 14.942, 14.893, 14.592, 14.957, 15.606, 15.903], [3.05, 3.26, 3.31, 3.23, 4.3, 6.19, 6.73, 6.885, 7.875, 8.96, 9.36, 9.508, 10.222, 10.875, 10.809, 10.414, 9.862, 10.016, 9.793, 8.98, 8.22, 8.593, 8.9, 8.19, 7.854, 7.6, 7.41, 7.647, 6.997, 6.32, 6.892, 7.317, 7.415, 7.648, 7.119, 6.909, 6.992, 6.016, 3.35, 1.7, 1.8, 1.56, 1.65, 1.63, 1.33, 1.68, 1.22, 0, 0.95, 1.18, 1.48, 2.45, 3.62, 3.99, 5.21, 6.239, 7.133, 6.766, 6.446, 6.77, 7.66, 9.02, 9.05, 8.01, 5.99, 6.767, 8.105, 7.812, 7.517, 7.08, 6.69, 6.7, 6.5, 7.008, 6.95, 8.501, 11.309, 13.273, 14.382, 15.295, 15.865, 15.839, 15.5, 15.877, 16.515, 16.812], [3.68, 3.87, 4.0, 3.78, 4.37, 6.28, 6.673, 6.755, 7.805, 8.835, 9.179, 9.392, 10.203, 10.757, 10.617, 10.209, 9.673, 9.781, 9.555, 8.83, 8.05, 8.385, 8.68, 7.95, 7.66, 7.57, 7.31, 7.429, 6.74, 6.09, 6.72, 7.059, 7.157, 7.391, 6.921, 6.711, 6.771, 5.789, 3.5, 1.93, 1.79, 1.63, 2.06, 2.2, 1.88, 1.79, 1.47, 0.95, 0, 0.77, 1.27, 2.04, 3.27, 3.72, 4.932, 5.985, 6.861, 6.568, 6.245, 6.5, 7.47, 8.81, 8.8, 7.74, 5.76, 6.56, 7.87, 7.545, 7.25, 6.87, 6.5, 6.49, 6.23, 6.74, 6.68, 8.243, 11.051, 13.015, 14.124, 15.037, 15.613, 15.578, 15.23, 15.628, 16.262, 16.554], [3.97, 4.2, 4.23, 4.09, 4.54, 6.25, 6.53, 6.69, 7.64, 8.644, 9.033, 9.231, 10.048, 10.589, 10.263, 9.858, 9.319, 9.475, 9.205, 8.54, 7.74, 8.015, 8.33, 7.56, 7.27, 7.2, 6.94, 7.04, 6.43, 6.02, 6.45, 6.67, 6.768, 7.021, 6.555, 6.361, 6.441, 5.502, 3.47, 1.74, 1.7, 1.68, 2.19, 2.41, 1.97, 1.7, 1.4, 1.18, 0.77, 0, 0.78, 1.61, 2.82, 3.35, 4.566, 5.698, 6.591, 6.258, 5.995, 6.41, 7.42, 8.7, 8.67, 7.53, 5.55, 6.43, 7.64, 7.27, 7.04, 6.72, 6.37, 6.3, 5.84, 6.33, 6.27, 7.84, 10.662, 12.625, 13.735, 14.659, 15.261, 15.214, 14.864, 15.262, 15.896, 16.176], [4.21, 4.36, 4.43, 4.25, 4.88, 6.31, 6.71, 6.73, 7.58, 8.527, 8.921, 9.174, 9.959, 10.414, 10.034, 9.667, 9.024, 9.124, 8.93, 8.36, 7.54, 7.76, 8.03, 7.32, 7.11, 7.08, 6.72, 6.8, 6.25, 5.88, 6.27, 6.43, 6.434, 6.763, 6.315, 6.067, 6.107, 5.25, 3.49, 1.82, 1.72, 1.76, 2.21, 2.53, 1.89, 1.64, 1.4, 1.48, 1.27, 0.78, 0, 1.37, 2.54, 3.09, 4.289, 5.427, 6.337, 6.004, 5.72, 6.21, 7.18, 8.46, 8.43, 7.29, 5.35, 6.29, 7.36, 6.999, 6.8, 6.48, 6.11, 6.06, 5.54, 5.97, 5.91, 7.48, 10.305, 12.292, 13.378, 14.308, 14.916, 14.889, 14.518, 14.917, 15.545, 15.825], [5.08, 5.27, 4.98, 4.5, 4.77, 5.9, 6.26, 6.28, 7.13, 7.96, 8.237, 8.63, 9.25, 9.56, 9.02, 8.73, 7.93, 8.065, 8.06, 7.61, 6.85, 6.87, 7.1, 6.39, 6.4, 6.47, 6.09, 6.01, 5.6, 5.31, 5.46, 5.58, 5.53, 5.924, 5.61, 5.19, 5.19, 4.7, 3.52, 2.21, 1.79, 2.13, 3.02, 3.38, 2.58, 1.91, 1.93, 2.45, 2.04, 1.61, 1.37, 0, 1.35, 1.9, 3.09, 4.394, 5.344, 5.025, 4.75, 5.22, 6.09, 7.33, 7.3, 6.14, 4.5, 5.3, 6.41, 6.02, 5.87, 5.41, 5.22, 5.07, 4.47, 4.78, 4.72, 6.29, 9.124, 11.087, 12.197, 13.127, 13.737, 13.747, 13.349, 13.724, 14.358, 14.638], [6.07, 6.28, 5.93, 5.17, 5.1, 5.63, 5.87, 5.89, 6.54, 7.46, 7.72, 8.04, 8.6, 8.81, 8.19, 7.84, 7.14, 7.12, 7.35, 7.28, 6.54, 6.32, 6.35, 5.78, 5.57, 5.74, 5.3, 5.24, 4.91, 4.74, 5.01, 4.95, 4.74, 5.01, 4.88, 4.78, 4.72, 4.49, 3.73, 3.04, 2.66, 3.16, 4.03, 4.35, 3.51, 2.74, 2.98, 3.62, 3.27, 2.82, 2.54, 1.35, 0, 0.93, 2.16, 3.61, 4.42, 4.12, 3.84, 4.31, 5.02, 6.22, 6.19, 5.03, 3.79, 4.61, 5.7, 5.29, 5.18, 4.72, 4.61, 4.24, 3.38, 3.51, 3.45, 5.08, 7.88, 9.869, 10.936, 11.866, 12.536, 12.549, 12.091, 12.471, 13.103, 13.383], [5.96, 6.17, 5.86, 4.9, 4.79, 5.18, 5.42, 5.4, 6.21, 7.05, 7.33, 7.55, 8.01, 8.12, 7.5, 7.31, 6.85, 6.69, 6.92, 6.81, 6.07, 5.95, 6.02, 5.39, 5.24, 5.43, 4.95, 4.89, 4.3, 4.25, 4.64, 4.56, 4.39, 4.76, 4.59, 4.31, 4.25, 3.94, 3.42, 3.01, 2.77, 3.21, 4.08, 4.48, 3.5, 2.75, 3.13, 3.99, 3.72, 3.35, 3.09, 1.9, 0.93, 0, 1.57, 2.986, 3.753, 3.43, 3.15, 3.62, 4.33, 5.47, 5.44, 4.36, 3.3, 4.14, 5.19, 4.84, 4.71, 4.11, 4.1, 3.55, 2.79, 3.06, 3.02, 4.61, 7.45, 9.367, 10.457, 11.381, 11.98, 12.001, 11.586, 11.983, 12.618, 12.898], [6.49, 6.66, 6.45, 4.97, 4.4, 4.67, 4.63, 4.65, 5.38, 6.16, 6.2, 6.42, 6.96, 6.93, 6.51, 6.24, 5.92, 5.64, 6.05, 6.16, 5.44, 5.1, 5.07, 4.54, 4.13, 4.22, 3.76, 3.52, 3.01, 3.54, 3.73, 3.67, 3.68, 3.95, 4.04, 3.86, 3.8, 3.47, 3.17, 3.953, 3.851, 4.18, 5.138, 5.575, 4.601, 3.92, 4.34, 5.21, 4.932, 4.566, 4.289, 3.09, 2.16, 1.57, 0, 1.68, 2.47, 2.14, 1.9, 2.39, 3.16, 4.28, 4.27, 3.11, 2.37, 3.17, 4.0, 3.75, 3.72, 3.22, 3.15, 2.66, 1.7, 1.89, 1.89, 3.38, 6.14, 8.12, 9.224, 10.134, 10.71, 10.734, 10.353, 10.725, 11.359, 11.648], [7.27, 7.44, 7.19, 5.69, 4.32, 3.83, 3.67, 3.63, 4.42, 5.16, 5.18, 5.16, 5.7, 5.77, 5.49, 5.12, 5.0, 4.86, 4.93, 5.1, 4.38, 4.02, 4.05, 3.68, 3.25, 3.22, 2.8, 2.32, 2.01, 2.64, 3.03, 2.93, 2.94, 3.07, 3.2, 3.02, 3.02, 2.61, 3.37, 4.982, 4.839, 5.156, 6.126, 6.563, 5.569, 4.865, 5.343, 6.239, 5.985, 5.698, 5.427, 4.394, 3.61, 2.986, 1.68, 0, 1.13, 0.88, 0.96, 1.17, 1.92, 3.16, 3.17, 2.11, 1.45, 2.15, 3.06, 2.99, 2.84, 2.3, 2.27, 1.84, 1.32, 1.67, 1.89, 2.36, 5.14, 7.1, 8.21, 9.131, 9.704, 9.737, 9.321, 9.722, 10.362, 10.651], [8.019, 8.23, 8.02, 6.48, 4.85, 3.88, 3.74, 3.52, 4.15, 4.61, 4.67, 4.65, 5.17, 5.08, 4.88, 4.65, 4.55, 4.37, 4.5, 4.71, 4.09, 3.81, 3.8, 3.55, 3.1, 3.11, 2.71, 2.27, 2.18, 2.77, 2.94, 2.84, 2.89, 2.96, 3.19, 2.93, 2.93, 2.78, 4.137, 5.859, 5.709, 6.026, 6.996, 7.433, 6.439, 5.735, 6.236, 7.133, 6.861, 6.591, 6.337, 5.344, 4.42, 3.753, 2.47, 1.13, 0, 0.91, 1.37, 1.28, 1.31, 2.25, 2.26, 1.48, 1.64, 2.08, 2.83, 2.96, 2.85, 2.25, 2.22, 1.69, 1.47, 2.14, 2.26, 1.83, 4.27, 6.23, 7.339, 8.252, 8.822, 8.804, 8.436, 8.84, 9.483, 9.772], [7.566, 7.76, 7.51, 5.95, 4.28, 3.81, 3.73, 3.65, 4.48, 5.12, 5.16, 5.1, 5.54, 5.39, 5.17, 5.02, 5.06, 4.86, 4.87, 5.06, 4.36, 4.04, 4.05, 3.78, 3.33, 3.3, 2.88, 2.42, 2.05, 2.68, 3.09, 2.95, 3.0, 3.13, 3.32, 3.14, 3.0, 2.57, 3.63, 5.437, 5.276, 5.593, 6.543, 6.981, 6.033, 5.317, 5.846, 6.766, 6.568, 6.258, 6.004, 5.025, 4.12, 3.43, 2.14, 0.88, 0.91, 0, 0.74, 0.97, 1.52, 2.72, 2.73, 1.71, 1.49, 2.15, 3.12, 3.05, 2.9, 2.34, 2.27, 1.74, 1.28, 1.83, 2.07, 2.1, 4.72, 6.68, 7.79, 8.708, 9.272, 9.288, 8.895, 9.296, 9.939, 10.228], [7.27, 7.42, 7.19, 5.63, 4.28, 3.99, 3.99, 3.95, 4.74, 5.48, 5.52, 5.4, 5.82, 5.71, 5.41, 5.28, 5.36, 5.22, 5.15, 5.3, 4.62, 4.28, 4.29, 4.04, 3.57, 3.58, 3.14, 2.74, 2.17, 2.88, 3.37, 3.25, 3.3, 3.43, 3.56, 3.36, 3.22, 2.75, 3.35, 5.109, 4.929, 5.237, 6.181, 6.638, 5.69, 4.977, 5.526, 6.446, 6.245, 5.995, 5.72, 4.75, 3.84, 3.15, 1.9, 0.96, 1.37, 0.74, 0, 0.93, 1.8, 3.08, 3.09, 2.01, 1.61, 2.47, 3.44, 3.35, 3.18, 2.66, 2.51, 2.02, 1.32, 1.69, 1.81, 2.38, 5.08, 7.06, 8.15, 9.071, 9.641, 9.677, 9.273, 9.659, 10.302, 10.591], [7.66, 7.81, 7.64, 6.08, 4.69, 4.08, 4.04, 4.0, 4.83, 5.53, 5.59, 5.49, 5.93, 5.8, 5.68, 5.53, 5.55, 5.31, 5.32, 5.49, 4.81, 4.55, 4.5, 4.23, 3.78, 3.75, 3.33, 2.91, 2.36, 2.93, 3.44, 3.4, 3.57, 3.68, 3.83, 3.61, 3.57, 3.16, 3.78, 5.51, 5.361, 5.655, 6.582, 7.016, 6.036, 5.35, 5.79, 6.77, 6.5, 6.41, 6.21, 5.22, 4.31, 3.62, 2.39, 1.17, 1.28, 0.97, 0.93, 0, 1.11, 2.43, 2.5, 1.52, 1.6, 2.44, 3.47, 3.46, 3.21, 2.75, 2.58, 2.11, 1.71, 1.86, 1.92, 2.03, 4.73, 6.686, 7.796, 8.666, 9.23, 9.169, 8.845, 9.234, 9.877, 10.174], [8.55, 8.64, 8.41, 6.83, 5.26, 4.39, 4.19, 4.03, 4.64, 5.14, 5.16, 5.26, 5.8, 5.65, 5.53, 5.36, 5.28, 4.92, 5.21, 5.4, 4.76, 4.54, 4.47, 4.24, 3.69, 3.72, 3.34, 2.98, 2.65, 3.14, 3.35, 3.43, 3.52, 3.65, 3.88, 3.64, 3.68, 3.55, 4.85, 6.58, 6.411, 6.685, 7.612, 7.96, 7.066, 6.402, 6.8, 7.66, 7.47, 7.42, 7.18, 6.09, 5.02, 4.33, 3.16, 1.92, 1.31, 1.52, 1.8, 1.11, 0, 1.44, 1.55, 0.99, 2.07, 2.43, 3.34, 3.45, 3.24, 2.62, 2.61, 2.24, 2.12, 2.35, 2.37, 1.6, 3.86, 5.816, 6.906, 7.775, 8.331, 8.278, 7.945, 8.335, 8.978, 9.275], [9.83, 9.94, 9.69, 8.09, 6.36, 4.67, 4.37, 4.15, 4.56, 4.56, 4.64, 4.9, 5.4, 5.27, 5.11, 5.02, 4.9, 4.54, 4.81, 5.04, 4.54, 4.38, 4.25, 4.0, 3.59, 3.86, 3.54, 3.12, 3.11, 3.7, 3.57, 3.41, 3.4, 3.57, 3.96, 3.64, 3.8, 3.91, 6.21, 7.937, 7.771, 8.045, 8.972, 9.36, 8.426, 7.762, 8.16, 9.02, 8.81, 8.7, 8.46, 7.33, 6.22, 5.47, 4.28, 3.16, 2.25, 2.72, 3.08, 2.43, 1.44, 0, 0.59, 1.21, 3.27, 2.79, 3.28, 3.37, 3.44, 2.92, 2.97, 2.84, 3.0, 3.11, 3.19, 1.82, 2.64, 4.46, 5.57, 6.376, 6.956, 6.92, 6.551, 6.949, 7.584, 7.881], [9.86, 10.01, 9.76, 8.16, 6.35, 4.68, 4.42, 4.2, 4.61, 4.71, 4.79, 4.99, 5.55, 5.44, 5.28, 5.13, 4.99, 4.65, 4.96, 5.21, 4.61, 4.43, 4.3, 4.09, 3.58, 3.85, 3.57, 3.13, 3.1, 3.67, 3.62, 3.46, 3.45, 3.62, 3.97, 3.67, 3.83, 3.94, 6.22, 7.93, 7.77, 8.05, 8.979, 9.367, 8.433, 7.769, 8.15, 9.05, 8.8, 8.67, 8.43, 7.3, 6.19, 5.44, 4.27, 3.17, 2.26, 2.73, 3.09, 2.5, 1.55, 0.59, 0, 1.24, 3.24, 2.82, 3.31, 3.38, 3.47, 2.91, 3.0, 2.89, 2.97, 3.0, 3.14, 1.85, 2.85, 4.51, 5.58, 6.412, 6.932, 6.896, 6.527, 6.925, 7.589, 7.839], [8.86, 9.01, 8.78, 7.22, 5.43, 4.2, 4.0, 3.92, 4.53, 4.95, 4.93, 5.15, 5.77, 5.6, 5.4, 5.19, 5.07, 4.71, 5.06, 5.29, 4.61, 4.33, 4.26, 4.03, 3.46, 3.51, 3.15, 2.65, 2.46, 3.07, 3.18, 3.1, 3.13, 3.36, 3.67, 3.47, 3.51, 3.28, 5.12, 6.83, 6.67, 6.95, 7.879, 8.287, 7.333, 6.669, 7.05, 8.01, 7.74, 7.53, 7.29, 6.14, 5.03, 4.36, 3.11, 2.11, 1.48, 1.71, 2.01, 1.52, 0.99, 1.21, 1.24, 0, 2.1, 2.18, 3.05, 3.1, 3.05, 2.37, 2.5, 2.09, 1.93, 2.12, 2.24, 1.31, 3.47, 5.421, 6.531, 7.391, 7.99, 7.912, 7.576, 7.994, 8.608, 8.888], [6.98, 7.15, 6.92, 5.38, 3.65, 2.98, 2.88, 2.82, 3.53, 4.23, 4.41, 4.47, 5.03, 5.26, 5.18, 4.83, 4.45, 4.37, 4.28, 4.25, 3.59, 3.29, 3.36, 3.13, 2.8, 2.81, 2.33, 2.39, 1.86, 1.79, 2.28, 2.28, 2.45, 2.54, 2.67, 2.55, 2.61, 2.02, 3.06, 4.77, 4.63, 4.95, 5.86, 6.287, 5.293, 4.609, 5.01, 5.99, 5.76, 5.55, 5.35, 4.5, 3.79, 3.3, 2.37, 1.45, 1.64, 1.49, 1.61, 1.6, 2.07, 3.27, 3.24, 2.1, 0, 1.4, 2.47, 2.46, 2.23, 1.91, 1.64, 1.45, 1.55, 2.56, 2.72, 2.73, 5.423, 7.406, 8.496, 9.4, 9.999, 9.921, 9.585, 9.983, 10.617, 10.897], [7.631, 7.75, 7.52, 5.9, 3.99, 2.12, 1.96, 1.9, 2.61, 3.35, 3.45, 3.63, 4.17, 4.48, 4.3, 4.07, 3.55, 3.51, 3.5, 3.41, 2.71, 2.43, 2.56, 2.21, 1.88, 1.93, 1.57, 1.55, 1.36, 1.23, 1.26, 1.36, 1.53, 1.66, 1.77, 1.67, 1.79, 1.54, 3.9, 5.63, 5.461, 5.715, 6.693, 7.095, 6.153, 5.483, 5.863, 6.767, 6.56, 6.43, 6.29, 5.3, 4.61, 4.14, 3.17, 2.15, 2.08, 2.15, 2.47, 2.44, 2.43, 2.79, 2.82, 2.18, 1.4, 0, 1.71, 1.56, 1.31, 0.99, 1.16, 1.25, 2.11, 3.38, 3.66, 3.07, 4.63, 6.598, 7.668, 8.558, 9.13, 9.078, 8.765, 9.131, 9.777, 10.074], [8.919, 8.993, 8.737, 7.117, 5.16, 2.73, 2.13, 1.91, 1.68, 2.34, 2.44, 2.64, 3.28, 3.47, 3.27, 2.9, 2.42, 2.2, 2.47, 2.46, 1.9, 1.52, 1.47, 1.3, 1.19, 1.38, 1.3, 1.56, 1.79, 1.96, 1.59, 1.37, 1.42, 1.33, 1.48, 1.72, 1.84, 2.43, 5.164, 6.914, 6.754, 7.045, 8.009, 8.425, 7.455, 6.796, 7.176, 8.105, 7.87, 7.64, 7.36, 6.41, 5.7, 5.19, 4.0, 3.06, 2.83, 3.12, 3.44, 3.47, 3.34, 3.28, 3.31, 3.05, 2.47, 1.71, 0, 0.81, 1.12, 1.54, 1.89, 2.08, 2.94, 4.21, 4.43, 3.76, 3.68, 5.32, 6.39, 7.26, 7.801, 7.754, 7.469, 7.813, 8.448, 8.745], [8.603, 8.676, 8.426, 6.803, 4.83, 2.36, 1.66, 1.54, 1.81, 2.53, 2.63, 3.01, 3.59, 3.88, 3.58, 3.27, 2.71, 2.57, 2.76, 2.69, 2.05, 1.69, 1.78, 1.43, 1.18, 1.53, 1.31, 1.41, 1.6, 1.61, 1.18, 0.96, 0.99, 1.08, 1.31, 1.41, 1.55, 2.1, 4.848, 6.581, 6.455, 6.74, 7.701, 8.117, 7.153, 6.469, 6.869, 7.812, 7.545, 7.27, 6.999, 6.02, 5.29, 4.84, 3.75, 2.99, 2.96, 3.05, 3.35, 3.46, 3.45, 3.37, 3.38, 3.1, 2.46, 1.56, 0.81, 0, 0.89, 1.37, 1.72, 1.93, 2.81, 3.92, 4.34, 3.73, 3.99, 5.69, 6.72, 7.59, 8.113, 8.067, 7.782, 8.106, 8.758, 9.058], [8.297, 8.404, 8.131, 6.534, 4.58, 2.19, 1.63, 1.55, 1.98, 2.72, 2.8, 3.02, 3.56, 3.89, 3.69, 3.4, 2.78, 2.74, 2.79, 2.74, 2.12, 1.8, 1.85, 1.5, 1.35, 1.66, 1.3, 1.5, 1.43, 1.3, 1.11, 1.01, 1.24, 1.39, 1.5, 1.5, 1.48, 1.89, 4.55, 6.297, 6.151, 6.445, 7.392, 7.812, 6.818, 6.122, 6.542, 7.517, 7.25, 7.04, 6.8, 5.87, 5.18, 4.71, 3.72, 2.84, 2.85, 2.9, 3.18, 3.21, 3.24, 3.44, 3.47, 3.05, 2.23, 1.31, 1.12, 0.89, 0, 1.1, 1.49, 1.72, 2.76, 4.05, 4.45, 3.86, 4.36, 5.94, 6.989, 7.879, 8.446, 8.362, 8.078, 8.459, 9.073, 9.37], [7.91, 8.08, 7.83, 6.23, 4.34, 2.35, 2.03, 1.93, 2.66, 3.32, 3.48, 3.7, 4.18, 4.43, 4.19, 4.06, 3.46, 3.26, 3.33, 3.4, 2.7, 2.46, 2.49, 2.0, 1.87, 1.96, 1.6, 1.6, 1.41, 1.28, 1.29, 1.33, 1.42, 1.75, 1.92, 1.6, 1.58, 1.57, 4.17, 5.9, 5.74, 5.999, 6.981, 7.409, 6.43, 5.76, 6.14, 7.08, 6.87, 6.72, 6.48, 5.41, 4.72, 4.11, 3.22, 2.3, 2.25, 2.34, 2.66, 2.75, 2.62, 2.92, 2.91, 2.37, 1.91, 0.99, 1.54, 1.37, 1.1, 0, 1.01, 1.32, 2.2, 3.41, 3.81, 3.16, 4.34, 6.273, 7.343, 8.259, 8.826, 8.782, 8.463, 8.847, 9.481, 9.776], [7.46, 7.63, 7.4, 5.8, 3.95, 2.08, 2.06, 1.98, 2.77, 3.67, 3.91, 3.85, 4.29, 4.66, 4.52, 4.29, 3.77, 3.67, 3.62, 3.39, 2.67, 2.63, 2.7, 2.15, 2.08, 2.03, 1.67, 1.91, 1.5, 1.35, 1.52, 1.6, 1.65, 1.86, 2.01, 1.53, 1.63, 1.38, 3.72, 5.47, 5.33, 5.57, 6.499, 6.939, 5.94, 5.25, 5.75, 6.69, 6.5, 6.37, 6.11, 5.22, 4.61, 4.1, 3.15, 2.27, 2.22, 2.27, 2.51, 2.58, 2.61, 2.97, 3.0, 2.5, 1.64, 1.16, 1.89, 1.72, 1.49, 1.01, 0, 1.07, 2.13, 3.5, 3.86, 3.33, 4.789, 6.772, 7.862, 8.769, 9.339, 9.266, 8.953, 9.334, 9.968, 10.265], [7.454, 7.62, 7.37, 5.75, 3.88, 2.49, 2.49, 2.43, 3.18, 4.16, 4.38, 4.36, 4.66, 4.79, 4.55, 4.26, 4.02, 3.82, 3.93, 3.82, 3.12, 3.02, 3.01, 2.48, 2.29, 2.5, 1.96, 2.06, 1.43, 1.52, 1.77, 1.83, 1.88, 2.01, 2.12, 1.76, 1.74, 1.49, 3.73, 5.48, 5.3, 5.6, 6.569, 6.985, 5.995, 5.3, 5.76, 6.7, 6.49, 6.3, 6.06, 5.07, 4.24, 3.55, 2.66, 1.84, 1.69, 1.74, 2.02, 2.11, 2.24, 2.84, 2.89, 2.09, 1.45, 1.25, 2.08, 1.93, 1.72, 1.32, 1.07, 0, 1.58, 2.93, 3.33, 2.76, 4.8, 6.722, 7.792, 8.702, 9.289, 9.214, 8.886, 9.285, 9.916, 10.199], [7.41, 7.62, 7.39, 5.85, 4.14, 3.71, 3.59, 3.63, 4.28, 5.08, 5.22, 5.36, 5.88, 5.83, 5.35, 5.02, 4.84, 4.5, 4.85, 5.1, 4.36, 3.98, 3.95, 3.64, 3.11, 3.26, 2.76, 2.46, 1.93, 2.5, 2.81, 2.67, 2.84, 2.97, 3.12, 2.94, 2.92, 2.57, 3.55, 5.26, 5.14, 5.44, 6.429, 6.862, 5.87, 5.16, 5.58, 6.5, 6.23, 5.84, 5.54, 4.47, 3.38, 2.79, 1.7, 1.32, 1.47, 1.28, 1.32, 1.71, 2.12, 3.0, 2.97, 1.93, 1.55, 2.11, 2.94, 2.81, 2.76, 2.2, 2.13, 1.58, 0, 1.75, 2.07, 2.26, 4.9, 6.823, 7.915, 8.842, 9.456, 9.403, 9.061, 9.445, 10.079, 10.359], [8.12, 8.37, 8.2, 6.68, 5.41, 5.26, 5.04, 5.02, 5.59, 6.33, 6.31, 6.55, 7.15, 7.04, 6.56, 6.31, 5.99, 5.73, 6.22, 6.49, 5.73, 5.29, 5.18, 4.87, 4.08, 4.13, 3.83, 3.25, 3.14, 3.83, 4.08, 3.92, 3.71, 3.94, 4.29, 4.35, 4.27, 3.94, 4.38, 5.77, 5.65, 5.97, 6.94, 7.38, 6.38, 5.67, 6.11, 7.008, 6.74, 6.33, 5.97, 4.78, 3.51, 3.06, 1.89, 1.67, 2.14, 1.83, 1.69, 1.86, 2.35, 3.11, 3.0, 2.12, 2.56, 3.38, 4.21, 3.92, 4.05, 3.41, 3.5, 2.93, 1.75, 0, 0.88, 1.81, 4.57, 6.53, 7.54, 8.39, 9.1, 9.149, 8.613, 9.002, 9.602, 9.882], [8.22, 8.47, 8.28, 6.78, 5.77, 5.62, 5.44, 5.34, 5.89, 6.45, 6.43, 6.69, 7.31, 7.16, 6.74, 6.49, 6.17, 5.93, 6.46, 6.73, 5.99, 5.53, 5.4, 5.23, 4.42, 4.45, 4.17, 3.55, 3.52, 4.21, 4.48, 4.26, 4.07, 4.28, 4.71, 4.77, 4.69, 4.32, 4.44, 5.71, 5.59, 5.93, 6.88, 7.32, 6.32, 5.63, 6.07, 6.95, 6.68, 6.27, 5.91, 4.72, 3.45, 3.02, 1.89, 1.89, 2.26, 2.07, 1.81, 1.92, 2.37, 3.19, 3.14, 2.24, 2.72, 3.66, 4.43, 4.34, 4.45, 3.81, 3.86, 3.33, 2.07, 0.88, 0, 1.75, 4.67, 6.628, 7.68, 8.448