[[0, 0.67, 1.15, 1.55, 2.5, 3.39, 3.71, 4.07, 3.89, 3.21, 3.18, 2.96, 2.37, 2.0, 2.12, 2.02, 1.99, 2.52, 2.32, 1.81, 1.73, 1.62, 1.94, 2.49, 2.72, 2.83, 2.96, 2.7, 2.35, 1.89, 1.98, 1.93, 2.26, 4.71, 5.29, 5.43, 5.22, 3.32, 2.14, 2.92, 2.85, 2.83, 3.03, 2.68, 2.29, 2.5, 2.22, 2.0, 2.04, 2.43, 2.45, 2.33, 2.2, 2.44, 2.95, 3.09, 3.27, 3.37, 3.22, 3.01, 3.51, 3.25, 2.45, 2.16, 2.88, 2.27, 2.89, 3.04, 3.95, 3.7, 3.58, 3.54, 4.16, 4.26, 4.53, 5.097, 5.85, 6.5, 6.48, 6.852, 7.222, 7.888, 7.998, 7.928, 8.398, 8.875], [0.67, 0, 0.78, 1.5, 2.61, 3.58, 3.88, 4.28, 3.96, 3.22, 3.13, 2.77, 2.24, 1.73, 1.91, 1.87, 1.84, 2.39, 2.07, 1.54, 1.54, 1.49, 1.67, 2.32, 2.57, 2.72, 2.95, 2.75, 2.36, 1.7, 1.65, 1.68, 2.31, 4.98, 5.5, 5.64, 5.37, 3.53, 1.97, 2.69, 2.5, 2.46, 2.68, 2.27, 1.94, 2.21, 2.09, 1.89, 1.79, 2.2, 2.22, 2.04, 1.97, 2.23, 2.62, 2.8, 2.9, 3.08, 2.93, 2.74, 3.24, 2.94, 2.3, 1.93, 2.63, 2.46, 2.88, 2.79, 3.66, 3.47, 3.39, 3.37, 4.25, 4.406, 4.66, 5.361, 5.98, 6.65, 6.705, 7.122, 7.492, 8.161, 8.251, 8.181, 8.671, 9.145], [1.15, 0.78, 0, 1.52, 2.97, 3.98, 4.3, 4.76, 4.44, 3.66, 3.51, 3.07, 2.54, 2.01, 1.97, 1.69, 1.72, 2.27, 2.05, 1.68, 1.76, 1.75, 1.95, 2.62, 2.75, 2.92, 3.11, 2.91, 2.66, 1.82, 1.89, 1.76, 2.53, 5.24, 6.02, 6.1, 5.81, 3.89, 2.23, 2.77, 2.44, 2.32, 2.54, 2.15, 1.86, 1.99, 1.91, 1.75, 1.81, 2.08, 2.36, 2.08, 2.13, 2.35, 2.36, 2.42, 2.54, 2.72, 2.55, 2.36, 2.86, 2.6, 2.26, 1.73, 2.39, 2.72, 3.2, 2.99, 4.0, 3.87, 3.79, 3.75, 4.63, 4.861, 5.02, 5.821, 6.4, 7.108, 7.165, 7.613, 7.963, 8.626, 8.736, 8.686, 9.145, 9.653], [1.55, 1.5, 1.52, 0, 2.73, 4.02, 4.3, 4.44, 4.08, 3.26, 3.25, 2.91, 2.42, 2.11, 2.23, 1.91, 1.78, 2.03, 1.87, 1.86, 2.16, 2.09, 2.29, 2.76, 3.17, 3.24, 3.65, 3.41, 3.04, 2.66, 2.85, 2.6, 3.07, 5.44, 5.86, 5.78, 5.49, 3.67, 2.61, 2.87, 2.8, 2.86, 3.18, 2.73, 2.5, 2.73, 2.79, 2.53, 2.65, 3.12, 3.1, 2.88, 2.93, 3.15, 3.34, 3.26, 3.04, 3.26, 3.07, 2.74, 3.34, 3.0, 3.0, 2.57, 2.55, 2.78, 3.26, 3.05, 3.92, 3.61, 3.51, 3.71, 4.17, 4.39, 5.0, 5.712, 6.28, 6.79, 6.922, 7.31, 7.72, 8.236, 8.306, 8.216, 8.569, 9.12], [2.5, 2.61, 2.97, 2.73, 0, 1.71, 2.17, 2.45, 2.25, 1.73, 1.74, 1.7, 1.51, 1.98, 2.44, 2.88, 3.09, 2.68, 2.88, 2.63, 2.63, 2.52, 2.54, 2.29, 2.62, 2.63, 2.86, 2.64, 2.41, 2.85, 3.0, 2.81, 2.54, 3.75, 4.05, 4.01, 3.86, 2.38, 2.32, 3.5, 3.87, 4.03, 4.01, 3.7, 3.29, 3.34, 3.18, 2.76, 2.98, 3.57, 3.48, 3.203, 2.86, 3.28, 4.126, 4.523, 4.612, 4.783, 4.673, 4.41, 5.05, 4.563, 3.03, 3.14, 4.1, 1.21, 1.69, 2.34, 2.51, 2.4, 2.6, 2.52, 3.1, 3.1, 3.29, 3.77, 4.03, 4.4, 4.812, 5.426, 5.839, 6.372, 6.436, 6.406, 6.879, 7.416], [3.39, 3.58, 3.98, 4.02, 1.71, 0, 0.82, 1.56, 1.96, 1.86, 2.03, 2.59, 2.7, 3.27, 3.75, 4.25, 4.34, 3.91, 4.23, 4.14, 3.88, 3.79, 3.71, 3.36, 3.65, 3.56, 3.63, 3.13, 3.12, 4.18, 4.11, 3.84, 3.15, 3.62, 3.76, 3.62, 3.55, 2.67, 3.47, 4.69, 5.1, 5.236, 5.5, 5.21, 4.78, 4.61, 4.55, 3.99, 4.163, 4.819, 4.687, 4.45, 4.07, 4.53, 5.42, 5.788, 5.86, 6.065, 6.03, 5.78, 6.4, 5.842, 4.34, 4.47, 5.355, 2.26, 2.0, 3.27, 2.96, 2.83, 2.77, 2.51, 2.91, 2.91, 2.84, 3.18, 3.58, 3.83, 3.65, 4.073, 4.443, 5.11, 5.16, 5.17, 5.62, 6.077], [3.71, 3.88, 4.3, 4.3, 2.17, 0.82, 0, 1.18, 1.54, 1.82, 1.93, 2.77, 3.1, 3.77, 4.27, 4.73, 4.92, 4.57, 4.75, 4.58, 4.28, 4.17, 4.13, 3.76, 3.99, 3.78, 3.87, 3.39, 3.36, 4.58, 4.59, 4.28, 3.43, 3.38, 3.38, 3.26, 3.19, 2.59, 3.95, 5.33, 5.72, 5.86, 5.94, 5.65, 5.14, 5.21, 5.07, 4.51, 4.8, 5.46, 5.304, 5.087, 4.689, 5.01, 6.04, 6.42, 6.48, 6.7, 6.57, 6.28, 6.92, 6.479, 4.9, 5.03, 5.99, 2.56, 2.18, 3.71, 3.16, 2.89, 2.65, 2.39, 2.65, 2.67, 2.54, 2.86, 3.22, 3.53, 3.13, 3.436, 3.789, 4.464, 4.554, 4.544, 5.066, 5.443], [4.07, 4.28, 4.76, 4.44, 2.45, 1.56, 1.18, 0, 0.94, 1.58, 1.95, 2.97, 3.5, 4.23, 4.769, 5.206, 5.428, 5.041, 5.19, 4.8, 4.693, 4.61, 4.45, 4.1, 4.31, 4.04, 4.143, 3.61, 3.72, 5.051, 5.103, 4.753, 3.79, 3.64, 3.38, 3.12, 3.01, 2.43, 4.43, 5.83, 6.24, 6.373, 6.24, 5.93, 5.5, 5.701, 5.572, 5.029, 5.303, 5.959, 5.807, 5.59, 5.192, 5.501, 6.542, 6.928, 6.973, 7.205, 7.072, 6.773, 7.419, 6.982, 5.405, 5.535, 6.495, 2.98, 2.44, 4.07, 3.38, 2.93, 2.43, 2.25, 2.13, 2.07, 2.14, 2.4, 2.5, 2.77, 2.83, 3.21, 3.592, 4.113, 4.137, 4.113, 4.592, 5.049], [3.89, 3.96, 4.44, 4.08, 2.25, 1.96, 1.54, 0.94, 0, 1.08, 1.51, 2.55, 3.08, 3.81, 4.37, 4.81, 5.02, 4.63, 4.77, 4.4, 4.28, 4.19, 4.05, 3.68, 3.91, 3.62, 3.89, 3.55, 3.62, 4.64, 4.69, 4.34, 3.53, 3.96, 3.76, 3.52, 3.39, 2.53, 4.03, 5.43, 5.82, 5.96, 5.8, 5.49, 5.1, 5.29, 5.17, 4.63, 4.91, 5.56, 5.42, 5.2, 4.79, 5.09, 6.14, 6.52, 6.56, 6.8, 6.67, 6.38, 7.02, 6.58, 5.0, 5.13, 6.09, 2.7, 2.02, 3.67, 2.9, 2.43, 1.97, 1.91, 1.77, 1.83, 2.08, 2.3, 2.58, 3.05, 3.19, 3.684, 4.074, 4.59, 4.6, 4.542, 5.069, 5.529], [3.21, 3.22, 3.66, 3.26, 1.73, 1.86, 1.82, 1.58, 1.08, 0, 0.85, 1.69, 2.12, 2.85, 3.41, 3.85, 4.06, 3.67, 3.81, 3.42, 3.32, 3.23, 3.07, 2.82, 3.03, 2.9, 3.33, 3.29, 3.26, 3.68, 3.75, 3.38, 3.21, 4.02, 3.88, 3.62, 3.53, 2.51, 3.13, 4.51, 4.88, 5.0, 4.84, 4.53, 4.12, 4.33, 4.23, 3.81, 4.05, 4.6, 4.46, 4.24, 3.83, 4.17, 5.18, 5.56, 5.6, 5.84, 5.71, 5.42, 6.06, 5.62, 4.04, 4.17, 5.13, 2.08, 1.38, 2.77, 2.16, 1.73, 1.51, 1.61, 1.93, 2.07, 2.4, 2.923, 3.378, 3.882, 4.042, 4.584, 4.974, 5.47, 5.54, 5.447, 5.952, 6.429], [3.18, 3.13, 3.51, 3.25, 1.74, 2.03, 1.93, 1.95, 1.51, 0.85, 0, 1.28, 1.73, 2.38, 2.92, 3.36, 3.57, 3.18, 3.36, 3.11, 2.89, 2.8, 2.72, 2.33, 2.68, 2.51, 2.86, 2.92, 2.89, 3.35, 3.32, 2.97, 2.78, 3.67, 3.63, 3.53, 3.54, 2.38, 2.76, 4.04, 4.41, 4.53, 4.41, 4.14, 3.75, 3.84, 3.82, 3.56, 3.66, 4.15, 3.97, 3.75, 3.38, 3.68, 4.69, 5.07, 5.13, 5.35, 5.22, 4.95, 5.59, 5.13, 3.65, 3.68, 4.64, 1.77, 1.25, 2.38, 1.89, 1.62, 1.66, 1.86, 2.38, 2.48, 2.75, 3.31, 3.559, 4.169, 4.417, 4.9, 5.264, 5.906, 5.99, 5.946, 6.416, 6.893], [2.96, 2.77, 3.07, 2.91, 1.7, 2.59, 2.77, 2.97, 2.55, 1.69, 1.28, 0, 1.03, 1.64, 2.02, 2.48, 2.65, 2.34, 2.3, 2.43, 2.01, 2.06, 1.92, 1.69, 2.02, 2.01, 2.62, 2.9, 2.75, 2.61, 2.46, 2.41, 2.64, 3.95, 4.25, 4.35, 4.18, 2.36, 1.92, 3.1, 3.41, 3.55, 3.57, 3.24, 2.85, 3.16, 3.38, 3.26, 3.08, 3.35, 3.15, 2.83, 2.68, 2.98, 3.73, 4.03, 4.19, 4.31, 4.16, 3.89, 4.49, 4.05, 3.03, 2.68, 3.62, 1.43, 1.41, 1.34, 1.51, 1.38, 1.78, 2.18, 2.9, 3.08, 3.45, 4.167, 4.404, 5.0, 5.314, 5.906, 6.316, 6.883, 6.953, 6.923, 7.356, 7.893], [2.37, 2.24, 2.54, 2.42, 1.51, 2.7, 3.1, 3.5, 3.08, 2.12, 1.73, 1.03, 0, 1.07, 1.53, 1.97, 1.98, 1.71, 1.81, 1.76, 1.72, 1.73, 1.59, 1.4, 1.83, 1.9, 2.33, 2.59, 2.36, 2.14, 2.07, 2.04, 2.37, 4.12, 4.6, 4.76, 4.49, 2.71, 1.55, 2.57, 2.82, 2.94, 3.14, 2.79, 2.3, 2.53, 2.71, 2.75, 2.53, 2.8, 2.62, 2.32, 2.17, 2.45, 3.24, 3.46, 3.54, 3.72, 3.59, 3.34, 3.96, 3.5, 2.5, 2.15, 3.07, 1.46, 1.7, 1.19, 1.82, 1.83, 2.27, 2.67, 3.49, 3.707, 4.02, 4.749, 5.043, 5.559, 5.856, 6.476, 6.849, 7.482, 7.54, 7.49, 7.98, 8.44], [2.0, 1.73, 2.01, 2.11, 1.98, 3.27, 3.77, 4.23, 3.81, 2.85, 2.38, 1.64, 1.07, 0, 0.96, 1.2, 1.49, 1.46, 1.4, 1.47, 1.21, 1.2, 1.2, 1.31, 1.66, 1.83, 2.12, 2.32, 1.91, 1.47, 1.52, 1.41, 1.92, 4.29, 5.03, 5.31, 5.14, 3.04, 1.14, 2.0, 2.19, 2.33, 2.35, 2.02, 1.77, 1.82, 2.0, 2.06, 1.76, 2.01, 1.91, 1.63, 1.56, 1.86, 2.35, 2.71, 2.85, 3.03, 2.88, 2.67, 3.27, 2.79, 1.83, 1.44, 2.42, 1.77, 2.35, 1.68, 2.45, 2.58, 3.02, 3.32, 4.26, 4.44, 4.67, 5.399, 5.67, 6.214, 6.566, 7.126, 7.519, 8.143, 8.233, 8.183, 8.673, 9.17], [2.12, 1.91, 1.97, 2.23, 2.44, 3.75, 4.27, 4.769, 4.37, 3.41, 2.92, 2.02, 1.53, 0.96, 0, 0.82, 1.19, 1.34, 1.56, 1.83, 1.41, 1.4, 1.62, 1.83, 2.12, 2.23, 2.36, 2.78, 2.41, 1.69, 1.6, 1.55, 2.12, 4.39, 5.43, 5.77, 5.56, 3.34, 1.24, 1.78, 1.77, 2.01, 2.27, 1.92, 1.65, 1.74, 1.8, 1.84, 1.56, 1.69, 1.47, 1.37, 1.38, 1.66, 2.01, 2.31, 2.59, 2.55, 2.44, 2.31, 2.79, 2.31, 1.47, 1.06, 1.9, 1.89, 2.63, 1.78, 2.77, 2.92, 3.4, 3.7, 4.64, 4.913, 5.05, 5.684, 6.021, 6.719, 7.059, 7.576, 7.961, 8.662, 8.76, 8.716, 9.178, 9.683], [2.02, 1.87, 1.69, 1.91, 2.88, 4.25, 4.73, 5.206, 4.81, 3.85, 3.36, 2.48, 1.97, 1.2, 0.82, 0, 0.91, 1.32, 1.34, 1.55, 1.31, 1.38, 1.72, 1.93, 2.2, 2.31, 2.54, 2.94, 2.47, 1.63, 1.62, 1.57, 2.2, 4.81, 5.85, 6.21, 6.0, 3.64, 1.34, 1.64, 1.59, 1.67, 1.89, 1.52, 1.35, 1.46, 1.62, 1.7, 1.6, 1.67, 1.57, 1.45, 1.5, 1.62, 1.71, 1.85, 2.13, 2.15, 1.96, 1.81, 2.31, 1.87, 1.49, 1.0, 1.66, 2.31, 3.09, 2.16, 3.13, 3.3, 3.84, 4.1, 5.04, 5.32, 5.47, 6.159, 6.479, 7.156, 7.525, 8.008, 8.439, 9.093, 9.203, 9.153, 9.615, 10.121], [1.99, 1.84, 1.72, 1.78, 3.09, 4.34, 4.92, 5.428, 5.02, 4.06, 3.57, 2.65, 1.98, 1.49, 1.19, 0.91, 0, 1.03, 1.03, 1.36, 1.42, 1.45, 1.69, 2.02, 2.39, 2.5, 2.55, 2.71, 2.54, 1.74, 1.57, 1.72, 2.27, 4.92, 6.02, 6.4, 6.21, 3.91, 1.67, 1.63, 1.46, 1.5, 2.3, 1.81, 1.64, 1.55, 1.77, 1.89, 1.71, 1.8, 1.68, 1.48, 1.63, 1.93, 1.86, 1.72, 1.82, 1.84, 1.77, 1.66, 2.18, 1.68, 1.74, 1.21, 1.37, 2.56, 3.237, 2.15, 3.22, 3.45, 3.89, 4.343, 5.263, 5.563, 5.713, 6.371, 6.67, 7.383, 7.683, 8.229, 8.619, 9.309, 9.416, 9.375, 9.848, 10.342], [2.52, 2.39, 2.27, 2.03, 2.68, 3.91, 4.57, 5.041, 4.63, 3.67, 3.18, 2.34, 1.71, 1.46, 1.34, 1.32, 1.03, 0, 1.18, 1.71, 1.75, 1.86, 1.96, 2.05, 2.46, 2.55, 2.6, 2.98, 2.79, 2.21, 2.22, 2.19, 2.66, 4.77, 5.71, 6.03, 5.84, 3.82, 1.98, 1.7, 1.73, 1.77, 2.71, 2.28, 2.11, 1.92, 2.3, 2.44, 2.04, 1.93, 1.85, 1.67, 1.92, 2.4, 2.21, 2.15, 2.21, 2.27, 2.36, 2.47, 2.97, 2.25, 2.05, 1.6, 1.68, 2.33, 3.03, 1.82, 2.85, 3.18, 3.6, 4.06, 4.985, 5.205, 5.418, 6.147, 6.392, 7.016, 7.339, 7.882, 8.284, 8.96, 9.05, 9.0, 9.49, 9.967], [2.32, 2.07, 2.05, 1.87, 2.88, 4.23, 4.75, 5.19, 4.77, 3.81, 3.36, 2.3, 1.81, 1.4, 1.56, 1.34, 1.03, 1.18, 0, 1.11, 1.19, 1.44, 1.46, 1.69, 2.12, 2.37, 2.78, 2.9, 2.59, 1.93, 1.94, 2.05, 2.6, 5.03, 5.95, 6.23, 6.0, 3.78, 1.94, 1.78, 1.57, 1.77, 2.33, 1.92, 1.97, 2.12, 2.54, 2.56, 2.38, 2.47, 2.35, 2.01, 2.22, 2.44, 2.47, 2.25, 2.03, 2.29, 1.96, 1.79, 2.31, 2.09, 2.39, 1.72, 1.7, 2.61, 3.35, 1.8, 2.73, 2.98, 3.671, 4.237, 5.171, 5.371, 5.667, 6.396, 6.633, 7.174, 7.537, 8.123, 8.516, 9.112, 9.193, 9.143, 9.636, 10.133], [1.81, 1.54, 1.68, 1.86, 2.63, 4.14, 4.58, 4.8, 4.4, 3.42, 3.11, 2.43, 1.76, 1.47, 1.83, 1.55, 1.36, 1.71, 1.11, 0, 1.08, 1.29, 1.23, 1.64, 1.97, 2.12, 2.67, 2.65, 2.18, 1.64, 1.69, 1.76, 2.37, 5.02, 5.76, 6.0, 5.73, 3.61, 2.05, 2.13, 2.06, 2.06, 2.24, 1.77, 1.54, 2.01, 2.19, 2.25, 2.13, 2.34, 2.28, 1.98, 2.07, 2.37, 2.42, 2.34, 2.3, 2.68, 2.39, 2.16, 2.76, 2.46, 2.38, 1.79, 2.37, 2.54, 3.22, 2.05, 2.98, 2.89, 3.45, 4.01, 4.907, 5.09, 5.5, 6.212, 6.469, 6.893, 7.339, 7.922, 8.312, 8.844, 8.897, 8.836, 9.349, 9.826], [1.73, 1.54, 1.76, 2.16, 2.63, 3.88, 4.28, 4.693, 4.28, 3.32, 2.89, 2.01, 1.72, 1.21, 1.41, 1.31, 1.42, 1.75, 1.19, 1.08, 0, 0.59, 0.67, 1.2, 1.47, 1.68, 2.09, 2.29, 1.94, 1.14, 1.21, 1.12, 1.85, 4.78, 5.46, 5.72, 5.55, 3.29, 1.37, 2.01, 2.08, 2.12, 2.1, 1.59, 1.38, 1.81, 2.23, 2.19, 1.91, 1.94, 1.98, 1.8, 1.79, 1.99, 2.12, 2.34, 2.58, 2.78, 2.47, 2.36, 2.86, 2.52, 2.04, 1.65, 2.37, 2.34, 2.94, 1.97, 2.74, 2.69, 3.37, 3.77, 4.69, 4.89, 5.14, 5.877, 6.143, 6.813, 7.044, 7.616, 7.989, 8.642, 8.717, 8.667, 9.157, 9.614], [1.62, 1.49, 1.75, 2.09, 2.52, 3.79, 4.17, 4.61, 4.19, 3.23, 2.8, 2.06, 1.73, 1.2, 1.4, 1.38, 1.45, 1.86, 1.44, 1.29, 0.59, 0, 0.74, 1.17, 1.54, 1.65, 1.98, 2.22, 1.85, 1.13, 1.1, 1.05, 1.7, 4.63, 5.23, 5.59, 5.42, 3.2, 1.44, 2.14, 2.23, 2.33, 2.29, 1.86, 1.49, 1.76, 2.12, 2.0, 1.84, 1.95, 2.03, 1.67, 1.68, 1.98, 2.15, 2.45, 2.75, 2.85, 2.64, 2.47, 3.03, 2.67, 1.91, 1.68, 2.36, 2.19, 2.75, 2.16, 3.01, 2.84, 3.36, 3.74, 4.58, 4.8, 4.99, 5.687, 5.959, 6.686, 6.954, 7.472, 7.822, 8.511, 8.621, 8.551, 9.041, 9.515], [1.94, 1.67, 1.95, 2.29, 2.54, 3.71, 4.13, 4.45, 4.05, 3.07, 2.72, 1.92, 1.59, 1.2, 1.62, 1.72, 1.69, 1.96, 1.46, 1.23, 0.67, 0.74, 0, 0.95, 1.22, 1.37, 1.86, 2.02, 1.75, 1.17, 1.2, 1.13, 1.62, 4.67, 5.35, 5.57, 5.36, 3.14, 1.52, 2.4, 2.45, 2.51, 2.39, 1.88, 1.67, 2.12, 2.5, 2.4, 2.12, 2.13, 2.23, 1.99, 2.0, 2.18, 2.43, 2.65, 2.89, 3.05, 2.84, 2.75, 3.23, 2.93, 2.29, 1.96, 2.58, 2.35, 2.79, 2.06, 2.75, 2.66, 3.26, 3.72, 4.48, 4.7, 5.07, 5.779, 6.013, 6.623, 6.886, 7.488, 7.879, 8.474, 8.544, 8.474, 8.95, 9.41], [2.49, 2.32, 2.62, 2.76, 2.29, 3.36, 3.76, 4.1, 3.68, 2.82, 2.33, 1.69, 1.4, 1.31, 1.83, 1.93, 2.02, 2.05, 1.69, 1.64, 1.2, 1.17, 0.95, 0, 0.95, 0.92, 1.49, 1.77, 1.48, 1.42, 1.39, 1.42, 1.67, 4.08, 4.9, 5.2, 4.97, 2.81, 1.75, 2.73, 2.9, 3.0, 2.82, 2.35, 2.14, 2.31, 2.69, 2.61, 2.25, 2.46, 2.56, 2.26, 2.21, 2.45, 2.84, 3.06, 3.28, 3.5, 3.33, 3.2, 3.72, 3.38, 2.5, 2.27, 2.97, 2.0, 2.42, 1.93, 2.54, 2.63, 3.25, 3.55, 4.27, 4.47, 4.76, 5.392, 5.629, 6.161, 6.539, 7.082, 7.472, 8.099, 8.197, 8.13, 8.62, 9.08], [2.72, 2.57, 2.75, 3.17, 2.62, 3.65, 3.99, 4.31, 3.91, 3.03, 2.68, 2.02, 1.83, 1.66, 2.12, 2.2, 2.39, 2.46, 2.12, 1.97, 1.47, 1.54, 1.22, 0.95, 0, 0.67, 1.12, 1.54, 1.33, 1.33, 1.38, 1.33, 1.56, 4.25, 5.19, 5.49, 5.24, 2.98, 1.72, 2.86, 2.97, 3.03, 2.81, 2.32, 2.35, 2.54, 2.92, 2.82, 2.34, 2.37, 2.49, 2.49, 2.3, 2.6, 2.89, 3.11, 3.45, 3.53, 3.34, 3.39, 3.75, 3.41, 2.43, 2.48, 3.18, 2.45, 2.67, 2.24, 2.73, 3.0, 3.68, 4.0, 4.7, 4.82, 5.01, 5.636, 5.89, 6.374, 6.78, 7.363, 7.736, 8.329, 8.396, 8.346, 8.859, 9.336], [2.83, 2.72, 2.92, 3.24, 2.63, 3.56, 3.78, 4.04, 3.62, 2.9, 2.51, 2.01, 1.9, 1.83, 2.23, 2.31, 2.5, 2.55, 2.37, 2.12, 1.68, 1.65, 1.37, 0.92, 0.67, 0, 0.87, 1.37, 1.26, 1.44, 1.51, 1.44, 1.45, 3.94, 4.82, 5.12, 4.87, 2.63, 1.83, 3.15, 3.26, 3.36, 3.1, 2.63, 2.56, 2.75, 3.01, 2.93, 2.55, 2.58, 2.66, 2.68, 2.51, 2.77, 3.16, 3.3, 3.62, 3.74, 3.63, 3.7, 4.06, 3.74, 2.58, 2.69, 3.39, 2.3, 2.46, 2.21, 2.78, 3.01, 3.53, 3.89, 4.45, 4.65, 4.84, 5.292, 5.549, 6.061, 6.439, 7.002, 7.372, 7.999, 8.097, 8.03, 8.526, 8.983], [2.96, 2.95, 3.11, 3.65, 2.86, 3.63, 3.87, 4.143, 3.89, 3.33, 2.86, 2.62, 2.33, 2.12, 2.36, 2.54, 2.55, 2.6, 2.78, 2.67, 2.09, 1.98, 1.86, 1.49, 1.12, 0.87, 0, 1.1, 1.33, 1.71, 1.72, 1.67, 1.2, 3.71, 4.75, 5.15, 4.96, 2.66, 1.9, 3.02, 3.17, 3.31, 3.43, 3.06, 2.97, 2.78, 2.96, 2.84, 2.46, 2.37, 2.51, 2.61, 2.34, 2.84, 3.03, 3.17, 3.51, 3.61, 3.6, 3.87, 4.11, 3.71, 2.39, 2.76, 3.34, 2.49, 2.57, 2.58, 3.37, 3.7, 4.08, 4.34, 4.88, 5.04, 5.01, 5.33, 5.432, 6.125, 6.462, 6.979, 7.341, 8.07, 8.16, 8.111, 8.601, 9.058], [2.7, 2.75, 2.91, 3.41, 2.64, 3.13, 3.39, 3.61, 3.55, 3.29, 2.92, 2.9, 2.59, 2.32, 2.78, 2.94, 2.71, 2.98, 2.9, 2.65, 2.29, 2.22, 2.02, 1.77, 1.54, 1.37, 1.1, 0, 0.81, 1.87, 1.92, 1.83, 1.02, 3.49, 4.37, 4.67, 4.48, 2.3, 2.26, 3.62, 3.65, 3.71, 3.73, 3.3, 3.15, 2.98, 3.08, 2.74, 2.46, 2.87, 3.03, 2.95, 2.7, 3.1, 3.55, 3.69, 3.87, 4.09, 4.1, 4.13, 4.51, 4.13, 2.93, 3.12, 3.72, 2.53, 2.79, 3.12, 3.83, 4.0, 4.32, 4.42, 4.84, 4.94, 5.01, 5.21, 5.13, 5.683, 5.968, 6.54, 6.893, 7.563, 7.653, 7.603, 8.093, 8.57], [2.35, 2.36, 2.66, 3.04, 2.41, 3.12, 3.36, 3.72, 3.62, 3.26, 2.89, 2.75, 2.36, 1.91, 2.41, 2.47, 2.54, 2.79, 2.59, 2.18, 1.94, 1.85, 1.75, 1.48, 1.33, 1.26, 1.33, 0.81, 0, 1.5, 1.59, 1.5, 0.89, 3.64, 4.5, 4.8, 4.57, 2.41, 1.95, 3.41, 3.4, 3.48, 3.26, 2.79, 2.56, 2.57, 2.73, 2.43, 2.27, 2.64, 2.76, 2.62, 2.33, 2.69, 3.26, 3.48, 3.7, 3.84, 3.79, 3.68, 4.24, 3.88, 2.66, 2.77, 3.51, 2.46, 2.88, 3.09, 3.8, 3.83, 4.17, 4.31, 4.79, 4.93, 5.1, 5.36, 5.34, 5.781, 6.159, 6.682, 7.072, 7.69, 7.797, 7.73, 8.226, 8.683], [1.89, 1.7, 1.82, 2.66, 2.85, 4.18, 4.58, 5.051, 4.64, 3.68, 3.35, 2.61, 2.14, 1.47, 1.69, 1.63, 1.74, 2.21, 1.93, 1.64, 1.14, 1.13, 1.17, 1.42, 1.33, 1.44, 1.71, 1.87, 1.5, 0, 0.79, 0.84, 1.63, 4.9, 5.76, 6.08, 5.85, 3.55, 1.37, 2.51, 2.38, 2.24, 2.16, 1.73, 1.42, 1.63, 1.87, 1.83, 1.47, 1.52, 1.7, 1.66, 1.43, 1.65, 2.0, 2.18, 2.52, 2.58, 2.53, 2.58, 2.88, 2.6, 1.68, 1.65, 2.51, 2.58, 3.2, 2.67, 3.42, 3.61, 4.07, 4.37, 5.07, 5.31, 5.5, 6.189, 6.423, 7.032, 7.376, 7.956, 8.329, 8.982, 9.051, 9.001, 9.491, 9.98], [1.98, 1.65, 1.89, 2.85, 3.0, 4.11, 4.59, 5.103, 4.69, 3.75, 3.32, 2.46, 2.07, 1.52, 1.6, 1.62, 1.57, 2.22, 1.94, 1.69, 1.21, 1.1, 1.2, 1.39, 1.38, 1.51, 1.72, 1.92, 1.59, 0.79, 0, 0.67, 1.44, 4.63, 5.71, 6.11, 5.92, 3.62, 1.4, 2.46, 2.21, 2.11, 2.27, 1.9, 1.57, 1.68, 1.88, 1.86, 1.46, 1.59, 1.65, 1.57, 1.32, 1.7, 1.99, 2.07, 2.43, 2.45, 2.48, 2.43, 2.75, 2.51, 1.69, 1.52, 2.3, 2.59, 2.99, 2.52, 3.33, 3.44, 3.92, 4.28, 5.12, 5.38, 5.49, 6.133, 6.395, 7.102, 7.422, 7.96, 8.295, 9.027, 9.117, 9.071, 9.561, 10.018], [1.93, 1.68, 1.76, 2.6, 2.81, 3.84, 4.28, 4.753, 4.34, 3.38, 2.97, 2.41, 2.04, 1.41, 1.55, 1.57, 1.72, 2.19, 2.05, 1.76, 1.12, 1.05, 1.13, 1.42, 1.33, 1.44, 1.67, 1.83, 1.5, 0.84, 0.67, 0, 1.25, 4.62, 5.44, 5.76, 5.59, 3.33, 1.39, 2.65, 2.52, 2.36, 2.36, 2.03, 1.72, 1.67, 2.01, 1.85, 1.57, 1.7, 1.9, 1.76, 1.49, 1.79, 2.16, 2.36, 2.62, 2.7, 2.75, 2.78, 3.12, 2.82, 1.84, 1.79, 2.61, 2.56, 2.82, 2.65, 3.4, 3.43, 3.81, 4.13, 4.89, 5.07, 5.16, 5.869, 6.143, 6.833, 7.099, 7.604, 7.989, 8.687, 8.777, 8.727, 9.217, 9.674], [2.26, 2.31, 2.53, 3.07, 2.54, 3.15, 3.43, 3.79, 3.53, 3.21, 2.78, 2.64, 2.37, 1.92, 2.12, 2.2, 2.27, 2.66, 2.6, 2.37, 1.85, 1.7, 1.62, 1.67, 1.56, 1.45, 1.2, 1.02, 0.89, 1.63, 1.44, 1.25, 0, 3.51, 4.41, 4.79, 4.6, 2.38, 1.92, 3.2, 3.19, 3.25, 3.41, 2.94, 2.59, 2.5, 2.6, 2.14, 2.08, 2.43, 2.55, 2.47, 2.1, 2.54, 3.09, 3.33, 3.57, 3.65, 3.64, 3.53, 3.99, 3.63, 2.45, 2.54, 3.28, 2.23, 2.47, 2.94, 3.75, 3.68, 4.04, 4.2, 4.66, 4.82, 4.87, 5.07, 5.198, 5.84, 6.108, 6.625, 7.001, 7.716, 7.806, 7.757, 8.247, 8.704], [4.71, 4.98, 5.24, 5.44, 3.75, 3.62, 3.38, 3.64, 3.96, 4.02, 3.67, 3.95, 4.12, 4.29, 4.39, 4.81, 4.92, 4.77, 5.03, 5.02, 4.78, 4.63, 4.67, 4.08, 4.25, 3.94, 3.71, 3.49, 3.64, 4.9, 4.63, 4.62, 3.51, 0, 1.68, 2.14, 1.95, 2.25, 4.49, 5.71, 5.9, 6.1, 6.36, 5.99, 5.58, 5.33, 4.99, 4.61, 4.67, 5.34, 5.14, 5.0, 4.69, 5.29, 6.02, 6.38, 6.58, 6.58, 6.53, 6.2, 6.8, 6.36, 4.92, 5.05, 5.87, 3.22, 3.26, 4.41, 4.48, 4.47, 4.29, 4.31, 4.53, 4.55, 4.56, 4.36, 3.96, 3.77, 3.79, 3.99, 4.34, 4.749, 4.899, 4.849, 5.319, 5.816], [5.29, 5.5, 6.02, 5.86, 4.05, 3.76, 3.38, 3.38, 3.76, 3.88, 3.63, 4.25, 4.6, 5.03, 5.43, 5.85, 6.02, 5.71, 5.95, 5.76, 5.46, 5.23, 5.35, 4.9, 5.19, 4.82, 4.75, 4.37, 4.5, 5.76, 5.71, 5.44, 4.41, 1.68, 0, 0.68, 0.73, 2.75, 5.39, 6.69, 7.0, 7.12, 7.12, 6.83, 6.3, 6.35, 6.21, 5.69, 5.91, 6.56, 6.42, 6.22, 5.81, 6.13, 7.14, 7.52, 7.6, 7.8, 7.67, 7.38, 8.02, 7.58, 6.06, 6.17, 7.13, 3.94, 3.7, 5.01, 4.72, 4.39, 4.07, 4.03, 4.17, 4.05, 4.34, 4.12, 3.48, 3.09, 3.29, 3.43, 3.76, 4.05, 4.02, 3.83, 3.954, 4.351], [5.43, 5.64, 6.1, 5.78, 4.01, 3.62, 3.26, 3.12, 3.52, 3.62, 3.53, 4.35, 4.76, 5.31, 5.77, 6.21, 6.4, 6.03, 6.23, 6.0, 5.72, 5.59, 5.57, 5.2, 5.49, 5.12, 5.15, 4.67, 4.8, 6.08, 6.11, 5.76, 4.79, 2.14, 0.68, 0, 0.61, 2.95, 5.71, 7.07, 7.38, 7.5, 7.38, 7.09, 6.6, 6.69, 6.55, 6.01, 6.29, 6.94, 6.8, 6.58, 6.19, 6.49, 7.52, 7.9, 7.98, 8.18, 8.05, 7.76, 8.4, 7.96, 6.44, 6.55, 7.51, 4.2, 3.72, 5.31, 4.8, 4.43, 3.95, 3.73, 3.81, 3.71, 4.1, 3.86, 3.32, 2.85, 2.97, 3.23, 3.56, 3.73, 3.72, 3.49, 3.62, 4.017], [5.22, 5.37, 5.81, 5.49, 3.86, 3.55, 3.19, 3.01, 3.39, 3.53, 3.54, 4.18, 4.49, 5.14, 5.56, 6.0, 6.21, 5.84, 6.0, 5.73, 5.55, 5.42, 5.36, 4.97, 5.24, 4.87, 4.96, 4.48, 4.57, 5.85, 5.92, 5.59, 4.6, 1.95, 0.73, 0.61, 0, 2.64, 5.48, 6.86, 7.17, 7.29, 7.13, 6.84, 6.33, 6.5, 6.34, 5.82, 6.08, 6.73, 6.59, 6.37, 5.98, 6.32, 7.31, 7.71, 7.79, 7.97, 7.84, 7.55, 8.19, 7.75, 6.23, 6.34, 7.3, 4.05, 3.57, 5.12, 4.75, 4.32, 3.92, 3.74, 3.76, 3.62, 4.09, 3.89, 3.35, 2.76, 2.96, 3.24, 3.57, 3.78, 3.77, 3.56, 3.716, 4.173], [3.32, 3.53, 3.89, 3.67, 2.38, 2.67, 2.59, 2.43, 2.53, 2.51, 2.38, 2.36, 2.71, 3.04, 3.34, 3.64, 3.91, 3.82, 3.78, 3.61, 3.29, 3.2, 3.14, 2.81, 2.98, 2.63, 2.66, 2.3, 2.41, 3.55, 3.62, 3.33, 2.38, 2.25, 2.75, 2.95, 2.64, 0, 2.96, 4.48, 4.79, 4.97, 4.87, 4.6, 4.13, 4.28, 4.16, 3.64, 3.76, 4.35, 4.21, 4.01, 3.66, 4.1, 4.99, 5.39, 5.53, 5.65, 5.5, 5.21, 5.81, 5.41, 3.95, 4.12, 4.96, 2.13, 2.03, 3.08, 3.29, 3.02, 3.14, 3.32, 3.48, 3.58, 3.81, 3.75, 3.39, 3.78, 4.114, 4.634, 5.044, 5.603, 5.69, 5.596, 6.039, 6.556], [2.14, 1.97, 2.23, 2.61, 2.32, 3.47, 3.95, 4.43, 4.03, 3.13, 2.76, 1.92, 1.55, 1.14, 1.24, 1.34, 1.67, 1.98, 1.94, 2.05, 1.37, 1.44, 1.52, 1.75, 1.72, 1.83, 1.9, 2.26, 1.95, 1.37, 1.4, 1.39, 1.92, 4.49, 5.39, 5.71, 5.48, 2.96, 0, 1.8, 2.05, 2.25, 2.43, 2.16, 2.01, 2.06, 2.16, 2.22, 1.78, 1.77, 1.65, 1.61, 1.34, 1.74, 2.33, 2.71, 3.01, 3.03, 2.76, 2.71, 3.15, 2.77, 1.67, 1.62, 2.4, 2.01, 2.45, 1.92, 2.63, 2.9, 3.34, 3.5, 4.28, 4.54, 4.71, 5.379, 5.65, 6.36, 6.688, 7.28, 7.639, 8.256, 8.386, 8.356, 8.775, 9.283], [2.92, 2.69, 2.77, 2.87, 3.5, 4.69, 5.33, 5.83, 5.43, 4.51, 4.04, 3.1, 2.57, 2.0, 1.78, 1.64, 1.63, 1.7, 1.78, 2.13, 2.01, 2.14, 2.4, 2.73, 2.86, 3.15, 3.02, 3.62, 3.41, 2.51, 2.46, 2.65, 3.2, 5.71, 6.69, 7.07, 6.86, 4.48, 1.8, 0, 1.05, 1.47, 2.13, 2.14, 2.35, 2.52, 2.8, 2.98, 2.48, 2.03, 1.97, 2.03, 2.02, 2.6, 2.39, 2.11, 2.41, 2.45, 2.02, 2.45, 2.57, 2.23, 1.95, 1.84, 1.98, 3.09, 3.73, 2.1, 2.95, 3.44, 4.36, 4.78, 5.76, 6.0, 6.13, 6.821, 7.11, 7.802, 8.102, 8.645, 9.001, 9.691, 9.801, 9.751, 10.221, 10.695], [2.85, 2.5, 2.44, 2.8, 3.87, 5.1, 5.72, 6.24, 5.82, 4.88, 4.41, 3.41, 2.82, 2.19, 1.77, 1.59, 1.46, 1.73, 1.57, 2.06, 2.08, 2.23, 2.45, 2.9, 2.97, 3.26, 3.17, 3.65, 3.4, 2.38, 2.21, 2.52, 3.19, 5.9, 7.0, 7.38, 7.17, 4.79, 2.05, 1.05, 0, 1.04, 2.0, 1.81, 2.16, 2.23, 2.53, 2.69, 2.17, 1.78, 1.76, 1.82, 1.97, 2.33, 2.12, 1.8, 1.84, 1.96, 1.49, 1.68, 1.88, 1.62, 1.92, 1.49, 1.27, 3.42, 4.08, 2.27, 3.36, 3.73, 4.59, 5.146, 6.126, 6.386, 6.536, 7.211, 7.502, 8.212, 8.529, 9.055, 9.422, 10.141, 10.225, 10.181, 10.671, 11.145], [2.83, 2.46, 2.32, 2.86, 4.03, 5.236, 5.86, 6.373, 5.96, 5.0, 4.53, 3.55, 2.94, 2.33, 2.01, 1.67, 1.5, 1.77, 1.77, 2.06, 2.12, 2.33, 2.51, 3.0, 3.03, 3.36, 3.31, 3.71, 3.48, 2.24, 2.11, 2.36, 3.25, 6.1, 7.12, 7.5, 7.29, 4.97, 2.25, 1.47, 1.04, 0, 1.34, 1.45, 1.58, 1.65, 2.05, 2.37, 1.91, 1.62, 1.78, 1.8, 1.77, 1.87, 1.54, 1.36, 1.5, 1.66, 1.53, 1.76, 1.62, 1.32, 1.82, 1.43, 1.31, 3.58, 4.28, 2.53, 3.42, 3.93, 4.75, 5.315, 6.289, 6.549, 6.719, 7.414, 7.691, 8.355, 8.675, 9.203, 9.568, 10.3, 10.39, 10.344, 10.834, 11.291], [3.03, 2.68, 2.54, 3.18, 4.01, 5.5, 5.94, 6.24, 5.8, 4.84, 4.41, 3.57, 3.14, 2.35, 2.27, 1.89, 2.3, 2.71, 2.33, 2.24, 2.1, 2.29, 2.39, 2.82, 2.81, 3.1, 3.43, 3.73, 3.26, 2.16, 2.27, 2.36, 3.41, 6.36, 7.12, 7.38, 7.13, 4.87, 2.43, 2.13, 2.0, 1.34, 0, 0.83, 1.24, 1.47, 1.89, 2.17, 2.17, 1.92, 2.26, 2.32, 2.23, 1.51, 1.38, 1.48, 1.92, 2.1, 1.91, 2.22, 1.88, 1.72, 1.88, 1.69, 2.29, 3.84, 4.58, 3.15, 3.66, 3.99, 4.91, 5.39, 6.29, 6.51, 6.86, 7.554, 7.812, 8.322, 8.742, 9.244, 9.634, 10.23, 10.34, 10.25, 10.726, 11.203], [2.68, 2.27, 2.15, 2.73, 3.7, 5.21, 5.65, 5.93, 5.49, 4.53, 4.14, 3.24, 2.79, 2.02, 1.92, 1.52, 1.81, 2.28, 1.92, 1.77, 1.59, 1.86, 1.88, 2.35, 2.32, 2.63, 3.06, 3.3, 2.79, 1.73, 1.9, 2.03, 2.94, 5.99, 6.83, 7.09, 6.84, 4.6, 2.16, 2.14, 1.81, 1.45, 0.83, 0, 0.79, 1.28, 1.8, 1.98, 1.76, 1.51, 1.85, 1.97, 1.92, 1.56, 1.35, 1.29, 1.67, 1.87, 1.74, 1.87, 1.87, 1.61, 1.61, 1.4, 1.88, 3.55, 4.29, 2.92, 3.51, 3.82, 4.68, 5.14, 6.04, 6.22, 6.57, 7.282, 7.519, 7.997, 8.429, 8.992, 9.382, 9.932, 10.027, 9.966, 10.476, 10.953], [2.29, 1.94, 1.86, 2.5, 3.29, 4.78, 5.14, 5.5, 5.1, 4.12, 3.75, 2.85, 2.3, 1.77, 1.65, 1.35, 1.64, 2.11, 1.97, 1.54, 1.38, 1.49, 1.67, 2.14, 2.35, 2.56, 2.97, 3.15, 2.56, 1.42, 1.57, 1.72, 2.59, 5.58, 6.3, 6.6, 6.33, 4.13, 2.01, 2.35, 2.16, 1.58, 1.24, 0.79, 0, 1.01, 1.33, 1.57, 1.59, 1.54, 1.78, 1.68, 1.57, 1.09, 1.28, 1.66, 2.02, 2.14, 2.05, 1.94, 2.18, 1.76, 1.48, 1.07, 2.05, 3.06, 3.8, 2.73, 3.46, 3.47, 4.17, 4.59, 5.49, 5.71, 6.06, 6.772, 6.989, 7.533, 7.939, 8.502, 8.872, 9.484, 9.557, 9.484, 9.986, 10.443], [2.5, 2.21, 1.99, 2.73, 3.34, 4.61, 5.21, 5.701, 5.29, 4.33, 3.84, 3.16, 2.53, 1.82, 1.74, 1.46, 1.55, 1.92, 2.12, 2.01, 1.81, 1.76, 2.12, 2.31, 2.54, 2.75, 2.78, 2.98, 2.57, 1.63, 1.68, 1.67, 2.5, 5.33, 6.35, 6.69, 6.5, 4.28, 2.06, 2.52, 2.23, 1.65, 1.47, 1.28, 1.01, 0, 0.76, 1.1, 1.18, 1.45, 1.69, 1.45, 1.24, 0.98, 0.97, 1.29, 1.69, 1.79, 2.12, 1.99, 2.23, 1.53, 1.29, 1.14, 1.96, 3.03, 3.664, 3.06, 4.01, 4.14, 4.52, 4.88, 5.7, 5.9, 6.058, 6.787, 7.044, 7.673, 7.996, 8.528, 8.924, 9.617, 9.707, 9.657, 10.147, 10.624], [2.22, 2.09, 1.91, 2.79, 3.18, 4.55, 5.07, 5.572, 5.17, 4.23, 3.82, 3.38, 2.71, 2.0, 1.8, 1.62, 1.77, 2.3, 2.54, 2.19, 2.23, 2.12, 2.5, 2.69, 2.92, 3.01, 2.96, 3.08, 2.73, 1.87, 1.88, 2.01, 2.6, 4.99, 6.21, 6.55, 6.34, 4.16, 2.16, 2.8, 2.53, 2.05, 1.89, 1.8, 1.33, 0.76, 0, 0.72, 1.1, 1.49, 1.65, 1.55, 1.24, 0.96, 1.25, 1.63, 2.03, 1.97, 2.32, 2.07, 2.27, 1.71, 1.31, 1.26, 2.2, 2.67, 3.41, 3.32, 4.23, 4.36, 4.56, 4.64, 5.48, 5.8, 5.875, 6.438, 6.821, 7.487, 7.851, 8.37, 8.763, 9.453, 9.563, 9.519, 9.969, 10.485], [2.0, 1.89, 1.75, 2.53, 2.76, 3.99, 4.51, 5.029, 4.63, 3.81, 3.56, 3.26, 2.75, 2.06, 1.84, 1.7, 1.89, 2.44, 2.56, 2.25, 2.19, 2.0, 2.4, 2.61, 2.82, 2.93, 2.84, 2.74, 2.43, 1.83, 1.86, 1.85, 2.14, 4.61, 5.69, 6.01, 5.82, 3.64, 2.22, 2.98, 2.69, 2.37, 2.17, 1.98, 1.57, 1.1, 0.72, 0, 1.08, 1.67, 1.83, 1.65, 1.48, 1.32, 1.73, 2.15, 2.47, 2.49, 2.74, 2.37, 2.65, 2.17, 1.33, 1.34, 2.36, 2.37, 3.09, 3.44, 4.33, 4.34, 4.46, 4.42, 5.16, 5.42, 5.41, 5.901, 6.33, 6.988, 7.288, 7.805, 8.201, 8.89, 9.0, 8.956, 9.406, 9.919], [2.04, 1.79, 1.81, 2.65, 2.98, 4.163, 4.8, 5.303, 4.91, 4.05, 3.66, 3.08, 2.53, 1.76, 1.56, 1.6, 1.71, 2.04, 2.38, 2.13, 1.91, 1.84, 2.12, 2.25, 2.34, 2.55, 2.46, 2.46, 2.27, 1.47, 1.46, 1.57, 2.08, 4.67, 5.91, 6.29, 6.08, 3.76, 1.78, 2.48, 2.17, 1.91, 2.17, 1.76, 1.59, 1.18, 1.1, 1.08, 0, 0.99, 1.21, 1.31, 1.0, 1.4, 1.53, 1.85, 2.11, 2.15, 2.48, 2.41, 2.55, 1.97, 1.23, 1.2, 1.92, 2.53, 3.23, 3.02, 3.93, 4.18, 4.36, 4.38, 5.22, 5.42, 5.569, 6.261, 6.555, 7.242, 7.582, 8.119, 8.494, 9.207, 9.317, 9.271, 9.721, 10.218], [2.43, 2.2, 2.08, 3.12, 3.57, 4.819, 5.46, 5.959, 5.56, 4.6, 4.15, 3.35, 2.8, 2.01, 1.69, 1.67, 1.8, 1.93, 2.47, 2.34, 1.94, 1.95, 2.13, 2.46, 2.37, 2.58, 2.37, 2.87, 2.64, 1.52, 1.59, 1.7, 2.43, 5.34, 6.56, 6.94, 6.73, 4.35, 1.77, 2.03, 1.78, 1.62, 1.92, 1.51, 1.54, 1.45, 1.49, 1.67, 0.99, 0, 0.76, 1.08, 1.09, 1.63, 1.36, 1.5, 1.86, 1.82, 2.19, 2.48, 2.5, 1.94, 1.08, 1.31, 1.77, 3.12, 3.788, 3.09, 3.92, 4.33, 4.71, 4.87, 5.77, 6.078, 6.22, 6.874, 7.196, 7.88, 8.22, 8.746, 9.171, 9.846, 9.956, 9.906, 10.356, 10.873], [2.45, 2.22, 2.36, 3.1, 3.48, 4.687, 5.304, 5.807, 5.42, 4.46, 3.97, 3.15, 2.62, 1.91, 1.47, 1.57, 1.68, 1.85, 2.35, 2.28, 1.98, 2.03, 2.23, 2.56, 2.49, 2.66, 2.51, 3.03, 2.76, 1.7, 1.65, 1.9, 2.55, 5.14, 6.42, 6.8, 6.59, 4.21, 1.65, 1.97, 1.76, 1.78, 2.26, 1.85, 1.78, 1.69, 1.65, 1.83, 1.21, 0.76, 0, 0.74, 0.93, 1.77, 1.7, 1.82, 2.1, 2.02, 2.31, 2.38, 2.6, 2.16, 1.2, 1.29, 1.73, 2.96, 3.61, 2.81, 3.76, 4.07, 4.51, 4.75, 5.65, 5.926, 6.09, 6.678, 7.012, 7.702, 8.042, 8.565, 8.972, 9.668, 9.778, 9.745, 10.195, 10.712], [2.33, 2.04, 2.08, 2.88, 3.203, 4.45, 5.087, 5.59, 5.2, 4.24, 3.75, 2.83, 2.32, 1.63, 1.37, 1.45, 1.48, 1.67, 2.01, 1.98, 1.8, 1.67, 1.99, 2.26, 2.49, 2.68, 2.61, 2.95, 2.62, 1.66, 1.57, 1.76, 2.47, 5.0, 6.22, 6.58, 6.37, 4.01, 1.61, 2.03, 1.82, 1.8, 2.32, 1.97, 1.68, 1.45, 1.55, 1.65, 1.31, 1.08, 0.74, 0, 0.85, 1.71, 1.62, 1.88, 2.04, 2.02, 2.29, 2.2, 2.68, 2.18, 1.28, 1.15, 1.79, 2.64, 3.411, 2.67, 3.7, 3.85, 4.17, 4.43, 5.37, 5.629, 5.813, 6.442, 6.839, 7.488, 7.828, 8.351, 8.778, 9.454, 9.564, 9.531, 9.981, 10.498], [2.2, 1.97, 2.13, 2.93, 2.86, 4.07, 4.689, 5.192, 4.79, 3.83, 3.38, 2.68, 2.17, 1.56, 1.38, 1.5, 1.63, 1.92, 2.22, 2.07, 1.79, 1.68, 2.0, 2.21, 2.3, 2.51, 2.34, 2.7, 2.33, 1.43, 1.32, 1.49, 2.1, 4.69, 5.81, 6.19, 5.98, 3.66, 1.34, 2.02, 1.97, 1.77, 2.23, 1.92, 1.57, 1.24, 1.24, 1.48, 1.0, 1.09, 0.93, 0.85, 0, 1.26, 1.59, 1.87, 2.25, 2.11, 2.42, 2.43, 2.75, 2.15, 1.13, 1.22, 2.02, 2.35, 2.99, 2.58, 3.59, 3.72, 4.06, 4.28, 5.12, 5.36, 5.463, 6.097, 6.449, 7.116, 7.456, 7.979, 8.374, 9.082, 9.183, 9.139, 9.598, 10.106], [2.44, 2.23, 2.35, 3.15, 3.28, 4.53, 5.01, 5.501, 5.09, 4.17, 3.68, 2.98, 2.45, 1.86, 1.66, 1.62, 1.93, 2.4, 2.44, 2.37, 1.99, 1.98, 2.18, 2.45, 2.6, 2.77, 2.84, 3.1, 2.69, 1.65, 1.7, 1.79, 2.54, 5.29, 6.13, 6.49, 6.32, 4.1, 1.74, 2.6, 2.33, 1.87, 1.51, 1.56, 1.09, 0.98, 0.96, 1.32, 1.4, 1.63, 1.77, 1.71, 1.26, 0, 1.25, 1.67, 2.19, 2.15, 2.28, 2.23, 2.29, 1.77, 1.39, 1.18, 2.28, 2.83, 3.43, 2.94, 3.67, 3.88, 4.42, 4.62, 5.44, 5.7, 5.85, 6.499, 6.799, 7.459, 7.829, 8.343, 8.719, 9.405, 9.501, 9.451, 9.941, 10.415], [2.95, 2.62, 2.36, 3.34, 4.126, 5.42, 6.04, 6.542, 6.14, 5.18, 4.69, 3.73, 3.24, 2.35, 2.01, 1.71, 1.86, 2.21, 2.47, 2.42, 2.12, 2.15, 2.43, 2.84, 2.89, 3.16, 3.03, 3.55, 3.26, 2.0, 1.99, 2.16, 3.09, 6.02, 7.14, 7.52, 7.31, 4.99, 2.33, 2.39, 2.12, 1.54, 1.38, 1.35, 1.28, 0.97, 1.25, 1.73, 1.53, 1.36, 1.7, 1.62, 1.59, 1.25, 0, 0.92, 1.54, 1.46, 1.85, 2.02, 1.94, 1.28, 1.66, 1.37, 1.83, 3.66, 4.408, 3.23, 4.26, 4.55, 5.13, 5.45, 6.45, 6.69, 6.82, 7.514, 7.779, 8.475, 8.815, 9.34, 9.751, 10.44, 10.55, 10.501, 10.951, 11.456], [3.09, 2.8, 2.42, 3.26, 4.523, 5.788, 6.42, 6.928, 6.52, 5.56, 5.07, 4.03, 3.46, 2.71, 2.31, 1.85, 1.72, 2.15, 2.25, 2.34, 2.34, 2.45, 2.65, 3.06, 3.11, 3.3, 3.17, 3.69, 3.48, 2.18, 2.07, 2.36, 3.33, 6.38, 7.52, 7.9, 7.71, 5.39, 2.71, 2.11, 1.8, 1.36, 1.48, 1.29, 1.66, 1.29, 1.63, 2.15, 1.85, 1.5, 1.82, 1.88, 1.87, 1.67, 0.92, 0, 0.88, 0.98, 1.55, 1.88, 1.76, 1.2, 1.88, 1.49, 1.65, 4.04, 4.731, 3.27, 4.32, 4.67, 5.35, 5.792, 6.772, 7.063, 7.222, 7.911, 8.179, 8.872, 9.192, 9.715, 10.131, 10.817, 10.925, 10.875, 11.348, 11.842], [3.27, 2.9, 2.54, 3.04, 4.612, 5.86, 6.48, 6.973, 6.56, 5.6, 5.13, 4.19, 3.54, 2.85, 2.59, 2.13, 1.82, 2.21, 2.03, 2.3, 2.58, 2.75, 2.89, 3.28, 3.45, 3.62, 3.51, 3.87, 3.7, 2.52, 2.43, 2.62, 3.57, 6.58, 7.6, 7.98, 7.79, 5.53, 3.01, 2.41, 1.84, 1.5, 1.92, 1.67, 2.02, 1.69, 2.03, 2.47, 2.11, 1.86, 2.1, 2.04, 2.25, 2.19, 1.54, 0.88, 0, 0.72, 1.33, 1.6, 1.64, 1.24, 2.28, 1.85, 1.57, 4.2, 4.94, 3.35, 4.52, 4.85, 5.41, 5.935, 6.912, 7.152, 7.342, 8.054, 8.308, 8.96, 9.289, 9.815, 10.2, 10.906, 10.996, 10.947, 11.437, 11.894], [3.37, 3.08, 2.72, 3.26, 4.783, 6.065, 6.7, 7.205, 6.8, 5.84, 5.35, 4.31, 3.72, 3.03, 2.55, 2.15, 1.84, 2.27, 2.29, 2.68, 2.78, 2.85, 3.05, 3.5, 3.53, 3.74, 3.61, 4.09, 3.84, 2.58, 2.45, 2.7, 3.65, 6.58, 7.8, 8.18, 7.97, 5.65, 3.03, 2.45, 1.96, 1.66, 2.1, 1.87, 2.14, 1.79, 1.97, 2.49, 2.15, 1.82, 2.02, 2.02, 2.11, 2.15, 1.46, 0.98, 0.72, 0, 1.39, 1.6, 1.54, 0.94, 2.2, 1.81, 1.41, 4.28, 4.994, 3.63, 4.72, 5.09, 5.61, 6.046, 7.026, 7.323, 7.473, 8.131, 8.425, 9.126, 9.466, 10.006, 10.396, 11.092, 11.196, 11.152, 11.608, 12.119], [3.22, 2.93, 2.55, 3.07, 4.673, 6.03, 6.57, 7.072, 6.67, 5.71, 5.22, 4.16, 3.59, 2.88, 2.44, 1.96, 1.77, 2.36, 1.96, 2.39, 2.47, 2.64, 2.84, 3.33, 3.34, 3.63, 3.6, 4.1, 3.79, 2.53, 2.48, 2.75, 3.64, 6.53, 7.67, 8.05, 7.84, 5.5, 2.76, 2.02, 1.49, 1.53, 1.91, 1.74, 2.05, 2.12, 2.32, 2.74, 2.48, 2.19, 2.31, 2.29, 2.42, 2.28, 1.85, 1.55, 1.33, 1.39, 0, 0.93, 0.87, 1.19, 2.29, 1.86, 1.5, 4.15, 4.93, 3.18, 4.09, 4.56, 5.405, 5.896, 6.876, 7.173, 7.35, 7.999, 8.321, 8.996, 9.379, 9.902, 10.299, 10.962, 11.063, 11.019, 11.478, 11.986], [3.01, 2.74, 2.36, 2.74, 4.41, 5.78, 6.28, 6.773, 6.38, 5.42, 4.95, 3.89, 3.34, 2.67, 2.31, 1.81, 1.66, 2.47, 1.79, 2.16, 2.36, 2.47, 2.75, 3.2, 3.39, 3.7, 3.87, 4.13, 3.68, 2.58, 2.43, 2.78, 3.53, 6.2, 7.38, 7.76, 7.55, 5.21, 2.71, 2.45, 1.68, 1.76, 2.22, 1.87, 1.94, 1.99, 2.07, 2.37, 2.41, 2.48, 2.38, 2.2, 2.43, 2.23, 2.02, 1.88, 1.6, 1.6, 0.93, 0, 0.9, 1.24, 2.38, 1.75, 1.49, 3.9, 4.68, 3.01, 4.2, 4.35, 5.106, 5.541, 6.501, 6.815, 7.057, 7.686, 8.06, 8.682, 9.052, 9.632, 10.006, 10.661, 10.752, 10.719, 11.171, 11.686], [3.51, 3.24, 2.86, 3.34, 5.05, 6.4, 6.92, 7.419, 7.02, 6.06, 5.59, 4.49, 3.96, 3.27, 2.79, 2.31, 2.18, 2.97, 2.31, 2.76, 2.86, 3.03, 3.23, 3.72, 3.75, 4.06, 4.11, 4.51, 4.24, 2.88, 2.75, 3.12, 3.99, 6.8, 8.02, 8.4, 8.19, 5.81, 3.15, 2.57, 1.88, 1.62, 1.88, 1.87, 2.18, 2.23, 2.27, 2.65, 2.55, 2.5, 2.6, 2.68, 2.75, 2.29, 1.94, 1.76, 1.64, 1.54, 0.87, 0.9, 0, 1.16, 2.48, 2.11, 1.63, 4.5, 5.257, 3.57, 4.44, 4.91, 5.752, 6.175, 7.138, 7.495, 7.677, 8.306, 8.645, 9.342, 9.682, 10.253, 10.631, 11.306, 11.398, 11.365, 11.815, 12.332], [3.25, 2.94, 2.6, 3.0, 4.563, 5.842, 6.479, 6.982, 6.58, 5.62, 5.13, 4.05, 3.5, 2.79, 2.31, 1.87, 1.68, 2.25, 2.09, 2.46, 2.52, 2.67, 2.93, 3.38, 3.41, 3.74, 3.71, 4.13, 3.88, 2.6, 2.51, 2.82, 3.63, 6.36, 7.58, 7.96, 7.75, 5.41, 2.77, 2.23, 1.62, 1.32, 1.72, 1.61, 1.76, 1.53, 1.71, 2.17, 1.97, 1.94, 2.16, 2.18, 2.15, 1.77, 1.28, 1.2, 1.24, 0.94, 1.19, 1.24, 1.16, 0, 1.96, 1.51, 1.07, 4.02, 4.774, 3.27, 4.26, 4.67, 5.37, 5.806, 6.786, 7.083, 7.233, 7.888, 8.21, 8.906, 9.246, 9.786, 10.173, 10.872, 10.973, 10.929, 11.388, 11.896], [2.45, 2.3, 2.26, 3.0, 3.03, 4.34, 4.9, 5.405, 5.0, 4.04, 3.65, 3.03, 2.5, 1.83, 1.47, 1.49, 1.74, 2.05, 2.39, 2.38, 2.04, 1.91, 2.29, 2.5, 2.43, 2.58, 2.39, 2.93, 2.66, 1.68, 1.69, 1.84, 2.45, 4.92, 6.06, 6.44, 6.23, 3.95, 1.67, 1.95, 1.92, 1.82, 1.88, 1.61, 1.48, 1.29, 1.31, 1.33, 1.23, 1.08, 1.2, 1.28, 1.13, 1.39, 1.66, 1.88, 2.28, 2.2, 2.29, 2.38, 2.48, 1.96, 0, 0.97, 1.79, 2.66, 3.26, 2.85, 3.64, 4.03, 4.43, 4.71, 5.49, 5.77, 5.8, 6.342, 6.63, 7.34, 7.677, 8.22, 8.596, 9.283, 9.39, 9.352, 9.805, 10.319], [2.16, 1.93, 1.73, 2.57, 3.14, 4.47, 5.03, 5.535, 5.13, 4.17, 3.68, 2.68, 2.15, 1.44, 1.06, 1.0, 1.21, 1.6, 1.72, 1.79, 1.65, 1.68, 1.96, 2.27, 2.48, 2.69, 2.76, 3.12, 2.77, 1.65, 1.52, 1.79, 2.54, 5.05, 6.17, 6.55, 6.34, 4.12, 1.62, 1.84, 1.49, 1.43, 1.69, 1.4, 1.07, 1.14, 1.26, 1.34, 1.2, 1.31, 1.29, 1.15, 1.22, 1.18, 1.37, 1.49, 1.85, 1.81, 1.86, 1.75, 2.11, 1.51, 0.97, 0, 1.32, 2.61, 3.33, 2.26, 3.25, 3.46, 3.98, 4.44, 5.353, 5.653, 5.803, 6.461, 6.769, 7.453, 7.813, 8.316, 8.726, 9.419, 9.523, 9.482, 9.938, 10.449], [2.88, 2.63, 2.39, 2.55, 4.1, 5.355, 5.99, 6.495, 6.09, 5.13, 4.64, 3.62, 3.07, 2.42, 1.9, 1.66, 1.37, 1.68, 1.7, 2.37, 2.37, 2.36, 2.58, 2.97, 3.18, 3.39, 3.34, 3.72, 3.51, 2.51, 2.3, 2.61, 3.28, 5.87, 7.13, 7.51, 7.3, 4.96, 2.4, 1.98, 1.27, 1.31, 2.29, 1.88, 2.05, 1.96, 2.2, 2.36, 1.92, 1.77, 1.73, 1.79, 2.02, 2.28, 1.83, 1.65, 1.57, 1.41, 1.5, 1.49, 1.63, 1.07, 1.79, 1.32, 0, 3.55, 4.29, 2.84, 3.93, 4.28, 4.9, 5.333, 6.293, 6.611, 6.761, 7.397, 7.706, 8.41, 8.747, 9.27, 9.674, 10.373, 10.48, 10.442, 10.895, 11.409], [2.27, 2.46, 2.72, 2.78, 1.21, 2.26, 2.56, 2.98, 2.7, 2.08, 1.77, 1.43, 1.46, 1.77, 1.89, 2.31, 2.56, 2.33, 2.61, 2.54, 2.34, 2.19, 2.35, 2.0, 2.45, 2.3, 2.49, 2.53, 2.46, 2.58, 2.59, 2.56, 2.23, 3.22, 3.94, 4.2, 4.05, 2.13, 2.01, 3.09, 3.42, 3.58, 3.84, 3.55, 3.06, 3.03, 2.67, 2.37, 2.53, 3.12, 2.96, 2.64, 2.35, 2.83, 3.66, 4.04, 4.2, 4.28, 4.15, 3.9, 4.5, 4.02, 2.66, 2.61, 3.55, 0, 1.28, 1.81, 2.32, 2.33, 2.49, 2.45, 3.15, 3.35, 3.44, 3.888, 4.32, 4.929, 5.269, 5.772, 6.173, 6.858, 6.959, 6.929, 7.388, 7.896], [2.89, 2.88, 3.2, 3.26, 1.69, 2.0, 2.18, 2.44, 2.02, 1.38, 1.25, 1.41, 1.7, 2.35, 2.63, 3.09, 3.237, 3.03, 3.35, 3.22, 2.94, 2.75, 2.79, 2.42, 2.67, 2.46, 2.57, 2.79, 2.88, 3.2, 2.99, 2.82, 2.47, 3.26, 3.7, 3.72, 3.57, 2.03, 2.45, 3.73, 4.08, 4.28, 4.58, 4.29, 3.8, 3.664, 3.41, 3.09, 3.23, 3.788, 3.61, 3.411, 2.99, 3.43, 4.408, 4.731, 4.94, 4.994, 4.93, 4.68, 5.257, 4.774, 3.26, 3.33, 4.29, 1.28, 0, 2.05, 2.06, 1.89, 1.85, 2.01, 2.47, 2.65, 2.72, 3.209, 3.652, 4.342, 4.542, 5.012, 5.439, 6.118, 6.225, 6.195, 6.668, 7.162], [3.04, 2.79, 2.99, 3.05, 2.34, 3.27, 3.71, 4.07, 3.67, 2.77, 2.38, 1.34, 1.19, 1.68, 1.78, 2.16, 2.15, 1.82, 1.8, 2.05, 1.97, 2.16, 2.06, 1.93, 2.24, 2.21, 2.58, 3.12, 3.09, 2.67, 2.52, 2.65, 2.94, 4.41, 5.01, 5.31, 5.12, 3.08, 1.92, 2.1, 2.27, 2.53, 3.15, 2.92, 2.73, 3.06, 3.32, 3.44, 3.02, 3.09, 2.81, 2.67, 2.58, 2.94, 3.23, 3.27, 3.35, 3.63, 3.18, 3.01, 3.57, 3.27, 2.85, 2.26, 2.84, 1.81, 2.05, 0, 1.35, 1.64, 2.44, 3.04, 3.98, 4.2, 4.39, 5.116, 5.35, 6.005, 6.325, 6.886, 7.216, 7.934, 8.024, 7.994, 8.484, 8.941], [3.95, 3.66, 4.0, 3.92, 2.51, 2.96, 3.16, 3.38, 2.9, 2.16, 1.89, 1.51, 1.82, 2.45, 2.77, 3.13, 3.22, 2.85, 2.73, 2.98, 2.74, 3.01, 2.75, 2.54, 2.73, 2.78, 3.37, 3.83, 3.8, 3.42, 3.33, 3.4, 3.75, 4.48, 4.72, 4.8, 4.75, 3.29, 2.63, 2.95, 3.36, 3.42, 3.66, 3.51, 3.46, 4.01, 4.23, 4.33, 3.93, 3.92, 3.76, 3.7, 3.59, 3.67, 4.26, 4.32, 4.52, 4.72, 4.09, 4.2, 4.44, 4.26, 3.64, 3.25, 3.93, 2.32, 2.06, 1.35, 0, 0.79, 1.61, 2.37, 3.11, 3.29, 3.6, 4.289, 4.549, 5.121, 5.439, 6.016, 6.389, 7.039, 7.12, 7.11, 7.58, 8.04], [3.7, 3.47, 3.87, 3.61, 2.4, 2.83, 2.89, 2.93, 2.43, 1.73, 1.62, 1.38, 1.83, 2.58, 2.92, 3.3, 3.45, 3.18, 2.98, 2.89, 2.69, 2.84, 2.66, 2.63, 3.0, 3.01, 3.7, 4.0, 3.83, 3.61, 3.44, 3.43, 3.68, 4.47, 4.39, 4.43, 4.32, 3.02, 2.9, 3.44, 3.73, 3.93, 3.99, 3.82, 3.47, 4.14, 4.36, 4.34, 4.18, 4.33, 4.07, 3.85, 3.72, 3.88, 4.55, 4.67, 4.85, 5.09, 4.56, 4.35, 4.91, 4.67, 4.03, 3.46, 4.28, 2.33, 1.89, 1.64, 0.79, 0, 1.2, 1.92, 2.62, 2.78, 3.29, 3.924, 4.179, 4.646, 5.052, 5.634, 6.024, 6.56, 6.63, 6.554, 7.039, 7.496], [3.58, 3.39, 3.79, 3.51, 2.6, 2.77, 2.65, 2.43, 1.97, 1.51, 1.66, 1.78, 2.27, 3.02, 3.4, 3.84, 3.89, 3.6, 3.671, 3.45, 3.37, 3.36, 3.26, 3.25, 3.68, 3.53, 4.08, 4.32, 4.17, 4.07, 3.92, 3.81, 4.04, 4.29, 4.07, 3.95, 3.92, 3.14, 3.34, 4.36, 4.59, 4.75, 4.91, 4.68, 4.17, 4.52, 4.56, 4.46, 4.36, 4.71, 4.51, 4.17, 4.06, 4.42, 5.13, 5.35, 5.41, 5.61, 5.405, 5.106, 5.752, 5.37, 4.43, 3.98, 4.9, 2.49, 1.85, 2.44, 1.61, 1.2, 0, 1.3, 1.66, 1.98, 2.49, 3.05, 3.382, 4.12, 4.249, 4.72, 5.13, 5.706, 5.793, 5.746, 6.144, 6.63], [3.54, 3.37, 3.75, 3.71, 2.52, 2.51, 2.39, 2.25, 1.91, 1.61, 1.86, 2.18, 2.67, 3.32, 3.7, 4.1, 4.343, 4.06, 4.237, 4.01, 3.77, 3.74, 3.72, 3.55, 4.0, 3.89, 4.34, 4.42, 4.31, 4.37, 4.28, 4.13, 4.2, 4.31, 4.03, 3.73, 3.74, 3.32, 3.5, 4.78, 5.146, 5.315, 5.39, 5.14, 4.59, 4.88, 4.64, 4.42, 4.38, 4.87, 4.75, 4.43, 4.28, 4.62, 5.45, 5.792, 5.935, 6.046, 5.896, 5.541, 6.175, 5.806, 4.71, 4.44, 5.333, 2.45, 2.01, 3.04, 2.37, 1.92, 1.3, 0, 1.06, 1.38, 1.73, 2.39, 2.87, 3.56, 3.74, 4.22, 4.63, 5.26, 5.37, 5.293, 5.703, 6.181], [4.16, 4.25, 4.63, 4.17, 3.1, 2.91, 2.65, 2.13, 1.77, 1.93, 2.38, 2.9, 3.49, 4.26, 4.64, 5.04, 5.263, 4.985, 5.171, 4.907, 4.69, 4.58, 4.48, 4.27, 4.7, 4.45, 4.88, 4.84, 4.79, 5.07, 5.12, 4.89, 4.66, 4.53, 4.17, 3.81, 3.76, 3.48, 4.28, 5.76, 6.126, 6.289, 6.29, 6.04, 5.49, 5.7, 5.48, 5.16, 5.22, 5.77, 5.65, 5.37, 5.12, 5.44, 6.45, 6.772, 6.912, 7.026, 6.876, 6.501, 7.138, 6.786, 5.49, 5.353, 6.293, 3.15, 2.47, 3.98, 3.11, 2.62, 1.66, 1.06, 0, 0.76, 1.33, 1.79, 2.45, 3.06, 3.16, 3.46, 3.83, 4.44, 4.51, 4.42, 4.766, 5.268], [4.26, 4.406, 4.861, 4.39, 3.1, 2.91, 2.67, 2.07, 1.83, 2.07, 2.48, 3.08, 3.707, 4.44, 4.913, 5.32, 5.563, 5.205, 5.371, 5.09, 4.89, 4.8, 4.7, 4.47, 4.82, 4.65, 5.04, 4.94, 4.93, 5.31, 5.38, 5.07, 4.82, 4.55, 4.05, 3.71, 3.62, 3.58, 4.54, 6.0, 6.386, 6.549, 6.51, 6.22, 5.71, 5.9, 5.8, 5.42, 5.42, 6.078, 5.926, 5.629, 5.36, 5.7, 6.69, 7.063, 7.152, 7.323, 7.173, 6.815, 7.495, 7.083, 5.77, 5.653, 6.611, 3.35, 2.65, 4.2, 3.29, 2.78, 1.98, 1.38, 0.76, 0, 0.93, 1.59, 2.25, 2.68, 2.72, 3.02, 3.43, 4.02, 4.053, 4.04, 4.47, 4.968], [4.53, 4.66, 5.02, 5.0, 3.29, 2.84, 2.54, 2.14, 2.08, 2.4, 2.75, 3.45, 4.02, 4.67, 5.05, 5.47, 5.713, 5.418, 5.667, 5.5, 5.14, 4.99, 5.07, 4.76, 5.01, 4.84, 5.01, 5.01, 5.1, 5.5, 5.49, 5.16, 4.87, 4.56, 4.34, 4.1, 4.09, 3.81, 4.71, 6.13, 6.536, 6.719, 6.86, 6.57, 6.06, 6.058, 5.875, 5.41, 5.569, 6.22, 6.09, 5.813, 5.463, 5.85, 6.82, 7.222, 7.342, 7.473, 7.35, 7.057, 7.677, 7.233, 5.8, 5.803, 6.761, 3.44, 2.72, 4.39, 3.6, 3.29, 2.49, 1.73, 1.33, 0.93, 0, 1.28, 2.02, 2.61, 2.47, 2.73, 3.1, 3.77, 3.851, 3.85, 4.3, 4.753], [5.097, 5.361, 5.821, 5.712, 3.77, 3.18, 2.86, 2.4, 2.3, 2.923, 3.31, 4.167, 4.749, 5.399, 5.684, 6.159, 6.371, 6.147, 6.396, 6.212, 5.877, 5.687, 5.779, 5.392, 5.636, 5.292, 5.33, 5.21, 5.36, 6.189, 6.133, 5.869, 5.07, 4.36, 4.12, 3.86, 3.89, 3.75, 5.379, 6.821, 7.211, 7.414, 7.554, 7.282, 6.772, 6.787, 6.438, 5.901, 6.261, 6.874, 6.678, 6.442, 6.097, 6.499, 7.514, 7.911, 8.054, 8.131, 7.999, 7.686, 8.306, 7.888, 6.342, 6.461, 7.397, 3.888, 3.209, 5.116, 4.289, 3.924, 3.05, 2.39, 1.79, 1.59, 1.28, 0, 1.14, 1.81, 1.63, 2.23, 2.58, 3.19, 3.26, 3.21, 3.62, 4.1], [5.85, 5.98, 6.4, 6.28, 4.03, 3.58, 3.22, 2.5, 2.58, 3.378, 3.559, 4.404, 5.043, 5.67, 6.021, 6.479, 6.67, 6.392, 6.633, 6.469, 6.143, 5.959, 6.013, 5.629, 5.89, 5.549, 5.432, 5.13, 5.34, 6.423, 6.395, 6.143, 5.198, 3.96, 3.48, 3.32, 3.35, 3.39, 5.65, 7.11, 7.502, 7.691, 7.812, 7.519, 6.989, 7.044, 6.821, 6.33, 6.555, 7.196, 7.012, 6.839, 6.449, 6.799, 7.779, 