[[0, 1.21, 1.6, 1.81, 1.65, 2.32, 3.06, 2.54, 2.57, 2.72, 2.92, 2.9, 2.59, 2.77, 3.14, 3.33, 3.66, 3.28, 2.84, 3.26, 3.7, 3.35, 3.08, 3.65, 4.91, 4.57, 3.09, 1.97, 2.36, 2.76, 2.72, 1.87, 1.66, 1.43, 1.93, 2.48, 3.752, 4.515, 4.707, 3.95, 3.58, 4.21, 4.613, 4.273, 3.206, 3.23, 3.49, 3.53, 3.56, 3.13, 3.24, 2.85, 2.4, 2.64, 2.74, 2.89, 2.83, 2.53, 2.23, 2.43, 2.24, 2.68, 2.99, 2.92, 2.98, 2.87, 2.78, 2.86, 2.99, 3.47, 5.27, 7.88, 7.98, 7.47, 7.69, 7.72, 7.09, 6.65, 6.87, 6.41, 3.96, 3.03, 2.82, 2.8, 2.91, 3.18], [1.21, 0, 0.89, 0.98, 1.26, 2.37, 2.99, 2.51, 2.5, 2.61, 2.83, 2.75, 2.44, 2.6, 2.97, 3.04, 3.53, 3.01, 2.61, 2.73, 3.07, 2.82, 2.73, 3.398, 4.815, 4.394, 2.92, 1.98, 2.27, 2.67, 2.65, 2.18, 1.89, 1.78, 2.36, 2.47, 3.7, 4.325, 4.537, 3.86, 3.71, 4.32, 4.57, 4.27, 3.16, 3.42, 3.82, 3.96, 4.07, 3.66, 3.37, 3.12, 2.99, 3.03, 3.01, 3.02, 2.76, 2.42, 2.58, 2.92, 2.89, 3.23, 3.56, 3.63, 3.59, 3.48, 3.39, 3.47, 3.54, 4.14, 5.7, 7.97, 8.11, 7.82, 7.98, 8.03, 7.24, 6.78, 7.18, 6.5, 4.47, 3.56, 3.33, 3.29, 3.38, 3.67], [1.6, 0.89, 0, 0.51, 1.29, 2.38, 3.06, 2.7, 2.75, 2.8, 2.96, 2.96, 2.65, 2.77, 3.16, 3.25, 3.62, 3.1, 2.86, 2.84, 2.78, 2.57, 2.96, 3.65, 5.007, 4.69, 3.27, 2.15, 2.4, 2.84, 2.92, 2.31, 1.92, 2.03, 2.63, 2.9, 3.93, 4.652, 4.818, 4.07, 3.88, 4.49, 4.799, 4.5, 3.51, 3.83, 4.35, 4.51, 4.64, 4.27, 3.9, 3.71, 3.6, 3.58, 3.42, 3.43, 3.13, 2.83, 2.95, 3.29, 3.2, 3.48, 3.71, 3.9, 3.96, 3.85, 3.8, 3.86, 4.03, 4.71, 6.23, 8.24, 8.46, 8.19, 8.23, 8.22, 7.33, 7.19, 7.77, 6.75, 4.78, 3.83, 3.7, 3.56, 3.75, 4.06], [1.81, 0.98, 0.51, 0, 1.32, 2.59, 3.17, 2.93, 2.9, 2.99, 3.11, 3.01, 2.72, 2.84, 3.17, 3.28, 3.69, 3.15, 2.93, 2.95, 2.87, 2.84, 3.17, 3.76, 5.137, 4.82, 3.42, 2.32, 2.51, 2.95, 2.99, 2.42, 1.97, 2.04, 2.66, 2.97, 4.08, 4.762, 4.948, 4.24, 4.01, 4.64, 4.95, 4.67, 3.58, 3.84, 4.3, 4.46, 4.59, 4.28, 3.91, 3.74, 3.59, 3.53, 3.39, 3.42, 3.14, 2.86, 2.96, 3.3, 3.19, 3.47, 3.74, 3.95, 3.97, 3.82, 3.75, 3.83, 4.0, 4.7, 6.18, 8.19, 8.43, 8.16, 8.22, 8.23, 7.26, 7.16, 7.72, 6.7, 4.79, 3.76, 3.65, 3.51, 3.68, 3.99], [1.65, 1.26, 1.29, 1.32, 0, 1.99, 2.67, 2.41, 2.46, 2.59, 2.53, 2.45, 2.08, 2.06, 2.25, 2.36, 2.79, 2.35, 2.45, 2.63, 3.01, 2.8, 2.85, 3.28, 4.68, 4.3, 2.86, 1.78, 2.05, 2.37, 2.67, 2.22, 1.49, 1.5, 2.36, 2.65, 3.7, 4.32, 4.52, 3.8, 3.51, 4.16, 4.583, 4.25, 3.28, 3.24, 3.7, 3.84, 4.03, 3.84, 3.69, 3.32, 3.15, 2.93, 2.77, 2.72, 2.54, 2.34, 2.38, 2.7, 2.61, 2.83, 3.2, 3.49, 3.41, 3.24, 3.13, 3.23, 3.48, 4.54, 6.24, 8.53, 8.73, 8.16, 8.46, 8.47, 7.58, 7.34, 7.8, 7.04, 4.89, 3.64, 3.41, 3.39, 3.5, 3.87], [2.32, 2.37, 2.38, 2.59, 1.99, 0, 1.38, 1.34, 1.43, 1.28, 1.32, 1.42, 1.37, 1.81, 1.96, 2.05, 2.48, 2.24, 2.24, 2.58, 2.86, 2.51, 2.28, 2.15, 3.23, 2.87, 1.79, 1.47, 1.48, 1.52, 1.66, 1.57, 1.74, 2.13, 2.83, 2.72, 2.73, 3.03, 3.05, 2.67, 2.62, 3.01, 3.18, 3.12, 2.55, 3.13, 3.77, 3.95, 4.2, 4.31, 4.86, 4.43, 3.5, 3.4, 3.1, 2.71, 2.25, 1.93, 2.21, 2.79, 2.88, 3.14, 3.51, 3.46, 3.22, 3.05, 2.94, 3.1, 3.69, 5.21, 7.29, 10.1, 10.2, 9.39, 9.727, 9.84, 9.29, 8.81, 8.95, 8.65, 6.12, 4.31, 4.04, 3.94, 4.19, 4.78], [3.06, 2.99, 3.06, 3.17, 2.67, 1.38, 0, 0.88, 1.09, 0.92, 1.04, 1.26, 1.51, 1.95, 1.98, 1.91, 2.32, 2.0, 2.1, 2.28, 2.32, 1.97, 1.84, 1.69, 2.69, 2.33, 1.71, 1.93, 2.0, 1.8, 1.94, 2.19, 2.16, 2.61, 3.25, 3.1, 2.95, 3.11, 3.09, 2.85, 2.92, 3.25, 3.08, 3.02, 2.55, 3.29, 3.89, 4.11, 4.5, 4.87, 5.5, 5.07, 4.1, 3.64, 3.36, 2.95, 2.55, 2.29, 2.61, 3.25, 3.32, 3.5, 3.75, 3.48, 3.38, 3.19, 3.06, 3.26, 4.11, 5.71, 7.91, 10.86, 10.94, 10.15, 10.41, 10.54, 10.03, 9.57, 9.69, 9.39, 6.84, 4.69, 4.4, 4.34, 4.57, 5.2], [2.54, 2.51, 2.7, 2.93, 2.41, 1.34, 0.88, 0, 0.71, 0.96, 1.26, 1.3, 1.33, 1.65, 1.72, 1.73, 2.1, 1.76, 1.74, 1.94, 2.2, 1.69, 1.38, 1.63, 2.85, 2.59, 1.73, 1.79, 2.04, 1.88, 1.98, 2.11, 2.18, 2.53, 3.41, 3.26, 3.25, 3.35, 3.33, 3.09, 3.24, 3.61, 3.44, 3.34, 2.79, 3.41, 3.99, 4.15, 4.34, 4.37, 4.98, 4.55, 3.7, 3.68, 3.46, 3.01, 2.61, 2.27, 2.55, 3.11, 2.98, 3.22, 3.47, 3.52, 3.38, 3.21, 3.16, 3.32, 3.91, 5.31, 7.47, 10.36, 10.44, 9.67, 9.91, 10.04, 9.51, 9.07, 9.19, 8.89, 6.34, 4.69, 4.48, 4.44, 4.67, 5.16], [2.57, 2.5, 2.75, 2.9, 2.46, 1.43, 1.09, 0.71, 0, 1.01, 1.35, 1.35, 1.24, 1.64, 1.79, 1.68, 2.13, 1.73, 1.71, 1.93, 2.11, 1.56, 1.19, 1.46, 2.7, 2.4, 1.5, 1.7, 2.03, 1.77, 1.93, 2.14, 2.31, 2.64, 3.54, 3.43, 3.24, 3.38, 3.36, 3.12, 3.33, 3.58, 3.39, 3.35, 2.94, 3.56, 4.16, 4.34, 4.45, 4.36, 4.91, 4.48, 3.67, 3.83, 3.59, 3.16, 2.72, 2.34, 2.52, 3.1, 3.09, 3.35, 3.6, 3.79, 3.71, 3.5, 3.37, 3.49, 4.0, 5.44, 7.52, 10.29, 10.39, 9.72, 10.0, 10.05, 9.48, 9.0, 9.18, 8.84, 6.29, 4.84, 4.63, 4.51, 4.74, 5.21], [2.72, 2.61, 2.8, 2.99, 2.59, 1.28, 0.92, 0.96, 1.01, 0, 0.62, 0.84, 1.25, 1.77, 1.98, 1.97, 2.44, 2.06, 2.04, 2.18, 2.48, 2.13, 1.56, 1.63, 2.63, 2.15, 1.47, 1.67, 1.82, 1.74, 1.9, 1.97, 2.2, 2.65, 3.01, 2.82, 2.63, 2.85, 2.77, 2.49, 2.68, 2.87, 2.72, 2.72, 2.31, 3.05, 3.67, 3.87, 4.14, 4.41, 5.02, 4.61, 3.7, 3.4, 3.1, 2.69, 2.25, 1.97, 2.25, 3.03, 3.18, 3.58, 3.87, 3.6, 3.36, 3.21, 3.0, 3.1, 3.71, 5.23, 7.41, 10.4, 10.54, 9.89, 10.239, 10.329, 9.71, 9.19, 9.21, 8.95, 6.52, 4.55, 4.22, 4.12, 4.35, 5.0], [2.92, 2.83, 2.96, 3.11, 2.53, 1.32, 1.04, 1.26, 1.35, 0.62, 0, 0.7, 1.11, 1.63, 1.82, 1.91, 2.34, 2.08, 2.16, 2.34, 2.78, 2.53, 2.0, 1.81, 2.71, 2.27, 1.69, 1.63, 1.74, 1.72, 1.98, 2.01, 2.1, 2.55, 2.85, 2.88, 2.63, 2.89, 2.85, 2.47, 2.58, 2.83, 2.76, 2.74, 2.29, 2.97, 3.59, 3.81, 4.2, 4.53, 5.18, 4.75, 3.76, 3.32, 2.98, 2.61, 2.17, 1.91, 2.27, 2.97, 3.26, 3.66, 3.93, 3.68, 3.36, 3.21, 2.92, 3.06, 3.73, 5.35, 7.53, 10.56, 10.7, 9.95, 10.379, 10.469, 9.85, 9.33, 9.35, 9.11, 6.672, 4.55, 4.1, 4.02, 4.27, 5.02], [2.9, 2.75, 2.96, 3.01, 2.45, 1.42, 1.26, 1.3, 1.35, 0.84, 0.7, 0, 0.89, 1.35, 1.5, 1.63, 2.06, 1.8, 1.92, 2.18, 2.58, 2.35, 1.92, 1.69, 2.71, 2.23, 1.69, 1.67, 1.82, 1.9, 2.24, 2.21, 2.1, 2.57, 2.95, 3.02, 2.87, 3.21, 3.19, 2.77, 2.72, 3.05, 3.06, 3.04, 2.57, 3.11, 3.73, 3.91, 4.2, 4.37, 5.02, 4.57, 3.66, 3.4, 3.16, 2.71, 2.27, 1.93, 2.25, 3.03, 3.26, 3.64, 3.91, 3.78, 3.54, 3.39, 3.16, 3.28, 3.69, 5.23, 7.37, 10.38, 10.58, 9.85, 10.299, 10.409, 9.77, 9.25, 9.17, 8.97, 6.592, 4.67, 4.28, 4.18, 4.39, 5.04], [2.59, 2.44, 2.65, 2.72, 2.08, 1.37, 1.51, 1.33, 1.24, 1.25, 1.11, 0.89, 0, 0.8, 1.07, 1.28, 1.69, 1.45, 1.59, 1.93, 2.39, 2.06, 1.77, 1.82, 3.14, 2.82, 1.9, 1.56, 1.69, 1.93, 2.31, 2.24, 2.15, 2.5, 3.28, 3.21, 3.4, 3.7, 3.7, 3.32, 3.17, 3.54, 3.53, 3.45, 2.94, 3.34, 3.92, 4.1, 4.29, 4.1, 4.65, 4.22, 3.47, 3.55, 3.35, 2.9, 2.5, 2.22, 2.3, 2.88, 2.89, 3.19, 3.48, 3.67, 3.57, 3.42, 3.23, 3.35, 3.8, 5.28, 7.34, 10.05, 10.17, 9.48, 9.86, 9.939, 9.36, 8.86, 8.92, 8.6, 6.17, 4.66, 4.43, 4.43, 4.52, 4.99], [2.77, 2.6, 2.77, 2.84, 2.06, 1.81, 1.95, 1.65, 1.64, 1.77, 1.63, 1.35, 0.8, 0, 0.65, 1.12, 1.33, 1.15, 1.43, 1.81, 2.33, 2.04, 1.95, 2.24, 3.6, 3.36, 2.5, 1.94, 2.15, 2.47, 2.81, 2.68, 2.43, 2.8, 3.72, 3.73, 4.0, 4.4, 4.4, 3.98, 3.79, 4.2, 4.21, 4.13, 3.64, 3.86, 4.32, 4.48, 4.63, 4.34, 4.63, 4.24, 3.75, 3.89, 3.75, 3.28, 3.0, 2.74, 2.74, 3.26, 3.05, 3.17, 3.5, 3.83, 3.85, 3.72, 3.63, 3.65, 4.1, 5.46, 7.4, 9.95, 10.03, 9.34, 9.66, 9.73, 9.1, 8.7, 8.92, 8.46, 6.05, 4.94, 4.71, 4.73, 4.84, 5.13], [3.14, 2.97, 3.16, 3.17, 2.25, 1.96, 1.98, 1.72, 1.79, 1.98, 1.82, 1.5, 1.07, 0.65, 0, 0.85, 1.14, 1.08, 1.44, 1.72, 2.34, 2.25, 2.18, 2.29, 3.47, 3.37, 2.63, 2.11, 2.3, 2.62, 2.98, 2.93, 2.58, 2.79, 3.87, 3.98, 4.17, 4.57, 4.49, 4.07, 3.94, 4.35, 4.32, 4.22, 3.73, 3.87, 4.21, 4.37, 4.52, 4.31, 4.76, 4.37, 3.82, 3.86, 3.8, 3.41, 3.03, 2.67, 2.81, 3.27, 3.04, 3.1, 3.45, 3.68, 3.68, 3.59, 3.52, 3.64, 4.17, 5.53, 7.49, 10.1, 10.18, 9.41, 9.71, 9.8, 9.25, 8.81, 9.03, 8.63, 6.2, 4.91, 4.66, 4.74, 4.97, 5.26], [3.33, 3.04, 3.25, 3.28, 2.36, 2.05, 1.91, 1.73, 1.68, 1.97, 1.91, 1.63, 1.28, 1.12, 0.85, 0, 0.97, 0.93, 1.23, 1.33, 1.97, 2.08, 2.21, 2.12, 3.24, 3.16, 2.5, 2.2, 2.29, 2.49, 2.85, 3.0, 2.75, 2.88, 4.08, 4.11, 4.26, 4.54, 4.4, 4.08, 4.09, 4.44, 4.33, 4.23, 3.76, 3.98, 4.36, 4.52, 4.59, 4.52, 4.97, 4.54, 3.99, 4.05, 3.95, 3.6, 3.18, 2.74, 2.96, 3.34, 3.07, 3.11, 3.46, 3.83, 3.83, 3.62, 3.69, 3.77, 4.28, 5.84, 7.86, 10.29, 10.39, 9.74, 9.96, 10.11, 9.46, 9.02, 9.38, 8.82, 6.51, 5.14, 4.87, 4.95, 5.2, 5.35], [3.66, 3.53, 3.62, 3.69, 2.79, 2.48, 2.32, 2.1, 2.13, 2.44, 2.34, 2.06, 1.69, 1.33, 1.14, 0.97, 0, 0.8, 1.34, 1.7, 2.08, 2.37, 2.58, 2.51, 3.45, 3.51, 2.87, 2.59, 2.82, 3.06, 3.44, 3.51, 3.16, 3.37, 4.49, 4.58, 4.85, 5.07, 4.93, 4.65, 4.56, 4.89, 4.82, 4.62, 4.13, 4.29, 4.63, 4.75, 4.92, 4.75, 5.18, 4.81, 4.32, 4.38, 4.32, 3.95, 3.65, 3.31, 3.27, 3.63, 3.32, 3.34, 3.57, 4.0, 4.0, 3.85, 3.92, 4.04, 4.65, 6.09, 8.13, 10.64, 10.72, 10.01, 10.23, 10.28, 9.77, 9.35, 9.65, 9.15, 6.68, 5.51, 5.3, 5.32, 5.55, 5.7], [3.28, 3.01, 3.1, 3.15, 2.35, 2.24, 2.0, 1.76, 1.73, 2.06, 2.08, 1.8, 1.45, 1.15, 1.08, 0.93, 0.8, 0, 0.88, 1.22, 1.6, 1.79, 2.08, 2.25, 3.33, 3.25, 2.65, 2.25, 2.52, 2.66, 3.06, 3.15, 2.92, 3.09, 4.21, 4.28, 4.53, 4.71, 4.65, 4.37, 4.3, 4.61, 4.48, 4.36, 3.87, 4.05, 4.47, 4.61, 4.66, 4.47, 4.76, 4.45, 4.0, 4.2, 4.08, 3.67, 3.31, 2.99, 2.99, 3.37, 3.02, 3.1, 3.31, 3.76, 3.88, 3.69, 3.68, 3.8, 4.39, 5.79, 7.73, 10.2, 10.3, 9.61, 9.87, 9.82, 9.29, 8.95, 9.27, 8.69, 6.26, 5.31, 5.14, 5.14, 5.29, 5.5], [2.84, 2.61, 2.86, 2.93, 2.45, 2.24, 2.1, 1.74, 1.71, 2.04, 2.16, 1.92, 1.59, 1.43, 1.44, 1.23, 1.34, 0.88, 0, 0.92, 1.32, 1.59, 1.96, 2.37, 3.57, 3.39, 2.59, 2.21, 2.48, 2.68, 2.92, 3.05, 2.98, 3.17, 4.15, 4.18, 4.51, 4.67, 4.59, 4.29, 4.22, 4.55, 4.34, 4.22, 3.73, 3.97, 4.41, 4.55, 4.56, 4.11, 4.24, 4.01, 3.78, 4.08, 3.98, 3.59, 3.21, 2.93, 2.95, 3.33, 3.0, 3.06, 3.29, 3.66, 3.76, 3.61, 3.64, 3.82, 4.29, 5.37, 7.27, 9.64, 9.72, 9.19, 9.29, 9.4, 8.81, 8.37, 8.79, 8.15, 5.96, 5.31, 5.14, 5.16, 5.33, 5.44], [3.26, 2.73, 2.84, 2.95, 2.63, 2.58, 2.28, 1.94, 1.93, 2.18, 2.34, 2.18, 1.93, 1.81, 1.72, 1.33, 1.7, 1.22, 0.92, 0, 1.04, 1.39, 2.08, 2.45, 3.57, 3.39, 2.83, 2.55, 2.76, 2.84, 3.1, 3.31, 3.4, 3.53, 4.43, 4.52, 4.69, 4.91, 4.81, 4.55, 4.54, 4.87, 4.62, 4.48, 3.99, 4.31, 4.75, 4.87, 4.96, 4.63, 4.5, 4.37, 4.28, 4.48, 4.3, 3.91, 3.49, 3.07, 3.29, 3.61, 3.52, 3.56, 3.73, 4.12, 4.12, 3.87, 3.96, 4.2, 4.73, 5.81, 7.59, 9.48, 9.74, 9.37, 9.57, 9.68, 8.85, 8.37, 9.09, 8.05, 6.4, 5.59, 5.44, 5.4, 5.61, 5.84], [3.7, 3.07, 2.78, 2.87, 3.01, 2.86, 2.32, 2.2, 2.11, 2.48, 2.78, 2.58, 2.39, 2.33, 2.34, 1.97, 2.08, 1.6, 1.32, 1.04, 0, 1.19, 2.36, 2.63, 3.71, 3.57, 2.97, 2.75, 3.08, 3.04, 3.24, 3.49, 3.68, 4.07, 4.81, 4.96, 4.89, 5.03, 5.03, 4.81, 4.84, 5.11, 4.7, 4.54, 4.01, 4.61, 5.15, 5.29, 5.42, 5.07, 4.92, 4.87, 4.76, 4.96, 4.7, 4.29, 3.85, 3.49, 3.63, 4.05, 4.0, 4.02, 4.17, 4.48, 4.5, 4.31, 4.36, 4.72, 5.37, 6.37, 8.29, 10.04, 10.42, 10.17, 10.17, 10.16, 9.19, 9.07, 9.71, 8.65, 6.8, 6.15, 6.0, 5.94, 6.07, 6.38], [3.35, 2.82, 2.57, 2.84, 2.8, 2.51, 1.97, 1.69, 1.56, 2.13, 2.53, 2.35, 2.06, 2.04, 2.25, 2.08, 2.37, 1.79, 1.59, 1.39, 1.19, 0, 1.41, 1.98, 3.28, 3.06, 2.6, 2.52, 2.75, 2.61, 2.81, 3.2, 3.43, 3.84, 4.68, 4.65, 4.36, 4.4, 4.5, 4.46, 4.63, 4.76, 4.39, 4.39, 3.86, 4.58, 5.22, 5.38, 5.49, 5.16, 5.09, 4.94, 4.77, 4.95, 4.69, 4.24, 3.86, 3.5, 3.66, 4.04, 3.87, 3.95, 4.08, 4.47, 4.55, 4.34, 4.31, 4.53, 5.16, 6.32, 8.28, 10.26, 10.508, 10.12, 10.18, 10.19, 9.36, 9.2, 9.82, 8.818, 6.87, 6.08, 5.95, 5.89, 6.04, 6.31], [3.08, 2.73, 2.96, 3.17, 2.85, 2.28, 1.84, 1.38, 1.19, 1.56, 2.0, 1.92, 1.77, 1.95, 2.18, 2.21, 2.58, 2.08, 1.96, 2.08, 2.36, 1.41, 0, 1.33, 2.55, 2.27, 1.91, 2.33, 2.56, 2.42, 2.5, 2.81, 3.16, 3.43, 4.25, 3.9, 3.71, 3.69, 3.79, 3.73, 3.94, 4.11, 3.9, 3.88, 3.33, 3.99, 4.59, 4.77, 4.88, 4.67, 5.0, 4.67, 4.14, 4.28, 4.08, 3.67, 3.25, 2.89, 3.11, 3.55, 3.52, 3.78, 4.09, 4.26, 4.16, 4.05, 3.96, 3.84, 4.47, 5.81, 7.75, 10.273, 10.418, 9.99, 10.25, 10.24, 9.61, 9.108, 9.37, 8.825, 6.7, 5.45, 5.24, 5.2, 5.37, 5.7], [3.65, 3.398, 3.65, 3.76, 3.28, 2.15, 1.69, 1.63, 1.46, 1.63, 1.81, 1.69, 1.82, 2.24, 2.29, 2.12, 2.51, 2.25, 2.37, 2.45, 2.63, 1.98, 1.33, 0, 1.5, 1.22, 1.66, 2.26, 2.21, 2.09, 2.17, 2.6, 3.11, 3.44, 4.08, 3.89, 3.14, 3.22, 3.24, 3.34, 3.59, 3.64, 3.53, 3.63, 3.2, 4.0, 4.66, 4.8, 5.05, 5.28, 5.89, 5.46, 4.61, 4.41, 4.13, 3.72, 3.26, 2.84, 3.14, 3.6, 3.77, 4.11, 4.58, 4.75, 4.47, 4.1, 3.99, 4.11, 4.88, 6.44, 8.54, 11.288, 11.348, 10.778, 11.049, 11.142, 10.532, 10.038, 10.118, 9.795, 7.41, 5.62, 5.17, 5.13, 5.32, 5.87], [4.91, 4.815, 5.007, 5.137, 4.68, 3.23, 2.69, 2.85, 2.7, 2.63, 2.71, 2.71, 3.14, 3.6, 3.47, 3.24, 3.45, 3.33, 3.57, 3.57, 3.71, 3.28, 2.55, 1.5, 0, 1.0, 2.26, 3.46, 3.19, 2.63, 2.75, 3.28, 3.99, 4.34, 4.96, 4.59, 3.22, 3.08, 3.3, 3.56, 3.99, 3.66, 3.71, 3.97, 3.7, 4.64, 5.28, 5.38, 5.87, 6.5, 7.15, 6.74, 5.73, 5.07, 4.63, 4.38, 3.84, 3.64, 4.1, 4.3, 4.93, 5.47, 5.92, 5.73, 5.27, 4.82, 4.69, 4.83, 5.9, 7.54, 9.7, 12.55, 12.645, 12.18, 12.437, 12.416, 11.869, 11.355, 11.4, 11.092, 8.636, 6.44, 5.71, 5.55, 5.82, 6.63], [4.57, 4.394, 4.69, 4.82, 4.3, 2.87, 2.33, 2.59, 2.4, 2.15, 2.27, 2.23, 2.82, 3.36, 3.37, 3.16, 3.51, 3.25, 3.39, 3.39, 3.57, 3.06, 2.27, 1.22, 1.0, 0, 1.8, 3.06, 2.89, 2.39, 2.39, 3.04, 3.67, 4.02, 4.26, 3.91, 2.7, 2.62, 2.78, 2.96, 3.29, 3.22, 3.15, 3.29, 3.18, 3.98, 4.58, 4.9, 5.39, 6.02, 6.73, 6.36, 5.29, 4.39, 4.03, 3.66, 3.22, 3.02, 3.58, 3.98, 4.63, 5.19, 5.64, 5.37, 4.85, 4.34, 4.25, 4.33, 5.4, 7.06, 9.18, 12.11, 12.344, 11.76, 12.123, 12.216, 11.58, 11.04, 10.9, 10.72, 8.379, 6.02, 5.25, 5.11, 5.32, 6.07], [3.09, 2.92, 3.27, 3.42, 2.86, 1.79, 1.71, 1.73, 1.5, 1.47, 1.69, 1.69, 1.9, 2.5, 2.63, 2.5, 2.87, 2.65, 2.59, 2.83, 2.97, 2.6, 1.91, 1.66, 2.26, 1.8, 0, 1.74, 1.71, 1.31, 1.47, 1.8, 2.39, 2.68, 3.18, 2.81, 2.48, 2.48, 2.36, 2.16, 2.43, 2.7, 2.61, 2.45, 1.96, 2.84, 3.46, 3.56, 4.01, 4.5, 5.19, 4.8, 3.83, 3.25, 2.93, 2.62, 2.04, 1.8, 2.14, 2.6, 3.19, 3.75, 4.24, 4.13, 3.71, 3.26, 3.15, 3.21, 4.04, 5.7, 7.8, 10.53, 10.779, 10.36, 10.7, 10.676, 10.023, 9.5, 9.4, 9.14, 6.87, 4.82, 4.07, 3.91, 4.1, 4.73], [1.97, 1.98, 2.15, 2.32, 1.78, 1.47, 1.93, 1.79, 1.7, 1.67, 1.63, 1.67, 1.56, 1.94, 2.11, 2.2, 2.59, 2.25, 2.21, 2.55, 2.75, 2.52, 2.33, 2.26, 3.46, 3.06, 1.74, 0, 0.89, 1.29, 1.43, 1.18, 1.37, 1.78, 2.48, 2.75, 2.96, 3.3, 3.34, 2.66, 2.53, 2.9, 3.11, 2.85, 2.1, 2.58, 3.16, 3.34, 3.59, 3.66, 4.19, 3.76, 3.07, 2.87, 2.57, 2.26, 1.9, 1.44, 1.64, 1.98, 2.19, 2.51, 2.76, 3.07, 3.01, 2.66, 2.45, 2.69, 3.42, 4.86, 6.9, 9.49, 9.57, 9.0, 9.24, 9.31, 8.68, 8.26, 8.42, 8.0, 5.51, 4.08, 3.63, 3.57, 3.72, 4.15], [2.36, 2.27, 2.4, 2.51, 2.05, 1.48, 2.0, 2.04, 2.03, 1.82, 1.74, 1.82, 1.69, 2.15, 2.3, 2.29, 2.82, 2.52, 2.48, 2.76, 3.08, 2.75, 2.56, 2.21, 3.19, 2.89, 1.71, 0.89, 0, 0.88, 1.2, 1.15, 1.72, 2.05, 2.63, 2.76, 2.93, 3.11, 3.05, 2.39, 2.4, 2.69, 2.88, 2.8, 2.13, 2.73, 3.33, 3.47, 3.78, 3.99, 4.56, 4.11, 3.4, 3.04, 2.7, 2.43, 1.99, 1.75, 1.85, 2.13, 2.44, 2.84, 3.23, 3.48, 3.24, 2.85, 2.66, 2.88, 3.71, 5.21, 7.33, 9.82, 9.96, 9.29, 9.61, 9.72, 9.03, 8.59, 8.77, 8.33, 5.98, 4.39, 3.78, 3.7, 3.89, 4.36], [2.76, 2.67, 2.84, 2.95, 2.37, 1.52, 1.8, 1.88, 1.77, 1.74, 1.72, 1.9, 1.93, 2.47, 2.62, 2.49, 3.06, 2.66, 2.68, 2.84, 3.04, 2.61, 2.42, 2.09, 2.63, 2.39, 1.31, 1.29, 0.88, 0, 0.82, 1.31, 2.14, 2.43, 3.11, 3.06, 2.57, 2.49, 2.43, 2.09, 2.42, 2.45, 2.5, 2.54, 2.15, 3.03, 3.67, 3.81, 4.2, 4.53, 5.08, 4.71, 3.84, 3.3, 2.9, 2.57, 2.09, 1.97, 2.27, 2.41, 2.86, 3.4, 3.79, 3.98, 3.64, 3.15, 2.94, 3.22, 4.13, 5.73, 7.87, 10.42, 10.62, 9.87, 10.31, 10.34, 9.69, 9.21, 9.43, 8.97, 6.56, 4.87, 4.14, 4.0, 4.17, 4.86], [2.72, 2.65, 2.92, 2.99, 2.67, 1.66, 1.94, 1.98, 1.93, 1.9, 1.98, 2.24, 2.31, 2.81, 2.98, 2.85, 3.44, 3.06, 2.92, 3.1, 3.24, 2.81, 2.5, 2.17, 2.75, 2.39, 1.47, 1.43, 1.2, 0.82, 0, 1.05, 2.06, 2.37, 2.99, 2.88, 2.41, 2.47, 2.57, 2.03, 2.26, 2.49, 2.56, 2.54, 2.15, 2.95, 3.59, 3.69, 4.14, 4.53, 5.06, 4.65, 3.76, 3.12, 2.72, 2.51, 1.95, 1.95, 2.21, 2.29, 2.84, 3.36, 3.65, 3.74, 3.4, 2.93, 2.72, 3.08, 4.09, 5.61, 7.81, 10.38, 10.52, 9.87, 10.19, 10.24, 9.59, 9.11, 9.33, 8.93, 6.44, 4.63, 3.92, 3.7, 3.93, 4.68], [1.87, 2.18, 2.31, 2.42, 2.22, 1.57, 2.19, 2.11, 2.14, 1.97, 2.01, 2.21, 2.24, 2.68, 2.93, 3.0, 3.51, 3.15, 3.05, 3.31, 3.49, 3.2, 2.81, 2.6, 3.28, 3.04, 1.8, 1.18, 1.15, 1.31, 1.05, 0, 1.29, 1.6, 2.24, 2.37, 2.52, 2.88, 3.04, 2.3, 2.21, 2.68, 2.889, 2.77, 1.9, 2.46, 2.98, 3.12, 3.53, 3.92, 4.39, 3.96, 3.03, 2.43, 2.17, 2.04, 1.7, 1.62, 1.68, 1.78, 2.19, 2.81, 3.2, 3.15, 2.83, 2.42, 2.27, 2.41, 3.34, 4.78, 6.92, 9.61, 9.69, 9.12, 9.36, 9.35, 8.76, 8.34, 8.54, 8.12, 5.57, 3.76, 3.11, 2.95, 3.16, 3.75], [1.66, 1.89, 1.92, 1.97, 1.49, 1.74, 2.16, 2.18, 2.31, 2.2, 2.1, 2.1, 2.15, 2.43, 2.58, 2.75, 3.16, 2.92, 2.98, 3.4, 3.68, 3.43, 3.16, 3.11, 3.99, 3.67, 2.39, 1.37, 1.72, 2.14, 2.06, 1.29, 0, 0.83, 1.73, 2.18, 2.97, 3.643, 3.755, 3.01, 2.66, 3.27, 3.728, 3.44, 2.37, 2.47, 2.89, 3.05, 3.42, 3.71, 4.08, 3.57, 2.76, 2.18, 1.96, 2.07, 1.87, 1.61, 1.75, 2.03, 2.22, 2.66, 3.03, 2.72, 2.6, 2.35, 2.26, 2.36, 2.87, 4.27, 6.37, 9.24, 9.32, 8.57, 8.79, 8.9, 8.37, 7.95, 8.11, 7.75, 5.18, 3.11, 2.72, 2.6, 2.81, 3.44], [1.43, 1.78, 2.03, 2.04, 1.5, 2.13, 2.61, 2.53, 2.64, 2.65, 2.55, 2.57, 2.5, 2.8, 2.79, 2.88, 3.37, 3.09, 3.17, 3.53, 4.07, 3.84, 3.43, 3.44, 4.34, 4.02, 2.68, 1.78, 2.05, 2.43, 2.37, 1.6, 0.83, 0, 1.56, 2.17, 3.259, 4.019, 4.162, 3.379, 2.95, 3.62, 4.031, 3.748, 2.608, 2.46, 2.88, 2.92, 3.25, 3.62, 3.95, 3.48, 2.61, 1.99, 1.91, 2.2, 2.06, 1.92, 1.86, 2.04, 2.11, 2.65, 3.08, 2.77, 2.59, 2.28, 2.25, 2.33, 2.8, 4.0, 5.9, 8.73, 8.822, 8.04, 8.4, 8.453, 7.909, 7.438, 7.62, 7.272, 4.73, 2.72, 2.23, 2.25, 2.44, 2.95], [1.93, 2.36, 2.63, 2.66, 2.36, 2.83, 3.25, 3.41, 3.54, 3.01, 2.85, 2.95, 3.28, 3.72, 3.87, 4.08, 4.49, 4.21, 4.15, 4.43, 4.81, 4.68, 4.25, 4.08, 4.96, 4.26, 3.18, 2.48, 2.63, 3.11, 2.99, 2.24, 1.73, 1.56, 0, 1.65, 2.82, 3.58, 3.8, 3.0, 2.45, 3.12, 3.475, 3.21, 2.24, 2.02, 2.3, 2.44, 2.91, 3.5, 3.99, 3.54, 2.57, 1.65, 1.69, 1.88, 1.86, 1.78, 1.8, 2.16, 2.53, 3.23, 3.58, 3.07, 2.61, 2.38, 2.03, 2.19, 2.38, 3.6, 5.54, 8.51, 8.884, 8.226, 8.646, 8.759, 8.029, 7.492, 7.289, 7.169, 4.89, 2.64, 2.07, 2.13, 2.1, 2.77], [2.48, 2.47, 2.9, 2.97, 2.65, 2.72, 3.1, 3.26, 3.43, 2.82, 2.88, 3.02, 3.21, 3.73, 3.98, 4.11, 4.58, 4.28, 4.18, 4.52, 4.96, 4.65, 3.9, 3.89, 4.59, 3.91, 2.81, 2.75, 2.76, 3.06, 2.88, 2.37, 2.18, 2.17, 1.65, 0, 1.97, 2.33, 2.75, 1.93, 1.62, 2.09, 2.56, 2.24, 1.69, 1.65, 2.15, 2.73, 3.28, 3.97, 4.72, 4.11, 3.14, 1.88, 1.7, 1.69, 1.71, 1.93, 2.29, 2.95, 3.32, 4.0, 4.49, 3.88, 3.44, 3.07, 2.8, 2.7, 3.13, 4.47, 6.49, 9.42, 9.871, 9.415, 9.764, 9.723, 9.124, 8.55, 8.05, 8.136, 5.954, 3.49, 2.78, 2.82, 2.81, 3.36], [3.752, 3.7, 3.93, 4.08, 3.7, 2.73, 2.95, 3.25, 3.24, 2.63, 2.63, 2.87, 3.4, 4.0, 4.17, 4.26, 4.85, 4.53, 4.51, 4.69, 4.89, 4.36, 3.71, 3.14, 3.22, 2.7, 2.48, 2.96, 2.93, 2.57, 2.41, 2.52, 2.97, 3.259, 2.82, 1.97, 0, 1.22, 1.62, 1.48, 1.59, 1.54, 1.63, 1.93, 2.04, 2.54, 3.08, 3.58, 4.37, 5.2, 5.95, 5.38, 4.25, 3.09, 2.61, 2.4, 2.16, 2.32, 2.96, 3.5, 4.35, 5.03, 5.54, 4.99, 4.45, 4.1, 3.77, 3.71, 4.28, 5.78, 7.985, 10.93, 11.41, 10.925, 11.285, 11.27, 10.66, 10.077, 9.64, 9.7, 7.49, 4.9, 3.89, 3.81, 4.06, 4.89], [4.515, 4.325, 4.652, 4.762, 4.32, 3.03, 3.11, 3.35, 3.38, 2.85, 2.89, 3.21, 3.7, 4.4, 4.57, 4.54, 5.07, 4.71, 4.67, 4.91, 5.03, 4.4, 3.69, 3.22, 3.08, 2.62, 2.48, 3.3, 3.11, 2.49, 2.47, 2.88, 3.643, 4.019, 3.58, 2.33, 1.22, 0, 1.22, 1.32, 1.57, 1.18, 1.47, 1.63, 2.06, 2.46, 3.14, 3.74, 4.51, 5.5, 6.43, 5.76, 4.81, 3.43, 2.83, 2.54, 2.34, 2.64, 3.18, 3.8, 4.67, 5.27, 5.8, 5.29, 4.73, 4.24, 3.91, 3.93, 4.74, 6.5, 8.748, 11.69, 12.161, 11.687, 12.048, 12.013, 11.414, 10.837, 10.34, 10.426, 8.244, 5.66, 4.687, 4.53, 4.6, 5.536], [4.707, 4.537, 4.818, 4.948, 4.52, 3.05, 3.09, 3.33, 3.36, 2.77, 2.85, 3.19, 3.7, 4.4, 4.49, 4.4, 4.93, 4.65, 4.59, 4.81, 5.03, 4.5, 3.79, 3.24, 3.3, 2.78, 2.36, 3.34, 3.05, 2.43, 2.57, 3.04, 3.755, 4.162, 3.8, 2.75, 1.62, 1.22, 0, 1.02, 1.51, 1.22, 1.43, 1.63, 2.34, 2.94, 3.66, 4.22, 4.95, 5.84, 6.77, 6.3, 5.21, 3.77, 3.13, 2.74, 2.58, 2.88, 3.5, 4.04, 4.83, 5.39, 5.82, 5.47, 4.91, 4.4, 4.03, 4.13, 4.9, 6.76, 8.98, 12.01, 12.396, 11.876, 12.294, 12.313, 11.663, 11.12, 10.74, 10.746, 8.493, 5.943, 4.902, 4.662, 4.852, 5.89], [3.95, 3.86, 4.07, 4.24, 3.8, 2.67, 2.85, 3.09, 3.12, 2.49, 2.47, 2.77, 3.32, 3.98, 4.07, 4.08, 4.65, 4.37, 4.29, 4.55, 4.81, 4.46, 3.73, 3.34, 3.56, 2.96, 2.16, 2.66, 2.39, 2.09, 2.03, 2.3, 3.01, 3.379, 3.0, 1.93, 1.48, 1.32, 1.02, 0, 0.83, 0.9, 1.07, 1.19, 1.7, 2.18, 2.88, 3.46, 4.21, 5.1, 6.05, 5.48, 4.45, 3.05, 2.41, 2.04, 1.84, 2.3, 2.78, 3.38, 4.17, 4.73, 5.18, 4.81, 4.25, 3.76, 3.37, 3.43, 4.18, 5.98, 8.18, 11.19, 11.61, 11.102, 11.514, 11.53, 10.88, 10.337, 9.86, 9.96, 7.71, 5.16, 4.067, 3.85, 4.06, 5.07], [3.58, 3.71, 3.88, 4.01, 3.51, 2.62, 2.92, 3.24, 3.33, 2.68, 2.58, 2.72, 3.17, 3.79, 3.94, 4.09, 4.56, 4.3, 4.22, 4.54, 4.84, 4.63, 3.94, 3.59, 3.99, 3.29, 2.43, 2.53, 2.4, 2.42, 2.26, 2.21, 2.66, 2.95, 2.45, 1.62, 1.59, 1.57, 1.51, 0.83, 0, 0.91, 1.38, 1.14, 1.57, 1.79, 2.49, 3.05, 3.8, 4.67, 5.54, 5.01, 3.94, 2.52, 1.9, 1.53, 1.49, 2.01, 2.35, 2.93, 3.74, 4.32, 4.77, 4.36, 3.8, 3.31, 2.94, 2.98, 3.77, 5.45, 7.67, 10.64, 11.066, 10.595, 10.947, 10.963, 10.313, 9.77, 9.33, 9.396, 7.143, 4.61, 3.52, 3.38, 3.502, 4.532], [4.21, 4.32, 4.49, 4.64, 4.16, 3.01, 3.25, 3.61, 3.58, 2.87, 2.83, 3.05, 3.54, 4.2, 4.35, 4.44, 4.89, 4.61, 4.55, 4.87, 5.11, 4.76, 4.11, 3.64, 3.66, 3.22, 2.7, 2.9, 2.69, 2.45, 2.49, 2.68, 3.27, 3.62, 3.12, 2.09, 1.54, 1.18, 1.22, 0.9, 0.91, 0, 1.07, 1.11, 1.9, 2.08, 2.82, 3.38, 4.17, 5.1, 6.01, 5.4, 4.39, 3.03, 2.37, 2.08, 2.0, 2.52, 2.76, 3.38, 4.25, 4.85, 5.32, 4.87, 4.29, 3.8, 3.45, 3.49, 4.32, 6.08, 8.331, 11.273, 11.724, 11.267, 11.617, 11.576, 10.977, 10.403, 9.903, 9.989, 7.807, 5.223, 4.19, 4.038, 4.14, 5.104], [4.613, 4.57, 4.799, 4.95, 4.583, 3.18, 3.08, 3.44, 3.39, 2.72, 2.76, 3.06, 3.53, 4.21, 4.32, 4.33, 4.82, 4.48, 4.34, 4.62, 4.7, 4.39, 3.9, 3.53, 3.71, 3.15, 2.61, 3.11, 2.88, 2.5, 2.56, 2.889, 3.728, 4.031, 3.475, 2.56, 1.63, 1.47, 1.43, 1.07, 1.38, 1.07, 0, 0.92, 1.81, 2.31, 2.93, 3.57, 4.4, 5.33, 6.26, 5.71, 4.68, 3.3, 2.62, 2.33, 2.21, 2.57, 3.03, 3.65, 4.6, 5.22, 5.61, 5.1, 4.5, 4.03, 3.72, 3.86, 4.73, 6.378, 8.775, 11.603, 12.128, 11.648, 12.021, 12.008, 11.329, 10.753, 10.253, 10.344, 8.139, 5.716, 4.72, 4.519, 4.65, 5.554], [4.273, 4.27, 4.5, 4.67, 4.25, 3.12, 3.02, 3.34, 3.35, 2.72, 2.74, 3.04, 3.45, 4.13, 4.22, 4.23, 4.62, 4.36, 4.22, 4.48, 4.54, 4.39, 3.88, 3.63, 3.97, 3.29, 2.45, 2.85, 2.8, 2.54, 2.54, 2.77, 3.44, 3.748, 3.21, 2.24, 1.93, 1.63, 1.63, 1.19, 1.14, 1.11, 0.92, 0, 1.35, 1.73, 2.37, 2.93, 3.8, 4.822, 5.8, 5.27, 4.28, 2.9, 2.26, 1.97, 1.85, 2.27, 2.69, 3.23, 4.2, 4.82, 5.23, 4.72, 4.02, 3.59, 3.32, 3.5, 4.398, 6.058, 8.443, 11.272, 11.802, 11.317, 11.677, 11.659, 10.992, 10.418, 9.842, 10.019, 7.805, 5.357, 4.342, 4.245, 4.281, 5.214], [3.206, 3.16, 3.51, 3.58, 3.28, 2.55, 2.55, 2.79, 2.94, 2.31, 2.29, 2.57, 2.94, 3.64, 3.73, 3.76, 4.13, 3.87, 3.73, 3.99, 4.01, 3.86, 3.33, 3.2, 3.7, 3.18, 1.96, 2.1, 2.13, 2.15, 2.15, 1.9, 2.37, 2.608, 2.24, 1.69, 2.04, 2.06, 2.34, 1.7, 1.57, 1.9, 1.81, 1.35, 0, 1.1, 1.84, 2.22, 2.91, 3.755, 4.682, 4.226, 3.23, 2.07, 1.63, 1.48, 1.26, 1.44, 1.78, 2.28, 3.089, 3.79, 4.18, 3.61, 2.93, 2.54, 2.27, 2.47, 3.3, 4.88, 7.364, 10.119, 10.65, 10.153, 10.499, 10.507, 9.82, 9.254, 8.747, 8.866, 6.633, 4.373, 3.49, 3.43, 3.48, 4.29], [3.23, 3.42, 3.83, 3.84, 3.24, 3.13, 3.29, 3.41, 3.56, 3.05, 2.97, 3.11, 3.34, 3.86, 3.87, 3.98, 4.29, 4.05, 3.97, 4.31, 4.61, 4.58, 3.99, 4.0, 4.64, 3.98, 2.84, 2.58, 2.73, 3.03, 2.95, 2.46, 2.47, 2.46, 2.02, 1.65, 2.54, 2.46, 2.94, 2.18, 1.79, 2.08, 2.31, 1.73, 1.1, 0, 1.06, 1.7, 2.35, 3.3, 4.256, 3.646, 2.77, 1.53, 1.13, 1.22, 1.38, 1.56, 1.48, 2.08, 2.75, 3.47, 3.9, 3.27, 2.57, 2.28, 2.05, 2.07, 2.88, 4.52, 6.916, 9.727, 10.246, 9.773, 10.13, 10.115, 9.448, 8.871, 8.329, 8.46, 6.261, 3.853, 3.13, 3.21, 3.14, 3.752], [3.49, 3.82, 4.35, 4.3, 3.7, 3.77, 3.89, 3.99, 4.16, 3.67, 3.59, 3.73, 3.92, 4.32, 4.21, 4.36, 4.63, 4.47, 4.41, 4.75, 5.15, 5.22, 4.59, 4.66, 5.28, 4.58, 3.46, 3.16, 3.33, 3.67, 3.59, 2.98, 2.89, 2.88, 2.3, 2.15, 3.08, 3.14, 3.66, 2.88, 2.49, 2.82, 2.93, 2.37, 1.84, 1.06, 0, 0.94, 1.69, 2.78, 3.75, 3.14, 2.39, 1.49, 1.65, 1.74, 1.98, 2.04, 1.92, 2.1, 2.51, 3.05, 3.46, 2.79, 2.13, 2.06, 1.89, 1.89, 2.36, 4.04, 6.419, 9.221, 9.76, 9.278, 9.644, 9.629, 8.962, 8.385, 7.84, 7.974, 5.775, 3.5, 2.95, 3.25, 3.2, 3.55], [3.53, 3.96, 4.51, 4.46, 3.84, 3.95, 4.11, 4.15, 4.34, 3.87, 3.81, 3.91, 4.1, 4.48, 4.37, 4.52, 4.75, 4.61, 4.55, 4.87, 5.29, 5.38, 4.77, 4.8, 5.38, 4.9, 3.56, 3.34, 3.47, 3.81, 3.69, 3.12, 3.05, 2.92, 2.44, 2.73, 3.58, 3.74, 4.22, 3.46, 3.05, 3.38, 3.57, 2.93, 2.22, 1.7, 0.94, 0, 0.91, 2.1, 3.13, 2.64, 2.05, 1.57, 1.95, 2.2, 2.22, 2.3, 1.96, 1.96, 2.29, 2.61, 2.82, 2.43, 1.85, 1.96, 1.83, 1.89, 1.76, 3.28, 5.651, 8.461, 8.997, 8.515, 8.881, 8.866, 8.199, 7.622, 7.06, 7.208, 5.012, 3.22, 2.79, 3.09, 3.08, 3.33], [3.56, 4.07, 4.64, 4.59, 4.03, 4.2, 4.5, 4.34, 4.45, 4.14, 4.2, 4.2, 4.29, 4.63, 4.52, 4.59, 4.92, 4.66, 4.56, 4.96, 5.42, 5.49, 4.88, 5.05, 5.87, 5.39, 4.01, 3.59, 3.78, 4.2, 4.14, 3.53, 3.42, 3.25, 2.91, 3.28, 4.37, 4.51, 4.95, 4.21, 3.8, 4.17, 4.4, 3.8, 2.91, 2.35, 1.69, 0.91, 0, 1.39, 2.46, 1.99, 1.68, 2.04, 2.6, 2.89, 2.83, 2.69, 2.29, 2.09, 1.86, 2.14, 2.13, 2.02, 1.8, 1.95, 2.08, 1.92, 1.49, 2.53, 4.85, 7.628, 8.165, 7.709, 8.051, 8.033, 7.366, 6.789, 6.21, 6.375, 4.188, 3.11, 3.02, 3.42, 3.27, 3.18], [3.13, 3.66, 4.27, 4.28, 3.84, 4.31, 4.87, 4.37, 4.36, 4.41, 4.53, 4.37, 4.1, 4.34, 4.31, 4.52, 4.75, 4.47, 4.11, 4.63, 5.07, 5.16, 4.67, 5.28, 6.5, 6.02, 4.5, 3.66, 3.99, 4.53, 4.53, 3.92, 3.71, 3.62, 3.5, 3.97, 5.2, 5.5, 5.84, 5.1, 4.67, 5.1, 5.33, 4.822, 3.755, 3.3, 2.78, 2.1, 1.39, 0, 1.33, 1.04, 1.27, 2.69, 3.33, 3.62, 3.58, 3.24, 2.58, 2.5, 2.03, 1.91, 1.9, 1.91, 2.07, 2.56, 2.81, 2.51, 1.72, 1.92, 4.08, 6.482, 7.009, 6.66, 6.939, 6.886, 6.199, 5.628, 5.14, 5.208, 3.23, 3.2, 3.49, 3.89, 3.64, 3.45], [3.24, 3.37, 3.9, 3.91, 3.69, 4.86, 5.5, 4.98, 4.91, 5.02, 5.18, 5.02, 4.65, 4.63, 4.76, 4.97, 5.18, 4.76, 4.24, 4.5, 4.92, 5.09, 5.0, 5.89, 7.15, 6.73, 5.19, 4.19, 4.56, 5.08, 5.06, 4.39, 4.08, 3.95, 3.99, 4.72, 5.95, 6.43, 6.77, 6.05, 5.54, 6.01, 6.26, 5.8, 4.682, 4.256, 3.75, 3.13, 2.46, 1.33, 0, 0.99, 1.84, 3.2, 3.76, 4.17, 4.29, 3.97, 3.35, 3.01, 2.54, 2.32, 2.47, 2.56, 2.72, 3.23, 3.44, 3.12, 2.47, 2.11, 3.81, 5.78, 6.24, 6.07, 6.25, 6.2, 5.31, 4.83, 4.89, 4.37, 3.1, 3.43, 3.8, 4.24, 3.95, 3.76], [2.85, 3.12, 3.71, 3.74, 3.32, 4.43, 5.07, 4.55, 4.48, 4.61, 4.75, 4.57, 4.22, 4.24, 4.37, 4.54, 4.81, 4.45, 4.01, 4.37, 4.87, 4.94, 4.67, 5.46, 6.74, 6.36, 4.8, 3.76, 4.11, 4.71, 4.65, 3.96, 3.57, 3.48, 3.54, 4.11, 5.38, 5.76, 6.3, 5.48, 5.01, 5.4, 5.71, 5.27, 4.226, 3.646, 3.14, 2.64, 1.99, 1.04, 0.99, 0, 1.23, 2.75, 3.41, 3.8, 3.9, 3.6, 2.86, 2.6, 2.23, 2.19, 2.34, 2.37, 2.45, 2.92, 3.13, 2.85, 2.28, 2.18, 4.26, 6.29, 6.75, 6.58, 6.74, 6.65, 5.9, 5.38, 5.26, 4.98, 3.11, 3.24, 3.37, 3.75, 3.46, 3.21], [2.4, 2.99, 3.6, 3.59, 3.15, 3.5, 4.1, 3.7, 3.67, 3.7, 3.76, 3.66, 3.47, 3.75, 3.82, 3.99, 4.32, 4.0, 3.78, 4.28, 4.76, 4.77, 4.14, 4.61, 5.73, 5.29, 3.83, 3.07, 3.4, 3.84, 3.76, 3.03, 2.76, 2.61, 2.57, 3.14, 4.25, 4.81, 5.21, 4.45, 3.94, 4.39, 4.68, 4.28, 3.23, 2.77, 2.39, 2.05, 1.68, 1.27, 1.84, 1.23, 0, 1.8, 2.44, 2.73, 2.79, 2.53, 1.83, 1.87, 1.74, 2.06, 2.23, 1.98, 1.94, 2.17, 2.38, 2.12, 1.79, 2.23, 4.61, 7.052, 7.542, 7.15, 7.452, 7.426, 6.761, 6.193, 5.81, 5.799, 3.634, 2.83, 2.76, 3.06, 2.95, 2.78], [2.64, 3.03, 3.58, 3.53, 2.93, 3.4, 3.64, 3.68, 3.83, 3.4, 3.32, 3.4, 3.55, 3.89, 3.86, 4.05, 4.38, 4.2, 4.08, 4.48, 4.96, 4.95, 4.28, 4.41, 5.07, 4.39, 3.25, 2.87, 3.04, 3.3, 3.12, 2.43, 2.18, 1.99, 1.65, 1.88, 3.09, 3.43, 3.77, 3.05, 2.52, 3.03, 3.3, 2.9, 2.07, 1.53, 1.49, 1.57, 2.04, 2.69, 3.2, 2.75, 1.8, 0, 0.88, 1.33, 1.53, 1.81, 1.65, 1.75, 2.12, 2.8, 3.21, 2.48, 1.92, 1.71, 1.68, 1.62, 2.11, 3.41, 5.79, 8.54, 9.012, 8.489, 8.829, 8.826, 8.138, 7.579, 7.25, 7.21, 4.969, 2.71, 1.98, 2.3, 2.19, 2.6], [2.74, 3.01, 3.42, 3.39, 2.77, 3.1, 3.36, 3.46, 3.59, 3.1, 2.98, 3.16, 3.35, 3.75, 3.8, 3.95, 4.32, 4.08, 3.98, 4.3, 4.7, 4.69, 4.08, 4.13, 4.63, 4.03, 2.93, 2.57, 2.7, 2.9, 2.72, 2.17, 1.96, 1.91, 1.69, 1.7, 2.61, 2.83, 3.13, 2.41, 1.9, 2.37, 2.62, 2.26, 1.63, 1.13, 1.65, 1.95, 2.6, 3.33, 3.76, 3.41, 2.44, 0.88, 0, 0.79, 1.15, 1.53, 1.57, 1.75, 2.48, 3.24, 3.65, 2.94, 2.32, 1.97, 1.8, 1.82, 2.59, 4.05, 6.45, 9.26, 9.637, 9.129, 9.443, 9.46, 8.778, 8.21, 7.97, 7.83, 5.591, 3.19, 2.22, 2.32, 2.35, 3.18], [2.89, 3.02, 3.43, 3.42, 2.72, 2.71, 2.95, 3.01, 3.16, 2.69, 2.61, 2.71, 2.9, 3.28, 3.41, 3.6, 3.95, 3.67, 3.59, 3.91, 4.29, 4.24, 3.67, 3.72, 4.38, 3.66, 2.62, 2.26, 2.43, 2.57, 2.51, 2.04, 2.07, 2.2, 1.88, 1.69, 2.4, 2.54, 2.74, 2.04, 1.53, 2.08, 2.33, 1.97, 1.48, 1.22, 1.74, 2.2, 2.89, 3.62, 4.17, 3.8, 2.73, 1.33, 0.79, 0, 0.84, 1.34, 1.58, 1.9, 2.57, 3.31, 3.72, 3.09, 2.51, 2.06, 1.87, 1.89, 2.72, 4.38, 6.76, 9.61, 10.022, 9.479, 9.782, 9.853, 9.16, 8.6, 8.38, 8.28, 5.95, 3.58, 2.71, 2.81, 2.72, 3.63], [2.83, 2.76, 3.13, 3.14, 2.54, 2.25, 2.55, 2.61, 2.72, 2.25, 2.17, 2.27, 2.5, 3.0, 3.03, 3.18, 3.65, 3.31, 3.21, 3.49, 3.85, 3.86, 3.25, 3.26, 3.84, 3.22, 2.04, 1.9, 1.99, 2.09, 1.95, 1.7, 1.87, 2.06, 1.86, 1.71, 2.16, 2.34, 2.58, 1.84, 1.49, 2.0, 2.21, 1.85, 1.26, 1.38, 1.98, 2.22, 2.83, 3.58, 4.29, 3.9, 2.79, 1.53, 1.15, 0.84, 0, 0.94, 1.32, 1.84, 2.65, 3.33, 3.74, 3.15, 2.63, 2.2, 1.97, 2.09, 2.88, 4.46, 6.76, 9.63, 10.09, 9.576, 9.931, 9.95, 9.26, 8.66, 8.38, 8.32, 6.09, 3.72, 2.91, 2.85, 2.82, 3.69], [2.53, 2.42, 2.83, 2.86, 2.34, 1.93, 2.29, 2.27, 2.34, 1.97, 1.91, 1.93, 2.22, 2.74, 2.67, 2.74, 3.31, 2.99, 2.93, 3.07, 3.49, 3.5, 2.89, 2.84, 3.64, 3.02, 1.8, 1.44, 1.75, 1.97, 1.95, 1.62, 1.61, 1.92, 1.78, 1.93, 2.32, 2.64, 2.88, 2.3, 2.01, 2.52, 2.57, 2.27, 1.44, 1.56, 2.04, 2.3, 2.69, 3.24, 3.97, 3.6, 2.53, 1.81, 1.53, 1.34, 0.94, 0, 1.1, 1.7, 2.31, 2.95, 3.34, 2.87, 2.39, 2.14, 2.01, 2.07, 2.66, 4.14, 6.4, 9.33, 9.724, 9.199, 9.557, 9.616, 8.883, 8.326, 8.1, 8.0, 5.713, 3.56, 2.99, 2.99, 3.12, 3.63], [2.23, 2.58, 2.95, 2.96, 2.38, 2.21, 2.61, 2.55, 2.52, 2.25, 2.27, 2.25, 2.3, 2.74, 2.81, 2.96, 3.27, 2.99, 2.95, 3.29, 3.63, 3.66, 3.11, 3.14, 4.1, 3.58, 2.14, 1.64, 1.85, 2.27, 2.21, 1.68, 1.75, 1.86, 1.8, 2.29, 2.96, 3.18, 3.5, 2.78, 2.35, 2.76, 3.03, 2.69, 1.78, 1.48, 1.92, 1.96, 2.29, 2.58, 3.35, 2.86, 1.83, 1.65, 1.57, 1.58, 1.32, 1.1, 0, 1.26, 1.81, 2.37, 2.76, 2.37, 2.01, 1.84, 1.77, 1.81, 2.44, 3.86, 6.18, 8.69, 9.149, 8.76, 9.074, 9.033, 8.374, 7.8, 7.48, 7.4, 5.164, 3.2, 2.87, 2.79, 2.78, 3.15], [2.43, 2.92, 3.29, 3.3, 2.7, 2.79, 3.25, 3.11, 3.1, 3.03, 2.97, 3.03, 2.88, 3.26, 3.27, 3.34, 3.63, 3.37, 3.33, 3.61, 4.05, 4.04, 3.55, 3.6, 4.3, 3.98, 2.6, 1.98, 2.13, 2.41, 2.29, 1.78, 2.03, 2.04, 2.16, 2.95, 3.5, 3.8, 4.04, 3.38, 2.93, 3.38, 3.65, 3.23, 2.28, 2.08, 2.1, 1.96, 2.09, 2.5, 3.01, 2.6, 1.87, 1.75, 1.75, 1.9, 1.84, 1.7, 1.26, 0, 1.07, 1.81, 2.24, 2.01, 1.65, 1.38, 1.35, 1.31, 2.24, 3.78, 6.06, 8.505, 8.73, 8.4, 8.6, 8.479, 7.889, 7.378, 7.46, 7.032, 4.67, 2.84, 2.33, 2.53, 2.48, 2.89], [2.24, 2.89, 3.2, 3.19, 2.61, 2.88, 3.32, 2.98, 3.09, 3.18, 3.26, 3.26, 2.89, 3.05, 3.04, 3.07, 3.32, 3.02, 3.0, 3.52, 4.0, 3.87, 3.52, 3.77, 4.93, 4.63, 3.19, 2.19, 2.44, 2.86, 2.84, 2.19, 2.22, 2.11, 2.53, 3.32, 4.35, 4.67, 4.83, 4.17, 3.74, 4.25, 4.6, 4.2, 3.089, 2.75, 2.51, 2.29, 1.86, 2.03, 2.54, 2.23, 1.74, 2.12, 2.48, 2.57, 2.65, 2.31, 1.81, 1.07, 0, 0.9, 1.39, 1.42, 1.32, 1.25, 1.38, 1.24, 1.69, 3.23, 5.43, 7.995, 8.078, 7.55, 7.73, 7.74, 7.179, 6.748, 6.97, 6.505, 3.98, 2.63, 2.66, 3.04, 2.91, 2.86], [2.68, 3.23, 3.48, 3.47, 2.83, 3.14, 3.5, 3.22, 3.35, 3.58, 3.66, 3.64, 3.19, 3.17, 3.1, 3.11, 3.34, 3.1, 3.06, 3.56, 4.02, 3.95, 3.78, 4.11, 5.47, 5.19, 3.75, 2.51, 2.84, 3.4, 3.36, 2.81, 2.66, 2.65, 3.23, 4.0, 5.03, 5.27, 5.39, 4.73, 4.32, 4.85, 5.22, 4.82, 3.79, 3.47, 3.05, 2.61, 2.14, 1.91, 2.32, 2.19, 2.06, 2.8, 3.24, 3.31, 3.33, 2.95, 2.37, 1.81, 0.9, 0, 0.79, 1.24, 1.4, 1.69, 1.82, 1.7, 1.73, 3.09, 5.19, 7.655, 7.738, 7.19, 7.29, 7.34, 6.799, 6.388, 6.69, 6.165, 3.74, 2.83, 3.3, 3.7, 3.61, 3.52], [2.99, 3.56, 3.71, 3.74, 3.2, 3.51, 3.75, 3.47, 3.6, 3.87, 3.93, 3.91, 3.48, 3.5, 3.45, 3.46, 3.57, 3.31, 3.29, 3.73, 4.17, 4.08, 4.09, 4.58, 5.92, 5.64, 4.24, 2.76, 3.23, 3.79, 3.65, 3.2, 3.03, 3.08, 3.58, 4.49, 5.54, 5.8, 5.82, 5.18, 4.77, 5.32, 5.61, 5.23, 4.18, 3.9, 3.46, 2.82, 2.13, 1.9, 2.47, 2.34, 2.23, 3.21, 3.65, 3.72, 3.74, 3.34, 2.76, 2.24, 1.39, 0.79, 0, 1.09, 1.57, 1.9, 2.13, 2.09, 1.78, 2.78, 4.9, 7.428, 7.548, 6.88, 7.06, 7.068, 6.515, 6.178, 6.4, 5.935, 3.43, 3.12, 3.69, 4.07, 3.96, 3.75], [2.92, 3.63, 3.9, 3.95, 3.49, 3.46, 3.48, 3.52, 3.79, 3.6, 3.68, 3.78, 3.67, 3.83, 3.68, 3.83, 4.0, 3.76, 3.66, 4.12, 4.48, 4.47, 4.26, 4.75, 5.73, 5.37, 4.13, 3.07, 3.48, 3.98, 3.74, 3.15, 2.72, 2.77, 3.07, 3.88, 4.99, 5.29, 5.47, 4.81, 4.36, 4.87, 5.1, 4.72, 3.61, 3.27, 2.79, 2.43, 2.02, 1.91, 2.56, 2.37, 1.98, 2.48, 2.94, 3.09, 3.15, 2.87, 2.37, 2.01, 1.42, 1.24, 1.09, 0, 0.86, 1.29, 1.64, 1.54, 1.55, 2.61, 4.99, 7.63, 7.833, 7.21, 7.29, 7.355, 6.814, 6.366, 6.51, 6.177, 3.584, 2.35, 2.98, 3.42, 3.25, 3.18], [2.98, 3.59, 3.96, 3.97, 3.41, 3.22, 3.38, 3.38, 3.71, 3.36, 3.36, 3.54, 3.57, 3.85, 3.68, 3.83, 4.0, 3.88, 3.76, 4.12, 4.5, 4.55, 4.16, 4.47, 5.27, 4.85, 3.71, 3.01, 3.24, 3.64, 3.4, 2.83, 2.6, 2.59, 2.61, 3.44, 4.45, 4.73, 4.91, 4.25, 3.8, 4.29, 4.5, 4.02, 2.93, 2.57, 2.13, 1.85, 1.8, 2.07, 2.72, 2.45, 1.94, 1.92, 2.32, 2.51, 2.63, 2.39, 2.01, 1.65, 1.32, 1.4, 1.57, 0.86, 0, 0.79, 1.1, 1.06, 1.51, 2.95, 5.357, 8.13, 8.364, 7.723, 7.905, 7.969, 7.371, 6.86, 6.891, 6.697, 4.175, 2.17, 2.58, 3.02, 2.89, 3.12], [2.87, 3.48, 3.85, 3.82, 3.24, 3.05, 3.19, 3.21, 3.5, 3.21, 3.21, 3.39, 3.42, 3.72, 3.59, 3.62, 3.85, 3.69, 3.61, 3.87, 4.31, 4.34, 4.05, 4.1, 4.82, 4.34, 3.26, 2.66, 2.85, 3.15, 2.93, 2.42, 2.35, 2.28, 2.38, 3.07, 4.1, 4.24, 4.4, 3.76, 3.31, 3.8, 4.03, 3.59, 2.54, 2.28, 2.06, 1.96, 1.95, 2.56, 3.23, 2.92, 2.17, 1.71, 1.97, 2.06, 2.2, 2.14, 1.84, 1.38, 1.25, 1.69, 1.9, 1.29, 0.79, 0, 0.77, 0.93, 1.94, 3.46, 5.85, 8.62, 8.849, 8.175, 8.366, 8.446, 7.853, 7.348, 7.404, 7.179, 4.657, 2.44, 2.37, 2.65, 2.58, 2.95], [2.78, 3.39, 3.8, 3.75, 3.13, 2.94, 3.06, 3.16, 3.37, 3.0, 2.92, 3.16, 3.23, 3.63, 3.52, 3.69, 3.92, 3.68, 3.64, 3.96, 4.36, 4.31, 3.96, 3.99, 4.69, 4.25, 3.15, 2.45, 2.66, 2.94, 2.72, 2.27, 2.26, 2.25, 2.03, 2.8, 3.77, 3.91, 4.03, 3.37, 2.94, 3.45, 3.72, 3.32, 2.27, 2.05, 1.89, 1.83, 2.08, 2.81, 3.44, 3.13, 2.38, 1.68, 1.8, 1.87, 1.97, 2.01, 1.77, 1.35, 1.38, 1.82, 2.13, 1.64, 1.1, 0.77, 0, 0.72, 1.81, 3.563, 5.937, 8.848, 9.002, 8.341, 8.594, 8.696, 8.066, 7.578, 7.649, 7.392, 4.89, 2.65, 2.44, 2.62, 2.59, 3.22], [2.86, 3.47, 3.86, 3.83, 3.23, 3.1, 3.26, 3.32, 3.49, 3.1, 3.06, 3.28, 3.35, 3.65, 3.64, 3.77, 4.04, 3.8, 3.82, 4.2, 4.72, 4.53, 3.84, 4.11, 4.83, 4.33, 3.21, 2.69, 2.88, 3.22, 3.08, 2.41, 2.36, 2.33, 2.19, 2.7, 3.71, 3.93, 4.13, 3.43, 2.98, 3.49, 3.86, 3.5, 2.47, 2.07, 1.89, 1.89, 1.92, 2.51, 3.12, 2.85, 2.12, 1.62, 1.82, 1.89, 2.09, 2.07, 1.81, 1.31, 1.24, 1.7, 2.09, 1.54, 1.06, 0.93, 0.72, 0, 1.55, 3.33, 5.597, 8.525, 8.693, 8.14, 8.376, 8.393, 7.82, 7.292, 7.328, 7.086, 4.621, 2.37, 2.3, 2.54, 2.51, 2.98], [2.99, 3.54, 4.03, 4.0, 3.48, 3.69, 4.11, 3.91, 4.0, 3.71, 3.73, 3.69, 3.8, 4.1, 4.17, 4.28, 4.65, 4.39, 4.29, 4.73, 5.37, 5.16, 4.47, 4.88, 5.9, 5.4, 4.04, 3.42, 3.71, 4.13, 4.09, 3.34, 2.87, 2.8, 2.38, 3.13, 4.28, 4.74, 4.9, 4.18, 3.77, 4.32, 4.73, 4.398, 3.3, 2.88, 2.36, 1.76, 1.49, 1.72, 2.47, 2.28, 1.79, 2.11, 2.59, 2.72, 2.88, 2.66, 2.44, 2.24, 1.69, 1.73, 1.78, 1.55, 1.51, 1.94, 1.81, 1.55, 0, 2.1, 4.339, 7.4, 7.714, 7.106, 7.523, 7.588, 6.946, 6.392, 6.17, 6.069, 3.799, 2.54, 2.79, 3.19, 3.06, 3.17], [3.47, 4.14, 4.71, 4.7, 4.54, 5.21, 5.71, 5.31, 5.44, 5.23, 5.35, 5.23, 5.28, 5.46, 5.53, 5.84, 6.09, 5.79, 5.37, 5.81, 6.37, 6.32, 5.81, 6.44, 7.54, 7.06, 5.7, 4.86, 5.21, 5.73, 5.61, 4.78, 4.27, 4.0, 3.6, 4.47, 5.78, 6.5, 6.76, 5.98, 5.45, 6.08, 6.378, 6.058, 4.88, 4.52, 4.04, 3.28, 2.53, 1.92, 2.11, 2.18, 2.23, 3.41, 4.05, 4.38, 4.46, 4.14, 3.86, 3.78, 3.23, 3.09, 2.78, 2.61, 2.95, 3.46, 3.563, 3.33, 2.1, 0, 2.558, 5.42, 5.845, 5.32, 5.674, 5.753, 5.04, 4.484, 4.153, 4.164, 2.15, 2.8, 3.35, 3.77, 3.58, 3.39], [5.27, 5.7, 6.23, 6.18, 6.24, 7.29, 7.91, 7.47, 7.52, 7.41, 7.53, 7.37, 7.34, 7.4, 7.49, 7.86, 8.13, 7.73, 7.27, 7.59, 8.29, 8.28, 7.75, 8.54, 9.7, 9.18, 7.8, 6.9, 7.33, 7.87, 7.81, 6.92, 6.37, 5.9, 5.54, 6.49, 7.985, 8.748, 8.98, 8.18, 7.67, 8.331, 8.775, 8.443, 7.364, 6.916, 6.419, 5.651, 4.85, 4.08, 3.81, 4.26, 4.61, 5.79, 6.45, 6.76, 6.76, 6.4, 6.18, 6.06, 5.43, 5.19, 4.9, 4.99, 5.357, 5.85, 5.937, 5.597, 4.339, 2.558, 0, 3.15, 3.67, 3.08, 3.36, 3.43, 2.76, 2.18, 1.98, 1.88, 1.95, 3.82, 4.61, 4.85, 4.7, 4.05], [7.88, 7.97, 8.24, 8.19, 8.53, 10.1, 10.86, 10.36, 10.29, 10.4, 10.56, 10.38, 10.05, 9.95, 10.1, 10.29, 10.64, 10.2, 9.64, 9.48, 10.04, 10.26, 10.273, 11.288, 12.55, 12.11, 10.53, 9.49, 9.82, 10.42, 10.38, 9.61, 9.24, 8.73, 8.51, 9.42, 10.93, 11.69, 12.01, 11.19, 10.64, 11.273, 11.603, 11.272, 10.119, 9.727, 9.221, 8.461, 7.628, 6.482, 5.78, 6.29, 7.052, 8.54, 9.26, 9.61, 9.63, 9.33, 8.69, 8.505, 7.995, 7.655, 7.428, 7.63, 8.13, 8.62, 8.848, 8.525, 7.4, 5.42, 3.15, 0, 1.64, 1.99, 1.81, 1.68, 1.47, 1.61, 1.85, 1.75, 4.16, 6.55, 7.52, 7.7, 7.37, 6.44], [7.98, 8.11, 8.46, 8.43, 8.73, 10.2, 10.94, 10.44, 10.39, 10.54, 10.7, 10.58, 10.17, 10.03, 10.18, 10.39, 10.72, 10.3, 9.72, 9.74, 10.42, 10.508, 10.418, 11.348, 12.645, 12.344, 10.779, 9.57, 9.96, 10.62, 10.52, 9.69, 9.32, 8.822, 8.884, 9.871, 11.41, 12.161, 12.396, 11.61, 11.066, 11.724, 12.128, 11.802, 10.65, 10.246, 9.76, 8.997, 8.165, 7.009, 6.24, 6.75, 7.542, 9.012, 9.637, 10.022, 10.09, 9.724, 9.149, 8.73, 8.078, 7.738, 7.548, 7.833, 8.364, 8.849, 9.002, 8.693, 7.714, 5.845, 3.67, 1.64, 0, 1.09, 1.19, 1.72, 2.31, 2.31, 2.73, 2.39, 4.32, 6.71, 7.66, 7.84, 7.59, 6.72], [7.47, 7.82, 8.19, 8.16, 8.16, 9.39, 10.15, 9.67, 9.72, 9.89, 9.95, 9.85, 9.48, 9.34, 9.41, 9.74, 10.01, 9.61, 9.19, 9.37, 10.17, 10.12, 9.99, 10.778, 12.18, 11.76, 10.36, 9.0, 9.29, 9.87, 9.87, 9.12, 8.57, 8.04, 8.226, 9.415, 10.925, 11.687, 11.876, 11.102, 10.595, 11.267, 11.648, 11.317, 10.153, 9.773, 9.278, 8.515, 7.709, 6.66, 6.07, 6.58, 7.15, 8.489, 9.129, 9.479, 9.576, 9.199, 8.76, 8.4, 7.55, 7.19, 6.88, 7.21, 7.723, 8.175, 8.341, 8.14, 7.106, 5.32, 3.08, 1.99, 1.09, 0, 0.84, 1.39, 2.08, 2.08, 2.38, 2.44, 3.95, 6.2, 7.21, 7.37, 7.2, 6.41], [7.69, 7.98, 8.23, 8.22, 8.46, 9.727, 10.41, 9.91, 10.0, 10.239, 10.379, 10.299, 9.86, 9.66, 9.71, 9.96, 10.23, 9.87, 9.29, 9.57, 10.17, 10.18, 10.25, 11.049, 12.437, 12.123, 10.7, 9.24, 9.61, 10.31, 10.19, 9.36, 8.79, 8.4, 8.646, 9.764, 11.285, 12.048, 12.294, 11.514, 10.947, 11.617, 12.021, 11.677, 10.499, 10.13, 9.644, 8.881, 8.051, 6.939, 6.25, 6.74, 7.452, 8.829, 9.443, 9.782, 9.931, 9.557, 9.074, 8.6, 7.73, 7.29, 7.06, 7.29, 7.905, 8.366, 8.594, 8.376, 7.523, 5.674, 3.36, 1.81, 1.19, 0.84, 0, 0.91, 1.66, 1.94, 2.16, 2.48, 4.05, 6.4, 7.47, 7.67, 7.48, 6.57], [7.72, 8.03, 8.22, 8.23, 8.47, 9.84, 10.54, 10.04, 10.05, 10.329, 10.469, 10.409, 9.939, 9.73, 9.8, 10.11, 10.28, 9.82, 9.4, 9.68, 10.16, 10.19, 10.24, 11.142, 12.416, 12.216, 10.676, 9.31, 9.72, 10.34, 10.24, 9.35, 8.9, 8.453, 8.759, 9.723, 11.27, 12.013, 12.313, 11.53, 10.963, 11.576, 12.008, 11.659, 10.507, 10.115, 9.629, 8.866, 8.033, 6.886, 6.2, 6.65, 7.426, 8.826, 9.46, 9.853, 9.95, 9.616, 9.033, 8.479, 7.74, 7.34, 7.068, 7.355, 7.969, 8.446, 8.696, 8.393, 7.588, 5.753, 3.43, 1.68, 1.72, 1.39, 0.91, 0, 1.29, 1.75, 2.01, 2.31, 3.96, 6.39, 7.48, 7.68, 7.47, 6.48], [7.09, 7.24, 7.33, 7.26, 7.58, 9.29, 10.03, 9.51, 9.48, 9.71, 9.85, 9.77, 9.36, 9.1, 9.25, 9.46, 9.77, 9.29, 8.81, 8.85, 9.19, 9.36, 9.61, 10.532, 11.869, 11.58, 10.023, 8.68, 9.03, 9.69, 9.59, 8.76, 8.37, 7.909, 8.029, 9.124, 10.66, 11.414, 11.663, 10.88, 10.313, 10.977, 11.329, 10.992, 9.82, 9.448, 8.962, 8.199, 7.366, 6.199, 5.31, 5.9, 6.761, 8.138, 8.778, 9.16, 9.26, 8.883, 8.374, 7.889, 7.179, 6.799, 6.515, 6.814, 7.371, 7.853, 8.066, 7.82, 6.946, 5.04, 2.76, 1.47, 2.31, 2.08, 1.66, 1.29, 0, 1.0, 1.5, 1.42, 3.29, 5.88, 6.89, 7.11, 6.88, 5.95], [6.65, 6.78, 7.19, 7.16, 7.34, 8.81, 9.57, 9.07, 9.0, 9.19, 9.33, 9.25, 