[[0, 0.89, 1.06, 1.69, 1.11, 1.23, 1.63, 2.32, 4.86, 6.806, 6.641, 5.581, 5.661, 5.555, 5.5, 5.05, 4.75, 4.86, 5.46, 5.46, 5.558, 5.168, 4.648, 4.378, 3.891, 4.06, 4.35, 3.81, 2.97, 2.6, 2.29, 2.46, 3.71, 4.56, 5.58, 6.39, 6.03, 4.99, 4.27, 4.55, 5.95, 5.73, 5.21, 5.43, 5.37, 5.53, 5.37, 5.68, 6.16, 7.05, 7.0, 6.93, 6.37, 5.7, 5.55, 5.4, 5.06, 4.73, 4.76, 4.95, 5.0, 5.55, 6.74, 7.52, 6.71, 6.76, 6.56, 6.38, 6.02, 5.29, 5.02, 4.8, 4.74, 4.7, 4.7, 4.94, 5.0, 4.5, 3.74, 4.11, 3.98, 3.61, 3.85, 3.3, 3.07, 3.36], [0.89, 0, 0.77, 1.76, 1.44, 1.56, 2.06, 2.27, 4.73, 6.588, 6.428, 5.388, 5.448, 5.345, 5.23, 4.8, 4.48, 4.55, 5.23, 5.238, 5.328, 4.938, 4.418, 4.168, 3.71, 3.95, 4.18, 3.64, 2.82, 2.47, 2.32, 2.59, 3.84, 4.69, 5.81, 6.6, 6.28, 5.18, 4.5, 4.8, 6.18, 6.0, 5.4, 5.54, 5.58, 5.72, 5.56, 5.81, 6.33, 7.16, 7.05, 7.06, 6.5, 5.81, 5.64, 5.53, 5.15, 4.82, 4.85, 5.06, 5.13, 5.7, 6.83, 7.63, 6.82, 6.87, 6.67, 6.47, 6.13, 5.42, 5.13, 4.99, 4.91, 4.93, 4.91, 5.15, 5.21, 4.71, 3.89, 4.3, 4.19, 3.88, 4.02, 3.55, 3.2, 3.47], [1.06, 0.77, 0, 1.29, 1.19, 1.47, 2.17, 2.64, 5.16, 7.025, 6.906, 5.826, 5.906, 5.843, 5.68, 5.19, 4.93, 4.98, 5.74, 5.716, 5.826, 5.436, 4.916, 4.665, 4.179, 4.44, 4.65, 4.17, 3.23, 2.88, 2.33, 2.52, 3.49, 4.2, 5.34, 6.13, 5.81, 4.67, 4.11, 4.43, 5.75, 5.51, 4.93, 5.13, 5.15, 5.25, 5.07, 5.4, 5.94, 6.79, 6.6, 6.55, 6.05, 5.56, 5.47, 5.38, 4.9, 4.65, 4.7, 4.91, 5.08, 5.59, 6.6, 7.2, 6.69, 6.74, 6.56, 6.3, 5.96, 5.23, 4.92, 4.92, 4.86, 4.9, 4.82, 5.1, 5.18, 4.66, 3.84, 4.21, 4.14, 3.89, 4.07, 3.58, 3.23, 3.54], [1.69, 1.76, 1.29, 0, 1.4, 1.94, 2.62, 3.59, 6.19, 8.016, 7.884, 6.804, 6.884, 6.83, 6.69, 6.34, 5.86, 6.01, 6.77, 6.723, 6.813, 6.403, 5.883, 5.633, 5.146, 5.37, 5.506, 5.06, 4.18, 3.89, 2.82, 2.63, 3.34, 3.69, 4.43, 5.28, 5.06, 4.24, 3.22, 3.26, 4.6, 4.46, 3.88, 4.32, 4.48, 4.4, 4.16, 4.53, 5.21, 5.98, 6.25, 6.3, 5.82, 5.49, 5.42, 5.31, 4.83, 4.56, 4.59, 4.78, 5.01, 5.58, 6.43, 6.91, 6.62, 6.67, 6.51, 6.19, 5.85, 5.12, 4.79, 4.93, 4.87, 5.03, 4.93, 5.19, 5.29, 4.75, 4.07, 4.34, 4.27, 4.04, 4.1, 3.63, 3.3, 3.61], [1.11, 1.44, 1.19, 1.4, 0, 1.16, 1.82, 2.63, 5.55, 7.582, 7.456, 6.361, 6.462, 6.395, 6.21, 5.6, 5.44, 5.45, 6.25, 6.29, 6.392, 6.002, 5.483, 5.216, 4.712, 4.83, 5.12, 4.58, 3.62, 3.37, 3.06, 2.97, 3.66, 4.17, 5.07, 5.84, 5.6, 4.52, 3.88, 4.18, 5.46, 5.26, 4.66, 4.9, 4.86, 5.02, 4.92, 5.25, 5.79, 6.6, 6.59, 6.56, 6.08, 5.71, 5.62, 5.49, 5.01, 4.74, 4.77, 4.98, 5.23, 5.88, 6.69, 7.19, 6.8, 6.85, 6.71, 6.37, 6.03, 5.3, 4.99, 5.19, 5.13, 5.31, 5.25, 5.51, 5.61, 5.09, 4.37, 4.68, 4.59, 4.26, 4.24, 3.71, 3.44, 3.77], [1.23, 1.56, 1.47, 1.94, 1.16, 0, 1.2, 2.03, 4.85, 6.907, 6.807, 5.8, 5.777, 5.717, 5.55, 4.84, 4.76, 4.79, 5.59, 5.63, 5.714, 5.324, 4.814, 4.547, 4.043, 4.13, 4.44, 3.92, 2.88, 2.77, 3.02, 3.05, 4.26, 4.97, 5.85, 6.64, 6.36, 5.38, 4.72, 4.96, 6.26, 6.0, 5.42, 5.66, 5.7, 5.86, 5.66, 6.05, 6.65, 7.46, 7.43, 7.3, 6.78, 6.11, 5.98, 5.83, 5.47, 5.18, 5.13, 5.3, 5.43, 5.94, 6.99, 7.93, 7.1, 7.11, 6.91, 6.79, 6.45, 5.76, 5.45, 5.31, 5.23, 5.31, 5.25, 5.55, 5.61, 5.11, 4.31, 4.68, 4.59, 4.24, 4.36, 3.77, 3.54, 3.79], [1.63, 2.06, 2.17, 2.62, 1.82, 1.2, 0, 2.03, 4.93, 6.977, 6.998, 5.98, 5.837, 5.774, 5.65, 4.96, 4.88, 4.95, 5.708, 5.701, 5.774, 5.384, 4.888, 4.657, 4.111, 4.191, 4.504, 4.04, 3.1, 3.03, 3.54, 3.31, 4.8, 5.49, 6.39, 7.12, 6.86, 5.92, 5.32, 5.52, 6.66, 6.42, 6.0, 6.3, 6.22, 6.42, 6.22, 6.63, 7.21, 8.04, 7.97, 7.84, 7.34, 6.67, 6.52, 6.37, 6.03, 5.74, 5.67, 5.82, 5.77, 6.22, 7.51, 8.49, 7.58, 7.61, 7.45, 7.33, 7.01, 6.32, 6.01, 5.59, 5.51, 5.57, 5.51, 5.81, 5.87, 5.37, 4.55, 4.94, 4.85, 4.48, 4.62, 4.07, 3.8, 4.11], [2.32, 2.27, 2.64, 3.59, 2.63, 2.03, 2.03, 0, 3.44, 5.496, 5.53, 4.49, 4.376, 4.306, 4.121, 3.466, 3.351, 3.381, 4.164, 4.204, 4.307, 3.944, 3.464, 3.41, 2.84, 2.86, 3.17, 2.71, 2.33, 2.8, 3.59, 4.32, 5.79, 6.48, 7.38, 8.15, 7.95, 6.93, 6.35, 6.61, 7.87, 7.65, 7.07, 7.27, 7.15, 7.37, 7.27, 7.62, 8.18, 8.99, 8.9, 8.77, 8.31, 7.66, 7.53, 7.4, 7.02, 6.75, 6.78, 6.93, 6.82, 7.19, 8.62, 9.46, 8.65, 8.7, 8.56, 8.4, 8.06, 7.35, 7.06, 6.68, 6.52, 6.2, 6.2, 6.58, 6.56, 6.06, 5.14, 5.59, 5.58, 5.23, 5.59, 5.02, 4.79, 5.04], [4.86, 4.73, 5.16, 6.19, 5.55, 4.85, 4.93, 3.44, 0, 2.27, 2.81, 2.49, 2.19, 1.81, 1.38, 1.35, 2.15, 2.04, 2.2, 2.16, 2.01, 2.1, 2.36, 2.41, 2.28, 1.86, 1.91, 2.11, 2.67, 2.96, 4.39, 6.44, 8.25, 9.06, 10.12, 10.95, 10.63, 9.55, 8.95, 9.21, 10.59, 10.31, 9.81, 9.99, 9.97, 10.11, 9.91, 10.26, 10.82, 11.65, 11.56, 11.41, 10.83, 10.14, 9.95, 9.86, 9.5, 9.15, 9.06, 9.17, 8.96, 9.23, 10.94, 11.92, 10.97, 11.0, 10.82, 10.72, 10.42, 9.79, 9.42, 8.88, 8.56, 7.62, 7.56, 8.04, 7.68, 7.34, 6.3, 6.95, 7.24, 7.01, 7.55, 7.1, 6.83, 7.04], [6.806, 6.588, 7.025, 8.016, 7.582, 6.907, 6.977, 5.496, 2.27, 0, 1.62, 2.08, 1.76, 1.68, 1.69, 2.44, 2.64, 2.67, 2.07, 1.99, 1.76, 1.97, 2.43, 2.66, 3.11, 3.01, 3.04, 3.24, 4.16, 4.33, 5.62, 7.47, 9.28, 10.649, 11.87, 12.816, 12.573, 11.456, 10.728, 11.002, 12.379, 12.082, 11.679, 11.836, 11.959, 12.096, 11.759, 11.95, 12.566, 13.399, 12.63, 11.98, 11.2, 10.35, 10.22, 10.25, 10.17, 9.44, 9.29, 9.22, 8.99, 9.36, 11.25, 12.11, 11.04, 11.07, 10.97, 10.81, 10.59, 10.04, 9.79, 9.15, 8.67, 7.65, 7.61, 8.07, 7.71, 7.41, 6.49, 6.96, 7.23, 7.04, 7.6, 7.29, 7.22, 7.07], [6.641, 6.428, 6.906, 7.884, 7.456, 6.807, 6.998, 5.53, 2.81, 1.62, 0, 1.18, 1.64, 1.98, 2.27, 2.86, 2.88, 3.23, 2.85, 2.53, 2.24, 2.47, 2.71, 2.94, 3.49, 3.57, 3.8, 3.9, 4.52, 4.83, 5.74, 7.27, 9.025, 10.483, 11.672, 12.687, 12.444, 11.312, 10.502, 10.816, 12.193, 11.936, 11.55, 11.676, 11.813, 11.949, 11.607, 11.74, 12.397, 13.204, 12.41, 11.54, 10.64, 9.71, 9.44, 9.964, 9.93, 9.08, 8.87, 8.72, 8.47, 8.98, 10.31, 11.23, 10.18, 10.13, 10.23, 10.11, 9.91, 9.48, 9.33, 8.97, 8.55, 7.33, 7.27, 7.65, 7.27, 6.91, 6.51, 6.9, 6.87, 6.3, 6.84, 6.73, 6.96, 6.77], [5.581, 5.388, 5.826, 6.804, 6.361, 5.8, 5.98, 4.49, 2.49, 2.08, 1.18, 0, 1.0, 1.5, 1.87, 2.34, 2.22, 2.55, 2.49, 2.15, 1.98, 1.93, 2.07, 2.16, 2.55, 2.67, 3.1, 3.26, 3.76, 4.11, 4.86, 6.27, 7.945, 9.406, 10.592, 11.607, 11.364, 10.232, 9.422, 9.736, 11.116, 10.856, 10.47, 10.596, 10.732, 10.869, 10.527, 10.661, 11.317, 12.128, 11.31, 10.5, 9.64, 8.73, 8.52, 8.93, 8.81, 8.0, 7.91, 7.82, 7.63, 8.16, 9.49, 10.33, 9.3, 9.35, 9.41, 9.17, 8.93, 8.52, 8.33, 8.03, 7.59, 6.61, 6.57, 6.99, 6.71, 6.29, 5.71, 6.08, 6.11, 5.58, 6.1, 5.91, 6.08, 5.87], [5.661, 5.448, 5.906, 6.884, 6.462, 5.777, 5.837, 4.376, 2.19, 1.76, 1.64, 1.0, 0, 1.12, 1.55, 1.8, 1.9, 2.19, 2.09, 1.77, 1.52, 1.59, 1.79, 1.9, 2.23, 2.31, 2.7, 2.9, 3.42, 3.77, 4.7, 6.161, 8.045, 9.486, 10.672, 11.687, 11.444, 10.318, 9.522, 9.836, 11.213, 10.936, 10.55, 10.676, 10.813, 10.958, 10.611, 10.781, 11.417, 12.228, 11.41, 10.68, 9.82, 8.95, 8.7, 9.01, 8.93, 8.18, 8.03, 7.86, 7.57, 8.08, 9.87, 10.53, 9.46, 9.47, 9.37, 9.19, 8.99, 8.56, 8.37, 7.93, 7.43, 6.47, 6.59, 6.95, 6.73, 6.35, 5.61, 5.88, 6.01, 5.6, 6.12, 5.81, 5.78, 5.71], [5.555, 5.345, 5.843, 6.83, 6.395, 5.717, 5.774, 4.306, 1.81, 1.68, 1.98, 1.5, 1.12, 0, 0.97, 1.42, 1.52, 1.63, 1.69, 1.31, 1.2, 1.31, 1.67, 1.76, 1.93, 1.93, 2.16, 2.4, 3.08, 3.23, 4.32, 6.23, 8.0, 9.43, 10.61, 11.68, 11.39, 10.296, 9.419, 9.713, 11.14, 10.88, 10.487, 10.613, 10.75, 10.886, 10.53, 10.672, 11.31, 12.16, 11.43, 11.02, 10.12, 9.35, 9.18, 9.25, 9.09, 8.34, 8.17, 8.1, 7.85, 8.36, 10.25, 11.07, 9.98, 9.99, 9.79, 9.71, 9.47, 8.92, 8.67, 7.97, 7.47, 6.47, 6.47, 6.87, 6.55, 6.17, 5.37, 5.82, 6.09, 5.9, 6.46, 6.15, 6.06, 5.99], [5.5, 5.23, 5.68, 6.69, 6.21, 5.55, 5.65, 4.121, 1.38, 1.69, 2.27, 1.87, 1.55, 0.97, 0, 1.17, 1.49, 1.42, 1.54, 1.52, 1.43, 1.58, 2.02, 2.17, 2.16, 1.92, 1.93, 2.27, 2.91, 3.1, 4.63, 6.6, 8.35, 9.54, 10.74, 11.57, 11.29, 10.19, 9.51, 9.79, 11.11, 10.93, 10.41, 10.53, 10.63, 10.77, 10.55, 10.76, 11.28, 12.15, 11.64, 11.35, 10.61, 9.86, 9.71, 9.68, 9.4, 8.79, 8.6, 8.65, 8.36, 8.71, 10.68, 11.62, 10.47, 10.46, 10.32, 10.28, 10.04, 9.51, 9.24, 8.38, 7.94, 6.94, 6.92, 7.36, 7.0, 6.66, 5.74, 6.31, 6.58, 6.41, 7.01, 6.72, 6.63, 6.48], [5.05, 4.8, 5.19, 6.34, 5.6, 4.84, 4.96, 3.466, 1.35, 2.44, 2.86, 2.34, 1.8, 1.42, 1.17, 0, 1.42, 1.43, 1.61, 1.73, 1.58, 1.65, 2.09, 2.2, 2.03, 1.79, 1.96, 2.26, 2.7, 3.01, 4.46, 6.43, 8.16, 9.27, 10.35, 11.14, 10.88, 9.68, 9.1, 9.46, 10.82, 10.54, 10.04, 10.18, 10.16, 10.24, 10.14, 10.49, 10.99, 11.86, 11.35, 11.12, 10.48, 9.75, 9.62, 9.61, 9.21, 8.72, 8.51, 8.54, 8.33, 8.62, 10.51, 11.51, 10.36, 10.39, 10.23, 10.17, 9.95, 9.44, 9.17, 8.25, 7.93, 6.85, 6.81, 7.23, 7.03, 6.55, 5.63, 6.16, 6.53, 6.38, 6.94, 6.65, 6.48, 6.43], [4.75, 4.48, 4.93, 5.86, 5.44, 4.76, 4.88, 3.351, 2.15, 2.64, 2.88, 2.22, 1.9, 1.52, 1.49, 1.42, 0, 0.93, 1.61, 1.77, 1.58, 1.61, 1.77, 1.82, 1.75, 1.77, 2.08, 2.18, 2.46, 2.75, 3.96, 5.71, 7.36, 8.57, 9.85, 10.8, 10.52, 9.44, 8.78, 9.0, 10.3, 10.12, 9.56, 9.74, 9.88, 10.02, 9.7, 9.87, 10.51, 11.3, 10.57, 10.36, 9.6, 8.85, 8.7, 8.71, 8.37, 7.8, 7.59, 7.62, 7.29, 7.66, 9.63, 10.61, 9.42, 9.31, 9.27, 9.25, 9.05, 8.52, 8.27, 7.33, 6.91, 5.97, 5.93, 6.41, 6.13, 5.73, 4.81, 5.36, 5.55, 5.28, 6.02, 5.77, 5.68, 5.49], [4.86, 4.55, 4.98, 6.01, 5.45, 4.79, 4.95, 3.381, 2.04, 2.67, 3.23, 2.55, 2.19, 1.63, 1.42, 1.43, 0.93, 0, 1.2, 1.48, 1.57, 1.48, 1.54, 1.73, 1.74, 1.66, 1.63, 1.73, 2.27, 2.52, 3.89, 5.9, 7.59, 8.78, 10.06, 10.97, 10.65, 9.53, 8.93, 9.15, 10.51, 10.29, 9.65, 9.83, 9.97, 10.09, 9.83, 10.0, 10.7, 11.45, 10.8, 10.53, 9.85, 9.08, 8.95, 8.96, 8.62, 8.05, 7.84, 7.87, 7.52, 7.81, 9.86, 10.84, 9.65, 9.56, 9.5, 9.5, 9.3, 8.77, 8.52, 7.6, 7.02, 5.94, 5.9, 6.36, 5.98, 5.66, 4.64, 5.27, 5.58, 5.49, 6.23, 6.0, 5.87, 5.7], [5.46, 5.23, 5.74, 6.77, 6.25, 5.59, 5.708, 4.164, 2.2, 2.07, 2.85, 2.49, 2.09, 1.69, 1.54, 1.61, 1.61, 1.2, 0, 0.92, 1.11, 1.3, 1.74, 1.99, 2.24, 2.0, 1.67, 1.93, 2.79, 2.98, 4.45, 6.5, 8.21, 9.48, 10.74, 11.647, 11.347, 10.244, 9.507, 9.73, 11.15, 10.95, 10.35, 10.49, 10.595, 10.781, 10.49, 10.72, 11.32, 12.17, 11.6, 11.23, 10.43, 9.7, 9.55, 9.5, 9.32, 8.67, 8.48, 8.43, 8.12, 8.53, 10.48, 11.46, 10.29, 10.26, 10.1, 10.06, 9.84, 9.33, 9.06, 8.22, 7.62, 6.44, 6.46, 6.8, 6.44, 6.1, 5.22, 5.79, 6.16, 6.15, 6.79, 6.54, 6.41, 6.28], [5.46, 5.238, 5.716, 6.723, 6.29, 5.63, 5.701, 4.204, 2.16, 1.99, 2.53, 2.15, 1.77, 1.31, 1.52, 1.73, 1.77, 1.48, 0.92, 0, 0.67, 0.86, 1.26, 1.55, 1.76, 1.84, 1.67, 1.93, 2.85, 2.98, 4.15, 6.02, 7.83, 9.36, 10.54, 11.517, 11.243, 10.149, 9.278, 9.57, 11.03, 10.743, 10.39, 10.489, 10.6, 10.766, 10.47, 10.66, 11.171, 12.09, 11.46, 11.09, 10.21, 9.5, 9.31, 9.28, 9.14, 8.47, 8.32, 8.11, 7.94, 8.49, 10.4, 11.22, 10.11, 10.12, 9.84, 9.84, 9.62, 8.99, 8.72, 7.94, 7.48, 6.5, 6.52, 6.9, 6.46, 6.2, 5.34, 5.87, 6.18, 5.95, 6.55, 6.26, 6.09, 6.12], [5.558, 5.328, 5.826, 6.813, 6.392, 5.714, 5.774, 4.307, 2.01, 1.76, 2.24, 1.98, 1.52, 1.2, 1.43, 1.58, 1.58, 1.57, 1.11, 0.67, 0, 0.79, 1.37, 1.6, 1.91, 1.85, 1.9, 2.1, 2.96, 3.09, 4.2, 6.19, 7.96, 9.47, 10.65, 11.647, 11.353, 10.259, 9.408, 9.676, 11.16, 10.88, 10.476, 10.619, 10.71, 10.875, 10.553, 10.73, 11.301, 12.18, 11.51, 11.16, 10.28, 9.55, 9.38, 9.35, 9.21, 8.52, 8.33, 8.26, 8.01, 8.54, 10.45, 11.29, 10.18, 10.17, 9.93, 9.91, 9.69, 9.1, 8.81, 8.03, 7.61, 6.67, 6.69, 7.07, 6.65, 6.37, 5.53, 6.04, 6.33, 6.06, 6.64, 6.33, 6.2, 6.13], [5.168, 4.938, 5.436, 6.403, 6.002, 5.324, 5.384, 3.944, 2.1, 1.97, 2.47, 1.93, 1.59, 1.31, 1.58, 1.65, 1.61, 1.48, 1.3, 0.86, 0.79, 0, 0.96, 1.13, 1.5, 1.52, 1.59, 1.71, 2.59, 2.72, 3.87, 5.82, 7.57, 9.06, 10.24, 11.237, 10.963, 9.849, 9.021, 9.286, 10.77, 10.49, 10.066, 10.209, 10.34, 10.486, 10.123, 10.3, 10.911, 11.77, 11.04, 10.71, 9.89, 9.18, 8.97, 8.98, 8.74, 8.13, 7.98, 7.93, 7.72, 8.17, 10.06, 10.92, 9.83, 9.84, 9.6, 9.54, 9.34, 8.73, 8.4, 7.72, 7.38, 6.44, 6.46, 6.8, 6.42, 6.1, 5.26, 5.75, 6.06, 5.73, 6.33, 5.94, 5.77, 5.86], [4.648, 4.418, 4.916, 5.883, 5.483, 4.814, 4.888, 3.464, 2.36, 2.43, 2.71, 2.07, 1.79, 1.67, 2.02, 2.09, 1.77, 1.54, 1.74, 1.26, 1.37, 0.96, 0, 0.69, 1.2, 1.46, 1.61, 1.35, 2.21, 2.28, 3.45, 5.22, 7.01, 8.484, 9.682, 10.677, 10.443, 9.329, 8.498, 8.766, 10.206, 9.943, 9.546, 9.689, 9.82, 9.966, 9.603, 9.745, 10.371, 11.215, 10.52, 10.19, 9.29, 8.5, 8.31, 8.36, 8.18, 7.49, 7.4, 7.33, 7.14, 7.67, 9.44, 10.22, 9.23, 9.24, 8.98, 8.92, 8.64, 8.05, 7.74, 7.18, 6.86, 6.02, 6.02, 6.44, 6.02, 5.74, 4.98, 5.35, 5.58, 5.17, 5.73, 5.32, 5.09, 5.28], [4.378, 4.168, 4.665, 5.633, 5.216, 4.547, 4.657, 3.41, 2.41, 2.66, 2.94, 2.16, 1.9, 1.76, 2.17, 2.2, 1.82, 1.73, 1.99, 1.55, 1.6, 1.13, 0.69, 0, 1.07, 1.27, 1.54, 1.36, 1.98, 2.09, 3.08, 4.93, 6.74, 8.27, 9.45, 10.421, 10.193, 9.072, 8.248, 8.516, 9.976, 9.693, 9.296, 9.439, 9.566, 9.709, 9.353, 9.53, 10.114, 10.985, 10.31, 9.9, 9.06, 8.33, 8.08, 8.07, 7.97, 7.4, 7.33, 7.2, 7.01, 7.6, 9.27, 10.05, 9.1, 9.11, 8.85, 8.77, 8.49, 7.82, 7.49, 7.05, 6.77, 5.83, 5.87, 6.23, 5.87, 5.59, 4.79, 5.2, 5.47, 5.06, 5.6, 5.19, 4.92, 5.15], [3.891, 3.71, 4.179, 5.146, 4.712, 4.043, 4.111, 2.84, 2.28, 3.11, 3.49, 2.55, 2.23, 1.93, 2.16, 2.03, 1.75, 1.74, 2.24, 1.76, 1.91, 1.5, 1.2, 1.07, 0, 0.9, 1.29, 1.23, 1.49, 1.9, 3.07, 4.76, 6.55, 7.88, 8.989, 9.92, 9.686, 8.572, 7.764, 7.999, 9.478, 9.196, 8.822, 8.95, 9.043, 9.189, 8.902, 9.1, 9.613, 10.524, 10.18, 9.97, 9.19, 8.5, 8.29, 8.22, 7.98, 7.47, 7.32, 7.29, 7.06, 7.57, 9.36, 10.28, 9.23, 9.24, 8.98, 8.9, 8.72, 8.03, 7.68, 7.0, 6.66, 5.86, 5.9, 6.3, 6.02, 5.62, 4.86, 5.27, 5.44, 5.11, 5.67, 5.3, 5.09, 5.18], [4.06, 3.95, 4.44, 5.37, 4.83, 4.13, 4.191, 2.86, 1.86, 3.01, 3.57, 2.67, 2.31, 1.93, 1.92, 1.79, 1.77, 1.66, 2.0, 1.84, 1.85, 1.52, 1.46, 1.27, 0.9, 0, 1.03, 1.09, 1.65, 2.06, 3.59, 5.46, 7.23, 8.24, 9.18, 10.11, 9.83, 8.81, 8.01, 8.29, 9.599, 9.359, 9.004, 9.19, 9.29, 9.41, 9.13, 9.42, 9.9, 10.79, 10.72, 10.59, 9.81, 9.12, 8.93, 8.88, 8.6, 8.15, 8.0, 7.99, 7.72, 8.15, 9.98, 10.9, 9.85, 9.84, 9.68, 9.56, 9.36, 8.73, 8.38, 7.7, 7.3, 6.36, 6.38, 6.82, 6.5, 6.12, 5.26, 5.75, 6.0, 5.77, 6.37, 5.98, 5.73, 5.84], [4.35, 4.18, 4.65, 5.506, 5.12, 4.44, 4.504, 3.17, 1.91, 3.04, 3.8, 3.1, 2.7, 2.16, 1.93, 1.96, 2.08, 1.63, 1.67, 1.67, 1.9, 1.59, 1.61, 1.54, 1.29, 1.03, 0, 1.1, 1.7, 2.13, 3.672, 5.75, 7.58, 8.445, 9.516, 10.369, 10.069, 9.055, 8.346, 8.523, 9.872, 9.652, 9.194, 9.366, 9.512, 9.649, 9.283, 9.596, 10.085, 10.995, 10.928, 10.86, 10.2, 9.51, 9.3, 9.19, 8.87, 8.5, 8.35, 8.38, 8.11, 8.5, 10.33, 11.29, 10.24, 10.23, 10.07, 9.95, 9.75, 9.12, 8.75, 8.09, 7.67, 6.53, 6.55, 6.93, 6.55, 6.23, 5.33, 5.88, 6.25, 6.14, 6.76, 6.37, 6.12, 6.21], [3.81, 3.64, 4.17, 5.06, 4.58, 3.92, 4.04, 2.71, 2.11, 3.24, 3.9, 3.26, 2.9, 2.4, 2.27, 2.26, 2.18, 1.73, 1.93, 1.93, 2.1, 1.71, 1.35, 1.36, 1.23, 1.09, 1.1, 0, 1.26, 1.57, 3.12, 5.11, 6.864, 7.845, 8.896, 9.935, 9.606, 8.618, 7.749, 7.946, 9.354, 9.149, 8.637, 8.826, 8.975, 9.152, 8.783, 8.976, 9.585, 10.389, 10.351, 10.264, 9.527, 8.837, 8.65, 8.534, 8.277, 7.85, 7.743, 7.755, 7.528, 7.978, 9.743, 10.64, 9.655, 9.665, 9.425, 9.325, 9.08, 8.407, 8.043, 7.465, 7.11, 6.21, 6.23, 6.61, 6.27, 5.93, 5.07, 5.58, 5.81, 5.578, 6.12, 5.723, 5.415, 5.63], [2.97, 2.82, 3.23, 4.18, 3.62, 2.88, 3.1, 2.33, 2.67, 4.16, 4.52, 3.76, 3.42, 3.08, 2.91, 2.7, 2.46, 2.27, 2.79, 2.85, 2.96, 2.59, 2.21, 1.98, 1.49, 1.65, 1.7, 1.26, 0, 1.13, 2.54, 4.49, 6.3, 7.11, 8.23, 9.08, 8.76, 7.74, 6.98, 7.26, 8.589, 8.389, 7.732, 7.9, 8.0, 8.2, 7.96, 8.25, 8.85, 9.7, 9.63, 9.58, 8.88, 8.19, 7.98, 7.91, 7.59, 7.2, 7.05, 7.08, 6.85, 7.24, 9.01, 9.97, 8.92, 8.93, 8.77, 8.65, 8.45, 7.82, 7.45, 6.79, 6.47, 5.61, 5.61, 6.07, 5.85, 5.39, 4.55, 5.0, 5.21, 4.92, 5.46, 5.07, 4.84, 4.93], [2.6, 2.47, 2.88, 3.89, 3.37, 2.77, 3.03, 2.8, 2.96, 4.33, 4.83, 4.11, 3.77, 3.23, 3.1, 3.01, 2.75, 2.52, 2.98, 2.98, 3.09, 2.72, 2.28, 2.09, 1.9, 2.06, 2.13, 1.57, 1.13, 0, 1.95, 3.9, 5.67, 6.68, 7.86, 8.73, 8.47, 7.35, 6.61, 6.87, 8.27, 8.05, 7.55, 7.65, 7.73, 7.89, 7.67, 7.86, 8.42, 9.29, 9.08, 8.99, 8.29, 7.6, 7.39, 7.28, 6.98, 6.51, 6.38, 6.47, 6.26, 6.65, 8.42, 9.36, 8.37, 8.38, 8.14, 8.04, 7.8, 7.17, 6.82, 6.18, 5.86, 5.0, 4.98, 5.38, 5.06, 4.72, 3.82, 4.37, 4.56, 4.31, 4.85, 4.42, 4.19, 4.34], [2.29, 2.32, 2.33, 2.82, 3.06, 3.02, 3.54, 3.59, 4.39, 5.62, 5.74, 4.86, 4.7, 4.32, 4.63, 4.46, 3.96, 3.89, 4.45, 4.15, 4.2, 3.87, 3.45, 3.08, 3.07, 3.59, 3.672, 3.12, 2.54, 1.95, 0, 2.69, 4.32, 5.51, 6.59, 7.6, 7.28, 6.26, 5.3, 5.56, 7.1, 6.82, 6.38, 6.52, 6.624, 6.79, 6.44, 6.63, 7.25, 8.12, 7.77, 7.62, 6.92, 6.25, 6.08, 5.95, 5.79, 5.36, 5.35, 5.32, 5.17, 5.7, 7.29, 8.03, 7.18, 7.19, 6.93, 6.85, 6.53, 5.76, 5.51, 5.09, 4.83, 4.03, 3.99, 4.37, 4.09, 3.67, 2.95, 3.34, 3.61, 3.26, 3.8, 3.41, 3.14, 3.41], [2.46, 2.59, 2.52, 2.63, 2.97, 3.05, 3.31, 4.32, 6.44, 7.47, 7.27, 6.27, 6.161, 6.23, 6.6, 6.43, 5.71, 5.9, 6.5, 6.02, 6.19, 5.82, 5.22, 4.93, 4.76, 5.46, 5.75, 5.11, 4.49, 3.9, 2.69, 0, 2.09, 3.5, 4.68, 5.67, 5.43, 4.31, 3.59, 3.97, 5.25, 4.91, 4.59, 4.65, 4.79, 4.95, 4.65, 4.82, 5.38, 6.23, 5.72, 5.47, 4.71, 3.98, 3.73, 3.64, 3.5, 3.01, 2.94, 2.85, 2.74, 3.47, 4.96, 5.68, 4.75, 4.76, 4.46, 4.42, 4.12, 3.39, 3.08, 2.6, 2.5, 3.12, 3.18, 3.16, 3.48, 3.1, 3.12, 2.51, 2.38, 2.21, 2.13, 1.9, 1.45, 1.96], [3.71, 3.84, 3.49, 3.34, 3.66, 4.26, 4.8, 5.79, 8.25, 9.28, 9.025, 7.945, 8.045, 8.0, 8.35, 8.16, 7.36, 7.59, 8.21, 7.83, 7.96, 7.57, 7.01, 6.74, 6.55, 7.23, 7.58, 6.864, 6.3, 5.67, 4.32, 2.09, 0, 1.57, 2.73, 3.76, 3.52, 2.5, 2.74, 3.16, 3.92, 3.48, 3.12, 2.88, 2.9, 3.12, 2.76, 2.97, 3.57, 4.28, 3.71, 3.48, 2.78, 2.41, 2.26, 2.19, 1.89, 1.46, 1.65, 2.04, 2.07, 2.56, 3.41, 3.89, 3.5, 3.53, 3.25, 3.01, 2.71, 1.98, 1.73, 1.67, 2.03, 3.99, 4.07, 3.95, 4.67, 4.43, 4.49, 3.86, 3.65, 3.76, 2.82, 2.81, 2.6, 2.85], [4.56, 4.69, 4.2, 3.69, 4.17, 4.97, 5.49, 6.48, 9.06, 10.649, 10.483, 9.406, 9.486, 9.43, 9.54, 9.27, 8.57, 8.78, 9.48, 9.36, 9.47, 9.06, 8.484, 8.27, 7.88, 8.24, 8.445, 7.845, 7.11, 6.68, 5.51, 3.5, 1.57, 0, 1.28, 2.31, 2.07, 1.79, 2.87, 3.23, 3.39, 2.87, 2.33, 1.83, 1.63, 2.09, 1.75, 2.14, 2.58, 2.89, 2.74, 2.75, 2.25, 2.16, 2.07, 1.84, 1.52, 1.95, 2.16, 2.67, 2.86, 2.77, 2.78, 3.3, 3.07, 3.08, 2.98, 2.6, 2.4, 1.95, 1.9, 2.3, 3.06, 5.36, 5.38, 5.3, 6.06, 5.82, 5.8, 5.21, 5.06, 5.29, 4.35, 4.32, 4.09, 4.2], [5.58, 5.81, 5.34, 4.43, 5.07, 5.85, 6.39, 7.38, 10.12, 11.87, 11.672, 10.592, 10.672, 10.61, 10.74, 10.35, 9.85, 10.06, 10.74, 10.54, 10.65, 10.24, 9.682, 9.45, 8.989, 9.18, 9.516, 8.896, 8.23, 7.86, 6.59, 4.68, 2.73, 1.28, 0, 1.29, 1.17, 1.85, 2.77, 3.11, 3.05, 2.43, 2.03, 1.61, 1.59, 1.69, 1.47, 1.84, 2.2, 2.27, 2.28, 2.41, 2.03, 2.54, 2.77, 2.24, 2.2, 3.01, 3.24, 3.53, 3.9, 3.71, 2.9, 2.92, 3.09, 3.16, 2.98, 2.72, 2.66, 2.61, 2.66, 3.28, 4.14, 6.5, 6.52, 6.44, 7.2, 6.96, 6.96, 6.35, 6.22, 6.41, 5.49, 5.46, 5.25, 5.38], [6.39, 6.6, 6.13, 5.28, 5.84, 6.64, 7.12, 8.15, 10.95, 12.816, 12.687, 11.607, 11.687, 11.68, 11.57, 11.14, 10.8, 10.97, 11.647, 11.517, 11.647, 11.237, 10.677, 10.421, 9.92, 10.11, 10.369, 9.935, 9.08, 8.73, 7.6, 5.67, 3.76, 2.31, 1.29, 0, 0.68, 1.62, 2.8, 3.02, 2.56, 1.96, 1.88, 1.62, 1.54, 1.52, 1.54, 1.89, 1.71, 1.76, 2.09, 2.38, 2.5, 3.39, 3.64, 2.93, 3.03, 3.9, 4.13, 4.4, 4.85, 4.62, 3.31, 3.05, 3.48, 3.59, 3.43, 3.25, 3.23, 3.54, 3.59, 4.21, 5.09, 7.43, 7.43, 7.35, 8.13, 7.89, 7.85, 7.3, 7.15, 7.42, 6.52, 6.49, 6.28, 6.37], [6.03, 6.28, 5.81, 5.06, 5.6, 6.36, 6.86, 7.95, 10.63, 12.573, 12.444, 11.364, 11.444, 11.39, 11.29, 10.88, 10.52, 10.65, 11.347, 11.243, 11.353, 10.963, 10.443, 10.193, 9.686, 9.83, 10.069, 9.606, 8.76, 8.47, 7.28, 5.43, 3.52, 2.07, 1.17, 0.68, 0, 1.44, 2.72, 2.92, 2.52, 1.92, 1.68, 1.42, 1.46, 1.38, 1.32, 1.63, 1.65, 1.68, 2.03, 2.34, 2.48, 3.13, 3.38, 2.75, 2.73, 3.64, 3.87, 4.14, 4.59, 4.42, 3.33, 3.11, 3.54, 3.63, 3.51, 3.29, 3.21, 3.34, 3.41, 3.97, 4.83, 7.19, 7.19, 7.11, 7.87, 7.63, 7.59, 7.06, 6.91, 7.18, 6.28, 6.25, 6.04, 6.13], [4.99, 5.18, 4.67, 4.24, 4.52, 5.38, 5.92, 6.93, 9.55, 11.456, 11.312, 10.232, 10.318, 10.296, 10.19, 9.68, 9.44, 9.53, 10.244, 10.149, 10.259, 9.849, 9.329, 9.072, 8.572, 8.81, 9.055, 8.618, 7.74, 7.35, 6.26, 4.31, 2.5, 1.79, 1.85, 1.62, 1.44, 0, 1.68, 2.16, 2.22, 1.78, 1.54, 1.34, 1.46, 1.24, 1.26, 1.59, 1.73, 2.42, 2.69, 2.92, 2.9, 3.29, 3.28, 2.87, 2.45, 2.96, 2.99, 3.22, 3.73, 3.92, 3.69, 3.79, 4.0, 4.05, 4.01, 3.61, 3.17, 3.02, 2.79, 3.41, 3.95, 6.09, 6.09, 6.03, 6.79, 6.55, 6.49, 5.96, 5.81, 6.08, 5.16, 5.13, 4.92, 5.01], [4.27, 4.5, 4.11, 3.22, 3.88, 4.72, 5.32, 6.35, 8.95, 10.728, 10.502, 9.422, 9.522, 9.419, 9.51, 9.1, 8.78, 8.93, 9.507, 9.278, 9.408, 9.021, 8.498, 8.248, 7.764, 8.01, 8.346, 7.749, 6.98, 6.61, 5.3, 3.59, 2.74, 2.87, 2.77, 2.8, 2.72, 1.68, 0, 0.96, 2.12, 1.88, 1.88, 2.4, 2.62, 2.32, 2.22, 2.37, 2.79, 3.58, 4.17, 4.44, 4.16, 4.41, 4.36, 4.01, 3.75, 3.64, 3.49, 3.5, 4.05, 4.88, 4.99, 5.07, 5.22, 5.25, 5.13, 4.75, 4.33, 3.96, 3.55, 4.17, 4.53, 5.63, 5.67, 5.71, 6.43, 6.05, 6.09, 5.44, 5.17, 5.24, 4.44, 4.29, 4.06, 4.17], [4.55, 4.8, 4.43, 3.26, 4.18, 4.96, 5.52, 6.61, 9.21, 11.002, 10.816, 9.736, 9.836, 9.713, 9.79, 9.46, 9.0, 9.15, 9.73, 9.57, 9.676, 9.286, 8.766, 8.516, 7.999, 8.29, 8.523, 7.946, 7.26, 6.87, 5.56, 3.97, 3.16, 3.23, 3.11, 3.02, 2.92, 2.16, 0.96, 0, 1.62, 1.92, 1.92, 2.6, 3.08, 2.64, 2.36, 2.53, 3.01, 3.78, 4.43, 4.7, 4.68, 4.91, 4.86, 4.47, 4.17, 4.02, 3.87, 4.02, 4.53, 5.32, 5.47, 5.57, 5.78, 5.81, 5.63, 5.29, 4.89, 4.38, 3.99, 4.59, 4.97, 6.03, 6.07, 6.11, 6.79, 6.49, 6.47, 5.88, 5.51, 5.56, 4.64, 4.57, 4.42, 4.43], [5.95, 6.18, 5.75, 4.6, 5.46, 6.26, 6.66, 7.87, 10.59, 12.379, 12.193, 11.116, 11.213, 11.14, 11.11, 10.82, 10.3, 10.51, 11.15, 11.03, 11.16, 10.77, 10.206, 9.976, 9.478, 9.599, 9.872, 9.354, 8.589, 8.27, 7.1, 5.25, 3.92, 3.39, 3.05, 2.56, 2.52, 2.22, 2.12, 1.62, 0, 1.14, 1.5, 2.14, 2.7, 2.28, 2.1, 2.07, 2.41, 3.02, 3.71, 4.0, 4.38, 4.95, 5.02, 4.39, 4.15, 4.48, 4.43, 4.56, 5.09, 5.7, 5.05, 5.05, 5.34, 5.43, 5.35, 5.03, 4.69, 4.58, 4.35, 5.03, 5.65, 6.97, 7.05, 6.93, 7.71, 7.45, 7.47, 6.88, 6.75, 6.96, 6.02, 5.99, 5.78, 5.87], [5.73, 6.0, 5.51, 4.46, 5.26, 6.0, 6.42, 7.65, 10.31, 12.082, 11.936, 10.856, 10.936, 10.88, 10.93, 10.54, 10.12, 10.29, 10.95, 10.743, 10.88, 10.49, 9.943, 9.693, 9.196, 9.359, 9.652, 9.149, 8.389, 8.05, 6.82, 4.91, 3.48, 2.87, 2.43, 1.96, 1.92, 1.78, 1.88, 1.92, 1.14, 0, 1.06, 1.56, 2.06, 1.7, 1.58, 1.51, 1.69, 2.28, 2.97, 3.28, 3.74, 4.37, 4.46, 3.87, 3.57, 3.98, 3.89, 4.1, 4.61, 5.12, 4.37, 4.37, 4.68, 4.81, 4.75, 4.41, 4.09, 4.02, 3.85, 4.53, 5.21, 6.77, 6.79, 6.71, 7.49, 7.23, 7.19, 6.6, 6.43, 6.68, 5.76, 5.73, 5.52, 5.61], [5.21, 5.4, 4.93, 3.88, 4.66, 5.42, 6.0, 7.07, 9.81, 11.679, 11.55, 10.47, 10.55, 10.487, 10.41, 10.04, 9.56, 9.65, 10.35, 10.39, 10.476, 10.066, 9.546, 9.296, 8.822, 9.004, 9.194, 8.637, 7.732, 7.55, 6.38, 4.59, 3.12, 2.33, 2.03, 1.88, 1.68, 1.54, 1.88, 1.92, 1.5, 1.06, 0, 0.94, 1.48, 1.1, 0.86, 1.15, 1.75, 2.44, 2.85, 3.1, 3.3, 3.85, 4.0, 3.41, 3.07, 3.66, 3.61, 3.82, 4.33, 4.66, 3.97, 4.05, 4.3, 4.41, 4.31, 3.95, 3.63, 3.56, 3.47, 4.19, 4.81, 6.39, 6.39, 6.33, 7.11, 6.87, 6.81, 6.24, 6.05, 6.3, 5.38, 5.35, 5.14, 5.23], [5.43, 5.54, 5.13, 4.32, 4.9, 5.66, 6.3, 7.27, 9.99, 11.836, 11.676, 10.596, 10.676, 10.613, 10.53, 10.18, 9.74, 9.83, 10.49, 10.489, 10.619, 10.209, 9.689, 9.439, 8.95, 9.19, 9.366, 8.826, 7.9, 7.65, 6.52, 4.65, 2.88, 1.83, 1.61, 1.62, 1.42, 1.34, 2.4, 2.6, 2.14, 1.56, 0.94, 0, 0.92, 0.8, 0.88, 0.95, 1.45, 2.06, 2.25, 2.42, 2.54, 3.27, 3.44, 2.81, 2.59, 3.34, 3.35, 3.66, 4.05, 4.22, 3.31, 3.33, 3.58, 3.67, 3.59, 3.27, 2.91, 3.04, 3.09, 3.77, 4.41, 6.47, 6.51, 6.41, 7.19, 6.95, 6.95, 6.32, 6.19, 6.42, 5.5, 5.47, 5.26, 5.35], [5.37, 5.58, 5.15, 4.48, 4.86, 5.7, 6.22, 7.15, 9.97, 11.959, 11.813, 10.732, 10.813, 10.75, 10.63, 10.16, 9.88, 9.97, 10.595, 10.6, 10.71, 10.34, 9.82, 9.566, 9.043, 9.29, 9.512, 8.975, 8.0, 7.73, 6.624, 4.79, 2.9, 1.63, 1.59, 1.54, 1.46, 1.46, 2.62, 3.08, 2.7, 2.06, 1.48, 0.92, 0, 0.8, 1.04, 1.45, 1.61, 2.06, 2.31, 2.38, 2.3, 3.15, 3.32, 2.65, 2.43, 3.26, 3.29, 3.6, 4.01, 4.08, 3.01, 3.09, 3.3, 3.37, 3.31, 3.05, 2.67, 3.02, 3.01, 3.59, 4.27, 6.55, 6.59, 6.51, 7.25, 6.99, 6.97, 6.4, 6.27, 6.54, 5.64, 5.61, 5.4, 5.49], [5.53, 5.72, 5.25, 4.4, 5.02, 5.86, 6.42, 7.37, 10.11, 12.096, 11.949, 10.869, 10.958, 10.886, 10.77, 10.24, 10.02, 10.09, 10.781, 10.766, 10.875, 10.486, 9.966, 9.709, 9.189, 9.41, 9.649, 9.152, 8.2, 7.89, 6.79, 4.95, 3.12, 2.09, 1.69, 1.52, 1.38, 1.24, 2.32, 2.64, 2.28, 1.7, 1.1, 0.8, 0.8, 0, 0.8, 1.01, 1.33, 1.92, 2.21, 2.38, 2.6, 3.37, 3.6, 2.99, 2.75, 3.6, 3.61, 3.92, 4.35, 4.48, 3.43, 3.37, 3.62, 3.75, 3.63, 3.43, 3.05, 3.42, 3.43, 4.05, 4.61, 6.75, 6.75, 6.73, 7.49, 7.19, 7.11, 6.56, 6.39, 6.7, 5.8, 5.77, 5.56, 5.65], [5.37, 5.56, 5.07, 4.16, 4.92, 5.66, 6.22, 7.27, 9.91, 11.759, 11.607, 10.527, 10.611, 10.53, 10.55, 10.14, 9.7, 9.83, 10.49, 10.47, 10.553, 10.123, 9.603, 9.353, 8.902, 9.13, 9.283, 8.783, 7.96, 7.67, 6.44, 4.65, 2.76, 1.75, 1.47, 1.54, 1.32, 1.26, 2.22, 2.36, 2.1, 1.58, 0.86, 0.88, 1.04, 0.8, 0, 0.77, 1.43, 2.04, 2.39, 2.54, 2.62, 3.17, 3.36, 2.77, 2.49, 3.36, 3.43, 3.7, 4.15, 4.22, 3.25, 3.39, 3.62, 3.71, 3.63, 3.31, 3.05, 3.2, 3.21, 3.77, 4.33, 6.43, 6.41, 6.39, 7.15, 6.89, 6.81, 6.26, 6.07, 6.34, 5.44, 5.41, 5.2, 5.29], [5.68, 5.81, 5.4, 4.53, 5.25, 6.05, 6.63, 7.62, 10.26, 11.95, 11.74, 10.661, 10.781, 10.672, 10.76, 10.49, 9.87, 10.0, 10.72, 10.66, 10.73, 10.3, 9.745, 9.53, 9.1, 9.42, 9.596, 8.976, 8.25, 7.86, 6.63, 4.82, 2.97, 2.14, 1.84, 1.89, 1.63, 1.59, 2.37, 2.53, 2.07, 1.51, 1.15, 0.95, 1.45, 1.01, 0.77, 0, 1.16, 1.71, 2.04, 2.35, 2.83, 3.34, 3.55, 2.98, 2.82, 3.57, 3.58, 3.89, 4.3, 4.51, 3.54, 3.46, 3.79, 3.94, 3.8, 3.52, 3.24, 3.41, 3.4, 4.06, 4.56, 6.56, 6.62, 6.58, 7.34, 7.02, 7.02, 6.43, 6.2, 6.47, 5.57, 5.54, 5.33, 5.42], [6.16, 6.33, 5.94, 5.21, 5.79, 6.65, 7.21, 8.18, 10.82, 12.566, 12.397, 11.317, 11.417, 11.31, 11.28, 10.99, 10.51, 10.7, 11.32, 11.171, 11.301, 10.911, 10.371, 10.114, 9.613, 9.9, 10.085, 9.585, 8.85, 8.42, 7.25, 5.38, 3.57, 2.58, 2.2, 1.71, 1.65, 1.73, 2.79, 3.01, 2.41, 1.69, 1.75, 1.45, 1.61, 1.33, 1.43, 1.16, 0, 1.09, 1.52, 2.15, 2.91, 3.7, 4.01, 3.3, 3.24, 4.03, 4.1, 4.37, 4.76, 4.95, 3.7, 3.22, 3.81, 3.96, 3.8, 3.66, 3.4, 3.81, 3.8, 4.4, 4.98, 7.14, 7.18, 7.06, 7.82, 7.58, 7.64, 7.03, 6.78, 7.09, 6.19, 6.16, 5.95, 6.04], [7.05, 7.16, 6.79, 5.98, 6.6, 7.46, 8.04, 8.99, 11.65, 13.399, 13.204, 12.128, 12.228, 12.16, 12.15, 11.86, 11.3, 11.45, 12.17, 12.09, 12.18, 11.77, 11.215, 10.985, 10.524, 10.79, 10.995, 10.389, 9.7, 9.29, 8.12, 6.23, 4.28, 2.89, 2.27, 1.76, 1.68, 2.42, 3.58, 3.78, 3.02, 2.28, 2.44, 2.06, 2.06, 1.92, 2.04, 1.71, 1.09, 0, 1.21, 2.18, 2.88, 3.89, 4.28, 3.55, 3.57, 4.4, 4.61, 4.88, 5.33, 5.26, 3.87, 2.95, 3.82, 4.15, 3.79, 3.87, 3.77, 4.2, 4.17, 4.75, 5.59, 7.91, 7.97, 7.89, 8.65, 8.39, 8.39, 7.82, 7.63, 7.94, 7.04, 7.01, 6.8, 6.89], [7.0, 7.05, 6.6, 6.25, 6.59, 7.43, 7.97, 8.9, 11.56, 12.63, 12.41, 11.31, 11.41, 11.43, 11.64, 11.35, 10.57, 10.8, 11.6, 11.46, 11.51, 11.04, 10.52, 10.31, 10.18, 10.72, 10.928, 10.351, 9.63, 9.08, 7.77, 5.72, 3.71, 2.74, 2.28, 2.09, 2.03, 2.69, 4.17, 4.43, 3.71, 2.97, 2.85, 2.25, 2.31, 2.21, 2.39, 2.04, 1.52, 1.21, 0, 1.21, 1.93, 2.98, 3.35, 2.72, 2.62, 3.53, 3.8, 4.05, 4.5, 4.31, 2.88, 1.98, 2.79, 3.14, 2.84, 2.88, 2.84, 3.31, 3.3, 3.98, 4.82, 7.14, 7.14, 7.08, 7.8, 7.54, 7.54, 6.95, 6.78, 7.09, 6.19, 6.16, 5.95, 6.04], [6.93, 7.06, 6.55, 6.3, 6.56, 7.3, 7.84, 8.77, 11.41, 11.98, 11.54, 10.5, 10.68, 11.02, 11.35, 11.12, 10.36, 10.53, 11.23, 11.09, 11.16, 10.71, 10.19, 9.9, 9.97, 10.59, 10.86, 10.264, 9.58, 8.99, 7.62, 5.47, 3.48, 2.75, 2.41, 2.38, 2.34, 2.92, 4.44, 4.7, 4.0, 3.28, 3.1, 2.42, 2.38, 2.38, 2.54, 2.35, 2.15, 2.18, 1.21, 0, 1.2, 2.13, 2.42, 2.03, 2.17, 2.9, 3.19, 3.36, 3.73, 3.34, 1.81, 1.35, 1.96, 2.21, 2.17, 2.03, 1.95, 2.66, 2.59, 3.49, 4.13, 6.27, 6.29, 6.19, 6.89, 6.63, 6.65, 6.12, 5.89, 6.2, 5.3, 5.29, 5.4, 5.23], [6.37, 6.5, 6.05, 5.82, 6.08, 6.78, 7.34, 8.31, 10.83, 11.2, 10.64, 9.64, 9.82, 10.12, 10.61, 10.48, 9.6, 9.85, 10.43, 10.21, 10.28, 9.89, 9.29, 9.06, 9.19, 9.81, 10.2, 9.527, 8.88, 8.29, 6.92, 4.71, 2.78, 2.25, 2.03, 2.5, 2.48, 2.9, 4.16, 4.68, 4.38, 3.74, 3.3, 2.54, 2.3, 2.6, 2.62, 2.83, 2.91, 2.88, 1.93, 1.2, 0, 1.21, 1.6, 1.37, 1.51, 2.1, 2.39, 2.46, 2.89, 2.58, 1.33, 1.23, 1.34, 1.49, 1.47, 1.35, 1.23, 1.86, 1.91, 2.61, 3.21, 5.47, 5.47, 5.35, 6.05, 5.79, 5.99, 5.34, 5.11, 5.36, 4.44, 4.45, 4.56, 4.43], [5.7, 5.81, 5.56, 5.49, 5.71, 6.11, 6.67, 7.66, 10.14, 10.35, 9.71, 8.73, 8.95, 9.35, 9.86, 9.75, 8.85, 9.08, 9.7, 9.5, 9.55, 9.18, 8.5, 8.33, 8.5, 9.12, 9.51, 8.837, 8.19, 7.6, 6.25, 3.98, 2.41, 2.16, 2.54, 3.39, 3.13, 3.29, 4.41, 4.91, 4.95, 4.37, 3.85, 3.27, 3.15, 3.37, 3.17, 3.34, 3.7, 3.89, 2.98, 2.13, 1.21, 0, 0.63, 0.96, 1.12, 1.37, 1.8, 1.99, 2.02, 1.85, 1.52, 1.88, 1.29, 1.5, 1.42, 1.26, 1.32, 1.31, 1.58, 1.98, 2.4, 4.52, 4.58, 4.5, 5.0, 4.78, 5.04, 4.31, 4.04, 4.29, 3.37, 3.46, 3.59, 3.5], [5.55, 5.64, 5.47, 5.42, 5.62, 5.98, 6.52, 7.53, 9.95, 10.22, 9.44, 8.52, 8.7, 9.18, 9.71, 9.62, 8.7, 8.95, 9.55, 9.31, 9.38, 8.97, 8.31, 8.08, 8.29, 8.93, 9.3, 8.65, 7.98, 7.39, 6.08, 3.73, 2.26, 2.07, 2.77, 3.64, 3.38, 3.28, 4.36, 4.86, 5.02, 4.46, 4.0, 3.44, 3.32, 3.6, 3.36, 3.55, 4.01, 4.28, 3.35, 2.42, 1.6, 0.63, 0, 0.93, 1.15, 1.3, 1.63, 1.88, 1.87, 1.8, 1.67, 2.07, 1.5, 1.55, 1.57, 1.33, 1.43, 1.24, 1.43, 1.81, 2.27, 4.35, 4.47, 4.35, 4.75, 4.63, 4.93, 4.2, 3.91, 4.12, 3.12, 3.19, 3.32, 3.33], [5.4, 5.53, 5.38, 5.31, 5.49, 5.83, 6.37, 7.4, 9.86, 10.25, 9.964, 8.93, 9.01, 9.25, 9.68, 9.61, 8.71, 8.96, 9.5, 9.28, 9.35, 8.98, 8.36, 8.07, 8.22, 8.88, 9.19, 8.534, 7.91, 7.28, 5.95, 3.64, 2.19, 1.84, 2.24, 2.93, 2.75, 2.87, 4.01, 4.47, 4.39, 3.87, 3.41, 2.81, 2.65, 2.99, 2.77, 2.98, 3.3, 3.55, 2.72, 2.03, 1.37, 0.96, 0.93, 0, 0.82, 1.37, 1.64, 1.75, 2.08, 2.11, 1.64, 2.24, 1.53, 1.62, 1.5, 1.28, 1.28, 1.21, 1.28, 1.72, 2.32, 4.6, 4.76, 4.6, 5.32, 5.12, 5.24, 4.55, 4.38, 4.65, 3.75, 3.78, 3.69, 3.6], [5.06, 5.15, 4.9, 4.83, 5.01, 5.47, 6.03, 7.02, 9.5, 10.17, 9.93, 8.81, 8.93, 9.09, 9.4, 9.21, 8.37, 8.62, 9.32, 9.14, 9.21, 8.74, 8.18, 7.97, 7.98, 8.6, 8.87, 8.277, 7.59, 6.98, 5.79, 3.5, 1.89, 1.52, 2.2, 3.03, 2.73, 2.45, 3.75, 4.17, 4.15, 3.57, 3.07, 2.59, 2.43, 2.75, 2.49, 2.82, 3.24, 3.57, 2.62, 2.17, 1.51, 1.12, 1.15, 0.82, 0, 1.05, 1.42, 1.75, 2.04, 1.93, 1.8, 2.54, 1.95, 1.96, 1.82, 1.64, 1.36, 1.17, 1.2, 1.62, 2.3, 4.62, 4.66, 4.6, 5.26, 5.02, 5.08, 4.47, 4.28, 4.59, 3.69, 3.66, 3.49, 3.56], [4.73, 4.82, 4.65, 4.56, 4.74, 5.18, 5.74, 6.75, 9.15, 9.44, 9.08, 8.0, 8.18, 8.34, 8.79, 8.72, 7.8, 8.05, 8.67, 8.47, 8.52, 8.13, 7.49, 7.4, 7.47, 8.15, 8.5, 7.85, 7.2, 6.51, 5.36, 3.01, 1.46, 1.95, 3.01, 3.9, 3.64, 2.96, 3.64, 4.02, 4.48, 3.98, 3.66, 3.34, 3.26, 3.6, 3.36, 3.57, 4.03, 4.4, 3.53, 2.9, 2.1, 1.37, 1.3, 1.37, 1.05, 0, 0.55, 1.14, 1.19, 1.44, 2.15, 2.93, 2.26, 2.29, 2.15, 1.87, 1.59, 1.12, 0.89, 1.11, 1.67, 3.79, 3.87, 3.73, 4.33, 4.15, 4.31, 3.64, 3.37, 3.66, 2.76, 2.83, 2.9, 2.69], [4.76, 4.85, 4.7, 4.59, 4.77, 5.13, 5.67, 6.78, 9.06, 9.29, 8.87, 7.91, 8.03, 8.17, 8.6, 8.51, 7.59, 7.84, 8.48, 8.32, 8.33, 7.98, 7.4, 7.33, 7.32, 8.0, 8.35, 7.743, 7.05, 6.38, 5.35, 2.94, 1.65, 2.16, 3.24, 4.13, 3.87, 2.99, 3.49, 3.87, 4.43, 3.89, 3.61, 3.35, 3.29, 3.61, 3.43, 3.58, 4.1, 4.61, 3.8, 3.19, 2.39, 1.8, 1.63, 1.64, 1.42, 0.55, 0, 0.85, 1.0, 1.57, 2.22, 3.16, 2.29, 2.28, 2.16, 1.92, 1.74, 1.25, 0.96, 1.22, 1.66, 3.6, 3.7, 3.58, 4.12, 3.98, 4.12, 3.45, 3.16, 3.45, 2.53, 2.68, 2.77, 2.5], [4.95, 5.06, 4.91, 4.78, 4.98, 5.3, 5.82, 6.93, 9.17, 9.22, 8.72, 7.82, 7.86, 8.1, 8.65, 8.54, 7.62, 7.87, 8.43, 8.11, 8.26, 7.93, 7.33, 7.2, 7.29, 7.99, 8.38, 7.755, 7.08, 6.47, 5.32, 2.85, 2.04, 2.67, 3.53, 4.4, 4.14, 3.22, 3.5, 4.02, 4.56, 4.1, 3.82, 3.66, 3.6, 3.92, 3.7, 3.89, 4.37, 4.88, 4.05, 3.36, 2.46, 1.99, 1.88, 1.75, 1.75, 1.14, 0.85, 0, 0.97, 1.92, 2.39, 3.21, 2.28, 2.27, 2.11, 1.95, 1.77, 1.44, 1.17, 1.39, 1.69, 3.43, 3.55, 3.41, 3.95, 3.83, 4.03, 3.28, 3.09, 3.2, 2.48, 2.69, 2.72, 2.41], [5.0, 5.13, 5.08, 5.01, 5.23, 5.43, 5.77, 6.82, 8.96, 8.99, 8.47, 7.63, 7.57, 7.85, 8.36, 8.33, 7.29, 7.52, 8.12, 7.94, 8.01, 7.72, 7.14, 7.01, 7.06, 7.72, 8.11, 7.528, 6.85, 6.26, 5.17, 2.74, 2.07, 2.86, 3.9, 4.85, 4.59, 3.73, 4.05, 4.53, 5.09, 4.61, 4.33, 4.05, 4.01, 4.35, 4.15, 4.3, 4.76, 5.33, 4.5, 3.73, 2.89, 2.02, 1.87, 2.08, 2.04, 1.19, 1.0, 0.97, 0, 1.29, 2.72, 3.52, 2.33, 2.3, 2.28, 2.22, 2.06, 1.55, 1.36, 1.16, 1.2, 2.9, 3.04, 2.86, 3.4, 3.3, 3.52, 2.81, 2.56, 2.71, 1.93, 2.38, 2.45, 2.04], [5.55, 5.7, 5.59, 5.58, 5.88, 5.94, 6.22, 7.19, 9.23, 9.36, 8.98, 8.16, 8.08, 8.36, 8.71, 8.62, 7.66, 7.81, 8.53, 8.49, 8.54, 8.17, 7.67, 7.6, 7.57, 8.15, 8.5, 7.978, 7.24, 6.65, 5.7, 3.47, 2.56, 2.77, 3.71, 4.62, 4.42, 3.92, 4.88, 5.32, 5.7, 5.12, 4.66, 4.22, 4.08, 4.48, 4.22, 4.51, 4.95, 5.26, 4.31, 3.34, 2.58, 1.85, 1.8, 2.11, 1.93, 1.44, 1.57, 1.92, 1.29, 0, 2.13, 3.27, 2.22, 2.11, 2.23, 2.19, 2.05, 1.82, 1.73, 1.17, 1.31, 3.31, 3.27, 3.21, 3.77, 3.53, 3.73, 3.1, 2.79, 3.16, 2.42, 2.77, 2.98, 2.57], [6.74, 6.83, 6.6, 6.43, 6.69, 6.99, 7.51, 8.62, 10.94, 11.25, 10.31, 9.49, 9.87, 10.25, 10.68, 10.51, 9.63, 9.86, 10.48, 10.4, 10.45, 10.06, 9.44, 9.27, 9.36, 9.98, 10.33, 9.743, 9.01, 8.42, 7.29, 4.96, 3.41, 2.78, 2.9, 3.31, 3.33, 3.69, 4.99, 5.47, 5.05, 4.37, 3.97, 3.31, 3.01, 3.43, 3.25, 3.54, 3.7, 3.87, 2.88, 1.81, 1.33, 1.52, 1.67, 1.64, 1.8, 2.15, 2.22, 2.39, 2.72, 2.13, 0, 1.64, 1.29, 1.36, 1.38, 1.16, 1.24, 1.97, 2.08, 2.64, 3.14, 5.22, 5.16, 5.04, 5.52, 5.3, 5.68, 5.15, 4.72, 4.95, 4.03, 4.24, 4.57, 4.38], [7.52, 7.63, 7.2, 6.91, 7.19, 7.93, 8.49, 9.46, 11.92, 12.11, 11.23, 10.33, 10.53, 11.07, 11.62, 11.51, 10.61, 10.84, 11.46, 11.22, 11.29, 10.92, 10.22, 10.05, 10.28, 10.9, 11.29, 10.64, 9.97, 9.36, 8.03, 5.68, 3.89, 3.3, 2.92, 3.05, 3.11, 3.79, 5.07, 5.57, 5.05, 4.37, 4.05, 3.33, 3.09, 3.37, 3.39, 3.46, 3.22, 2.95, 1.98, 1.35, 1.23, 1.88, 2.07, 2.24, 2.54, 2.93, 3.16, 3.21, 3.52, 3.27, 1.64, 0, 1.31, 1.58, 1.64, 1.58, 1.74, 2.45, 2.62, 3.46, 4.06, 6.2, 6.26, 6.14, 6.5, 6.44, 6.76, 6.03, 5.72, 5.85, 4.89, 5.0, 5.27, 5.24], [6.71, 6.82, 6.69, 6.62, 6.8, 7.1, 7.58, 8.65, 10.97, 11.04, 10.18, 9.3, 9.46, 9.98, 10.47, 10.36, 9.42, 9.65, 10.29, 10.11, 10.18, 9.83, 9.23, 9.1, 9.23, 9.85, 10.24, 9.655, 8.92, 8.37, 7.18, 4.75, 3.5, 3.07, 3.09, 3.48, 3.54, 4.0, 5.22, 5.78, 5.34, 4.68, 4.3, 3.58, 3.3, 3.62, 3.62, 3.79, 3.81, 3.82, 2.79, 1.96, 1.34, 1.29, 1.5, 1.53, 1.95, 2.26, 2.29, 2.28, 2.33, 2.22, 1.29, 1.31, 0, 0.53, 0.71, 0.73, 1.03, 1.78, 2.05, 2.39, 2.95, 5.03, 5.09, 4.99, 5.43, 5.31, 5.57, 4.84, 4.55, 4.72, 3.78, 4.13, 4.26, 4.09], [6.76, 6.87, 6.74, 6.67, 6.85, 7.11, 7.61, 8.7, 11.0, 11.07, 10.13, 9.35, 9.47, 9.99, 10.46, 10.39, 9.31, 9.56, 10.26, 10.12, 10.17, 9.84, 9.24, 9.11, 9.24, 9.84, 10.23, 9.665, 8.93, 8.38, 7.19, 4.76, 3.53, 3.08, 3.16, 3.59, 3.63, 4.05, 5.25, 5.81, 5.43, 4.81, 4.41, 3.67, 3.37, 3.75, 3.71, 3.94, 3.96, 4.15, 3.14, 2.21, 1.49, 1.5, 1.55, 1.62, 1.96, 2.29, 2.28, 2.27, 2.3, 2.11, 1.36, 1.58, 0.53, 0, 0.78, 0.74, 1.04, 1.81, 2.04, 2.38, 2.9, 4.9, 4.94, 4.82, 5.22, 5.12, 5.44, 4.73, 4.34, 4.55, 3.73, 4.08, 4.25, 4.08], [6.56, 6.67, 6.56, 6.51, 6.71, 6.91, 7.45, 8.56, 10.82, 10.97, 10.23, 9.41, 9.37, 9.79, 10.32, 10.23, 9.27, 9.5, 10.1, 9.84, 9.93, 9.6, 8.98, 8.85, 8.98, 9.68, 10.07, 9.425, 8.77, 8.14, 6.93, 4.46, 3.25, 2.98, 2.98, 3.43, 3.51, 4.01, 5.13, 5.63, 5.35, 4.75, 4.31, 3.59, 3.31, 3.63, 3.63, 3.8, 3.8, 3.79, 2.84, 2.17, 1.47, 1.42, 1.57, 1.5, 1.82, 2.15, 2.16, 2.11, 2.28, 2.23, 1.38, 1.64, 0.71, 0.78, 0, 0.76, 1.02, 1.59, 1.9, 2.12, 2.76, 5.04, 5.18, 5.02, 5.4, 5.34, 5.6, 4.83, 4.52, 4.67, 3.75, 4.02, 4.07, 3.98], [6.38, 6.47, 6.3, 6.19, 6.37, 6.79, 7.33, 8.4, 10.72, 10.81, 10.11, 9.17, 9.19, 9.71, 10.28, 10.17, 9.25, 9.5, 10.06, 9.84, 9.91, 9.54, 8.92, 8.77, 8.9, 9.56, 9.95, 9.325, 8.65, 8.04, 6.85, 4.42, 3.01, 2.6, 2.72, 3.25, 3.29, 3.61, 4.75, 5.29, 5.03, 4.41, 3.95, 3.27, 3.05, 3.43, 3.31, 3.52, 3.66, 3.87, 2.88, 2.03, 1.35, 1.26, 1.33, 1.28, 1.64, 1.87, 1.92, 1.95, 2.22, 2.19, 1.16, 1.58, 0.73, 0.74, 0.76, 0, 0.68, 1.31, 1.54, 2.16, 2.78, 4.98, 5.04, 4.9, 5.36, 5.3, 5.54, 4.75, 4.5, 4.63, 3.69, 3.92, 3.97, 3.86], [6.02, 6.13, 5.96, 5.85, 6.03, 6.45, 7.01, 8.06, 10.42, 10.59, 9.91, 8.93, 8.99, 9.47, 10.04, 9.95, 9.05, 9.3, 9.84, 9.62, 9.69, 9.34, 8.64, 8.49, 8.72, 9.36, 9.75, 9.08, 8.45, 7.8, 6.53, 4.12, 2.71, 2.4, 2.66, 3.23, 3.21, 3.17, 4.33, 4.89, 4.69, 4.09, 3.63, 2.91, 2.67, 3.05, 3.05, 3.24, 3.4, 3.77, 2.84, 1.95, 1.23, 1.32, 1.43, 1.28, 1.36, 1.59, 1.74, 1.77, 2.06, 2.05, 1.24, 1.74, 1.03, 1.04, 1.02, 0.68, 0, 1.03, 1.22, 2.0, 2.66, 4.8, 4.9, 4.76, 5.3, 5.16, 5.4, 4.63, 4.42, 4.57, 3.65, 3.78, 3.83, 3.66], [5.29, 5.42, 5.23, 5.12, 5.3, 5.76, 6.32, 7.35, 9.79, 10.04, 9.48, 8.52, 8.56, 8.92, 9.51, 9.44, 8.52, 8.77, 9.33, 8.99, 9.1, 8.73, 8.05, 7.82, 8.03, 8.73, 9.12, 8.407, 7.82, 7.17, 5.76, 3.39, 1.98, 1.95, 2.61, 3.54, 3.34, 3.02, 3.96, 4.38, 4.58, 4.02, 3.56, 3.04, 3.02, 3.42, 3.2, 3.41, 3.81, 4.2, 3.31, 2.66, 1.86, 1.31, 1.24, 1.21, 1.17, 1.12, 1.25, 1.44, 1.55, 1.82, 1.97, 2.45, 1.78, 1.81, 1.59, 1.31, 1.03, 0, 0.73, 1.53, 2.19, 4.39, 4.49, 4.31, 4.87, 4.81, 4.99, 4.26, 4.07, 4.14, 3.22, 3.39, 3.3, 3.29], [5.02, 5.13, 4.92, 4.79, 4.99, 5.45, 6.01, 7.06, 9.42, 9.79, 9.33, 8.33, 8.37, 8.67, 9.24, 9.17, 8.27, 8.52, 9.06, 8.72, 8.81, 8.4, 7.74, 7.49, 7.68, 8.38, 8.75, 8.043, 7.45, 6.82, 5.51, 3.08, 1.73, 1.9, 2.66, 3.59, 3.41, 2.79, 3.55, 3.99, 4.35, 3.85, 3.47, 3.09, 3.01, 3.43, 3.21, 3.4, 3.8, 4.17, 3.3, 2.59, 1.91, 1.58, 1.43, 1.28, 1.2, 0.89, 0.96, 1.17, 1.36, 1.73, 2.08, 2.62, 2.05, 2.04, 1.9, 1.54, 1.22, 0.73, 0, 1.28, 1.98, 4.14, 4.28, 4.12, 4.72, 4.58, 4.78, 4.01, 3.84, 3.99, 3.09, 3.14, 3.03, 3.04], [4.8, 4.99, 4.92, 4.93, 5.19, 5.31, 5.59, 6.68, 8.88, 9.15, 8.97, 8.03, 7.93, 7.97, 8.38, 8.25, 7.33, 7.6, 8.22, 7.94, 8.03, 7.72, 7.18, 7.05, 7.0, 7.7, 8.09, 7.465, 6.79, 6.18, 5.09, 2.6, 1.67, 2.3, 3.28, 4.21, 3.97, 3.41, 4.17, 4.59, 5.03, 4.53, 4.19, 3.77, 3.59, 4.05, 3.77, 4.06, 4.4, 4.75, 3.98, 3.49, 2.61, 1.98, 1.81, 1.72, 1.62, 1.11, 1.22, 1.39, 1.16, 1.17, 2.64, 3.46, 2.39, 2.38, 2.12, 2.16, 2.0, 1.53, 1.28, 0, 1.08, 3.44, 3.64, 3.46, 4.1, 3.98, 4.12, 3.41, 3.24, 3.37, 2.51, 2.74, 2.65, 2.52], [4.74, 4.91, 4.86, 4.87, 5.13, 5.23, 5.51, 6.52, 8.56, 8.67, 8.55, 7.59, 7.43, 7.47, 7.94, 7.93, 6.91, 7.02, 7.62, 7.48, 7.61, 7.38, 6.86, 6.77, 6.66, 7.3, 7.67, 7.11, 6.47, 5.86, 4.83, 2.5, 2.03, 3.06, 4.14, 5.09, 4.83, 3.95, 4.53, 4.97, 5.65, 5.21, 4.81, 4.41, 4.27, 4.61, 4.33, 4.56, 4.98, 5.59, 4.82, 4.13, 3.21, 2.4, 2.27, 2.32, 2.3, 1.67, 1.66, 1.69, 1.2, 1.31, 3.14, 4.06, 2.95, 2.9, 2.76, 2.78, 2.66, 2.19, 1.98, 1.08, 0, 2.62, 2.74, 2.64, 3.28, 3.06, 3.22, 2.55, 2.38, 2.63, 2.09, 2.48, 2.37, 2.26], [4.7, 4.93, 4.9, 5.03, 5.31, 5.31, 5.57, 6.2, 7.62, 7.65, 7.33, 6.61, 6.47, 6.47, 6.94, 6.85, 5.97, 5.94, 6.44, 6.5, 6.67, 6.44, 6.02, 5.83, 5.86, 6.36, 6.53, 6.21, 5.61, 5.0, 4.03, 3.12, 3.99, 5.36, 6.5, 7.43, 7.19, 6.09, 5.63, 6.03, 6.97, 6.77, 6.39, 6.47, 6.55, 6.75, 6.43, 6.56, 7.14, 7.91, 7.14, 6.27, 5.47, 4.52, 4.35, 4.6, 4.62, 3.79, 3.6, 3.43, 2.9, 3.31, 5.22, 6.2, 5.03, 4.9, 5.04, 4.98, 4.8, 4.39, 4.14, 3.44, 2.62, 0, 0.72, 0.8, 1.06, 1.14, 1.64, 1.21, 1.42, 1.71, 2.29, 2.66, 2.69, 2.46], [4.7, 4.91, 4.82, 4.93, 5.25, 5.25, 5.51, 6.2, 7.56, 7.61, 7.27, 6.57, 6.59, 6.47, 6.92, 6.81, 5.93, 5.9, 6.46, 6.52, 6.69, 6.46, 6.02, 5.87, 5.9, 6.38, 6.55, 6.23, 5.61, 4.98, 3.99, 3.18, 4.07, 5.38, 6.52, 7.43, 7.19, 6.09, 5.67, 6.07, 7.05, 6.79, 6.39, 6.51, 6.59, 6.75, 6.41, 6.62, 7.18, 7.97, 7.14, 6.29, 5.47, 4.58, 4.47, 4.76, 4.66, 3.87, 3.7, 3.55, 3.04, 3.27, 5.16, 6.26, 5.09, 4.94, 5.18, 5.04, 4.9, 4.49, 4.28, 3.64, 2.74, 0.72, 0, 0.7, 1.1, 0.98, 1.56, 1.19, 1.34, 1.73, 2.29, 2.64, 2.69, 2.52], [4.94, 5.15, 5.1, 5.19, 5.51, 5.55, 5.81, 6.58, 8.04, 8.07, 7.65, 6.99, 6.95, 6.87, 7.36, 7.23, 6.41, 6.36, 6.8, 6.9, 7.07, 6.8, 6.44, 6.23, 6.3, 6.82, 6.93, 6.61, 6.07, 5.38, 4.37, 3.16, 3.95, 5.3, 6.44, 7.35, 7.11, 6.03, 5.71, 6.11, 6.93, 6.71, 6.33, 6.41, 6.51, 6.73, 6.39, 6.58, 7.06, 7.89, 7.08, 6.19, 5.35, 4.5, 4.35, 4.6, 4.6, 3.73, 3.58, 3.41, 2.86, 3.21, 5.04, 6.14, 4.99, 4.82, 5.02, 4.9, 4.76, 4.31, 4.12, 3.46, 2.64, 0.8, 0.7, 0, 1.02, 1.08, 1.9, 1.43, 1.5, 1.83, 2.33, 2.78, 2.79, 2.6], [5.0, 5.21, 5.18, 5.29, 5.61, 5.61, 5.87, 6.56, 7.68, 7.71, 7.27, 6.71, 6.73, 6.55, 7.0, 7.03, 6.13, 5.98, 6.44, 6.46, 6.65, 6.42, 6.02, 5.87, 6.02, 6.5, 6.55, 6.27, 5.85, 5.06, 4.09, 3.48, 4.67, 6.06, 7.2, 8.13, 7.87, 6.79, 6.43, 6.79,