[[0, 1.34, 4.73, 6.68, 6.4, 6.18, 6.31, 6.23, 5.7, 5.77, 6.37, 6.06, 5.38, 4.25, 3.37, 3.21, 2.81, 2.1, 1.91, 2.14, 1.99, 1.65, 2.04, 2.51, 2.64, 2.49, 2.89, 1.9, 1.4, 1.44, 1.27, 1.4, 1.61, 1.73, 1.8, 2.75, 5.59, 6.163, 6.38, 6.334, 5.732, 4.992, 3.99, 3.04, 2.46, 2.3, 2.44, 1.96, 2.04, 2.03, 1.32, 1.59, 2.2, 2.65, 4.06, 4.81, 4.89, 4.45, 4.04, 3.52, 3.67, 4.35, 4.91, 4.88, 4.56, 4.74, 5.13, 5.19, 5.0, 5.25, 4.76, 3.98, 3.94, 4.15, 4.54, 4.45, 5.19, 6.63, 8.19, 9.21, 9.89, 9.98, 9.71, 9.27, 9.98, 11.0], [1.34, 0, 3.75, 5.62, 5.36, 5.2, 5.37, 5.37, 4.86, 4.79, 5.39, 5.04, 4.4, 3.29, 2.71, 2.83, 2.67, 2.4, 2.37, 2.7, 2.35, 1.95, 1.82, 2.51, 2.68, 2.29, 2.19, 1.68, 2.08, 2.26, 1.99, 1.68, 2.45, 2.77, 2.82, 3.73, 6.65, 7.183, 7.44, 7.373, 6.792, 6.052, 4.97, 3.86, 3.24, 2.96, 2.7, 2.1, 1.78, 1.79, 1.48, 1.11, 1.62, 1.99, 3.38, 3.97, 3.99, 3.49, 3.14, 2.86, 3.21, 3.61, 4.37, 4.46, 4.04, 4.06, 4.49, 4.65, 4.42, 4.35, 3.96, 4.04, 3.96, 3.71, 3.98, 3.85, 4.65, 5.59, 7.11, 8.15, 8.83, 8.92, 8.69, 8.21, 8.92, 9.9], [4.73, 3.75, 0, 2.19, 2.33, 2.49, 2.54, 2.6, 2.17, 1.72, 2.3, 2.27, 2.25, 1.98, 2.2, 2.44, 3.4, 4.13, 4.66, 4.59, 4.54, 4.3, 3.65, 3.5, 3.69, 3.02, 2.48, 3.43, 4.91, 5.47, 5.4, 4.69, 5.44, 5.88, 6.15, 6.9, 10.04, 10.77, 10.99, 10.85, 10.26, 9.48, 8.44, 7.09, 6.33, 5.95, 5.61, 5.29, 4.69, 4.58, 4.65, 4.14, 3.35, 2.76, 1.83, 1.86, 1.84, 1.58, 2.11, 2.73, 2.8, 2.92, 3.6, 3.85, 4.09, 3.87, 4.72, 4.78, 4.67, 4.14, 4.31, 5.27, 5.01, 4.26, 3.67, 4.12, 4.14, 3.76, 3.82, 4.756, 5.436, 5.57, 5.316, 4.816, 5.55, 6.47], [6.68, 5.62, 2.19, 0, 0.9, 1.24, 1.37, 1.39, 1.42, 1.61, 2.47, 2.38, 2.54, 2.89, 3.47, 3.77, 4.99, 6.04, 6.53, 6.54, 6.39, 6.11, 5.46, 5.19, 5.26, 4.57, 4.17, 5.28, 6.72, 7.3, 7.21, 6.52, 7.21, 7.69, 7.96, 8.77, 11.89, 12.6, 12.8, 12.68, 12.07, 11.31, 10.25, 8.94, 8.24, 7.82, 7.46, 7.18, 6.6, 6.47, 6.58, 6.01, 5.3, 4.67, 3.14, 2.23, 2.29, 2.79, 3.36, 3.58, 3.33, 3.13, 3.43, 4.0, 4.42, 4.3, 4.71, 4.81, 4.76, 4.35, 4.58, 5.52, 5.28, 4.59, 3.8, 4.15, 4.15, 3.67, 2.83, 3.01, 3.569, 3.699, 3.45, 3.03, 3.679, 4.6], [6.4, 5.36, 2.33, 0.9, 0, 0.78, 1.07, 1.19, 1.24, 1.57, 2.51, 2.08, 2.14, 2.83, 3.37, 3.57, 4.81, 5.86, 6.27, 6.34, 6.17, 5.99, 5.22, 4.93, 5.06, 4.35, 3.99, 5.1, 6.6, 7.08, 6.95, 6.36, 7.03, 7.45, 7.76, 8.61, 11.71, 12.34, 12.54, 12.44, 11.85, 11.09, 10.01, 8.68, 8.04, 7.7, 7.34, 6.94, 6.38, 6.27, 6.3, 5.81, 5.06, 4.41, 2.9, 2.03, 2.01, 2.61, 3.18, 3.28, 3.03, 2.91, 2.91, 3.34, 3.88, 3.76, 4.07, 4.13, 4.1, 3.75, 3.94, 4.94, 4.82, 4.13, 3.26, 3.63, 3.53, 3.19, 2.61, 3.19, 3.775, 3.865, 3.604, 3.175, 3.865, 4.82], [6.18, 5.2, 2.49, 1.24, 0.78, 0, 0.93, 1.05, 1.24, 1.81, 2.53, 1.94, 2.04, 2.93, 3.29, 3.47, 4.69, 5.74, 6.11, 6.04, 5.85, 5.81, 4.98, 4.73, 4.84, 4.21, 3.99, 5.04, 6.54, 6.94, 6.77, 6.22, 6.97, 7.35, 7.64, 8.43, 11.51, 12.08, 12.3, 12.28, 11.69, 10.93, 9.87, 8.6, 8.0, 7.64, 7.28, 6.78, 6.26, 6.15, 6.14, 5.55, 4.86, 4.31, 2.76, 1.93, 1.89, 2.41, 3.0, 3.14, 2.79, 2.73, 2.69, 3.1, 3.6, 3.42, 3.71, 3.81, 3.82, 3.59, 3.68, 4.6, 4.48, 3.77, 2.98, 3.35, 3.25, 3.01, 2.93, 3.37, 3.938, 4.043, 3.773, 3.318, 4.048, 4.98], [6.31, 5.37, 2.54, 1.37, 1.07, 0.93, 0, 0.86, 1.11, 1.64, 2.5, 1.95, 1.99, 2.7, 3.22, 3.58, 4.9, 5.93, 6.26, 6.11, 5.94, 5.94, 5.05, 4.82, 4.97, 4.3, 4.12, 5.13, 6.51, 6.99, 6.88, 6.27, 6.92, 7.42, 7.81, 8.48, 11.64, 12.13, 12.39, 12.37, 11.78, 11.02, 10.02, 8.81, 8.07, 7.59, 7.23, 6.77, 6.23, 6.12, 6.23, 5.62, 4.87, 4.4, 2.79, 1.92, 1.84, 2.62, 3.11, 3.29, 2.98, 3.1, 3.0, 3.39, 3.83, 3.71, 3.98, 4.18, 4.13, 3.72, 3.87, 4.95, 4.87, 4.1, 3.23, 3.44, 3.46, 3.02, 2.76, 3.2, 3.866, 3.956, 3.766, 3.246, 3.979, 4.93], [6.23, 5.37, 2.6, 1.39, 1.19, 1.05, 0.86, 0, 0.99, 1.7, 2.66, 2.27, 2.25, 2.82, 3.3, 3.48, 4.78, 5.83, 6.12, 6.03, 5.88, 5.86, 4.85, 4.66, 4.83, 4.22, 3.98, 5.03, 6.43, 6.85, 6.54, 6.19, 6.86, 7.28, 7.65, 8.3, 11.38, 11.83, 12.07, 12.05, 11.46, 10.72, 9.84, 8.77, 8.15, 7.73, 7.35, 6.91, 6.17, 6.18, 6.19, 5.42, 4.81, 4.42, 2.71, 1.88, 1.86, 2.46, 2.85, 3.01, 2.98, 3.04, 3.12, 3.63, 4.17, 3.89, 4.14, 4.32, 4.29, 4.02, 4.11, 4.87, 4.81, 4.1, 3.25, 3.58, 3.74, 3.48, 3.2, 3.531, 4.171, 4.273, 4.023, 3.551, 4.261, 5.21], [5.7, 4.86, 2.17, 1.42, 1.24, 1.24, 1.11, 0.99, 0, 1.51, 2.53, 2.22, 2.14, 2.23, 2.67, 2.87, 4.25, 5.28, 5.69, 5.6, 5.45, 5.31, 4.48, 4.21, 4.3, 3.63, 3.47, 4.5, 5.86, 6.42, 6.21, 5.62, 6.33, 6.79, 7.14, 7.77, 10.95, 11.48, 11.7, 11.62, 11.05, 10.31, 9.37, 8.14, 7.5, 7.06, 6.7, 6.3, 5.64, 5.63, 5.64, 4.91, 4.24, 3.75, 2.16, 1.31, 1.39, 2.13, 2.46, 2.76, 2.67, 2.75, 2.97, 3.46, 3.96, 3.7, 3.93, 4.07, 4.08, 3.79, 3.94, 4.86, 4.72, 3.99, 3.14, 3.39, 3.47, 3.41, 3.29, 3.929, 4.589, 4.712, 4.433, 3.969, 4.712, 5.66], [5.77, 4.79, 1.72, 1.61, 1.57, 1.81, 1.64, 1.7, 1.51, 0, 1.44, 1.49, 1.75, 1.92, 2.62, 3.0, 4.42, 5.39, 5.8, 5.69, 5.58, 5.5, 4.67, 4.4, 4.45, 3.72, 3.44, 4.57, 6.01, 6.47, 6.5, 5.87, 6.5, 6.94, 7.23, 8.04, 11.16, 11.71, 11.95, 11.93, 11.34, 10.58, 9.48, 8.13, 7.35, 6.87, 6.47, 6.11, 5.67, 5.48, 5.63, 5.18, 4.33, 3.66, 2.27, 1.6, 1.52, 2.08, 2.65, 2.81, 2.6, 2.7, 3.06, 3.43, 3.85, 3.69, 4.16, 4.26, 4.21, 3.8, 3.99, 5.19, 5.01, 4.32, 3.45, 3.68, 3.6, 3.02, 2.96, 3.7, 4.36, 4.41, 4.154, 3.74, 4.45, 5.45], [6.37, 5.39, 2.3, 2.47, 2.51, 2.53, 2.5, 2.66, 2.53, 1.44, 0, 1.21, 1.67, 2.3, 3.2, 3.62, 4.96, 6.05, 6.44, 6.37, 6.24, 6.1, 5.35, 5.08, 5.09, 4.34, 4.04, 5.17, 6.67, 7.21, 7.14, 6.47, 7.14, 7.62, 7.91, 8.68, 11.8, 12.45, 12.67, 12.55, 12.02, 11.26, 10.2, 8.65, 7.79, 7.17, 6.81, 6.75, 6.39, 6.14, 6.29, 5.78, 4.93, 4.2, 2.93, 2.58, 2.42, 2.78, 3.31, 3.53, 3.04, 2.8, 3.58, 3.77, 4.09, 3.95, 4.7, 4.7, 4.63, 4.18, 4.39, 5.53, 5.27, 4.56, 3.85, 4.16, 4.06, 3.36, 3.38, 3.86, 4.22, 4.25, 3.78, 3.72, 4.47, 5.41], [6.06, 5.04, 2.27, 2.38, 2.08, 1.94, 1.95, 2.27, 2.22, 1.49, 1.21, 0, 0.94, 1.93, 2.85, 3.29, 4.57, 5.66, 6.03, 6.0, 5.89, 5.75, 5.02, 4.73, 4.68, 3.97, 3.69, 4.82, 6.32, 6.86, 6.79, 6.12, 6.79, 7.27, 7.56, 8.33, 11.45, 12.1, 12.32, 12.2, 11.67, 10.91, 9.85, 8.22, 7.4, 6.84, 6.5, 6.46, 6.04, 5.79, 5.98, 5.37, 4.58, 3.85, 2.58, 2.23, 1.91, 2.39, 2.96, 3.12, 2.61, 2.29, 2.85, 2.9, 3.18, 3.18, 3.87, 3.81, 3.72, 3.21, 3.46, 4.6, 4.36, 3.67, 2.88, 3.25, 3.23, 2.49, 2.91, 3.67, 4.11, 4.2, 3.95, 3.57, 4.34, 5.38], [5.38, 4.4, 2.25, 2.54, 2.14, 2.04, 1.99, 2.25, 2.14, 1.75, 1.67, 0.94, 0, 1.41, 2.19, 2.65, 3.95, 4.96, 5.35, 5.36, 5.23, 5.07, 4.32, 4.05, 4.08, 3.37, 3.03, 4.18, 5.64, 6.18, 6.11, 5.44, 6.11, 6.59, 6.9, 7.67, 10.79, 11.42, 11.64, 11.56, 10.99, 10.23, 9.17, 7.66, 6.86, 6.4, 6.04, 5.84, 5.36, 5.15, 5.3, 4.81, 4.0, 3.33, 2.52, 2.21, 1.93, 2.37, 2.48, 2.46, 2.01, 1.91, 2.47, 2.52, 2.6, 2.64, 3.41, 3.45, 3.26, 2.69, 2.92, 3.94, 3.72, 3.03, 2.32, 2.77, 2.79, 2.43, 3.25, 4.17, 4.649, 4.779, 4.51, 4.11, 4.82, 5.8], [4.25, 3.29, 1.98, 2.89, 2.83, 2.93, 2.7, 2.82, 2.23, 1.92, 2.3, 1.93, 1.41, 0, 1.06, 1.64, 2.84, 3.87, 4.32, 4.27, 4.12, 3.9, 3.17, 2.84, 2.87, 2.2, 1.82, 2.95, 4.43, 4.97, 4.94, 4.29, 4.9, 5.36, 5.67, 6.44, 9.56, 10.23, 10.45, 10.33, 9.76, 9.0, 7.94, 6.49, 5.67, 5.19, 4.83, 4.67, 4.15, 3.98, 4.15, 3.64, 2.85, 2.2, 1.87, 1.88, 1.78, 1.76, 1.63, 1.61, 1.7, 1.94, 2.78, 2.99, 2.95, 2.91, 3.7, 3.86, 3.59, 3.02, 3.23, 4.23, 3.97, 3.24, 2.53, 2.96, 3.18, 3.14, 4.34, 5.26, 5.879, 5.969, 5.714, 5.279, 6.01, 6.93], [3.37, 2.71, 2.2, 3.47, 3.37, 3.29, 3.22, 3.3, 2.67, 2.62, 3.2, 2.85, 2.19, 1.06, 0, 0.98, 2.08, 3.09, 3.46, 3.41, 3.22, 3.02, 2.25, 1.98, 1.97, 1.36, 1.16, 2.05, 3.51, 4.05, 4.04, 3.41, 4.0, 4.46, 4.81, 5.5, 8.6, 9.27, 9.49, 9.37, 8.82, 8.06, 7.0, 5.61, 4.89, 4.49, 4.31, 3.85, 3.33, 3.24, 3.25, 2.84, 2.11, 1.72, 1.65, 2.02, 1.94, 1.76, 1.63, 1.17, 1.28, 1.74, 2.48, 2.77, 2.71, 2.57, 3.4, 3.54, 3.33, 2.84, 2.99, 3.69, 3.43, 2.72, 2.29, 2.58, 2.82, 3.68, 5.16, 6.156, 6.836, 6.926, 6.677, 6.216, 6.946, 7.89], [3.21, 2.83, 2.44, 3.77, 3.57, 3.47, 3.58, 3.48, 2.87, 3.0, 3.62, 3.29, 2.65, 1.64, 0.98, 0, 1.52, 2.61, 3.08, 3.05, 2.9, 2.66, 1.91, 1.62, 1.69, 1.42, 1.48, 2.15, 3.43, 3.87, 3.64, 3.13, 3.88, 4.24, 4.49, 5.12, 8.24, 8.93, 9.15, 9.01, 8.42, 7.66, 6.7, 5.53, 4.95, 4.75, 4.87, 4.11, 3.51, 3.7, 3.29, 2.86, 2.25, 2.04, 1.95, 2.42, 2.26, 1.82, 1.43, 0.99, 1.06, 1.72, 2.3, 2.51, 2.69, 2.29, 3.16, 3.3, 3.19, 3.12, 3.09, 3.21, 2.93, 2.26, 2.15, 2.46, 2.72, 4.016, 5.536, 6.556, 7.236, 7.326, 7.056, 6.616, 7.346, 8.29], [2.81, 2.67, 3.4, 4.99, 4.81, 4.69, 4.9, 4.78, 4.25, 4.42, 4.96, 4.57, 3.95, 2.84, 2.08, 1.52, 0, 1.49, 1.9, 2.05, 2.04, 1.9, 1.81, 1.58, 1.23, 1.7, 1.96, 2.05, 3.33, 3.59, 3.18, 2.93, 3.66, 3.78, 3.79, 4.78, 7.2, 7.85, 8.07, 7.85, 7.26, 6.6, 5.84, 5.13, 4.75, 4.71, 4.93, 4.07, 3.79, 3.86, 3.25, 2.74, 2.49, 2.62, 3.13, 3.62, 3.46, 2.86, 2.45, 1.99, 2.22, 2.74, 3.3, 3.41, 3.25, 3.17, 3.56, 3.728, 3.55, 3.84, 3.53, 2.55, 2.09, 2.32, 2.93, 3.0, 3.76, 5.21, 6.771, 7.787, 8.467, 8.561, 8.291, 7.851, 8.561, 9.51], [2.1, 2.4, 4.13, 6.04, 5.86, 5.74, 5.93, 5.83, 5.28, 5.39, 6.05, 5.66, 4.96, 3.87, 3.09, 2.61, 1.49, 0, 0.91, 1.28, 1.49, 1.43, 1.82, 2.11, 1.98, 2.43, 2.65, 1.94, 2.7, 2.88, 2.61, 2.46, 3.01, 3.05, 3.04, 4.13, 6.03, 6.68, 6.9, 6.8, 6.19, 5.65, 5.03, 4.54, 4.12, 4.14, 4.24, 3.64, 3.54, 3.51, 2.74, 2.63, 2.5, 2.83, 3.96, 4.55, 4.59, 3.91, 3.56, 3.14, 3.21, 3.77, 4.25, 4.36, 4.08, 4.22, 4.57, 4.73, 4.56, 4.79, 4.36, 3.06, 2.78, 3.35, 4.02, 3.91, 4.75, 6.195, 7.755, 8.775, 9.455, 9.545, 9.295, 8.835, 9.565, 10.48], [1.91, 2.37, 4.66, 6.53, 6.27, 6.11, 6.26, 6.12, 5.69, 5.8, 6.44, 6.03, 5.35, 4.32, 3.46, 3.08, 1.9, 0.91, 0, 0.95, 1.28, 1.32, 1.81, 2.3, 2.11, 2.68, 2.98, 2.13, 2.57, 2.59, 2.32, 2.49, 2.84, 2.84, 2.79, 3.74, 5.68, 6.21, 6.43, 6.39, 5.796, 5.12, 4.62, 4.19, 3.83, 4.03, 4.13, 3.49, 3.41, 3.4, 2.59, 2.54, 2.45, 2.92, 4.23, 4.98, 4.92, 4.3, 3.89, 3.47, 3.66, 4.26, 4.68, 4.73, 4.45, 4.55, 4.96, 5.06, 4.91, 5.16, 4.71, 3.27, 3.19, 3.74, 4.43, 4.34, 5.12, 6.597, 8.137, 9.171, 9.831, 9.941, 9.697, 9.211, 9.921, 10.93], [2.14, 2.7, 4.59, 6.54, 6.34, 6.04, 6.11, 6.03, 5.6, 5.69, 6.37, 6.0, 5.36, 4.27, 3.41, 3.05, 2.05, 1.28, 0.95, 0, 0.85, 1.29, 1.84, 2.19, 2.04, 2.49, 2.93, 2.26, 2.76, 2.58, 2.51, 2.7, 2.99, 2.97, 2.9, 3.55, 5.71, 6.26, 6.5, 6.48, 5.886, 5.15, 4.51, 4.22, 3.98, 4.2, 4.3, 3.68, 3.68, 3.63, 2.86, 2.75, 2.52, 2.89, 4.08, 4.77, 4.79, 4.27, 3.84, 3.44, 3.63, 4.23, 4.65, 4.66, 4.38, 4.5, 4.81, 4.97, 4.82, 5.11, 4.6, 3.22, 3.24, 3.73, 4.44, 4.27, 5.03, 6.502, 8.064, 9.061, 9.756, 9.852, 9.61, 9.136, 9.872, 10.84], [1.99, 2.35, 4.54, 6.39, 6.17, 5.85, 5.94, 5.88, 5.45, 5.58, 6.24, 5.89, 5.23, 4.12, 3.22, 2.9, 2.04, 1.49, 1.28, 0.85, 0, 0.88, 1.47, 1.78, 1.87, 2.18, 2.64, 1.85, 2.21, 2.07, 2.1, 2.15, 2.52, 2.46, 2.43, 3.2, 5.82, 6.33, 6.59, 6.558, 5.976, 5.24, 4.3, 3.87, 3.57, 3.79, 3.91, 3.15, 3.11, 3.08, 2.37, 2.24, 2.07, 2.62, 3.71, 4.58, 4.68, 3.98, 3.63, 3.23, 3.38, 4.1, 4.44, 4.55, 4.27, 4.41, 4.78, 4.94, 4.79, 5.02, 4.53, 3.29, 3.25, 3.56, 4.25, 4.04, 4.94, 6.423, 7.943, 8.977, 9.657, 9.77, 9.56, 9.06, 9.756, 10.69], [1.65, 1.95, 4.3, 6.11, 5.99, 5.81, 5.94, 5.86, 5.31, 5.5, 6.1, 5.75, 5.07, 3.9, 3.02, 2.66, 1.9, 1.43, 1.32, 1.29, 0.88, 0, 1.25, 1.72, 1.85, 2.02, 2.32, 1.41, 1.75, 1.83, 1.76, 1.73, 2.14, 2.2, 2.15, 2.98, 5.8, 6.49, 6.69, 6.57, 5.96, 5.2, 4.18, 3.49, 3.23, 3.41, 3.53, 2.87, 2.73, 2.76, 2.03, 1.82, 1.79, 2.32, 3.53, 4.38, 4.56, 3.78, 3.43, 3.09, 3.28, 3.92, 4.44, 4.65, 4.29, 4.45, 4.78, 4.94, 4.75, 5.02, 4.59, 3.33, 3.13, 3.42, 4.11, 4.04, 4.98, 6.419, 7.959, 8.999, 9.679, 9.769, 9.499, 9.059, 9.769, 10.686], [2.04, 1.82, 3.65, 5.46, 5.22, 4.98, 5.05, 4.85, 4.48, 4.67, 5.35, 5.02, 4.32, 3.17, 2.25, 1.91, 1.81, 1.82, 1.81, 1.84, 1.47, 1.25, 0, 0.93, 1.24, 1.45, 1.63, 1.38, 2.28, 2.52, 2.11, 2.04, 2.73, 2.93, 2.98, 3.83, 6.63, 7.14, 7.36, 7.32, 6.73, 5.99, 5.03, 4.32, 3.88, 3.68, 3.82, 2.98, 2.42, 2.59, 2.08, 1.47, 1.1, 1.57, 2.68, 3.63, 3.75, 2.99, 2.52, 2.14, 2.51, 3.25, 3.71, 3.94, 3.66, 3.6, 4.07, 4.41, 4.18, 4.25, 3.98, 3.16, 3.16, 2.77, 3.28, 3.43, 4.23, 5.644, 7.175, 8.221, 8.901, 8.991, 8.747, 8.281, 8.991, 9.908], [2.51, 2.51, 3.5, 5.19, 4.93, 4.73, 4.82, 4.66, 4.21, 4.4, 5.08, 4.73, 4.05, 2.84, 1.98, 1.62, 1.58, 2.11, 2.3, 2.19, 1.78, 1.72, 0.93, 0, 0.93, 1.24, 1.48, 1.77, 2.65, 2.93, 2.7, 2.49, 3.14, 3.26, 3.27, 4.24, 6.94, 7.47, 7.63, 7.55, 6.96, 6.24, 5.32, 4.65, 4.21, 4.07, 4.21, 3.39, 2.85, 3.02, 2.55, 2.0, 1.53, 1.74, 2.29, 3.3, 3.44, 2.66, 2.25, 1.89, 2.2, 2.96, 3.42, 3.61, 3.47, 3.39, 3.92, 4.24, 3.95, 4.06, 3.85, 3.33, 3.15, 2.62, 3.05, 3.26, 3.94, 5.405, 6.945, 7.985, 8.665, 8.755, 8.494, 8.045, 8.755, 9.69], [2.64, 2.68, 3.69, 5.26, 5.06, 4.84, 4.97, 4.83, 4.3, 4.45, 5.09, 4.68, 4.08, 2.87, 1.97, 1.69, 1.23, 1.98, 2.11, 2.04, 1.87, 1.85, 1.24, 0.93, 0, 1.05, 1.69, 1.94, 3.04, 3.24, 3.01, 2.9, 3.53, 3.51, 3.44, 4.41, 6.79, 7.44, 7.66, 7.52, 6.99, 6.25, 5.41, 4.72, 4.3, 4.16, 4.36, 3.6, 3.2, 3.27, 2.78, 2.13, 1.86, 2.05, 2.36, 3.21, 3.33, 2.65, 2.46, 2.08, 2.29, 2.95, 3.51, 3.64, 3.62, 3.42, 3.85, 4.01, 3.86, 4.15, 3.92, 3.22, 2.98, 2.77, 3.26, 3.29, 4.01, 5.478, 7.018, 8.038, 8.718, 8.808, 8.567, 8.098, 8.808, 9.76], [2.49, 2.29, 3.02, 4.57, 4.35, 4.21, 4.3, 4.22, 3.63, 3.72, 4.34, 3.97, 3.37, 2.2, 1.36, 1.42, 1.7, 2.43, 2.68, 2.49, 2.18, 2.02, 1.45, 1.24, 1.05, 0, 0.96, 1.37, 2.79, 3.19, 3.08, 2.67, 3.32, 3.54, 3.71, 4.5, 7.48, 8.13, 8.35, 8.23, 7.7, 6.94, 5.88, 4.67, 4.11, 3.87, 3.87, 3.23, 2.81, 2.76, 2.47, 1.92, 1.55, 1.4, 1.83, 2.64, 2.84, 2.34, 2.23, 1.59, 1.8, 2.28, 3.02, 3.17, 2.99, 3.05, 3.34, 3.58, 3.47, 3.42, 3.23, 3.41, 3.13, 2.62, 2.75, 2.74, 3.34, 4.78, 6.291, 7.311, 7.991, 8.101, 7.843, 7.371, 8.081, 9.05], [2.89, 2.19, 2.48, 4.17, 3.99, 3.99, 4.12, 3.98, 3.47, 3.44, 4.04, 3.69, 3.03, 1.82, 1.16, 1.48, 1.96, 2.65, 2.98, 2.93, 2.64, 2.32, 1.63, 1.48, 1.69, 0.96, 0, 1.27, 2.79, 3.39, 3.36, 2.81, 3.44, 3.72, 3.97, 4.8, 7.88, 8.59, 8.79, 8.63, 8.0, 7.22, 6.18, 4.97, 4.37, 3.99, 3.79, 3.37, 2.75, 2.76, 2.69, 2.24, 1.59, 1.28, 1.89, 2.6, 2.72, 2.18, 2.03, 1.51, 1.88, 2.22, 3.2, 3.37, 3.09, 3.11, 3.74, 3.9, 3.53, 3.16, 3.27, 3.75, 3.37, 2.7, 2.53, 2.8, 3.48, 4.476, 5.956, 6.996, 7.676, 7.766, 7.496, 7.056, 7.766, 8.71], [1.9, 1.68, 3.43, 5.28, 5.1, 5.04, 5.13, 5.03, 4.5, 4.57, 5.17, 4.82, 4.18, 2.95, 2.05, 2.15, 2.05, 1.94, 2.13, 2.26, 1.85, 1.41, 1.38, 1.77, 1.94, 1.37, 1.27, 0, 1.76, 2.4, 2.35, 1.84, 2.41, 2.75, 3.02, 3.73, 6.83, 7.54, 7.74, 7.56, 6.95, 6.17, 5.15, 4.0, 3.38, 3.1, 3.04, 2.44, 2.1, 2.07, 1.74, 1.51, 1.3, 1.51, 2.74, 3.57, 3.67, 3.05, 2.82, 2.36, 2.77, 3.21, 4.15, 4.34, 3.84, 3.94, 4.39, 4.49, 4.16, 4.19, 3.78, 3.68, 3.34, 3.21, 3.46, 3.35, 4.35, 5.563, 7.103, 8.137, 8.817, 8.907, 8.643, 8.197, 8.907, 9.86], [1.4, 2.08, 4.91, 6.72, 6.6, 6.54, 6.51, 6.43, 5.86, 6.01, 6.67, 6.32, 5.64, 4.43, 3.51, 3.43, 3.33, 2.7, 2.57, 2.76, 2.21, 1.75, 2.28, 2.65, 3.04, 2.79, 2.79, 1.76, 0, 0.98, 1.29, 1.24, 1.05, 1.37, 1.5, 2.23, 5.35, 5.96, 6.14, 6.02, 5.39, 4.61, 3.65, 2.6, 2.06, 2.08, 2.28, 1.86, 1.92, 1.93, 1.5, 1.71, 2.24, 2.73, 4.08, 5.05, 5.27, 4.51, 4.16, 3.78, 4.11, 4.59, 5.49, 5.74, 5.2, 5.46, 5.85, 5.97, 5.68, 5.65, 5.3, 4.4, 4.36, 4.39, 4.8, 4.63, 5.77, 7.049, 8.569, 9.606, 10.286, 10.376, 10.109, 9.666, 10.376, 11.293], [1.44, 2.26, 5.47, 7.3, 7.08, 6.94, 6.99, 6.85, 6.42, 6.47, 7.21, 6.86, 6.18, 4.97, 4.05, 3.87, 3.59, 2.88, 2.59, 2.58, 2.07, 1.83, 2.52, 2.93, 3.24, 3.19, 3.39, 2.4, 0.98, 0, 1.05, 1.24, 1.05, 1.09, 1.18, 1.75, 4.77, 5.3, 5.56, 5.5, 4.91, 4.15, 3.07, 2.08, 1.82, 2.1, 2.3, 1.84, 1.82, 1.93, 1.46, 2.07, 2.62, 3.21, 4.54, 5.51, 5.69, 5.05, 4.74, 4.22, 4.39, 5.05, 5.77, 5.94, 5.5, 5.7, 6.09, 6.19, 5.94, 6.05, 5.64, 4.68, 4.74, 4.79, 5.28, 5.05, 6.07, 7.464, 9.004, 10.044, 10.724, 10.814, 10.584, 10.104, 10.814, 11.74], [1.27, 1.99, 5.4, 7.21, 6.95, 6.77, 6.88, 6.54, 6.21, 6.5, 7.14, 6.79, 6.11, 4.94, 4.04, 3.64, 3.18, 2.61, 2.32, 2.51, 2.1, 1.76, 2.11, 2.7, 3.01, 3.08, 3.36, 2.35, 1.29, 1.05, 0, 0.97, 1.0, 1.3, 1.39, 2.06, 4.94, 5.41, 5.59, 5.51, 4.92, 4.24, 3.42, 2.59, 2.15, 2.25, 2.43, 2.01, 1.93, 2.06, 1.49, 1.78, 2.53, 3.32, 4.51, 5.42, 5.54, 4.76, 4.13, 3.83, 4.3, 4.96, 5.56, 5.77, 5.41, 5.41, 5.78, 5.96, 5.79, 6.039, 5.552, 4.17, 4.19, 4.36, 5.03, 4.96, 6.0, 7.442, 8.976, 10.025, 10.705, 10.795, 10.534, 10.085, 10.795, 11.712], [1.4, 1.68, 4.69, 6.52, 6.36, 6.22, 6.27, 6.19, 5.62, 5.87, 6.47, 6.12, 5.44, 4.29, 3.41, 3.13, 2.93, 2.46, 2.49, 2.7, 2.15, 1.73, 2.04, 2.49, 2.9, 2.67, 2.81, 1.84, 1.24, 1.24, 0.97, 0, 0.99, 1.43, 1.68, 2.37, 5.55, 6.12, 6.3, 6.2, 5.57, 4.85, 3.91, 2.84, 2.34, 2.2, 2.36, 1.8, 1.56, 1.63, 1.28, 1.67, 2.36, 2.85, 4.14, 4.99, 5.13, 4.41, 3.94, 3.56, 3.71, 4.31, 5.01, 5.26, 4.78, 5.08, 5.43, 5.59, 5.32, 5.39, 5.02, 4.1, 4.08, 4.03, 4.54, 4.35, 5.39, 6.792, 8.332, 9.372, 10.052, 10.142, 9.872, 9.432, 10.142, 11.079], [1.61, 2.45, 5.44, 7.21, 7.03, 6.97, 6.92, 6.86, 6.33, 6.5, 7.14, 6.79, 6.11, 4.9, 4.0, 3.88, 3.66, 3.01, 2.84, 2.99, 2.52, 2.14, 2.73, 3.14, 3.53, 3.32, 3.44, 2.41, 1.05, 1.05, 1.0, 0.99, 0, 0.8, 1.23, 1.68, 4.84, 5.41, 5.61, 5.51, 4.9, 4.14, 3.14, 2.07, 1.69, 1.77, 2.11, 1.79, 1.87, 1.84, 1.73, 2.26, 2.93, 3.44, 4.71, 5.6, 5.78, 5.12, 4.73, 4.25, 4.46, 5.04, 5.84, 6.09, 5.53, 5.87, 6.22, 6.34, 6.07, 6.1, 5.73, 4.75, 4.73, 4.78, 5.21, 5.04, 6.14, 7.485, 9.005, 10.045, 10.725, 10.815, 10.551, 10.105, 10.815, 11.732], [1.73, 2.77, 5.88, 7.69, 7.45, 7.35, 7.42, 7.28, 6.79, 6.94, 7.62, 7.27, 6.59, 5.36, 4.46, 4.24, 3.78, 3.05, 2.84, 2.97, 2.46, 2.2, 2.93, 3.26, 3.51, 3.54, 3.72, 2.75, 1.37, 1.09, 1.3, 1.43, 0.8, 0, 0.67, 1.54, 4.4, 5.05, 5.19, 5.09, 4.42, 3.66, 2.64, 1.95, 1.67, 1.87, 2.21, 2.01, 2.07, 2.16, 1.95, 2.56, 3.15, 3.74, 4.99, 5.94, 6.1, 5.36, 5.05, 4.53, 4.82, 5.48, 6.12, 6.27, 5.85, 6.17, 6.52, 6.6, 6.37, 6.54, 6.11, 4.89, 4.91, 5.08, 5.63, 5.52, 6.5, 7.933, 9.473, 10.525, 11.205, 11.295, 11.031, 10.585, 11.295, 12.212], [1.8, 2.82, 6.15, 7.96, 7.76, 7.64, 7.81, 7.65, 7.14, 7.23, 7.91, 7.56, 6.9, 5.67, 4.81, 4.49, 3.79, 3.04, 2.79, 2.9, 2.43, 2.15, 2.98, 3.27, 3.44, 3.71, 3.97, 3.02, 1.5, 1.18, 1.39, 1.68, 1.23, 0.67, 0, 1.29, 4.09, 4.8, 4.9, 4.8, 4.13, 3.37, 2.39, 1.8, 1.62, 1.92, 2.26, 2.06, 2.26, 2.31, 2.02, 2.55, 3.26, 3.89, 5.22, 6.15, 6.37, 5.55, 5.18, 4.8, 5.09, 5.75, 6.33, 6.42, 6.14, 6.32, 6.69, 6.83, 6.62, 6.89, 6.44, 4.98, 5.0, 5.25, 5.96, 5.89, 6.85, 8.272, 9.775, 10.832, 11.512, 11.602, 11.332, 10.892, 11.602, 12.519], [2.75, 3.73, 6.9, 8.77, 8.61, 8.43, 8.48, 8.3, 7.77, 8.04, 8.68, 8.33, 7.67, 6.44, 5.5, 5.12, 4.78, 4.13, 3.74, 3.55, 3.2, 2.98, 3.83, 4.24, 4.41, 4.5, 4.8, 3.73, 2.23, 1.75, 2.06, 2.37, 1.68, 1.54, 1.29, 0, 3.32, 3.99, 4.13, 3.95, 3.36, 2.58, 1.8, 1.63, 1.85, 2.35, 2.87, 2.75, 2.89, 3.04, 2.77, 3.22, 3.97, 4.66, 5.91, 6.9, 7.08, 6.32, 5.95, 5.61, 5.88, 6.54, 7.2, 7.39, 7.01, 7.17, 7.5, 7.7, 7.47, 7.651, 7.19, 5.93, 5.93, 6.08, 6.65, 6.56, 7.64, 9.056, 10.596, 11.636, 12.316, 12.406, 12.136, 11.696, 12.406, 13.343], [5.59, 6.65, 10.04, 11.89, 11.71, 11.51, 11.64, 11.38, 10.95, 11.16, 11.8, 11.45, 10.79, 9.56, 8.6, 8.24, 7.2, 6.03, 5.68, 5.71, 5.82, 5.8, 6.63, 6.94, 6.79, 7.48, 7.88, 6.83, 5.35, 4.77, 4.94, 5.55, 4.84, 4.4, 4.09, 3.32, 0, 1.27, 1.31, 1.55, 1.96, 2.06, 2.76, 4.21, 4.73, 5.33, 5.85, 5.77, 5.85, 6.0, 5.73, 6.18, 6.91, 7.74, 9.01, 9.96, 10.06, 9.22, 8.83, 8.57, 8.98, 9.66, 10.16, 10.341, 10.05, 10.13, 10.48, 10.673, 10.51, 10.771, 10.283, 8.53, 8.43, 9.0, 9.77, 9.74, 10.693, 12.176, 13.716, 14.756, 15.436, 15.526, 15.256, 14.816, 15.526, 16.463], [6.163, 7.183, 10.77, 12.6, 12.34, 12.08, 12.13, 11.83, 11.48, 11.71, 12.45, 12.1, 11.42, 10.23, 9.27, 8.93, 7.85, 6.68, 6.21, 6.26, 6.33, 6.49, 7.14, 7.47, 7.44, 8.13, 8.59, 7.54, 5.96, 5.3, 5.41, 6.12, 5.41, 5.05, 4.8, 3.99, 1.27, 0, 0.8, 1.24, 1.89, 2.39, 3.19, 4.74, 5.18, 5.72, 6.26, 6.1, 6.24, 6.39, 6.24, 6.73, 7.54, 8.39, 9.64, 10.61, 10.71, 9.91, 9.3, 9.12, 9.55, 10.29, 10.71, 10.88, 10.58, 10.68, 10.99, 11.227, 11.04, 11.31, 10.831, 8.98, 8.96, 9.63, 10.372, 10.21, 11.238, 12.73, 14.264, 15.304, 15.984, 16.074, 15.85, 15.364, 16.074, 17.0], [6.38, 7.44, 10.99, 12.8, 12.54, 12.3, 12.39, 12.07, 11.7, 11.95, 12.67, 12.32, 11.64, 10.45, 9.49, 9.15, 8.07, 6.9, 6.43, 6.5, 6.59, 6.69, 7.36, 7.63, 7.66, 8.35, 8.79, 7.74, 6.14, 5.56, 5.59, 6.3, 5.61, 5.19, 4.9, 4.13, 1.31, 0.8, 0, 0.84, 1.75, 2.27, 3.07, 4.62, 5.18, 5.78, 6.28, 6.26, 6.46, 6.57, 6.44, 6.95, 7.76, 8.61, 9.86, 10.83, 10.93, 10.11, 9.44, 9.3, 9.81, 10.51, 10.97, 11.14, 10.84, 10.94, 11.25, 11.467, 11.3, 11.57, 11.085, 9.2, 9.22, 9.81, 10.563, 10.467, 11.492, 12.987, 14.515, 15.558, 16.238, 16.328, 16.07, 15.618, 16.328, 17.257], [6.334, 7.373, 10.85, 12.68, 12.44, 12.28, 12.37, 12.05, 11.62, 11.93, 12.55, 12.2, 11.56, 10.33, 9.37, 9.01, 7.85, 6.8, 6.39, 6.48, 6.558, 6.57, 7.32, 7.55, 7.52, 8.23, 8.63, 7.56, 6.02, 5.5, 5.51, 6.2, 5.51, 5.09, 4.8, 3.95, 1.55, 1.24, 0.84, 0, 1.27, 2.03, 2.83, 4.16, 4.92, 5.52, 6.02, 6.1, 6.32, 6.53, 6.38, 6.83, 7.64, 8.49, 9.74, 10.71, 10.81, 9.95, 9.32, 9.24, 9.75, 10.43, 10.918, 11.108, 10.82, 10.9, 11.23, 11.441, 11.28, 11.538, 11.051, 9.12, 8.98, 9.69, 10.483, 10.421, 11.452, 12.937, 14.475, 15.523, 16.203, 16.293, 16.044, 15.583, 16.293, 17.21], [5.732, 6.792, 10.26, 12.07, 11.85, 11.69, 11.78, 11.46, 11.05, 11.34, 12.02, 11.67, 10.99, 9.76, 8.82, 8.42, 7.26, 6.19, 5.796, 5.886, 5.976, 5.96, 6.73, 6.96, 6.99, 7.7, 8.0, 6.95, 5.39, 4.91, 4.92, 5.57, 4.9, 4.42, 4.13, 3.36, 1.96, 1.89, 1.75, 1.27, 0, 1.04, 2.04, 3.65, 4.39, 5.01, 5.51, 5.53, 5.73, 5.94, 5.79, 6.3, 7.11, 7.96, 9.21, 10.18, 10.28, 9.38, 8.71, 8.59, 9.16, 9.86, 10.336, 10.526, 10.23, 10.31, 10.64, 10.839, 10.69, 10.956, 10.469, 8.515, 8.341, 9.1, 9.841, 9.839, 10.865, 12.347, 13.887, 14.942, 15.622, 15.712, 15.442, 15.002, 15.712, 16.615], [4.992, 6.052, 9.48, 11.31, 11.09, 10.93, 11.02, 10.72, 10.31, 10.58, 11.26, 10.91, 10.23, 9.0, 8.06, 7.66, 6.6, 5.65, 5.12, 5.15, 5.24, 5.2, 5.99, 6.24, 6.25, 6.94, 7.22, 6.17, 4.61, 4.15, 4.24, 4.85, 4.14, 3.66, 3.37, 2.58, 2.06, 2.39, 2.27, 2.03, 1.04, 0, 1.24, 2.89, 3.63, 4.27, 4.77, 4.81, 4.99, 5.18, 5.03, 5.54, 6.35, 7.2, 8.45, 9.42, 9.52, 8.62, 8.11, 7.87, 8.4, 9.1, 9.576, 9.766, 9.47, 9.57, 9.88, 10.079, 9.93, 10.196, 9.709, 7.91, 7.79, 8.36, 9.101, 9.099, 10.102, 11.585, 13.125, 14.182, 14.862, 14.952, 14.682, 14.242, 14.952, 15.852], [3.99, 4.97, 8.44, 10.25, 10.01, 9.87, 10.02, 9.84, 9.37, 9.48, 10.2, 9.85, 9.17, 7.94, 7.0, 6.7, 5.84, 5.03, 4.62, 4.51, 4.3, 4.18, 5.03, 5.32, 5.41, 5.88, 6.18, 5.15, 3.65, 3.07, 3.42, 3.91, 3.14, 2.64, 2.39, 1.8, 2.76, 3.19, 3.07, 2.83, 2.04, 1.24, 0, 1.79, 2.51, 3.11, 3.63, 3.65, 3.91, 4.1, 3.97, 4.64, 5.39, 6.14, 7.43, 8.36, 8.52, 7.66, 7.33, 6.93, 7.32, 8.04, 8.48, 8.67, 8.37, 8.53, 8.84, 9.04, 8.87, 9.1, 8.67, 7.03, 6.97, 7.42, 8.13, 8.06, 9.06, 10.528, 12.033, 13.088, 13.768, 13.858, 13.588, 13.148, 13.858, 14.775], [3.04, 3.86, 7.09, 8.94, 8.68, 8.6, 8.81, 8.77, 8.14, 8.13, 8.65, 8.22, 7.66, 6.49, 5.61, 5.53, 5.13, 4.54, 4.19, 4.22, 3.87, 3.49, 4.32, 4.65, 4.72, 4.67, 4.97, 4.0, 2.6, 2.08, 2.59, 2.84, 2.07, 1.95, 1.8, 1.63, 4.21, 4.74, 4.62, 4.16, 3.65, 2.89, 1.79, 0, 0.92, 1.54, 2.1, 2.28, 2.7, 2.75, 2.72, 3.57, 4.18, 4.67, 6.1, 7.05, 7.19, 6.73, 6.5, 6.06, 6.13, 6.59, 7.39, 7.52, 7.0, 7.36, 7.83, 7.83, 7.6, 7.71, 7.4, 6.46, 6.4, 6.53, 7.1, 6.93, 7.75, 9.11, 10.595, 11.595, 12.275, 12.365, 12.127, 11.655, 12.385, 13.38], [2.46, 3.24, 6.33, 8.24, 8.04, 8.0, 8.07, 8.15, 7.5, 7.35, 7.79, 7.4, 6.86, 5.67, 4.89, 4.95, 4.75, 4.12, 3.83, 3.98, 3.57, 3.23, 3.88, 4.21, 4.3, 4.11, 4.37, 3.38, 2.06, 1.82, 2.15, 2.34, 1.69, 1.67, 1.62, 1.85, 4.73, 5.18, 5.18, 4.92, 4.39, 3.63, 2.51, 0.92, 0, 0.8, 1.32, 1.56, 2.04, 2.01, 2.08, 3.01, 3.54, 3.93, 5.5, 6.43, 6.53, 6.19, 5.98, 5.5, 5.49, 5.85, 6.81, 6.82, 6.28, 6.74, 7.21, 7.19, 6.9, 6.97, 6.66, 6.04, 5.94, 6.09, 6.56, 6.29, 7.07, 8.29, 9.79, 10.772, 11.432, 11.542, 11.287, 10.812, 11.58, 12.56], [2.3, 2.96, 5.95, 7.82, 7.7, 7.64, 7.59, 7.73, 7.06, 6.87, 7.17, 6.84, 6.4, 5.19, 4.49, 4.75, 4.71, 4.14, 4.03, 4.2, 3.79, 3.41, 3.68, 4.07, 4.16, 3.87, 3.99, 3.1, 2.08, 2.1, 2.25, 2.2, 1.77, 1.87, 1.92, 2.35, 5.33, 5.72, 5.78, 5.52, 5.01, 4.27, 3.11, 1.54, 0.8, 0, 0.8, 1.24, 1.66, 1.59, 1.86, 2.77, 3.2, 3.51, 5.18, 6.05, 6.11, 5.91, 5.74, 5.26, 5.21, 5.49, 6.63, 6.58, 5.96, 6.5, 6.93, 6.85, 6.58, 6.53, 6.26, 5.96, 5.92, 5.91, 6.24, 5.93, 6.77, 7.77, 9.25, 10.127, 10.802, 10.917, 10.622, 10.19, 10.96, 12.02], [2.44, 2.7, 5.61, 7.46, 7.34, 7.28, 7.23, 7.35, 6.7, 6.47, 6.81, 6.5, 6.04, 4.83, 4.31, 4.87, 4.93, 4.24, 4.13, 4.3, 3.91, 3.53, 3.82, 4.21, 4.36, 3.87, 3.79, 3.04, 2.28, 2.3, 2.43, 2.36, 2.11, 2.21, 2.26, 2.87, 5.85, 6.26, 6.28, 6.02, 5.51, 4.77, 3.63, 2.1, 1.32, 0.8, 0, 1.16, 1.52, 1.35, 1.8, 2.63, 2.96, 3.23, 4.96, 5.75, 5.83, 5.65, 5.48, 5.1, 5.27, 5.39, 6.61, 6.62, 5.88, 6.4, 6.79, 6.65, 6.42, 6.25, 6.0, 6.12, 6.08, 6.05, 6.14, 5.89, 6.67, 7.29, 8.75, 9.63, 10.27, 10.42, 10.09, 9.67, 10.52, 11.66], [1.96, 2.1, 5.29, 7.18, 6.94, 6.78, 6.77, 6.91, 6.3, 6.11, 6.75, 6.46, 5.84, 4.67, 3.85, 4.11, 4.07, 3.64, 3.49, 3.68, 3.15, 2.87, 2.98, 3.39, 3.6, 3.23, 3.37, 2.44, 1.86, 1.84, 2.01, 1.8, 1.79, 2.01, 2.06, 2.75, 5.77, 6.1, 6.26, 6.1, 5.53, 4.81, 3.65, 2.28, 1.56, 1.24, 1.16, 0, 1.02, 0.93, 1.16, 2.01, 2.4, 2.79, 4.42, 5.29, 5.43, 5.13, 4.9, 4.42, 4.51, 4.99, 5.89, 5.86, 5.28, 5.6, 6.05, 6.09, 5.7, 5.69, 5.3, 5.46, 5.36, 5.31, 5.48, 5.11, 5.87, 7.05, 8.59, 9.527, 10.207, 10.337, 10.127, 9.587, 10.337, 11.44], [2.04, 1.78, 4.69, 6.6, 6.38, 6.26, 6.23, 6.17, 5.64, 5.67, 6.39, 6.04, 5.36, 4.15, 3.33, 3.51, 3.79, 3.54, 3.41, 3.68, 3.11, 2.73, 2.42, 2.85, 3.2, 2.81, 2.75, 2.1, 1.92, 1.82, 1.93, 1.56, 1.87, 2.07, 2.26, 2.89, 5.85, 6.24, 6.46, 6.32, 5.73, 4.99, 3.91, 2.7, 2.04, 1.66, 1.52, 1.02, 0, 0.57, 1.02, 1.57, 1.92, 2.51, 3.84, 4.81, 4.87, 4.49, 4.26, 3.78, 4.05, 4.65, 5.47, 5.6, 5.12, 5.22, 5.69, 5.89, 5.54, 5.33, 5.04, 5.24, 5.14, 4.73, 4.82, 4.63, 5.61, 6.704, 8.224, 9.244, 9.924, 10.014, 9.784, 9.304, 10.026, 10.98], [2.03, 1.79, 4.58, 6.47, 6.27, 6.15, 6.12, 6.18, 5.63, 5.48, 6.14, 5.79, 5.15, 3.98, 3.24, 3.7, 3.86, 3.51, 3.4, 3.63, 3.08, 2.76, 2.59, 3.02, 3.27, 2.76, 2.76, 2.07, 1.93, 1.93, 2.06, 1.63, 1.84, 2.16, 2.31, 3.04, 6.0, 6.39, 6.57, 6.53, 5.94, 5.18, 4.1, 2.75, 2.01, 1.59, 1.35, 0.93, 0.57, 0, 0.97, 1.6, 1.93, 2.42, 3.83, 4.72, 4.86, 4.6, 4.39, 3.91, 4.02, 4.48, 5.44, 5.53, 4.93, 5.27, 5.72, 5.74, 5.49, 5.2, 4.93, 5.27, 5.19, 4.92, 4.93, 4.72, 5.54, 6.5, 8.0, 9.011, 9.706, 9.796, 9.546, 9.086, 9.816, 10.79], [1.32, 1.48, 4.65, 6.58, 6.3, 6.14, 6.23, 6.19, 5.64, 5.63, 6.29, 5.98, 5.3, 4.15, 3.25, 3.29, 3.25, 2.74, 2.59, 2.86, 2.37, 2.03, 2.08, 2.55, 2.78, 2.47, 2.69, 1.74, 1.5, 1.46, 1.49, 1.28, 1.73, 1.95, 2.02, 2.77, 5.73, 6.24, 6.44, 6.38, 5.79, 5.03, 3.97, 2.72, 2.08, 1.86, 1.8, 1.16, 1.02, 0.97, 0, 1.27, 1.68, 2.27, 3.72, 4.71, 4.81, 4.37, 4.02, 3.54, 3.79, 4.35, 5.13, 5.2, 4.7, 4.84, 5.25, 5.33, 5.1, 5.19, 4.76, 4.56, 4.44, 4.39, 4.62, 4.45, 5.23, 6.607, 8.167, 9.181, 9.841, 9.957, 9.684, 9.221, 9.952, 10.96], [1.59, 1.11, 4.14, 6.01, 5.81, 5.55, 5.62, 5.42, 4.91, 5.18, 5.78, 5.37, 4.81, 3.64, 2.84, 2.86, 2.74, 2.63, 2.54, 2.75, 2.24, 1.82, 1.47, 2.0, 2.13, 1.92, 2.24, 1.51, 1.71, 2.07, 1.78, 1.67, 2.26, 2.56, 2.55, 3.22, 6.18, 6.73, 6.95, 6.83, 6.3, 5.54, 4.64, 3.57, 3.01, 2.77, 2.63, 2.01, 1.57, 1.6, 1.27, 0, 1.09, 1.78, 2.91, 3.92, 4.08, 3.46, 3.11, 2.89, 3.48, 3.92, 4.72, 4.93, 4.55, 4.47, 4.68, 5.1, 4.83, 4.86, 4.45, 4.19, 4.07, 3.78, 4.13, 4.1, 5.0, 6.203, 7.725, 8.745, 9.425, 9.535, 9.283, 8.805, 9.535, 10.49], [2.2, 1.62, 3.35, 5.3, 5.06, 4.86, 4.87, 4.81, 4.24, 4.33, 4.93, 4.58, 4.0, 2.85, 2.11, 2.25, 2.49, 2.5, 2.45, 2.52, 2.07, 1.79, 1.1, 1.53, 1.86, 1.55, 1.59, 1.3, 2.24, 2.62, 2.53, 2.36, 2.93, 3.15, 3.26, 3.97, 6.91, 7.54, 7.76, 7.64, 7.11, 6.35, 5.39, 4.18, 3.54, 3.2, 2.96, 2.4, 1.92, 1.93, 1.68, 1.09, 0, 0.91, 2.24, 3.23, 3.27, 2.83, 2.58, 2.34, 2.85, 3.33, 4.15, 4.18, 3.82, 3.78, 4.29, 4.55, 4.26, 4.01, 3.8, 4.12, 3.94, 3.41, 3.5, 3.73, 4.25, 5.367, 6.907, 7.921, 8.601, 8.717, 8.436, 7.981, 8.729, 9.72], [2.65, 1.99, 2.76, 4.67, 4.41, 4.31, 4.4, 4.42, 3.75, 3.66, 4.2, 3.85, 3.33, 2.2, 1.72, 2.04, 2.62, 2.83, 2.92, 2.89, 2.62, 2.32, 1.57, 1.74, 2.05, 1.4, 1.28, 1.51, 2.73, 3.21, 3.32, 2.85, 3.44, 3.74, 3.89, 4.66, 7.74, 8.39, 8.61, 8.49, 7.96, 7.2, 6.14, 4.67, 3.93, 3.51, 3.23, 2.79, 2.51, 2.42, 2.27, 1.78, 0.91, 0, 1.85, 2.72, 2.84, 2.58, 2.35, 2.23, 2.54, 2.94, 3.76, 3.73, 3.37, 3.63, 4.24, 4.3, 3.95, 3.7, 3.61, 4.35, 4.15, 3.56, 3.25, 3.62, 3.88, 4.56, 6.16, 7.12, 7.777, 7.91, 7.597, 7.16, 7.95, 9.05], [4.06, 3.38, 1.83, 3.14, 2.9, 2.76, 2.79, 2.71, 2.16, 2.27, 2.93, 2.58, 2.52, 1.87, 1.65, 1.95, 3.13, 3.96, 4.23, 4.08, 3.71, 3.53, 2.68, 2.29, 2.36, 1.83, 1.89, 2.74, 4.08, 4.54, 4.51, 4.14, 4.71, 4.99, 5.22, 5.91, 9.01, 9.64, 9.86, 9.74, 9.21, 8.45, 7.43, 6.1, 5.5, 5.18, 4.96, 4.42, 3.84, 3.83, 3.72, 2.91, 2.24, 1.85, 0, 1.17, 1.33, 1.17, 1.5, 2.0, 2.25, 2.55, 3.19, 3.48, 3.92, 3.42, 4.15, 4.29, 4.22, 3.91, 3.98, 4.78, 4.54, 3.79, 3.16, 3.57, 3.67, 3.97, 4.815, 5.835, 6.515, 6.625, 6.373, 5.895, 6.625, 7.6], [4.81, 3.97, 1.86, 2.23, 2.03, 1.93, 1.92, 1.88, 1.31, 1.6, 2.58, 2.23, 2.21, 1.88, 2.02, 2.42, 3.62, 4.55, 4.98, 4.77, 4.58, 4.38, 3.63, 3.3, 3.21, 2.64, 2.6, 3.57, 5.05, 5.51, 5.42, 4.99, 5.6, 5.94, 6.15, 6.9, 9.96, 10.61, 10.83, 10.71, 10.18, 9.42, 8.36, 7.05, 6.43, 6.05, 5.75, 5.29, 4.81, 4.72, 4.71, 3.92, 3.23, 2.72, 1.17, 0, 0.68, 1.22, 1.85, 2.39, 2.42, 2.58, 2.98, 3.35, 3.89, 3.51, 4.02, 4.14, 4.11, 3.82, 3.91, 4.83, 4.61, 3.9, 3.17, 3.54, 3.58, 3.44, 4.02, 4.885, 5.585, 5.682, 5.409, 4.965, 5.722, 6.67], [4.89, 3.99, 1.84, 2.29, 2.01, 1.89, 1.84, 1.86, 1.39, 1.52, 2.42, 1.91, 1.93, 1.78, 1.94, 2.26, 3.46, 4.59, 4.92, 4.79, 4.68, 4.56, 3.75, 3.44, 3.33, 2.84, 2.72, 3.67, 5.27, 5.69, 5.54, 5.13, 5.78, 6.1, 6.37, 7.08, 10.06, 10.71, 10.93, 10.81, 10.28, 9.52, 8.52, 7.19, 6.53, 6.11, 5.83, 5.43, 4.87, 4.86, 4.81, 4.08, 3.27, 2.84, 1.33, 0.68, 0, 1.18, 1.73, 2.15, 2.2, 2.36, 2.88, 3.05, 3.57, 3.11, 3.7, 3.74, 3.73, 3.46, 3.51, 4.49, 4.25, 3.56, 2.87, 3.24, 3.24, 3.14, 3.94, 4.822, 5.512, 5.622, 5.332, 4.892, 5.662, 6.65], [4.45, 3.49, 1.58, 2.79, 2.61, 2.41, 2.62, 2.46, 2.13, 2.08, 2.78, 2.39, 2.37, 1.76, 1.76, 1.82, 2.86, 3.91, 4.3, 4.27, 3.98, 3.78, 2.99, 2.66, 2.65, 2.34, 2.18, 3.05, 4.51, 5.05, 4.76, 4.41, 5.12, 5.36, 5.55, 6.32, 9.22, 9.91, 10.11, 9.95, 9.38, 8.62, 7.66, 6.73, 6.19, 5.91, 5.65, 5.13, 4.49, 4.6, 4.37, 3.46, 2.83, 2.58, 1.17, 1.22, 1.18, 0, 0.93, 1.77, 2.18, 2.56, 3.18, 3.53, 3.91, 3.29, 4.1, 4.28, 4.25, 4.0, 3.99, 4.33, 4.05, 3.34, 2.93, 3.54, 3.76, 3.78, 4.628, 5.648, 6.328, 6.418, 6.148, 5.708, 6.418, 7.355], [4.04, 3.14, 2.11, 3.36, 3.18, 3.0, 3.11, 2.85, 2.46, 2.65, 3.31, 2.96, 2.48, 1.63, 1.63, 1.43, 2.45, 3.56, 3.89, 3.84, 3.63, 3.43, 2.52, 2.25, 2.46, 2.23, 2.03, 2.82, 4.16, 4.74, 4.13, 3.94, 4.73, 5.05, 5.18, 5.95, 8.83, 9.3, 9.44, 9.32, 8.71, 8.11, 7.33, 6.5, 5.98, 5.74, 5.48, 4.9, 4.26, 4.39, 4.02, 3.11, 2.58, 2.35, 1.5, 1.85, 1.73, 0.93, 0, 1.36, 2.05, 2.47, 3.07, 3.38, 3.7, 3.02, 3.87, 4.13, 4.02, 3.83, 3.84, 3.94, 3.72, 3.05, 2.72, 3.35, 3.61, 3.97, 5.195, 6.249, 6.929, 7.019, 6.749, 6.309, 7.019, 7.936], [3.52, 2.86, 2.73, 3.58, 3.28, 3.14, 3.29, 3.01, 2.76, 2.81, 3.53, 3.12, 2.46, 1.61, 1.17, 0.99, 1.99, 3.14, 3.47, 3.44, 3.23, 3.09, 2.14, 1.89, 2.08, 1.59, 1.51, 2.36, 3.78, 4.22, 3.83, 3.56, 4.25, 4.53, 4.8, 5.61, 8.57, 9.12, 9.3, 9.24, 8.59, 7.87, 6.93, 6.06, 5.5, 5.26, 5.1, 4.42, 3.78, 3.91, 3.54, 2.89, 2.34, 2.23, 2.0, 2.39, 2.15, 1.77, 1.36, 0, 1.03, 1.61, 2.23, 2.58, 2.62, 2.12, 2.93, 3.19, 2.92, 2.79, 2.78, 3.0, 2.8, 2.11, 1.76, 2.29, 2.63, 3.81, 5.309, 6.358, 7.038, 7.128, 6.864, 6.418, 7.128, 8.045], [3.67, 3.21, 2.8, 3.33, 3.03, 2.79, 2.98, 2.98, 2.67, 2.6, 3.04, 2.61, 2.01, 1.7, 1.28, 1.06, 2.22, 3.21, 3.66, 3.63, 3.38, 3.28, 2.51, 2.2, 2.29, 1.8, 1.88, 2.77, 4.11, 4.39, 4.3, 3.71, 4.46, 4.82, 5.09, 5.88, 8.98, 9.55, 9.81, 9.75, 9.16, 8.4, 7.32, 6.13, 5.49, 5.21, 5.27, 4.51, 4.05, 4.02, 3.79, 3.48, 2.85, 2.54, 2.25, 2.42, 2.2, 2.18, 2.05, 1.03, 0, 1.0, 1.54, 1.79, 1.97, 1.71, 2.58, 2.64, 2.59, 2.4, 2.53, 2.89, 2.67, 2.02, 1.71, 1.92, 2.0, 3.24, 4.772, 5.794, 6.474, 6.564, 6.334, 5.854, 6.576, 7.49], [4.35, 3.61, 2.92, 3.13, 2.91, 2.73, 3.1, 3.04, 2.75, 2.7, 2.8, 2.29, 1.91, 1.94, 1.74, 1.72, 2.74, 3.77, 4.26, 4.23, 4.1, 3.92, 3.25, 2.96, 2.95, 2.28, 2.22, 3.21, 4.59, 5.05, 4.96, 4.31, 5.04, 5.48, 5.75, 6.54, 9.66, 10.29, 10.51, 10.43, 9.86, 9.1, 8.04, 6.59, 5.85, 5.49, 5.39, 4.99, 4.65, 4.48, 4.35, 3.92, 3.33, 2.94, 2.55, 2.58, 2.36, 2.56, 2.47, 1.61, 1.0, 0, 1.38, 1.63, 1.77, 1.59, 2.26, 2.28, 2.25, 2.0, 2.15, 2.79, 2.57, 1.9, 1.51, 1.68, 1.74, 2.74, 4.14, 5.099, 5.779, 5.869, 5.62, 5.159, 5.909, 6.81], [4.91, 4.37, 3.6, 3.43, 2.91, 2.69, 3.0, 3.12, 2.97, 3.06, 3.58, 2.85, 2.47, 2.78, 2.48, 2.3, 3.3, 4.25, 4.68, 4.65, 4.44, 4.44, 3.71, 3.42, 3.51, 3.02, 3.2, 4.15, 5.49, 5.77, 5.56, 5.01, 5.84, 6.12, 6.33, 7.2, 10.16, 10.71, 10.97, 10.918, 10.336, 9.576, 8.48, 7.39, 6.81, 6.63, 6.61, 5.89, 5.47, 5.44, 5.13, 4.72, 4.15, 3.76, 3.19, 2.98, 2.88, 3.18, 3.07, 2.23, 1.54, 1.38, 0, 0.93, 1.33, 1.41, 1.74, 1.82, 2.01, 1.84, 2.01, 2.39, 2.39, 1.86, 1.31, 1.44, 1.22, 2.24, 3.594, 4.634, 5.314, 5.43, 5.24, 4.72, 5.396, 6.31], [4.88, 4.46, 3.85, 4.0, 3.34, 3.1, 3.39, 3.63, 3.46, 3.43, 3.77, 2.9, 2.52, 2.99, 2.77, 2.51, 3.41, 4.36, 4.73, 4.66, 4.55, 4.65, 3.94, 3.61, 3.64, 3.17, 3.37, 4.34, 5.74, 5.94, 5.77, 5.26, 6.09, 6.27, 6.42, 7.39, 10.341, 10.88, 11.14, 11.108, 10.526, 9.766, 8.67, 7.52, 6.82, 6.58, 6.62, 5.86, 5.6, 5.53, 5.2, 4.93, 4.18, 3.73, 3.48, 3.35, 3.05, 3.53, 3.38, 2.58, 1.79, 1.63, 0.93, 0, 1.08, 1.2, 1.45, 1.41, 1.56, 1.47, 1.54, 2.28, 2.4, 1.83, 1.42, 1.53, 1.03, 2.01, 3.41, 4.45, 5.13, 5.28, 5.13, 4.53, 5.24, 6.26], [4.56, 4.04, 4.09, 4.42, 3.88, 3.6, 3.83, 4.17, 3.96, 3.85, 4.09, 3.18, 2.6, 2.95, 2.71, 2.69, 3.25, 4.08, 4.45, 4.38, 4.27, 4.29, 3.66, 3.47, 3.62, 2.99, 3.09, 3.84, 5.2, 5.5, 5.41, 4.78, 5.53, 5.85, 6.14, 7.01, 10.05, 10.58, 10.84, 10.82, 10.23, 9.47, 8.37, 7.0, 6.28, 5.96, 5.88, 5.28, 5.12, 4.93, 4.7, 4.55, 3.82, 3.37, 3.92, 3.89, 3.57, 3.91, 3.7, 2.62, 1.97, 1.77, 1.33, 1.08, 0, 1.28, 1.53, 1.55, 1.46, 1.25, 1.14, 1.96, 2.12, 1.59, 1.3, 1.35, 1.23, 2.27, 3.79, 4.81, 5.45, 5.68, 5.47, 4.91, 5.54, 6.64], [4.74, 4.06, 3.87, 4.3, 3.76, 3.42, 3.71, 3.89, 3.7, 3.69, 3.95, 3.18, 2.64, 2.91, 2.57, 2.29, 3.17, 4.22, 4.55, 4.5, 4.41, 4.45, 3.6, 3.39, 3.42, 3.05, 3.11, 3.94, 5.46, 5.7, 5.41, 5.08, 5.87, 6.17, 6.32, 7.17, 10.13, 10.68, 10.94, 10.9, 10.31, 9.57, 8.53, 7.36, 6.74, 6.5, 6.4, 5.6, 5.22, 5.27, 4.84, 4.47, 3.78, 3.63, 3.42, 3.51, 3.11, 3.29, 3.02, 2.12, 1.71, 1.59, 1.41, 1.2, 1.28, 0, 1.19, 1.29, 1.24, 1.35, 1.4, 2.22, 2.14, 1.51, 1.32, 1.41, 1.09, 2.104, 3.664, 4.67, 5.37, 5.5, 5.33, 4.79, 5.434, 6.44], [5.13, 4.49, 4.72, 4.71, 4.07, 3.71, 3.98, 4.14, 3.93, 4.16, 4.7, 3.87, 3.41, 3.7, 3.4, 3.16, 3.56, 4.57, 4.96, 4.81, 4.78, 4.78, 4.07, 3.92, 3.85, 3.34, 3.74, 4.39, 5.85, 6.09, 5.78, 5.43, 6.22, 6.52, 6.69, 7.5, 10.48, 10.99, 11.25, 11.23, 10.64, 9.88, 8.84, 7.83, 7.21, 6.93, 6.79, 6.05, 5.69, 5.72, 5.25, 4.68, 4.29, 4.24, 4.15, 4.02, 3.7, 4.1, 3.87, 2.93, 2.58, 2.26, 1.74, 1.45, 1.53, 1.19, 0, 0.78, 0.87, 1.12, 1.09, 2.19, 2.39, 1.8, 1.77, 1.42, 0.98, 2.06, 3.42, 4.4, 5.1, 5.25, 5.04, 4.58, 5.17, 6.13], [5.19, 4.65, 4.78, 4.81, 4.13, 3.81, 4.18, 4.32, 4.07, 4.26, 4.7, 3.81, 3.45, 3.86, 3.54, 3.3, 3.728, 4.73, 5.06, 4.97, 4.94, 4.94, 4.41, 4.24, 4.01, 3.58, 3.9, 4.49, 5.97, 6.19, 5.96, 5.59, 6.34, 6.6, 6.83, 7.7, 10.673, 11.227, 11.467, 11.441, 10.839, 10.079, 9.04, 7.83, 7.19, 6.85, 6.65, 6.09, 5.89, 5.74, 5.33, 5.1, 4.55, 4.3, 4.29, 4.14, 3.74, 4.28, 4.13, 3.19, 2.64, 2.28, 1.82, 1.41, 1.55, 1.29, 0.78, 0, 0.87, 1.3, 1.27, 2.41, 2.55, 2.02, 1.89, 1.6, 1.04, 2.04, 3.3, 4.2, 4.88, 5.09, 4.82, 4.36, 5.03, 6.13], [5.0, 4.42, 4.67, 4.76, 4.1, 3.82, 4.13, 4.29, 4.08, 4.21, 4.63, 3.72, 3.26, 3.59, 3.33, 3.19, 3.55, 4.56, 4.91, 4.82, 4.79, 4.75, 4.18, 3.95, 3.86, 3.47, 3.53, 4.16, 5.68, 5.94, 5.79, 5.32, 6.07, 6.37, 6.62, 7.47, 10.51, 11.04, 11.3, 11.28, 10.69, 9.93, 8.87, 7.6, 6.9, 6.58, 6.42, 5.7, 5.54, 5.49, 5.1, 4.83, 4.26, 3.95, 4.22, 4.11, 3.73, 4.25, 4.02, 2.92, 2.59, 2.25, 2.01, 1.56, 1.46, 1.24, 0.87, 0.87, 0, 0.87, 1.0, 2.22, 2.44, 1.85, 1.76, 1.43, 1.17, 2.11, 3.45, 4.39, 5.11, 5.24, 4.97, 4.45, 5.14, 6.18], [5.25, 4.35, 4.14, 4.35, 3.75, 3.59, 3.72, 4.02, 3.79, 3.8, 4.18, 3.21, 2.69, 3.02, 2.84, 3.12, 3.84, 4.79, 5.16, 5.11, 5.02, 5.02, 4.25, 4.06, 4.15, 3.42, 3.16, 4.19, 5.65, 6.05, 6.039, 5.39, 6.1, 6.54, 6.89, 7.651, 10.771, 11.31, 11.57, 11.538, 10.956, 10.196, 9.1, 7.71, 6.97, 6.53, 6.25, 5.69, 5.33, 5.2, 5.19, 4.86, 4.01, 3.7, 3.91, 3.82, 3.46, 4.0, 3.83, 2.79, 2.4, 2.0, 1.84, 1.47, 1.25, 1.35, 1.12, 1.3, 0.87, 0, 0.73, 2.49, 2.69, 1.98, 1.51, 1.36, 1.06, 1.8, 3.1, 4.12, 4.8, 4.95, 4.72, 4.2, 4.87, 5.85], [4.76, 3.96, 4.31, 4.58, 3.94, 3.68, 3.87, 4.11, 3.94, 3.99, 4.39, 3.46, 2.92, 3.23, 2.99, 3.09, 3.53, 4.36, 4.71, 4.6, 4.53, 4.59, 3.98, 3.85, 3.92, 3.23, 3.27, 3.78, 5.3, 5.64, 5.552, 5.02, 5.73, 6.11, 6.44, 7.19, 10.283, 10.831, 11.085, 11.051, 10.469, 9.709, 8.67, 7.4, 6.66, 6.26, 6.0, 5.3, 5.04, 4.93, 4.76, 4.45, 3.8, 3.61, 3.98, 3.91, 3.51, 3.99, 3.84, 2.78, 2.53, 2.15, 2.01, 1.54, 1.14, 1.4, 1.09, 1.27, 1.0, 0.73, 0, 2.02, 2.2, 1.65, 1.54, 1.23, 1.21, 2.13, 3.55, 4.53, 5.17, 5.38, 5.15, 4.63, 5.32, 6.36], [3.98, 4.04, 5.27, 5.52, 4.94, 4.6, 4.95, 4.87, 4.86, 5.19, 5.53, 4.6, 3.94, 4.23, 3.69, 3.21, 2.55, 3.06, 3.27, 3.22, 3.29, 3.33, 3.16, 3.33, 3.22, 3.41, 3.75, 3.68, 4.4, 4.68, 4.17, 4.1, 4.75, 4.89, 4.98, 5.93, 8.53, 8.98, 9.2, 9.12, 8.515, 7.91, 7.03, 6.46, 6.04, 5.96, 6.12, 5.46, 5.24, 5.27, 4.56, 4.19, 4.12, 4.35, 4.78, 4.83, 4.49, 4.33, 3.94, 3.0, 2.89, 2.79, 2.39, 2.28, 1.96, 2.22, 2.19, 2.41, 2.22, 2.49, 2.02, 0, 0.76, 1.29, 1.96, 1.85, 2.47, 3.867, 5.43, 6.49, 7.13, 7.3, 6.99, 6.57, 7.24, 8.102], [3.94, 3.96, 5.01, 5.28, 4.82, 4.48, 4.87, 4.81, 4.72, 5.01, 5.27, 4.36, 3.72, 3.97, 3.43, 2.93, 2.09, 2.78, 3.19, 3.24, 3.25, 3.13, 3.16, 3.15, 2.98, 3.13, 3.37, 3.34, 4.36, 4.74, 4.19, 4.08, 4.73, 4.91, 5.0, 5.93, 8.43, 8.96, 9.22, 8.98, 8.341, 7.79, 6.97, 6.4, 5.94, 5.92, 6.08, 5.36, 5.14, 5.19, 4.44, 4.07, 3.94, 4.15, 4.54, 4.61, 4.25, 4.05, 3.72, 2.8, 2.67, 2.57, 2.39, 2.4, 2.12, 2.14, 2.39, 2.55, 2.44, 2.69, 2.2, 0.76, 0, 1.17, 1.86, 1.91, 2.69, 4.046, 5.586, 6.646, 7.326, 7.436, 7.17, 6.75, 7.416, 8.333], [4.15, 3.71, 4.26, 4.59, 4.13, 3.77, 4.1, 4.1, 3.99, 4.32, 4.56, 3.67, 3.03, 3.24, 2.72, 2.26, 2.32, 3.35, 3.74, 3.73, 3.56, 3.42, 2.77, 2.62, 2.77, 2.62, 2.7, 3.21, 4.39, 4.79, 4.36, 4.03, 4.78, 5.08, 5.25, 6.08, 9.0, 9.63, 9.81, 9.69, 9.1, 8.36, 7.42, 6.53, 6.09, 5.91, 6.05, 5.31, 4.73, 4.92, 4.39, 3.78, 3.41, 3.56, 3.79, 3.9, 3.56, 3.34, 3.05, 2.11, 2.02, 1.9, 1.86, 1.83, 1.59, 1.51, 1.8, 2.02, 1.85, 1.98, 1.65, 1.29, 1.17, 0, 1.13, 1.2, 1.92, 3.34, 4.876, 5.936, 6.616, 6.71, 6.46, 6.02, 6.706, 7.581], [4.54, 3.98, 3.67, 3.8, 3.26, 2.98, 3.23, 3.25, 3.14, 3.45, 3.85, 2.88, 2.32, 2.53, 2.29, 2.15, 2.93, 4.02, 4.43, 4.44, 4.25, 4.11, 3.28, 3.05, 3.26, 2.75, 2.53, 3.46, 4.8, 5.28, 5.03, 4.54, 5.21, 5.63, 5.96, 6.65, 9.77, 10.372, 10.563, 10.483, 9.841, 9.101, 8.13, 7.1, 6.56, 6.24, 6.14, 5.48, 4.82, 4.93, 4.62, 4.13, 3.5, 3.25, 3.16, 3.17, 2.87, 2.93, 2.72, 1.76, 1.71, 1.51, 1.31, 1.42, 1.3, 1.32, 1.77, 1.89, 1.76, 1.51, 1.54, 1.96, 1.86, 1.13, 0, 0.91, 1.37, 2.53, 4.07, 5.11, 5.79, 5.88, 5.63, 5.17, 5.88, 6.785], [4.45, 3.85, 4.12, 4.15, 3.63, 3.35, 3.44, 3.58, 3.39, 3.68, 4.16, 3.25, 2.77, 2.96, 2.58, 2.46, 3.0, 3.91, 4.34, 4.27, 4.04, 4.04, 3.43, 3.26, 3.29, 2.74, 2.8, 3.35, 4.63, 5.05, 4.96, 4.35, 5.04, 5.52, 5.89, 6.56, 9.74, 10.21, 10.467, 10.421, 9.839, 9.099, 8.06, 6.93, 6.29, 5.93, 5.89, 5.11, 4.63, 4.72, 4.45, 4.1, 3.73, 3.62, 3.57, 3.54, 3.24, 3.54, 3.35, 2.29, 1.92, 1.68, 1.44, 1.53, 1.35, 1.41, 1.42, 1.6, 1.43, 1.36, 1.23, 1.85, 1.91, 1.2, 0.91, 0, 1.26, 2.58, 4.08, 5.12, 5.8, 5.89, 5.7, 5.18, 5.89, 6.79], [5.19, 4.65, 4.14, 4.15, 3.53, 3.25, 3.46, 3.74, 3.47, 3.6, 4.06, 3.23, 2.79, 3.18, 2.82, 2.72, 3.76, 4.75, 5.12, 5.03, 4.94, 4.98, 4.23, 3.94, 4.01, 3.34, 3.48, 4.35, 5.77, 6.07, 6.0, 5.39, 6.14, 6.5, 6.85, 7.64, 10.693, 11.238, 11.492, 11.452, 10.865, 10.102, 9.06, 7.75, 7.07, 6.77, 6.67, 5.87, 5.61, 5.54, 5.23, 5.0, 4.25, 3.88, 3.67, 3.58, 3.24, 3.76, 3.61, 2.63, 2.0, 1.74, 1.22, 1.03, 1.23, 1.09, 0.98, 1.04, 1.17, 1.06, 1.21, 2.47, 2.69, 1.92, 1.37, 1.26, 0, 1.68, 3.12, 4.12, 4.78, 4.95, 4.76,