[[0, 0.65, 0.76, 0.97, 1.94, 2.22, 2.41, 2.63, 2.59, 4.329, 6.514, 7.416, 6.93, 7.2, 7.72, 7.92, 8.527, 8.652, 8.286, 7.29, 6.2, 6.11, 5.67, 5.29, 5.05, 4.11, 3.64, 4.27, 4.247, 3.971, 3.99, 4.25, 4.64, 4.74, 4.89, 4.97, 5.239, 5.806, 5.289, 4.475, 4.98, 4.97, 5.665, 5.114, 4.88, 5.36, 5.96, 5.36, 5.03, 5.01, 4.96, 5.25, 4.83, 4.2, 4.439, 4.998, 4.938, 4.995, 6.351, 7.927, 9.04, 9.167, 7.968, 6.59, 6.771, 6.968, 7.281, 6.83, 6.47, 6.55, 6.579, 7.883, 8.981, 9.011, 8.738, 8.905, 9.087, 10.018, 10.496, 10.159, 9.832, 10.125, 10.274, 10.727, 10.477, 9.716], [0.65, 0, 0.67, 1.16, 1.91, 2.15, 2.58, 2.76, 2.62, 4.199, 6.344, 7.27, 6.86, 7.11, 7.59, 7.79, 8.4, 8.502, 8.116, 7.12, 6.05, 5.98, 5.6, 5.22, 4.98, 4.08, 3.59, 4.18, 4.14, 3.85, 3.84, 4.08, 4.47, 4.57, 4.72, 4.82, 5.069, 5.636, 5.119, 4.38, 4.99, 4.9, 5.59, 4.984, 4.79, 5.29, 6.05, 5.49, 5.16, 5.2, 5.15, 5.4, 4.98, 4.29, 4.23, 4.848, 4.788, 4.825, 6.181, 7.757, 8.87, 8.997, 7.798, 6.44, 6.61, 6.83, 7.12, 6.72, 6.32, 6.42, 6.45, 7.733, 8.831, 8.841, 8.568, 8.735, 8.917, 9.848, 10.326, 9.989, 9.662, 9.955, 10.104, 10.557, 10.327, 9.552], [0.76, 0.67, 0, 0.87, 1.92, 2.04, 2.51, 2.69, 2.49, 4.089, 6.194, 7.14, 6.77, 7.04, 7.5, 7.7, 8.29, 8.41, 8.0, 6.99, 5.98, 5.89, 5.51, 5.15, 4.91, 3.97, 3.5, 4.11, 4.05, 3.78, 3.75, 3.95, 4.36, 4.48, 4.61, 4.71, 4.979, 5.526, 5.009, 4.29, 4.88, 4.77, 5.44, 4.92, 4.72, 5.36, 6.18, 5.52, 5.21, 5.17, 5.12, 5.45, 5.01, 4.36, 4.32, 4.75, 4.71, 4.655, 6.011, 7.587, 8.7, 8.887, 7.7, 6.33, 6.48, 6.72, 7.03, 6.61, 6.27, 6.37, 6.38, 7.683, 8.681, 8.691, 8.438, 8.565, 8.747, 9.678, 10.176, 9.839, 9.512, 9.805, 9.934, 10.427, 10.217, 9.45], [0.97, 1.16, 0.87, 0, 1.37, 1.61, 1.88, 2.08, 2.0, 3.796, 5.981, 6.883, 6.42, 6.67, 7.19, 7.39, 8.0, 8.119, 7.75, 6.74, 5.67, 5.58, 5.16, 4.78, 4.54, 3.6, 3.15, 3.74, 3.734, 3.43, 3.44, 3.7, 4.09, 4.19, 4.34, 4.42, 4.706, 5.273, 4.756, 4.0, 4.63, 4.54, 5.19, 4.71, 4.73, 5.43, 6.21, 5.55, 5.24, 5.14, 5.09, 5.44, 5.02, 4.43, 4.43, 4.605, 4.54, 4.462, 5.838, 7.394, 8.507, 8.634, 7.435, 6.06, 6.23, 6.43, 6.74, 6.28, 5.92, 6.02, 6.05, 7.351, 8.448, 8.478, 8.205, 8.372, 8.554, 9.485, 9.963, 9.626, 9.299, 9.592, 9.741, 10.194, 9.944, 9.192], [1.94, 1.91, 1.92, 1.37, 0, 1.04, 1.09, 1.47, 1.23, 3.216, 5.397, 6.217, 5.73, 6.14, 6.58, 6.8, 7.39, 7.536, 7.243, 6.21, 5.16, 5.05, 4.51, 4.11, 3.95, 2.95, 2.5, 3.07, 3.17, 2.82, 2.97, 3.25, 3.42, 3.56, 3.67, 3.73, 4.017, 4.653, 4.139, 3.33, 3.96, 3.95, 4.54, 4.1, 4.12, 5.0, 5.9, 5.34, 5.25, 5.19, 4.96, 5.15, 4.73, 4.12, 3.96, 4.17, 4.05, 4.05, 5.229, 6.873, 7.937, 8.03, 6.754, 5.51, 5.54, 5.714, 6.07, 5.67, 5.21, 5.33, 5.4, 6.678, 7.795, 7.863, 7.682, 7.76, 7.967, 8.89, 9.337, 9.0, 8.682, 8.977, 9.143, 9.59, 9.372, 8.679], [2.22, 2.15, 2.04, 1.61, 1.04, 0, 0.99, 1.37, 0.85, 2.57, 4.634, 5.44, 5.01, 5.44, 5.82, 6.0, 6.57, 6.81, 6.48, 5.45, 4.56, 4.35, 3.73, 3.37, 3.29, 2.33, 1.86, 2.41, 2.41, 2.12, 2.27, 2.55, 2.7, 2.82, 2.97, 2.97, 3.28, 3.964, 3.47, 2.55, 3.38, 3.25, 3.8, 3.36, 3.56, 4.58, 5.36, 4.9, 4.93, 4.85, 4.72, 4.81, 4.31, 3.76, 3.42, 3.47, 3.37, 3.29, 4.666, 6.107, 7.143, 7.227, 6.0, 4.77, 4.78, 4.96, 5.35, 4.91, 4.55, 4.65, 4.62, 5.935, 7.052, 7.166, 6.979, 6.986, 7.161, 8.087, 8.606, 8.246, 7.999, 8.2, 8.383, 8.79, 8.629, 7.99], [2.41, 2.58, 2.51, 1.88, 1.09, 0.99, 0, 0.78, 0.74, 2.68, 4.744, 5.43, 5.02, 5.53, 5.87, 6.03, 6.64, 6.8, 6.55, 5.58, 4.71, 4.68, 3.94, 3.52, 3.52, 2.8, 2.35, 2.76, 2.74, 2.41, 2.6, 2.84, 3.01, 3.13, 3.24, 3.2, 3.41, 4.04, 3.64, 2.64, 3.59, 3.42, 3.83, 3.57, 3.73, 4.93, 5.63, 5.25, 5.2, 5.08, 4.99, 5.1, 4.84, 4.23, 3.85, 3.7, 3.46, 3.64, 4.868, 6.203, 7.199, 7.3, 6.01, 4.8, 4.91, 5.09, 5.42, 5.1, 4.66, 4.76, 4.71, 5.98, 7.08, 7.159, 6.972, 6.979, 7.211, 8.114, 8.616, 8.296, 8.014, 8.204, 8.419, 8.86, 8.67, 8.04], [2.63, 2.76, 2.69, 2.08, 1.47, 1.37, 0.78, 0, 0.92, 3.02, 5.042, 5.69, 5.32, 5.79, 6.09, 6.23, 6.84, 7.06, 6.83, 5.88, 5.15, 5.1, 4.4, 3.9, 3.96, 3.28, 2.79, 3.24, 3.22, 2.93, 3.14, 3.38, 3.49, 3.65, 3.78, 3.66, 3.79, 4.4, 4.1, 3.0, 3.77, 3.62, 4.05, 3.73, 3.97, 5.03, 5.65, 5.43, 5.32, 5.18, 5.17, 5.3, 5.04, 4.41, 4.05, 3.9, 3.64, 4.08, 5.283, 6.449, 7.379, 7.52, 6.29, 5.22, 5.17, 5.37, 5.82, 5.54, 4.98, 5.18, 5.11, 6.2, 7.318, 7.382, 7.212, 7.179, 7.394, 8.372, 8.945, 8.668, 8.318, 8.407, 8.619, 9.08, 8.91, 8.3], [2.59, 2.62, 2.49, 2.0, 1.23, 0.85, 0.74, 0.92, 0, 2.32, 4.45, 5.21, 4.86, 5.29, 5.63, 5.83, 6.4, 6.5, 6.27, 5.3, 4.47, 4.5, 3.82, 3.38, 3.34, 2.58, 2.13, 2.56, 2.66, 2.33, 2.52, 2.8, 2.91, 3.07, 3.18, 3.1, 3.21, 3.68, 3.44, 2.42, 3.35, 3.14, 3.59, 3.25, 3.39, 4.53, 5.31, 4.99, 4.94, 4.82, 4.77, 4.8, 4.54, 3.93, 3.45, 3.36, 3.18, 3.42, 4.63, 5.94, 6.975, 7.08, 5.79, 4.62, 4.63, 4.77, 5.2, 4.9, 4.34, 4.52, 4.49, 5.72, 6.836, 6.87, 6.68, 6.761, 7.005, 7.9, 8.35, 8.05, 7.7, 7.99, 8.187, 8.64, 8.41, 7.76], [4.329, 4.199, 4.089, 3.796, 3.216, 2.57, 2.68, 3.02, 2.32, 0, 2.33, 3.21, 3.08, 3.51, 3.73, 3.91, 4.42, 4.48, 4.25, 3.32, 2.65, 2.76, 2.08, 1.64, 1.68, 1.34, 1.25, 1.16, 1.38, 1.27, 1.36, 1.68, 1.75, 1.61, 1.72, 1.52, 1.43, 1.78, 1.76, 1.42, 2.03, 1.94, 1.89, 1.85, 2.17, 3.41, 4.59, 4.47, 4.4, 4.52, 4.55, 4.36, 4.16, 3.23, 2.73, 2.4, 2.16, 1.96, 2.57, 3.74, 4.85, 5.02, 3.79, 2.68, 2.65, 2.87, 3.4, 3.04, 2.42, 2.62, 2.67, 3.7, 4.74, 4.73, 4.52, 4.61, 4.86, 5.78, 6.23, 5.99, 5.6, 5.87, 6.05, 6.54, 6.33, 5.78], [6.514, 6.344, 6.194, 5.981, 5.397, 4.634, 4.744, 5.042, 4.45, 2.33, 0, 1.72, 1.65, 1.82, 2.22, 2.32, 2.41, 2.45, 2.26, 1.81, 1.72, 1.59, 1.59, 1.71, 1.89, 2.81, 3.306, 2.53, 2.59, 2.86, 2.71, 2.59, 2.4, 2.4, 2.37, 2.21, 2.08, 1.75, 2.17, 2.73, 2.94, 2.91, 2.1, 2.5, 2.5, 3.46, 4.52, 5.14, 5.07, 5.39, 5.7, 5.47, 5.31, 4.48, 3.44, 2.85, 2.71, 2.55, 1.9, 1.97, 2.62, 2.85, 1.8, 1.27, 0.98, 1.26, 1.81, 1.61, 1.33, 1.47, 1.44, 2.01, 2.99, 2.94, 2.63, 2.58, 2.73, 3.53, 4.3, 4.24, 3.67, 3.76, 3.88, 4.35, 4.18, 3.67], [7.416, 7.27, 7.14, 6.883, 6.217, 5.44, 5.43, 5.69, 5.21, 3.21, 1.72, 0, 1.07, 1.3, 1.5, 1.4, 1.65, 1.89, 1.7, 1.31, 1.58, 1.73, 2.13, 2.43, 2.67, 3.59, 4.054, 3.35, 3.39, 3.62, 3.57, 3.59, 3.34, 3.14, 2.99, 2.91, 2.68, 2.33, 2.65, 3.19, 3.16, 3.09, 2.36, 2.64, 2.92, 3.36, 4.4, 5.08, 5.25, 5.87, 6.14, 5.73, 5.63, 4.76, 3.4, 2.83, 2.71, 2.95, 2.2, 1.75, 2.12, 1.99, 1.18, 1.55, 1.42, 1.38, 1.67, 2.25, 2.29, 2.27, 2.14, 1.91, 2.03, 2.18, 1.93, 1.86, 2.01, 3.17, 3.68, 3.62, 3.13, 3.18, 3.3, 3.63, 3.56, 3.01], [6.93, 6.86, 6.77, 6.42, 5.73, 5.01, 5.02, 5.32, 4.86, 3.08, 1.65, 1.07, 0, 1.01, 1.41, 1.55, 1.84, 2.18, 1.97, 1.52, 1.37, 1.38, 1.56, 1.9, 2.14, 2.98, 3.53, 2.94, 3.18, 3.39, 3.38, 3.46, 3.15, 3.01, 2.86, 2.86, 2.77, 2.36, 2.68, 2.94, 2.89, 2.9, 2.27, 2.39, 2.55, 3.13, 4.03, 4.61, 4.72, 5.18, 5.55, 5.22, 5.08, 4.33, 3.27, 2.76, 2.6, 2.92, 2.21, 1.96, 2.45, 2.48, 1.31, 1.32, 1.27, 1.43, 1.6, 1.9, 1.98, 1.96, 1.99, 1.74, 2.48, 2.47, 2.24, 2.27, 2.5, 3.56, 4.15, 4.03, 3.52, 3.55, 3.61, 4.034, 3.89, 3.26], [7.2, 7.11, 7.04, 6.67, 6.14, 5.44, 5.53, 5.79, 5.29, 3.51, 1.82, 1.3, 1.01, 0, 0.9, 1.1, 1.55, 1.95, 2.1, 1.67, 1.62, 1.71, 2.17, 2.45, 2.47, 3.49, 4.02, 3.35, 3.71, 3.86, 3.79, 3.93, 3.68, 3.56, 3.41, 3.37, 3.26, 2.83, 3.15, 3.45, 3.32, 3.35, 2.64, 2.82, 3.02, 3.14, 4.02, 4.82, 4.83, 5.45, 5.98, 5.63, 5.59, 4.82, 3.6, 3.05, 2.97, 3.27, 2.6, 2.29, 2.42, 2.57, 1.78, 1.63, 1.74, 1.82, 2.09, 2.37, 2.41, 2.39, 2.42, 2.37, 2.83, 2.74, 2.35, 2.42, 2.43, 3.57, 4.46, 4.4, 3.79, 3.72, 3.68, 3.77, 3.48, 2.99], [7.72, 7.59, 7.5, 7.19, 6.58, 5.82, 5.87, 6.09, 5.63, 3.73, 2.22, 1.5, 1.41, 0.9, 0, 0.76, 1.35, 1.95, 1.92, 1.81, 2.12, 2.13, 2.61, 2.89, 3.03, 3.89, 4.46, 3.67, 3.93, 4.16, 4.19, 4.19, 4.02, 3.86, 3.71, 3.67, 3.5, 3.11, 3.39, 3.71, 3.7, 3.71, 2.92, 3.08, 3.34, 3.06, 3.72, 4.86, 5.25, 5.91, 6.4, 6.03, 5.89, 5.16, 3.86, 3.07, 3.19, 3.45, 2.88, 2.47, 2.14, 2.15, 1.94, 1.91, 2.0, 2.2, 2.51, 2.93, 2.87, 2.87, 2.78, 2.61, 2.69, 2.56, 2.07, 1.88, 1.91, 3.05, 3.9, 3.84, 3.35, 3.18, 3.18, 3.25, 2.98, 2.65], [7.92, 7.79, 7.7, 7.39, 6.8, 6.0, 6.03, 6.23, 5.83, 3.91, 2.32, 1.4, 1.55, 1.1, 0.76, 0, 0.89, 1.61, 1.52, 1.65, 2.2, 2.27, 2.75, 3.05, 3.17, 4.07, 4.64, 3.85, 4.07, 4.3, 4.29, 4.29, 4.08, 3.94, 3.77, 3.73, 3.56, 3.19, 3.49, 3.87, 3.84, 3.85, 3.02, 3.18, 3.54, 3.14, 3.76, 5.08, 5.45, 6.11, 6.6, 6.23, 6.11, 5.36, 3.98, 3.21, 3.35, 3.57, 2.96, 2.35, 1.88, 1.85, 1.88, 2.03, 2.1, 2.28, 2.57, 3.01, 3.05, 3.03, 2.94, 2.61, 2.41, 2.3, 1.95, 1.62, 1.57, 2.69, 3.66, 3.62, 3.09, 2.9, 2.86, 3.05, 2.9, 2.49], [8.527, 8.4, 8.29, 8.0, 7.39, 6.57, 6.64, 6.84, 6.4, 4.42, 2.41, 1.65, 1.84, 1.55, 1.35, 0.89, 0, 1.24, 1.19, 1.64, 2.41, 2.58, 3.2, 3.56, 3.74, 4.697, 5.227, 4.44, 4.44, 4.71, 4.68, 4.58, 4.33, 4.27, 4.1, 4.0, 3.81, 3.42, 3.72, 4.44, 4.49, 4.48, 3.59, 3.75, 4.11, 3.69, 4.35, 5.73, 6.08, 6.74, 7.23, 6.86, 6.72, 5.95, 4.57, 3.76, 3.88, 4.04, 3.17, 2.1, 1.43, 1.58, 1.69, 2.3, 2.29, 2.27, 2.44, 2.98, 3.14, 3.06, 2.97, 2.36, 2.08, 1.87, 1.62, 1.29, 1.4, 2.18, 3.13, 3.11, 2.58, 2.37, 2.33, 2.48, 2.35, 2.08], [8.652, 8.502, 8.41, 8.119, 7.536, 6.81, 6.8, 7.06, 6.5, 4.48, 2.45, 1.89, 2.18, 1.95, 1.95, 1.61, 1.24, 0, 1.07, 1.74, 2.55, 2.7, 3.28, 3.74, 3.88, 4.886, 5.356, 4.62, 4.74, 4.97, 4.76, 4.66, 4.35, 4.29, 4.16, 4.1, 3.91, 3.34, 3.74, 4.68, 4.87, 4.86, 3.97, 4.23, 4.31, 4.15, 4.91, 6.03, 6.32, 6.92, 7.37, 6.96, 6.9, 6.11, 4.61, 4.02, 4.02, 4.08, 3.21, 1.94, 1.65, 1.56, 1.69, 2.28, 2.27, 2.17, 2.3, 2.88, 2.96, 2.88, 2.89, 2.3, 1.86, 1.57, 1.2, 1.45, 1.76, 2.16, 2.69, 2.73, 2.14, 2.07, 2.11, 2.32, 2.09, 1.76], [8.286, 8.116, 8.0, 7.75, 7.243, 6.48, 6.55, 6.83, 6.27, 4.25, 2.26, 1.7, 1.97, 2.1, 1.92, 1.52, 1.19, 1.07, 0, 1.15, 2.2, 2.37, 3.01, 3.41, 3.49, 4.596, 5.14, 4.33, 4.41, 4.68, 4.47, 4.33, 4.12, 4.06, 3.89, 3.81, 3.6, 3.05, 3.45, 4.43, 4.78, 4.73, 3.84, 4.02, 4.1, 3.62, 4.44, 5.58, 5.89, 6.53, 7.1, 6.73, 6.63, 5.86, 4.34, 3.61, 3.73, 3.77, 2.86, 1.73, 1.34, 1.41, 1.62, 2.05, 2.12, 2.06, 2.17, 2.75, 2.85, 2.73, 2.76, 2.31, 1.83, 1.42, 1.19, 1.26, 1.51, 2.01, 2.5, 2.38, 1.89, 1.98, 2.1, 2.55, 2.36, 1.71], [7.29, 7.12, 6.99, 6.74, 6.21, 5.45, 5.58, 5.88, 5.3, 3.32, 1.81, 1.31, 1.52, 1.67, 1.81, 1.65, 1.64, 1.74, 1.15, 0, 1.21, 1.46, 2.02, 2.48, 2.56, 3.56, 4.09, 3.34, 3.44, 3.73, 3.52, 3.44, 3.13, 3.13, 2.9, 2.82, 2.67, 2.2, 2.54, 3.48, 4.05, 3.94, 3.29, 3.27, 3.23, 3.31, 4.39, 4.89, 5.24, 5.94, 6.21, 5.72, 5.68, 4.87, 3.35, 2.74, 2.76, 2.8, 1.87, 1.44, 1.85, 2.02, 1.47, 1.44, 1.67, 1.39, 1.68, 2.02, 2.02, 1.9, 1.91, 2.04, 2.06, 1.91, 1.68, 1.81, 2.02, 2.84, 3.39, 3.19, 2.76, 2.903, 3.072, 3.54, 3.35, 2.68], [6.2, 6.05, 5.98, 5.67, 5.16, 4.56, 4.71, 5.15, 4.47, 2.65, 1.72, 1.58, 1.37, 1.62, 2.12, 2.2, 2.41, 2.55, 2.2, 1.21, 0, 0.85, 1.33, 1.81, 1.81, 2.57, 3.16, 2.45, 2.75, 2.9, 2.79, 2.89, 2.58, 2.46, 2.27, 2.27, 2.24, 1.83, 1.99, 2.73, 3.46, 3.29, 2.8, 2.72, 2.74, 3.34, 4.62, 4.56, 4.59, 5.31, 5.44, 5.05, 4.91, 3.98, 2.82, 2.41, 2.29, 2.21, 1.42, 1.97, 2.914, 3.024, 1.9, 1.33, 1.56, 1.36, 1.53, 1.65, 1.73, 1.51, 1.56, 2.09, 2.855, 2.925, 2.622, 2.794, 3.01, 3.867, 4.371, 4.084, 3.686, 3.974, 4.114, 4.604, 4.38, 3.71], [6.11, 5.98, 5.89, 5.58, 5.05, 4.35, 4.68, 5.1, 4.5, 2.76, 1.59, 1.73, 1.38, 1.71, 2.13, 2.27, 2.58, 2.7, 2.37, 1.46, 0.85, 0, 1.06, 1.66, 1.7, 2.5, 3.09, 2.36, 2.54, 2.83, 2.66, 2.7, 2.43, 2.29, 2.14, 2.2, 2.19, 1.76, 1.96, 2.8, 3.41, 3.22, 2.71, 2.69, 2.61, 3.33, 4.55, 4.47, 4.7, 5.3, 5.29, 4.86, 4.66, 3.69, 2.81, 2.48, 2.38, 2.18, 1.57, 2.06, 3.024, 3.16, 1.99, 1.08, 1.47, 1.39, 1.56, 1.68, 1.66, 1.3, 1.27, 2.08, 2.965, 3.039, 2.832, 2.909, 3.131, 4.0, 4.481, 4.143, 3.852, 4.089, 4.256, 4.72, 4.51, 3.88], [5.67, 5.6, 5.51, 5.16, 4.51, 3.73, 3.94, 4.4, 3.82, 2.08, 1.59, 2.13, 1.56, 2.17, 2.61, 2.75, 3.2, 3.28, 3.01, 2.02, 1.33, 1.06, 0, 0.94, 1.12, 1.86, 2.41, 1.74, 1.98, 2.21, 2.22, 2.24, 1.87, 1.67, 1.58, 1.64, 1.63, 1.42, 1.64, 2.12, 2.65, 2.62, 2.25, 2.31, 2.21, 3.39, 4.41, 4.35, 4.56, 5.0, 4.99, 4.56, 4.28, 3.53, 2.71, 2.44, 2.22, 2.12, 1.55, 2.583, 3.63, 3.737, 2.45, 1.4, 1.47, 1.57, 1.96, 1.84, 1.44, 1.34, 1.37, 2.42, 3.56, 3.596, 3.449, 3.436, 3.72, 4.537, 5.056, 4.748, 4.469, 4.65, 4.853, 5.32, 5.11, 4.5], [5.29, 5.22, 5.15, 4.78, 4.11, 3.37, 3.52, 3.9, 3.38, 1.64, 1.71, 2.43, 1.9, 2.45, 2.89, 3.05, 3.56, 3.74, 3.41, 2.48, 1.81, 1.66, 0.94, 0, 0.78, 1.4, 1.97, 1.42, 1.66, 1.77, 1.8, 1.92, 1.75, 1.51, 1.54, 1.44, 1.43, 1.42, 1.78, 1.68, 2.03, 2.06, 1.87, 1.89, 2.01, 3.37, 4.29, 4.45, 4.44, 4.68, 4.65, 4.38, 4.18, 3.53, 2.93, 2.38, 2.24, 2.24, 2.07, 3.1, 4.033, 4.16, 2.87, 1.74, 1.69, 1.99, 2.4, 2.1, 1.5, 1.68, 1.81, 2.84, 3.958, 4.09, 3.892, 3.899, 4.057, 5.02, 5.491, 5.234, 4.921, 5.093, 5.276, 5.723, 5.57, 4.96], [5.05, 4.98, 4.91, 4.54, 3.95, 3.29, 3.52, 3.96, 3.34, 1.68, 1.89, 2.67, 2.14, 2.47, 3.03, 3.17, 3.74, 3.88, 3.49, 2.56, 1.81, 1.7, 1.12, 0.78, 0, 1.18, 1.79, 1.38, 1.72, 1.85, 1.78, 1.96, 1.91, 1.69, 1.8, 1.66, 1.67, 1.8, 2.1, 1.92, 2.23, 2.26, 2.27, 2.19, 2.39, 3.53, 4.49, 4.57, 4.48, 4.72, 4.77, 4.52, 4.28, 3.63, 3.07, 2.76, 2.62, 2.46, 2.25, 3.22, 4.224, 4.311, 3.112, 1.8, 2.01, 2.11, 2.5, 2.1, 1.7, 1.86, 1.93, 3.108, 4.185, 4.274, 4.012, 4.089, 4.311, 5.202, 5.741, 5.454, 5.081, 5.309, 5.476, 5.891, 5.662, 4.969], [4.11, 4.08, 3.97, 3.6, 2.95, 2.33, 2.8, 3.28, 2.58, 1.34, 2.81, 3.59, 2.98, 3.49, 3.89, 4.07, 4.697, 4.886, 4.596, 3.56, 2.57, 2.5, 1.86, 1.4, 1.18, 0, 0.87, 1.0, 1.38, 1.43, 1.36, 1.76, 1.83, 1.73, 1.84, 1.7, 1.89, 2.24, 2.32, 1.78, 2.13, 2.24, 2.35, 2.31, 2.51, 3.69, 4.71, 4.53, 4.5, 4.62, 4.35, 4.22, 3.94, 3.19, 2.97, 2.86, 2.72, 2.36, 2.87, 4.263, 5.304, 5.377, 4.118, 2.86, 2.91, 3.078, 3.386, 3.04, 2.56, 2.66, 2.73, 4.026, 5.182, 5.256, 5.049, 5.127, 5.334, 6.257, 6.744, 6.436, 6.069, 6.344, 6.51, 6.957, 6.739, 6.066], [3.64, 3.59, 3.5, 3.15, 2.5, 1.86, 2.35, 2.79, 2.13, 1.25, 3.306, 4.054, 3.53, 4.02, 4.46, 4.64, 5.227, 5.356, 5.14, 4.09, 3.16, 3.09, 2.41, 1.97, 1.79, 0.87, 0, 1.07, 1.37, 1.28, 1.37, 1.69, 1.72, 1.78, 1.85, 1.81, 1.98, 2.59, 2.19, 1.53, 2.06, 2.05, 2.44, 2.24, 2.32, 3.68, 4.46, 4.26, 4.33, 4.33, 4.1, 3.91, 3.63, 2.92, 2.68, 2.73, 2.55, 2.29, 3.38, 4.813, 5.834, 5.907, 4.628, 3.39, 3.44, 3.588, 3.93, 3.55, 3.07, 3.17, 3.2, 4.508, 5.672, 5.726, 5.519, 5.617, 5.864, 6.767, 7.214, 6.906, 6.539, 6.834, 7.04, 7.487, 7.269, 6.596], [4.27, 4.18, 4.11, 3.74, 3.07, 2.41, 2.76, 3.24, 2.56, 1.16, 2.53, 3.35, 2.94, 3.35, 3.67, 3.85, 4.44, 4.62, 4.33, 3.34, 2.45, 2.36, 1.74, 1.42, 1.38, 1.0, 1.07, 0, 0.96, 0.95, 1.12, 1.3, 1.23, 1.13, 1.22, 1.2, 1.35, 1.84, 1.6, 1.42, 2.21, 2.12, 2.05, 1.93, 2.27, 3.57, 4.41, 4.27, 4.34, 4.46, 4.27, 4.04, 3.78, 3.03, 2.61, 2.48, 2.3, 1.84, 2.57, 4.04, 5.038, 5.12, 3.85, 2.6, 2.73, 2.87, 3.18, 2.78, 2.4, 2.5, 2.53, 3.799, 4.916, 4.99, 4.8, 4.881, 5.068, 6.02, 6.47, 6.17, 5.8, 6.11, 6.244, 6.7, 6.47, 5.86], [4.247, 4.14, 4.05, 3.734, 3.17, 2.41, 2.74, 3.22, 2.66, 1.38, 2.59, 3.39, 3.18, 3.71, 3.93, 4.07, 4.44, 4.74, 4.41, 3.44, 2.75, 2.54, 1.98, 1.66, 1.72, 1.38, 1.37, 0.96, 0, 0.67, 0.82, 1.04, 1.15, 1.09, 1.1, 1.0, 1.35, 1.92, 1.66, 1.76, 2.65, 2.52, 2.33, 2.39, 2.71, 4.19, 4.95, 4.83, 4.9, 4.94, 4.75, 4.66, 4.22, 3.55, 3.15, 3.02, 2.82, 2.24, 2.69, 4.04, 4.99, 5.1, 3.87, 2.68, 2.77, 2.91, 3.22, 2.9, 2.54, 2.62, 2.53, 3.78, 4.92, 5.01, 4.88, 4.87, 5.02, 6.0, 6.43, 6.13, 5.86, 6.07, 6.25, 6.66, 6.51, 5.92], [3.971, 3.85, 3.78, 3.43, 2.82, 2.12, 2.41, 2.93, 2.33, 1.27, 2.86, 3.62, 3.39, 3.86, 4.16, 4.3, 4.71, 4.97, 4.68, 3.73, 2.9, 2.83, 2.21, 1.77, 1.85, 1.43, 1.28, 0.95, 0.67, 0, 0.69, 1.03, 1.1, 1.18, 1.33, 1.23, 1.52, 2.11, 1.81, 1.75, 2.6, 2.39, 2.44, 2.42, 2.76, 4.24, 5.04, 4.86, 4.97, 4.93, 4.7, 4.63, 4.27, 3.6, 3.16, 3.01, 2.83, 2.35, 2.88, 4.33, 5.32, 5.41, 4.14, 2.93, 3.0, 3.16, 3.45, 3.13, 2.67, 2.81, 2.76, 4.05, 5.19, 5.28, 5.13, 5.16, 5.37, 6.27, 6.72, 6.36, 6.09, 6.36, 6.54, 6.97, 6.78, 6.17], [3.99, 3.84, 3.75, 3.44, 2.97, 2.27, 2.6, 3.14, 2.52, 1.36, 2.71, 3.57, 3.38, 3.79, 4.19, 4.29, 4.68, 4.76, 4.47, 3.52, 2.79, 2.66, 2.22, 1.8, 1.78, 1.36, 1.37, 1.12, 0.82, 0.69, 0, 0.76, 1.17, 1.29, 1.38, 1.3, 1.63, 2.04, 1.98, 2.1, 2.69, 2.54, 2.63, 2.61, 2.97, 4.27, 5.27, 5.11, 5.18, 5.2, 5.05, 4.92, 4.58, 3.79, 3.27, 3.16, 3.04, 2.42, 2.85, 4.18, 5.198, 5.308, 4.07, 2.72, 2.89, 3.07, 3.36, 2.96, 2.6, 2.74, 2.73, 4.02, 5.099, 5.189, 4.926, 5.11, 5.28, 6.171, 6.67, 6.37, 6.02, 6.29, 6.398, 6.868, 6.63, 5.94], [4.25, 4.08, 3.95, 3.7, 3.25, 2.55, 2.84, 3.38, 2.8, 1.68, 2.59, 3.59, 3.46, 3.93, 4.19, 4.29, 4.58, 4.66, 4.33, 3.44, 2.89, 2.7, 2.24, 1.92, 1.96, 1.76, 1.69, 1.3, 1.04, 1.03, 0.76, 0, 0.87, 1.13, 1.34, 1.3, 1.39, 1.84, 1.72, 2.2, 2.93, 2.66, 2.69, 2.57, 3.03, 4.39, 5.21, 5.23, 5.24, 5.42, 5.25, 5.08, 4.7, 3.95, 3.23, 3.08, 2.94, 2.22, 2.75, 3.9, 4.898, 5.02, 3.81, 2.68, 2.83, 2.95, 3.3, 2.9, 2.6, 2.7, 2.65, 3.86, 4.979, 4.93, 4.76, 4.85, 5.0, 5.891, 6.39, 6.11, 5.78, 6.01, 6.15, 6.6, 6.45, 5.8], [4.64, 4.47, 4.36, 4.09, 3.42, 2.7, 3.01, 3.49, 2.91, 1.75, 2.4, 3.34, 3.15, 3.68, 4.02, 4.08, 4.33, 4.35, 4.12, 3.13, 2.58, 2.43, 1.87, 1.75, 1.91, 1.83, 1.72, 1.23, 1.15, 1.1, 1.17, 0.87, 0, 0.7, 0.83, 1.01, 1.2, 1.63, 1.47, 2.03, 2.86, 2.69, 2.52, 2.38, 2.88, 4.24, 5.08, 5.0, 5.05, 5.35, 5.2, 4.83, 4.61, 3.8, 3.08, 2.87, 2.75, 2.13, 2.36, 3.633, 4.583, 4.647, 3.42, 2.43, 2.48, 2.54, 2.95, 2.65, 2.39, 2.33, 2.28, 3.45, 4.57, 4.64, 4.43, 4.44, 4.65, 5.524, 6.04, 5.7, 5.424, 5.64, 5.803, 6.27, 6.18, 5.57], [4.74, 4.57, 4.48, 4.19, 3.56, 2.82, 3.13, 3.65, 3.07, 1.61, 2.4, 3.14, 3.01, 3.56, 3.86, 3.94, 4.27, 4.29, 4.06, 3.13, 2.46, 2.29, 1.67, 1.51, 1.69, 1.73, 1.78, 1.13, 1.09, 1.18, 1.29, 1.13, 0.7, 0, 0.51, 0.59, 1.04, 1.49, 1.39, 1.69, 2.68, 2.59, 2.28, 2.3, 2.7, 4.12, 5.0, 4.86, 4.95, 5.11, 4.86, 4.55, 4.23, 3.44, 2.9, 2.77, 2.63, 1.95, 2.34, 3.573, 4.543, 4.647, 3.34, 2.39, 2.38, 2.48, 2.91, 2.65, 2.29, 2.23, 2.2, 3.33, 4.43, 4.58, 4.41, 4.38, 4.63, 5.507, 5.929, 5.606, 5.362, 5.56, 5.823, 6.29, 6.16, 5.59], [4.89, 4.72, 4.61, 4.34, 3.67, 2.97, 3.24, 3.78, 3.18, 1.72, 2.37, 2.99, 2.86, 3.41, 3.71, 3.77, 4.1, 4.16, 3.89, 2.9, 2.27, 2.14, 1.58, 1.54, 1.8, 1.84, 1.85, 1.22, 1.1, 1.33, 1.38, 1.34, 0.83, 0.51, 0, 0.54, 1.03, 1.32, 1.06, 1.66, 2.79, 2.68, 2.13, 2.15, 2.61, 3.97, 4.85, 4.65, 4.76, 5.04, 4.81, 4.48, 4.1, 3.35, 2.77, 2.56, 2.38, 1.88, 2.09, 3.503, 4.453, 4.537, 3.25, 2.3, 2.29, 2.31, 2.84, 2.66, 2.32, 2.3, 2.25, 3.22, 4.3, 4.51, 4.3, 4.31, 4.52, 5.417, 5.836, 5.496, 5.229, 5.47, 5.733, 6.2, 6.07, 5.48], [4.97, 4.82, 4.71, 4.42, 3.73, 2.97, 3.2, 3.66, 3.1, 1.52, 2.21, 2.91, 2.86, 3.37, 3.67, 3.73, 4.0, 4.1, 3.81, 2.82, 2.27, 2.2, 1.64, 1.44, 1.66, 1.7, 1.81, 1.2, 1.0, 1.23, 1.3, 1.3, 1.01, 0.59, 0.54, 0, 0.85, 1.26, 1.14, 1.56, 2.57, 2.5, 2.07, 2.05, 2.55, 4.03, 4.91, 4.81, 4.9, 4.96, 4.69, 4.5, 4.14, 3.43, 2.87, 2.66, 2.48, 1.96, 2.11, 3.46, 4.39, 4.48, 3.15, 2.22, 2.17, 2.25, 2.76, 2.54, 2.16, 2.2, 2.11, 3.12, 4.22, 4.39, 4.24, 4.25, 4.44, 5.34, 5.79, 5.47, 5.2, 5.387, 5.67, 6.12, 5.97, 5.4], [5.239, 5.069, 4.979, 4.706, 4.017, 3.28, 3.41, 3.79, 3.21, 1.43, 2.08, 2.68, 2.77, 3.26, 3.5, 3.56, 3.81, 3.91, 3.6, 2.67, 2.24, 2.19, 1.63, 1.43, 1.67, 1.89, 1.98, 1.35, 1.35, 1.52, 1.63, 1.39, 1.2, 1.04, 1.03, 0.85, 0, 0.93, 0.93, 1.47, 2.44, 2.29, 1.98, 1.86, 2.18, 3.66, 4.58, 4.6, 4.59, 4.75, 4.64, 4.27, 4.09, 3.3, 2.62, 2.27, 2.09, 1.75, 1.86, 3.11, 4.06, 4.17, 2.94, 2.07, 2.06, 2.3, 2.75, 2.57, 2.05, 2.13, 2.04, 2.91, 3.93, 4.1, 3.93, 3.96, 4.21, 5.07, 5.42, 5.08, 4.87, 5.08, 5.36, 5.83, 5.8, 5.21], [5.806, 5.636, 5.526, 5.273, 4.653, 3.964, 4.04, 4.4, 3.68, 1.78, 1.75, 2.33, 2.36, 2.83, 3.11, 3.19, 3.42, 3.34, 3.05, 2.2, 1.83, 1.76, 1.42, 1.42, 1.8, 2.24, 2.59, 1.84, 1.92, 2.11, 2.04, 1.84, 1.63, 1.49, 1.32, 1.26, 0.93, 0, 0.82, 2.0, 2.75, 2.62, 2.23, 2.13, 2.27, 3.41, 4.57, 4.61, 4.66, 5.1, 5.15, 4.56, 4.44, 3.51, 2.59, 2.08, 2.02, 1.74, 1.37, 2.44, 3.51, 3.64, 2.51, 1.74, 1.85, 1.91, 2.4, 2.36, 1.76, 1.84, 1.77, 2.44, 3.4, 3.43, 3.26, 3.41, 3.7, 4.48, 4.81, 4.45, 4.18, 4.53, 4.73, 5.28, 5.19, 4.62], [5.289, 5.119, 5.009, 4.756, 4.139, 3.47, 3.64, 4.1, 3.44, 1.76, 2.17, 2.65, 2.68, 3.15, 3.39, 3.49, 3.72, 3.74, 3.45, 2.54, 1.99, 1.96, 1.64, 1.78, 2.1, 2.32, 2.19, 1.6, 1.66, 1.81, 1.98, 1.72, 1.47, 1.39, 1.06, 1.14, 0.93, 0.82, 0, 1.66, 2.85, 2.62, 2.15, 1.95, 2.19, 3.37, 4.33, 4.11, 4.24, 4.78, 4.73, 4.2, 3.9, 3.07, 2.11, 1.86, 1.76, 1.48, 1.61, 3.0, 4.03, 4.18, 2.93, 2.06, 2.21, 2.29, 2.72, 2.76, 2.28, 2.22, 2.17, 2.84, 3.84, 3.97, 3.78, 3.89, 4.14, 5.0, 5.35, 4.93, 4.72, 5.03, 5.27, 5.76, 5.59, 5.04], [4.475, 4.38, 4.29, 4.0, 3.33, 2.55, 2.64, 3.0, 2.42, 1.42, 2.73, 3.19, 2.94, 3.45, 3.71, 3.87, 4.44, 4.68, 4.43, 3.48, 2.73, 2.8, 2.12, 1.68, 1.92, 1.78, 1.53, 1.42, 1.76, 1.75, 2.1, 2.2, 2.03, 1.69, 1.66, 1.56, 1.47, 2.0, 1.66, 0, 1.57, 1.6, 1.53, 1.29, 1.61, 3.03, 3.81, 3.77, 3.78, 3.92, 3.87, 3.58, 3.24, 2.69, 2.13, 1.8, 1.56, 1.82, 2.93, 4.08, 4.97, 5.02, 3.69, 2.7, 2.71, 2.89, 3.36, 3.16, 2.62, 2.82, 2.81, 3.54, 4.72, 4.97, 4.84, 4.79, 4.96, 5.88, 6.41, 6.03, 5.82, 5.95, 6.23, 6.62, 6.53, 5.88], [4.98, 4.99, 4.88, 4.63, 3.96, 3.38, 3.59, 3.77, 3.35, 2.03, 2.94, 3.16, 2.89, 3.32, 3.7, 3.84, 4.49, 4.87, 4.78, 4.05, 3.46, 3.41, 2.65, 2.03, 2.23, 2.13, 2.06, 2.21, 2.65, 2.6, 2.69, 2.93, 2.86, 2.68, 2.79, 2.57, 2.44, 2.75, 2.85, 1.57, 0, 0.91, 1.44, 1.4, 1.76, 3.06, 3.92, 4.36, 4.23, 4.37, 4.44, 4.17, 3.97, 3.32, 3.0, 2.69, 2.57, 2.89, 3.76, 4.49, 5.0, 4.91, 3.82, 3.21, 2.98, 3.24, 3.85, 3.49, 3.01, 3.27, 3.3, 3.71, 4.83, 5.14, 4.93, 4.958, 4.993, 6.139, 6.8, 6.6, 6.21, 6.218, 6.32, 6.607, 6.574, 5.987], [4.97, 4.9, 4.77, 4.54, 3.95, 3.25, 3.42, 3.62, 3.14, 1.94, 2.91, 3.09, 2.9, 3.35, 3.71, 3.85, 4.48, 4.86, 4.73, 3.94, 3.29, 3.22, 2.62, 2.06, 2.26, 2.24, 2.05, 2.12, 2.52, 2.39, 2.54, 2.66, 2.69, 2.59, 2.68, 2.5, 2.29, 2.62, 2.62, 1.6, 0.91, 0, 1.29, 1.33, 1.67, 3.09, 4.09, 4.27, 4.28, 4.46, 4.41, 4.2, 3.98, 3.29, 2.75, 2.42, 2.34, 2.66, 3.59, 4.46, 4.99, 4.9, 3.81, 3.02, 2.93, 3.19, 3.64, 3.38, 2.96, 3.2, 3.13, 3.64, 4.7, 4.99, 4.86, 4.893, 4.963, 6.106, 6.67, 6.39, 6.06, 6.15, 6.29, 6.58, 6.55, 5.96], [5.665, 5.59, 5.44, 5.19, 4.54, 3.8, 3.83, 4.05, 3.59, 1.89, 2.1, 2.36, 2.27, 2.64, 2.92, 3.02, 3.59, 3.97, 3.84, 3.29, 2.8, 2.71, 2.25, 1.87, 2.27, 2.35, 2.44, 2.05, 2.33, 2.44, 2.63, 2.69, 2.52, 2.28, 2.13, 2.07, 1.98, 2.23, 2.15, 1.53, 1.44, 1.29, 0, 1.2, 1.78, 3.06, 3.98, 4.3, 4.25, 4.49, 4.6, 4.43, 4.25, 3.54, 2.88, 2.35, 2.11, 2.43, 3.04, 3.65, 4.08, 4.01, 2.92, 2.29, 2.12, 2.58, 3.07, 2.87, 2.53, 2.69, 2.68, 2.95, 3.93, 4.26, 4.07, 4.0, 4.05, 5.17, 5.88, 5.72, 5.27, 5.3, 5.42, 5.69, 5.66, 5.09], [5.114, 4.984, 4.92, 4.71, 4.1, 3.36, 3.57, 3.73, 3.25, 1.85, 2.5, 2.64, 2.39, 2.82, 3.08, 3.18, 3.75, 4.23, 4.02, 3.27, 2.72, 2.69, 2.31, 1.89, 2.19, 2.31, 2.24, 1.93, 2.39, 2.42, 2.61, 2.57, 2.38, 2.3, 2.15, 2.05, 1.86, 2.13, 1.95, 1.29, 1.4, 1.33, 1.2, 0, 1.36, 2.56, 3.48, 3.72, 3.67, 4.11, 4.32, 3.99, 3.79, 2.96, 2.14, 1.73, 1.59, 1.85, 2.88, 3.65, 4.26, 4.35, 3.16, 2.45, 2.46, 2.62, 3.13, 3.09, 2.79, 2.95, 2.86, 3.09, 4.17, 4.38, 4.23, 4.2, 4.27, 5.43, 6.04, 5.88, 5.43, 5.44, 5.56, 5.93, 5.86, 5.27], [4.88, 4.79, 4.72, 4.73, 4.12, 3.56, 3.73, 3.97, 3.39, 2.17, 2.5, 2.92, 2.55, 3.02, 3.34, 3.54, 4.11, 4.31, 4.1, 3.23, 2.74, 2.61, 2.21, 2.01, 2.39, 2.51, 2.32, 2.27, 2.71, 2.76, 2.97, 3.03, 2.88, 2.7, 2.61, 2.55, 2.18, 2.27, 2.19, 1.61, 1.76, 1.67, 1.78, 1.36, 0, 1.82, 2.78, 3.1, 3.13, 3.59, 3.54, 3.13, 3.03, 2.24, 1.48, 1.67, 1.49, 2.09, 2.96, 3.75, 4.6, 4.75, 3.5, 2.47, 2.54, 2.94, 3.31, 3.19, 2.67, 2.75, 2.74, 3.37, 4.45, 4.54, 4.37, 4.4, 4.63, 5.55, 6.0, 5.8, 5.45, 5.62, 5.84, 6.29, 6.12, 5.53], [5.36, 5.29, 5.36, 5.43, 5.0, 4.58, 4.93, 5.03, 4.53, 3.41, 3.46, 3.36, 3.13, 3.14, 3.06, 3.14, 3.69, 4.15, 3.62, 3.31, 3.34, 3.33, 3.39, 3.37, 3.53, 3.69, 3.68, 3.57, 4.19, 4.24, 4.27, 4.39, 4.24, 4.12, 3.97, 4.03, 3.66, 3.41, 3.37, 3.03, 3.06, 3.09, 3.06, 2.56, 1.82, 0, 1.42, 2.22, 2.51, 3.27, 3.74, 3.37, 3.29, 2.42, 1.64, 1.71, 1.91, 2.83, 3.58, 4.13, 4.36, 4.37, 3.84, 3.21, 3.26, 3.76, 4.17, 4.37, 4.01, 4.01, 4.02, 4.33, 4.63, 4.5, 4.21, 4.06, 4.21, 5.17, 5.84, 5.72, 5.19, 5.36, 5.4, 5.85, 5.64, 4.97], [5.96, 6.05, 6.18, 6.21, 5.9, 5.36, 5.63, 5.65, 5.31, 4.59, 4.52, 4.4, 4.03, 4.02, 3.72, 3.76, 4.35, 4.91, 4.44, 4.39, 4.62, 4.55, 4.41, 4.29, 4.49, 4.71, 4.46, 4.41, 4.95, 5.04, 5.27, 5.21, 5.08, 5.0, 4.85, 4.91, 4.58, 4.57, 4.33, 3.81, 3.92, 4.09, 3.98, 3.48, 2.78, 1.42, 0, 1.82, 2.19, 2.85, 3.42, 3.05, 2.91, 2.4, 2.48, 2.67, 2.87, 3.87, 4.96, 5.27, 5.2, 5.05, 4.84, 4.29, 4.36, 4.84, 5.21, 5.43, 5.09, 5.15, 5.08, 5.33, 5.65, 5.5, 5.13, 4.6, 4.61, 5.53, 6.3, 6.3, 5.93, 5.88, 5.94, 6.21, 6.02, 5.35], [5.36, 5.49, 5.52, 5.55, 5.34, 4.9, 5.25, 5.43, 4.99, 4.47, 5.14, 5.08, 4.61, 4.82, 4.86, 5.08, 5.73, 6.03, 5.58, 4.89, 4.56, 4.47, 4.35, 4.45, 4.57, 4.53, 4.26, 4.27, 4.83, 4.86, 5.11, 5.23, 5.0, 4.86, 4.65, 4.81, 4.6, 4.61, 4.11, 3.77, 4.36, 4.27, 4.3, 3.72, 3.1, 2.22, 1.82, 0, 0.91, 1.65, 1.82, 1.51, 1.37, 1.82, 2.36, 2.63, 2.91, 3.67, 4.84, 5.71, 6.22, 6.35, 5.6, 4.63, 4.92, 5.18, 5.41, 5.61, 5.37, 5.19, 5.16, 5.79, 6.21, 6.22, 5.91, 6.04, 6.25, 7.15, 7.64, 7.32, 6.97, 7.26, 7.42, 7.89, 7.64, 6.97], [5.03, 5.16, 5.21, 5.24, 5.25, 4.93, 5.2, 5.32, 4.94, 4.4, 5.07, 5.25, 4.72, 4.83, 5.25, 5.45, 6.08, 6.32, 5.89, 5.24, 4.59, 4.7, 4.56, 4.44, 4.48, 4.5, 4.33, 4.34, 4.9, 4.97, 5.18, 5.24, 5.05, 4.95, 4.76, 4.9, 4.59, 4.66, 4.24, 3.78, 4.23, 4.28, 4.25, 3.67, 3.13, 2.51, 2.19, 0.91, 0, 1.08, 1.55, 1.36, 1.4, 1.91, 2.75, 3.04, 3.06, 4.06, 5.11, 5.94, 6.69, 6.78, 5.79, 4.68, 4.97, 5.33, 5.66, 5.66, 5.32, 5.3, 5.35, 5.96, 6.74, 6.75, 6.4, 6.55, 6.72, 7.66, 8.19, 7.95, 7.54, 7.77, 7.91, 8.34, 8.09, 7.32], [5.01, 5.2, 5.17, 5.14, 5.19, 4.85, 5.08, 5.18, 4.82, 4.52, 5.39, 5.87, 5.18, 5.45, 5.91, 6.11, 6.74, 6.92, 6.53, 5.94, 5.31, 5.3, 5.0, 4.68, 4.72, 4.62, 4.33, 4.46, 4.94, 4.93, 5.2, 5.42, 5.35, 5.11, 5.04, 4.96, 4.75, 5.1, 4.78, 3.92, 4.37, 4.46, 4.49, 4.11, 3.59, 3.27, 2.85, 1.65, 1.08, 0, 0.97, 1.32, 1.68, 2.25, 3.45, 3.82, 3.74, 4.66, 5.79, 6.58, 7.37, 7.46, 6.25, 5.08, 5.19, 5.77, 6.1, 5.98, 5.62, 5.72, 5.73, 6.4, 7.4, 7.43, 7.08, 7.201, 7.382, 8.333, 8.85, 8.63, 8.18, 8.441, 8.569, 9.02, 8.75, 7.98], [4.96, 5.15, 5.12, 5.09, 4.96, 4.72, 4.99, 5.17, 4.77, 4.55, 5.7, 6.14, 5.55, 5.98, 6.4, 6.6, 7.23, 7.37, 7.1, 6.21, 5.44, 5.29, 4.99, 4.65, 4.77, 4.35, 4.1, 4.27, 4.75, 4.7, 5.05, 5.25, 5.2, 4.86, 4.81, 4.69, 4.64, 5.15, 4.73, 3.87, 4.44, 4.41, 4.6, 4.32, 3.54, 3.74, 3.42, 1.82, 1.55, 0.97, 0, 0.91, 1.47, 2.1, 3.46, 3.87, 3.83, 4.63, 5.82, 6.91, 7.84, 7.91, 6.62, 5.43, 5.54, 6.0, 6.19, 6.05, 5.57, 5.63, 5.66, 6.59, 7.69, 7.734, 7.55, 7.631, 7.858, 8.77, 9.22, 8.9, 8.53, 8.848, 9.034, 9.49, 9.26, 8.59], [5.25, 5.4, 5.45, 5.44, 5.15, 4.81, 5.1, 5.3, 4.8, 4.36, 5.47, 5.73, 5.22, 5.63, 6.03, 6.23, 6.86, 6.96, 6.73, 5.72, 5.05, 4.86, 4.56, 4.38, 4.52, 4.22, 3.91, 4.04, 4.66, 4.63, 4.92, 5.08, 4.83, 4.55, 4.48, 4.5, 4.27, 4.56, 4.2, 3.58, 4.17, 4.2, 4.43, 3.99, 3.13, 3.37, 3.05, 1.51, 1.36, 1.32, 0.91, 0, 1.0, 1.67, 2.91, 3.4, 3.36, 4.24, 5.41, 6.54, 7.458, 7.54, 6.33, 5.06, 5.35, 5.69, 5.96, 5.8, 5.28, 5.26, 5.27, 6.16, 7.162, 7.244, 7.04, 7.241, 7.488, 8.391, 8.758, 8.39, 8.12, 8.458, 8.664, 9.12, 8.89, 8.22], [4.83, 4.98, 5.01, 5.02, 4.73, 4.31, 4.84, 5.04, 4.54, 4.16, 5.31, 5.63, 5.08, 5.59, 5.89, 6.11, 6.72, 6.9, 6.63, 5.68, 4.91, 4.66, 4.28, 4.18, 4.28, 3.94, 3.63, 3.78, 4.22, 4.27, 4.58, 4.7, 4.61, 4.23, 4.1, 4.14, 4.09, 4.44, 3.9, 3.24, 3.97, 3.98, 4.25, 3.79, 3.03, 3.29, 2.91, 1.37, 1.4, 1.68, 1.47, 1.0, 0, 1.35, 2.67, 3.3, 3.24, 3.88, 5.17, 6.42, 7.31, 7.4, 6.11, 4.98, 5.07, 5.49, 5.76, 5.62, 5.2, 5.22, 5.17, 6.0, 7.0, 7.13, 6.96, 7.11, 7.34, 8.26, 8.61, 8.27, 8.02, 8.31, 8.55, 8.98, 8.77, 8.12], [4.2, 4.29, 4.36, 4.43, 4.12, 3.76, 4.23, 4.41, 3.93, 3.23, 4.48, 4.76, 4.33, 4.82, 5.16, 5.36, 5.95, 6.11, 5.86, 4.87, 3.98, 3.69, 3.53, 3.53, 3.63, 3.19, 2.92, 3.03, 3.55, 3.6, 3.79, 3.95, 3.8, 3.44, 3.35, 3.43, 3.3, 3.51, 3.07, 2.69, 3.32, 3.29, 3.54, 2.96, 2.24, 2.42, 2.4, 1.82, 1.91, 2.25, 2.1, 1.67, 1.35, 0, 1.72, 2.45, 2.41, 2.87, 4.2, 5.45, 6.48, 6.61, 5.4, 4.17, 4.44, 4.72, 4.89, 4.91, 4.53, 4.41, 4.32, 5.27, 6.27, 6.32, 6.11, 6.26, 6.51, 7.41, 7.8, 7.48, 7.19, 7.48, 7.7, 8.15, 7.92, 7.35], [4.439, 4.23, 4.32, 4.43, 3.96, 3.42, 3.85, 4.05, 3.45, 2.73, 3.44, 3.4, 3.27, 3.6, 3.86, 3.98, 4.57, 4.61, 4.34, 3.35, 2.82, 2.81, 2.71, 2.93, 3.07, 2.97, 2.68, 2.61, 3.15, 3.16, 3.27, 3.23, 3.08, 2.9, 2.77, 2.87, 2.62, 2.59, 2.11, 2.13, 3.0, 2.75, 2.88, 2.14, 1.48, 1.64, 2.48, 2.36, 2.75, 3.45, 3.46, 2.91, 2.67, 1.72, 0, 1.21, 1.27, 1.65, 2.82, 3.95, 5.0, 5.15, 4.0, 3.09, 3.4, 3.58, 3.79, 4.03, 3.73, 3.53, 3.42, 4.15, 4.87, 4.88, 4.63, 4.78, 5.03, 5.91, 6.34, 6.0, 5.69, 6.0, 6.2, 6.69, 6.44, 5.83], [4.998, 4.848, 4.75, 4.605, 4.17, 3.47, 3.7, 3.9, 3.36, 2.4, 2.85, 2.83, 2.76, 3.05, 3.07, 3.21, 3.76, 4.02, 3.61, 2.74, 2.41, 2.48, 2.44, 2.38, 2.76, 2.86, 2.73, 2.48, 3.02, 3.01, 3.16, 3.08, 2.87, 2.77, 2.56, 2.66, 2.27, 2.08, 1.86, 1.8, 2.69, 2.42, 2.35, 1.73, 1.67, 1.71, 2.67, 2.63, 3.04, 3.82, 3.87, 3.4, 3.3, 2.45, 1.21, 0, 0.7, 1.58, 2.51, 3.44, 4.21, 4.32, 3.35, 2.54, 2.79, 2.91, 3.3, 3.48, 3.06, 2.98, 3.05, 3.54, 4.08, 4.15, 3.96, 4.01, 4.24, 5.14, 5.59, 5.19, 4.92, 5.23, 5.43, 5.88, 5.71, 5.12], [4.938, 4.788, 4.71, 4.54, 4.05, 3.37, 3.46, 3.64, 3.18, 2.16, 2.71, 2.71, 2.6, 2.97, 3.19, 3.35, 3.88, 4.02, 3.73, 2.76, 2.29, 2.38, 2.22, 2.24, 2.62, 2.72, 2.55, 2.3, 2.82, 2.83, 3.04, 2.94, 2.75, 2.63, 2.38, 2.48, 2.09, 2.02, 1.76, 1.56, 2.57, 2.34, 2.11, 1.59, 1.49, 1.91, 2.87, 2.91, 3.06, 3.74, 3.83, 3.36, 3.24, 2.41, 1.27, 0.7, 0, 1.42, 2.45, 3.4, 4.31, 4.46, 3.29, 2.44, 2.55, 2.75, 3.14, 3.32, 2.9, 2.84, 2.89, 3.28, 4.16, 4.27, 4.1, 4.13, 4.34, 5.26, 5.73, 5.45, 5.08, 5.35, 5.55, 6.0, 5.79, 5.24], [4.995, 4.825, 4.655, 4.462, 4.05, 3.29, 3.64, 4.08, 3.42, 1.96, 2.55, 2.95, 2.92, 3.27, 3.45, 3.57, 4.04, 4.08, 3.77, 2.8, 2.21, 2.18, 2.12, 2.24, 2.46, 2.36, 2.29, 1.84, 2.24, 2.35, 2.42, 2.22, 2.13, 1.95, 1.88, 1.96, 1.75, 1.74, 1.48, 1.82, 2.89, 2.66, 2.43, 1.85, 2.09, 2.83, 3.87, 3.67, 4.06, 4.66, 4.63, 4.24, 3.88, 2.87, 1.65, 1.58, 1.42, 0, 1.83, 3.0, 4.21, 4.48, 3.33, 2.52, 2.77, 2.73, 3.0, 3.18, 2.96, 2.7, 2.61, 3.52, 4.32, 4.27, 4.04, 4.09, 4.32, 5.1, 5.57, 5.27, 5.0, 5.23, 5.39, 5.98, 5.93, 5.32], [6.351, 6.181, 6.011, 5.838, 5.229, 4.666, 4.868, 5.283, 4.63, 2.57, 1.9, 2.2, 2.21, 2.6, 2.88, 2.96, 3.17, 3.21, 2.86, 1.87, 1.42, 1.57, 1.55, 2.07, 2.25, 2.87, 3.38, 2.57, 2.69, 2.88, 2.85, 2.75, 2.36, 2.34, 2.09, 2.11, 1.86, 1.37, 1.61, 2.93, 3.76, 3.59, 3.04, 2.88, 2.96, 3.58, 4.96, 4.84, 5.11, 5.79, 5.82, 5.41, 5.17, 4.2, 2.82, 2.51, 2.45, 1.83, 0, 1.67, 2.94, 3.29, 2.34, 1.85, 1.94, 1.9, 2.21, 2.43, 2.15, 1.91, 1.94, 2.65, 3.27, 3.24, 3.03, 3.14, 3.33, 4.09, 4.38, 4.08, 3.79, 4.18, 4.32, 4.95, 4.92, 4.39], [7.927, 7.757, 7.587, 7.394, 6.873, 6.107, 6.203, 6.449, 5.94, 3.74, 1.97, 1.75, 1.96, 2.29, 2.47, 2.35, 2.1, 1.94, 1.73, 1.44, 1.97, 2.06, 2.583, 3.1, 3.22, 4.263, 4.813, 4.04, 4.04, 4.33, 4.18, 3.9, 3.633, 3.573, 3.503, 3.46, 3.11, 2.44, 3.0, 4.08, 4.49, 4.46, 3.65, 3.65, 3.75, 4.13, 5.27, 5.71, 5.94, 6.58, 6.91, 6.54, 6.42, 5.45, 3.95, 3.44, 3.4, 3.0, 1.67, 0, 1.41, 1.76, 1.47, 1.96, 2.05, 1.65, 1.74, 2.18, 2.22, 2.1, 2.13, 1.9, 1.98, 1.89, 1.76, 1.91, 2.3, 2.66, 3.09, 2.93, 2.58, 2.77, 2.83, 3.46, 3.49, 3.02], [9.04, 8.87, 8.7, 8.507, 7.937, 7.143, 7.199, 7.379, 6.975, 4.85, 2.62, 2.12, 2.45, 2.42, 2.14, 1.88, 1.43, 1.65, 1.34, 1.85, 2.914, 3.024, 3.63, 4.033, 4.224, 5.304, 5.834, 5.038, 4.99, 5.32, 5.198, 4.898, 4.583, 4.543, 4.453, 4.39, 4.06, 3.51, 4.03, 4.97, 5.0, 4.99, 4.08, 4.26, 4.6, 4.36, 5.2, 6.22, 6.69, 7.37, 7.84, 7.458, 7.31, 6.48, 5.0, 4.21, 4.31, 4.21, 2.94, 1.41, 0, 1.13, 1.56, 2.61, 2.62, 2.44, 2.45, 2.99, 3.21, 3.07, 3.06, 2.21, 1.53, 1.22, 1.09, 1.24, 1.43, 1.77, 2.32, 2.24, 1.87, 1.8, 1.76, 2.21, 2.34, 1.95], [9.167, 8.997, 8.887, 8.634, 8.03, 7.227, 7.3, 7.52, 7.08, 5.02, 2.85, 1.99, 2.48, 2.57, 2.15, 1.85, 1.58, 1.56, 1.41, 2.02, 3.024, 3.16, 3.737, 4.16, 4.311, 5.377, 5.907, 5.12, 5.1, 5.41, 5.308, 5.02, 4.647, 4.647, 4.537, 4.48, 4.17, 3.64, 4.18, 5.02, 4.91, 4.9, 4.01, 4.35, 4.75, 4.37, 5.05, 6.35, 6.78, 7.46, 7.91, 7.54, 7.4, 6.61, 5.15, 4.32, 4.46, 4.48, 3.29, 1.76, 1.13, 0, 1.47, 2.64, 2.59, 2.43, 2.3, 2.86, 3.18, 3.02, 3.05, 2.02, 1.38, 1.39, 1.28, 1.23, 1.46, 1.82, 2.29, 2.23, 1.92, 1.81, 1.77, 2.14, 2.37, 2.08], [7.968, 7.798, 7.7, 7.435, 6.754, 6.0, 6.01, 6.29, 5.79, 3.79, 1.8, 1.18, 1.31, 1.78, 1.94, 1.88, 1.69, 1.69, 1.62, 1.47, 1.9, 1.99, 2.45, 2.87, 3.112, 4.118, 4.628, 3.85, 3.87, 4.14, 4.07, 3.81, 3.42, 3.34, 3.25, 3.15, 2.94, 2.51, 2.93, 3.69, 3.82, 3.81, 2.92, 3.16, 3.5, 3.84, 4.84, 5.6, 5.79, 6.25, 6.62, 6.33, 6.11, 5.4, 4.0, 3.35, 3.29, 3.33, 2.34, 1.47, 1.56, 1.47, 0, 1.49, 1.34, 1.22, 1.29, 1.75, 1.95, 1.85, 1.88, 1.23, 1.57, 1.66, 1.57, 1.66, 2.01, 2.53, 3.12, 3.0, 2.51, 2.56, 2.6, 3.03, 3.08, 2.65], [6.59, 6.44, 6.33, 6.06, 5.51, 4.77, 4.8, 5.22, 4.62, 2.68, 1.27, 1.55, 1.32, 1.63, 1.91, 2.03, 2.3, 2.28, 2.05, 1.44, 1.33, 1.08, 1.4, 1.74, 1.8, 2.86, 3.39, 2.6, 2.68, 2.93, 2.72, 2.68, 2.43, 2.39, 2.3, 2.22, 2.07, 1.74, 2.06, 2.7, 3.21, 3.02, 2.29, 2.45, 2.47, 3.21, 4.29, 4.63, 4.68, 5.08, 5.43, 5.06, 4.98, 4.17, 3.09, 2.54, 2.44, 2.52, 1.85, 1.96, 2.61, 2.64, 1.49, 0, 0.89, 1.33, 1.46, 1.46, 1.42, 1.34, 1.19, 1.62, 2.58, 2.59, 2.42, 2.51, 2.72, 3.58, 4.05, 3.85, 3.5, 3.69, 3.789, 4.22, 4.01, 3.36], [6.771, 6.61, 6.48, 6.23, 5.54, 4.78, 4.91, 5.17, 4.63, 2.65, 0.98, 1.42, 1.27, 1.74, 2.0, 2.1, 2.29, 2.27, 2.12, 1.67, 1.56, 1.47, 1.47, 1.69, 2.01, 2.91, 3.44, 2.73, 2.77, 3.0, 2.89, 2.83, 2.48, 2.38, 2.29, 2.17, 2.06, 1.85, 2.21, 2.71, 2.98, 2.93, 2.12, 2.46, 2.54, 3.26, 4.36, 4.92, 4.97, 5.19, 5.54, 5.35, 5.07, 4.44, 3.4, 2.79, 2.55, 2.77, 1.94, 2.05, 2.62, 2.59, 1.34, 0.89, 0, 1.04, 1.51, 1.55, 1.31, 1.45, 1.42, 1.67, 2.59, 2.74, 2.47, 2.42, 2.63, 3.47, 4.04, 3.96, 3.45, 3.6, 3.74, 4.17, 4.0, 3.41], [6.968, 6.83, 6.72, 6.43, 5.714, 4.96, 5.09, 5.37, 4.77, 2.87, 1.26, 1.38, 1.43, 1.82, 2.2, 2.28, 2.27, 2.17, 2.06, 1.39, 1.36, 1.39, 1.57, 1.99, 2.11, 3.078, 3.588, 2.87, 2.91, 3.16, 3.07, 2.95, 2.54, 2.48, 2.31, 2.25, 2.3, 1.91, 2.29, 2.89, 3.24, 3.19, 2.58, 2.62, 2.94, 3.76, 4.84, 5.18, 5.33, 5.77, 6.0, 5.69, 5.49, 4.72, 3.58, 2.91, 2.75, 2.73, 1.9, 1.65, 2.44, 2.43, 1.22, 1.33, 1.04, 0, 0.99, 1.23, 1.27, 1.23, 1.14, 1.45, 2.27, 2.42, 2.25, 2.3, 2.71, 3.31, 3.8, 3.64, 3.15, 3.34, 3.58, 3.99, 3.84, 3.29], [7.281, 7.12, 7.03, 6.74, 6.07, 5.35, 5.42, 5.82, 5.2, 3.4, 1.81, 1.67, 1.6, 2.09, 2.51, 2.57, 2.44, 2.3, 2.17, 1.68, 1.53, 1.56, 1.96, 2.4, 2.5, 3.386, 3.93, 3.18, 3.22, 3.45, 3.36, 3.3, 2.95, 2.91, 2.84, 2.76, 2.75, 2.4, 2.72, 3.36, 3.85, 3.64, 3.07, 3.13, 3.31, 4.17, 5.21, 5.41, 5.66, 6.1, 6.19, 5.96, 5.76, 4.89, 3.79, 3.3, 3.14, 3.0, 2.21, 1.74, 2.45, 2.3, 1.29, 1.46, 1.51, 0.99, 0, 1.0, 1.32, 1.18, 1.05, 1.3, 1.94, 2.13, 2.24, 2.49, 2.96, 3.28, 3.39, 3.15, 2.76, 2.99, 3.25, 3.76, 3.67, 3.34], [6.83, 6.72, 6.61, 6.28, 5.67, 4.91, 5.1, 5.54, 4.9, 3.04, 1.61, 2.25, 1.9, 2.37, 2.93, 3.01, 2.98, 2.88, 2.75, 2.02, 1.65, 1.68, 1.84, 2.1, 2.1, 3.04, 3.55, 2.78, 2.9, 3.13, 2.96, 2.9, 2.65, 2.65, 2.66, 2.54, 2.57, 2.36, 2.76, 3.16, 3.49, 3.38, 2.87, 3.09, 3.19, 4.37, 5.43, 5.61, 5.66, 5.98, 6.05, 5.8, 5.62, 4.91, 4.03, 3.48, 3.32, 3.18, 2.43, 2.18, 2.99, 2.86, 1.75, 1.46, 1.55, 1.23, 1.0, 0, 1.0, 0.92, 0.99, 1.6, 2.48, 2.75, 2.74, 3.15, 3.5, 3.86, 3.97, 3.77, 3.34, 3.55, 3.85, 4.36, 4.25, 3.9], [6.47, 6.32, 6.27, 5.92, 5.21, 4.55, 4.66, 4.98, 4.34, 2.42, 1.33, 2.29, 1.98, 2.41, 2.87, 3.05, 3.14, 2.96, 2.85, 2.02, 1.73, 1.66, 1.44, 1.5, 1.7, 2.56, 3.07, 2.4, 2.54, 2.67, 2.6, 2.6, 2.39, 2.29, 2.32, 2.16, 2.05, 1.76, 2.28, 2.62, 3.01, 2.96, 2.53, 2.79, 2.67, 4.01, 5.09, 5.37, 5.32, 5.62, 5.57, 5.28, 5.2, 4.53, 3.73, 3.06, 2.9, 2.96, 2.15, 2.22, 3.21, 3.18, 1.95, 1.42, 1.31, 1.27, 1.32, 1.0, 0, 0.66, 0.81, 1.7, 2.86, 2.95, 2.94, 3.25, 3.66, 4.02, 4.39, 4.11, 3.72, 3.93, 4.17, 4.66, 4.55, 4.1], [6.55, 6.42, 6.37, 6.02, 5.33, 4.65, 4.76, 5.18, 4.52, 2.62, 1.47, 2.27, 1.96, 2.39, 2.87, 3.03, 3.06, 2.88, 2.73, 1.9, 1.51, 1.3, 1.34, 1.68, 1.86, 2.66, 3.17, 2.5, 2.62, 2.81, 2.74, 2.7, 2.33, 2.23, 2.3, 2.2, 2.13, 1.84, 2.22, 2.82, 3.27, 3.2, 2.69, 2.95, 2.75, 4.01, 5.15, 5.19, 5.3, 5.72, 5.63, 5.26, 5.22, 4.41, 3.53, 2.98, 2.84, 2.7, 1.91, 2.1, 3.07, 3.02, 1.85, 1.34, 1.45, 1.23, 1.18, 0.92, 0.66, 0, 0.55, 1.56, 2.66, 2.79, 2.78, 3.15, 3.58, 3.88, 4.15, 3.81, 3.5, 3.77, 3.99, 4.56, 4.39, 4.04], [6.579, 6.45, 6.38, 6.05, 5.4, 4.62, 4.71, 5.11, 4.49, 2.67, 1.44, 2.14, 1.99, 2.42, 2.78, 2.94, 2.97, 2.89, 2.76, 1.91, 1.56, 1.27, 1.37, 1.81, 1.93, 2.73, 3.2, 2.53, 2.53, 2.76, 2.73, 2.65, 2.28, 2.2, 2.25, 2.11, 2.04, 1.77, 2.17, 2.81, 3.3, 3.13, 2.68, 2.86, 2.74, 4.02, 5.08, 5.16, 5.35, 5.73, 5.66, 5.27, 5.17, 4.32, 3.42, 3.05, 2.89, 2.61, 1.94, 2.13, 3.06, 3.05, 1.88, 1.19, 1.42, 1.14, 1.05, 0.99, 0.81, 0.55, 0, 1.49, 2.59, 2.78, 2.75, 3.08, 3.51, 3.87, 4.08, 3.78, 3.51, 3.74, 4.02, 4.51, 4.36, 4.03], [7.883, 7.733, 7.683, 7.351, 6.678, 5.935, 5.98, 6.2, 5.72, 3.7, 2.01, 1.91, 1.74, 2.37, 2.61, 2.61, 2.36, 2.3, 2.31, 2.04, 2.09, 2.08, 2.42, 2.84, 3.108, 4.026, 4.508, 3.799, 3.78, 4.05, 4.02, 3.86, 3.45, 3.33, 3.22, 3.12, 2.91, 2.44, 2.84, 3.54, 3.71, 3.64, 2.95, 3.09, 3.37, 4.33, 5.33, 5.79, 5.96, 6.4, 6.59, 6.16, 6.0, 5.27, 4.15, 3.54, 3.28, 3.52, 2.65, 1.9, 2.21, 2.02, 1.23, 1.62, 1.67, 1.45, 1.3, 1.6, 1.7, 1.56, 1.49, 0, 1.62, 1.79, 2.02, 2.33, 2.78, 3.12, 3.39, 3.13, 2.86, 2.87, 3.13, 3.62, 3.63, 3.36], [8.981, 8.831, 8.681, 8.448, 7.795, 7.052, 7.08, 7.318, 6.836, 4.74, 2.99, 2.03, 2.48, 2.83, 2.69, 2.41, 2.08, 1.86, 1.83, 2.06, 2.855, 2.965, 3.56, 3.958, 4.185, 5.182, 5.672, 4.916, 4.92, 5.19, 5.099, 4.979, 4.57, 4.43, 4.3, 4.22, 3.93, 3.4, 3.84, 4.72, 4.83, 4.7, 3.93, 4.17, 4.45, 4.63, 5.65, 6.21, 6.74, 7.4, 7.69, 7.162, 7.0, 6.27, 4.87, 4.08, 4.16, 4.32, 3.27, 1.98, 1.53, 1.38, 1.57, 2.58, 2.59, 2.27, 1.94, 2.48, 2.86, 2.66, 2.59, 1.62, 0, 0.83, 1.18, 1.79, 2.42, 2.54, 2.21, 1.95, 1.62, 1.81, 2.03, 2.54, 2.73, 2.66], [9.011, 8.841, 8.691, 8.478, 7.863, 7.166, 7.159, 7.382, 6.87, 4.73, 2.94, 2.18, 2.47, 2.74, 2.56, 2.3, 1.87, 1.57, 1.42, 1.91, 2.925, 3.039, 3.596, 4.09, 4.274, 5.256, 5.726, 4.99, 5.01, 5.28, 5.189, 4.93, 4.64, 4.58, 4.51, 4.39, 4.1, 3.43, 3.97, 4.97, 5.14, 4.99, 4.26, 4.38, 4.54, 4.5, 5.5, 6.22, 6.75, 7.43, 7.734, 7.244, 7.13, 6.32, 4.88, 4.15, 4.27, 4.27, 3.24, 1.89, 1.22, 1.39, 1.66, 2.59, 2.74, 2.42, 2.13, 2.75, 2.95, 2.79, 2.78, 1.79, 0.83, 0, 0.93, 1.5, 2.13, 2.27, 2.0, 1.8, 1.41, 1.54, 1.66, 2.17, 2.26, 2.11], [8.738, 8.568, 8.438, 8.205, 7.682, 6.979, 6.972, 7.212, 6.68, 4.52, 2.63, 1.93, 2.24, 2.35, 2.07, 1.95, 1.62, 1.2, 1.19, 1.68, 2.622, 2.832, 3.449, 3.892, 4.012, 5.049, 5.519, 4.8, 4.88, 5.13, 4.926, 4.76, 4.43, 4.41, 4.3, 4.24, 3.93, 3.26, 3.78, 4.84, 4.93, 4.86, 4.07, 4.23, 4.37, 4.21, 5.13, 5.91, 6.4, 7.08, 7.55, 7.04, 6.96, 6.11, 4.63, 3.96, 4.1, 4.04, 3.03, 1.76, 1.09, 1.28, 1.57, 2.42, 2.47, 2.25, 2.24, 2.74, 2.94, 2.78, 2.75, 2.02, 1.18, 0.93, 0, 1.21, 1.76, 2.0, 2.25, 2.19, 1.64, 1.71, 1.85, 2.34, 2.21, 1.76], [8.905, 8.735, 8.565, 8.372, 7.76, 6.986, 6.979, 7.179, 6.761, 4.61, 2.58, 1.86, 2.27, 2.42, 1.88, 1.62, 1.29, 1.45, 1.26, 1.81, 2.794, 2.909, 3.436, 3.899, 4.089, 5.127, 5.617, 4.881, 4.87, 5.16, 5.11, 4.85, 4.44, 4.38, 4.31, 4.25, 3.96, 3.41, 3.89, 4.79, 4.958, 4.893, 4.0, 4.2, 4.4, 4.06, 4.6, 6.04, 6.55, 7.201, 7.631, 7.241, 7.11, 6.26, 4.78, 4.01, 4.13, 4.09, 3.14, 1.91, 1.24, 1.23, 1.66, 2.51, 2.42, 2.3, 2.49, 3.15, 3.25, 3.15, 3.08, 2.33, 1.79, 1.5, 1.21, 0, 0.83, 1.59, 2.14, 2.24, 1.91, 1.66, 1.66, 2.07, 2.04, 1.65], [9.087, 8.917, 8.747, 8.554, 7.967, 7.161, 7.211, 7.394, 7.005, 4.86, 2.73, 2.01, 2.5, 2.43, 1.91, 1.57, 1.4, 1.76, 1.51, 2.02, 3.01, 3.131, 3.72, 4.057, 4.311, 5.334, 5.864, 5.068, 5.02, 5.37, 5.28, 5.0, 4.65, 4.63, 4.52, 4.44, 4.21, 3.7, 4.14, 4.96, 4.993, 4.963, 4.05, 4.27, 4.63, 4.21, 4.61, 6.25, 6.72, 7.382, 7.858, 7.488, 7.34, 6.51, 5.03, 4.24, 4.34, 4.32, 3.33, 2.3, 1.43, 1.46, 2.01, 2.72, 2.63, 2.71, 2.96, 3.5, 3.66, 3.58, 3.51, 2.78, 2.42, 2.13, 1.76, 0.83, 0, 1.44, 2.31, 2.49, 2.34, 1.97, 1.79, 2.04, 2.05, 1.72], [10.018, 9.848, 9.678, 9.485, 8.89, 8.087, 8.114, 8.372, 7.9, 5.78, 3.53, 3.17, 3.56, 3.57, 3.05, 2.69, 2.18, 2.16, 2.01, 2.84, 3.867, 4.0, 4.537, 5.02, 5.202, 6.257, 6.767, 6.02, 6.0, 6.27, 6.171, 5.891, 5.524, 5.507, 5.417, 5.34, 5.07, 4.48, 5.0, 5.88, 6.139, 6.106, 5.17, 5.43, 5.55, 5.17, 5.53, 7.15, 7.66, 8.333, 8.77, 8.