[[0, 1.15, 1.59, 2.08, 3.06, 3.05, 3.36, 3.94, 5.93, 5.78, 4.93, 4.74, 4.38, 4.42, 3.94, 4.3, 5.59, 6.23, 5.6, 5.33, 6.15, 7.616, 10.272, 12.029, 12.249, 12.339, 12.206, 11.726, 11.659, 11.384, 11.504, 11.253, 12.037, 12.505, 13.536, 14.049, 13.747, 13.984, 13.172, 12.402, 12.404, 11.225, 9.89, 9.863, 11.163, 11.554, 11.342, 10.874, 11.454, 10.477, 8.1, 6.982, 6.282, 6.402, 6.647, 4.51, 2.85, 5.79, 7.502, 7.679, 9.646, 11.821, 11.314, 12.524, 14.37, 14.3, 14.15, 15.423, 16.886, 17.232, 17.808, 18.729, 19.062, 18.835, 18.219, 17.103, 17.046, 17.285, 17.225, 17.655, 18.015, 17.315, 16.979, 16.882, 16.661, 17.27], [1.15, 0, 1.58, 2.49, 3.57, 3.6, 3.69, 4.35, 6.46, 6.29, 5.42, 5.25, 4.95, 5.07, 4.53, 4.93, 6.2, 6.82, 6.16, 5.89, 6.71, 8.193, 10.849, 12.682, 12.902, 12.992, 12.819, 12.287, 12.212, 11.974, 12.14, 11.986, 12.727, 13.109, 14.102, 14.61, 14.417, 14.677, 13.867, 13.097, 12.977, 11.753, 10.514, 10.536, 11.867, 12.247, 12.034, 11.567, 12.147, 11.147, 8.813, 7.732, 7.0, 7.072, 7.332, 5.16, 3.38, 6.406, 8.05, 8.27, 10.321, 12.517, 12.01, 13.22, 15.063, 15.013, 14.843, 16.056, 17.466, 17.812, 18.362, 19.309, 19.624, 19.414, 18.773, 17.683, 17.626, 17.865, 17.802, 18.235, 18.575, 17.869, 17.556, 17.442, 17.212, 17.823], [1.59, 1.58, 0, 1.35, 2.35, 2.44, 2.53, 3.21, 5.36, 5.15, 4.3, 4.09, 3.77, 3.97, 3.43, 3.95, 5.14, 5.76, 5.04, 4.717, 5.57, 7.102, 9.7, 11.539, 11.839, 11.929, 11.756, 11.276, 11.089, 10.969, 11.152, 11.135, 11.779, 12.186, 13.159, 13.599, 13.466, 13.726, 12.856, 12.169, 11.986, 10.736, 9.566, 9.679, 10.956, 11.236, 11.043, 10.596, 11.176, 10.199, 7.936, 6.74, 6.08, 6.18, 6.46, 4.6, 2.56, 5.423, 6.919, 7.084, 9.107, 11.312, 10.805, 11.995, 13.921, 13.856, 13.701, 14.934, 16.347, 16.683, 17.23, 18.169, 18.507, 18.251, 17.633, 16.543, 16.481, 16.748, 16.688, 17.118, 17.444, 16.747, 16.422, 16.322, 16.115, 16.735], [2.08, 2.49, 1.35, 0, 1.36, 1.45, 1.84, 2.26, 4.37, 4.14, 3.31, 3.1, 2.82, 3.04, 2.5, 3.08, 4.27, 4.87, 4.07, 3.74, 4.56, 6.12, 8.779, 10.652, 10.972, 11.062, 10.889, 10.389, 10.202, 10.082, 10.345, 10.385, 10.972, 11.302, 12.252, 12.715, 12.599, 12.862, 12.032, 11.382, 11.142, 9.912, 8.779, 8.872, 10.112, 10.369, 10.176, 9.729, 10.309, 9.392, 7.129, 5.93, 5.37, 5.71, 5.73, 4.25, 2.21, 4.599, 5.92, 6.08, 8.14, 10.348, 9.841, 11.051, 12.979, 12.915, 12.759, 13.992, 15.385, 15.691, 16.232, 17.168, 17.511, 17.295, 16.632, 15.542, 15.497, 15.749, 15.689, 16.119, 16.465, 15.742, 15.438, 15.324, 15.134, 15.754], [3.06, 3.57, 2.35, 1.36, 0, 0.75, 1.38, 1.46, 3.17, 3.0, 2.15, 1.98, 1.64, 1.84, 1.38, 1.86, 3.03, 3.63, 2.89, 2.86, 3.54, 4.917, 7.559, 9.412, 9.732, 9.822, 9.749, 9.169, 8.962, 8.842, 9.114, 9.231, 9.741, 10.062, 11.012, 11.475, 11.359, 11.702, 10.875, 10.225, 10.002, 8.755, 7.542, 7.661, 8.872, 9.149, 8.936, 8.509, 9.089, 8.252, 6.018, 4.81, 4.25, 4.93, 4.89, 3.35, 2.01, 3.388, 4.749, 5.02, 7.077, 9.282, 8.775, 9.985, 11.874, 11.832, 11.656, 12.827, 14.179, 14.502, 15.046, 15.985, 16.34, 16.111, 15.449, 14.359, 14.311, 14.561, 14.504, 14.931, 15.274, 14.557, 14.241, 14.135, 13.948, 14.568], [3.05, 3.6, 2.44, 1.45, 0.75, 0, 0.83, 1.27, 3.38, 3.21, 2.32, 2.13, 1.83, 1.91, 1.63, 1.95, 3.16, 3.74, 3.16, 3.11, 3.71, 5.083, 7.735, 9.548, 9.808, 9.878, 9.865, 9.325, 9.178, 8.878, 9.27, 9.387, 9.854, 10.135, 11.108, 11.671, 11.358, 11.715, 10.948, 10.298, 10.198, 9.108, 7.72, 7.774, 8.885, 9.125, 8.912, 8.485, 9.085, 8.308, 6.13, 4.9, 4.46, 5.22, 5.14, 3.66, 2.06, 3.6, 5.07, 5.238, 7.213, 9.408, 8.901, 10.111, 11.926, 11.902, 11.732, 12.916, 14.34, 14.691, 15.241, 16.188, 16.529, 16.285, 15.652, 14.562, 14.488, 14.744, 14.684, 15.114, 15.451, 14.751, 14.438, 14.324, 14.129, 14.749], [3.36, 3.69, 2.53, 1.84, 1.38, 0.83, 0, 1.54, 3.79, 3.54, 2.67, 2.48, 2.16, 2.28, 2.0, 2.28, 3.55, 4.09, 3.49, 3.48, 4.04, 5.413, 8.109, 9.884, 10.064, 10.154, 10.138, 9.578, 9.494, 9.214, 9.631, 9.648, 10.124, 10.451, 11.384, 11.984, 11.671, 11.871, 11.201, 10.551, 10.531, 9.478, 8.07, 8.084, 9.041, 9.281, 9.048, 8.641, 9.281, 8.621, 6.38, 5.13, 4.83, 5.75, 5.55, 4.23, 2.33, 3.97, 5.48, 5.593, 7.522, 9.65, 9.143, 10.37, 12.176, 12.146, 11.976, 13.231, 14.673, 15.018, 15.568, 16.503, 16.862, 16.612, 15.979, 14.877, 14.827, 15.079, 14.999, 15.48, 15.79, 15.075, 14.762, 14.648, 14.458, 15.072], [3.94, 4.35, 3.21, 2.26, 1.46, 1.27, 1.54, 0, 2.35, 2.14, 1.63, 1.48, 1.34, 1.38, 1.58, 1.56, 2.33, 2.85, 2.63, 3.04, 3.42, 4.1, 6.716, 8.587, 8.904, 8.962, 8.929, 8.389, 8.162, 8.042, 8.46, 8.67, 9.044, 9.251, 10.227, 10.724, 10.511, 10.865, 10.144, 9.474, 9.294, 8.14, 6.85, 6.984, 8.024, 8.309, 8.096, 7.681, 8.264, 7.484, 5.36, 4.13, 4.23, 4.99, 4.89, 3.67, 2.87, 2.73, 4.06, 4.228, 6.217, 8.425, 7.918, 9.128, 11.019, 10.975, 10.799, 11.972, 13.345, 13.679, 14.238, 15.153, 15.532, 15.276, 14.657, 13.527, 13.474, 13.747, 13.687, 14.117, 14.442, 13.779, 13.432, 13.324, 13.174, 13.794], [5.93, 6.46, 5.36, 4.37, 3.17, 3.38, 3.79, 2.35, 0, 0.99, 1.84, 2.03, 1.89, 1.85, 2.23, 2.25, 2.2, 2.24, 2.7, 3.05, 2.93, 3.09, 4.72, 6.58, 6.817, 6.89, 6.91, 6.29, 6.095, 5.979, 6.759, 7.1, 7.25, 7.078, 8.04, 8.597, 8.424, 8.807, 8.137, 7.427, 7.227, 6.07, 4.88, 4.997, 5.997, 6.234, 6.009, 5.594, 6.217, 5.437, 3.89, 3.58, 4.06, 4.68, 4.66, 4.0, 4.48, 1.5, 1.93, 2.17, 4.082, 6.294, 5.785, 6.997, 8.852, 8.828, 8.638, 9.805, 11.121, 11.464, 12.036, 12.909, 13.233, 12.983, 12.453, 11.283, 11.261, 11.454, 11.397, 11.844, 12.249, 11.569, 11.214, 11.12, 10.95, 11.57], [5.78, 6.29, 5.15, 4.14, 3.0, 3.21, 3.54, 2.14, 0.99, 0, 1.25, 1.46, 1.56, 1.58, 2.12, 2.28, 2.05, 1.91, 2.35, 2.62, 2.5, 2.66, 5.03, 6.944, 7.198, 7.254, 7.16, 6.58, 6.357, 6.469, 7.449, 7.77, 8.0, 7.73, 8.404, 9.01, 8.837, 9.2, 8.57, 7.86, 7.705, 6.52, 5.33, 5.455, 6.407, 6.567, 6.35, 5.975, 6.635, 5.9, 4.42, 3.83, 4.29, 4.97, 4.95, 3.89, 4.39, 1.75, 2.26, 2.24, 4.32, 6.533, 6.024, 7.236, 9.142, 9.118, 8.928, 10.095, 11.397, 11.659, 12.241, 13.114, 13.424, 13.188, 12.658, 11.488, 11.499, 11.692, 11.618, 12.097, 12.494, 11.771, 11.404, 11.31, 11.218, 11.82], [4.93, 5.42, 4.3, 3.31, 2.15, 2.32, 2.67, 1.63, 1.84, 1.25, 0, 0.53, 0.97, 1.05, 1.41, 1.63, 1.98, 2.12, 1.78, 2.13, 2.09, 3.03, 5.998, 7.891, 8.188, 8.213, 8.128, 7.548, 7.367, 7.407, 8.367, 8.74, 8.95, 8.718, 9.371, 10.003, 9.833, 10.193, 9.543, 8.853, 8.718, 7.53, 6.32, 6.45, 7.37, 7.57, 7.34, 6.968, 7.628, 6.868, 5.29, 4.32, 4.38, 5.16, 5.04, 3.72, 3.54, 2.38, 3.25, 3.19, 5.225, 7.438, 6.91, 8.15, 10.001, 10.034, 9.824, 10.96, 12.262, 12.558, 13.128, 13.998, 14.297, 14.075, 13.542, 12.372, 12.406, 12.608, 12.529, 13.01, 13.405, 12.682, 12.309, 12.215, 12.073, 12.685], [4.74, 5.25, 4.09, 3.1, 1.98, 2.13, 2.48, 1.48, 2.03, 1.46, 0.53, 0, 0.82, 1.0, 1.38, 1.44, 2.05, 2.23, 1.69, 2.06, 2.12, 3.14, 6.088, 7.961, 8.258, 8.288, 8.178, 7.578, 7.368, 7.511, 8.457, 8.81, 9.06, 8.868, 9.481, 10.038, 9.905, 10.285, 9.655, 8.945, 8.848, 7.66, 6.45, 6.578, 7.435, 7.575, 7.35, 7.018, 7.758, 6.998, 5.36, 4.33, 4.35, 5.13, 5.01, 3.71, 3.31, 2.45, 3.36, 3.26, 5.26, 7.473, 6.966, 8.194, 10.085, 10.084, 9.874, 11.047, 12.349, 12.654, 13.235, 14.105, 14.469, 14.222, 13.649, 12.479, 12.442, 12.684, 12.624, 13.075, 13.452, 12.777, 12.413, 12.319, 12.2, 12.809], [4.38, 4.95, 3.77, 2.82, 1.64, 1.83, 2.16, 1.34, 1.89, 1.56, 0.97, 0.82, 0, 0.58, 0.86, 1.0, 1.85, 2.25, 1.83, 1.96, 2.16, 3.38, 6.085, 8.044, 8.384, 8.434, 8.358, 7.798, 7.594, 7.491, 8.134, 8.47, 8.76, 8.708, 9.584, 10.224, 10.031, 10.371, 9.664, 9.011, 8.791, 7.62, 6.37, 6.504, 7.541, 7.761, 7.568, 7.161, 7.761, 7.001, 5.02, 4.01, 4.27, 5.01, 4.91, 3.65, 2.87, 2.29, 3.46, 3.54, 5.537, 7.75, 7.243, 8.453, 10.345, 10.338, 10.128, 11.298, 12.62, 12.951, 13.529, 14.399, 14.783, 14.527, 13.943, 12.773, 12.739, 12.992, 12.935, 13.374, 13.743, 13.068, 12.707, 12.613, 12.463, 13.083], [4.42, 5.07, 3.97, 3.04, 1.84, 1.91, 2.28, 1.38, 1.85, 1.58, 1.05, 1.0, 0.58, 0, 0.88, 1.0, 1.55, 2.03, 1.83, 2.18, 2.34, 3.26, 5.948, 7.761, 8.021, 8.151, 8.098, 7.558, 7.431, 7.231, 7.837, 8.03, 8.38, 8.523, 9.401, 9.961, 9.728, 10.008, 9.258, 8.608, 8.468, 7.358, 6.01, 6.12, 7.218, 7.418, 7.23, 6.778, 7.378, 6.658, 4.58, 3.59, 3.89, 4.73, 4.59, 3.35, 2.87, 2.03, 3.28, 3.4, 5.332, 7.51, 7.003, 8.247, 10.07, 10.035, 9.85, 11.063, 12.525, 12.85, 13.397, 14.33, 14.708, 14.452, 13.806, 12.704, 12.673, 12.92, 12.84, 13.336, 13.648, 12.901, 12.594, 12.492, 12.262, 12.882], [3.94, 4.53, 3.43, 2.5, 1.38, 1.63, 2.0, 1.58, 2.23, 2.12, 1.41, 1.38, 0.86, 0.88, 0, 0.94, 1.89, 2.45, 2.05, 2.16, 2.46, 3.74, 6.368, 8.241, 8.501, 8.591, 8.495, 7.975, 7.831, 7.611, 8.034, 8.25, 8.64, 8.868, 9.798, 10.361, 10.148, 10.428, 9.678, 9.028, 8.828, 7.715, 6.445, 6.521, 7.658, 7.875, 7.685, 7.238, 7.838, 7.018, 4.8, 3.83, 3.99, 4.77, 4.63, 3.29, 2.45, 2.29, 3.68, 3.834, 5.829, 8.027, 7.52, 8.73, 10.57, 10.535, 10.35, 11.563, 12.991, 13.35, 13.886, 14.83, 15.174, 14.924, 14.294, 13.204, 13.136, 13.394, 13.334, 13.773, 14.114, 13.39, 13.098, 12.984, 12.754, 13.374], [4.3, 4.93, 3.95, 3.08, 1.86, 1.95, 2.28, 1.56, 2.25, 2.28, 1.63, 1.44, 1.0, 1.0, 0.94, 0, 1.37, 1.95, 1.63, 1.92, 2.28, 3.376, 5.996, 7.829, 8.072, 8.122, 8.069, 7.509, 7.402, 7.162, 7.594, 7.75, 8.115, 8.28, 9.327, 9.821, 9.528, 9.922, 9.224, 8.514, 8.334, 7.32, 5.89, 6.02, 7.044, 7.429, 7.196, 6.749, 7.344, 6.444, 4.4, 3.31, 3.55, 4.33, 4.21, 2.95, 2.57, 1.89, 3.46, 3.74, 5.549, 7.747, 7.24, 8.45, 10.276, 10.226, 10.056, 11.249, 12.636, 12.993, 13.543, 14.487, 14.814, 14.581, 13.971, 12.861, 12.796, 13.031, 12.971, 13.416, 13.745, 13.067, 12.734, 12.62, 12.436, 13.042], [5.59, 6.2, 5.14, 4.27, 3.03, 3.16, 3.55, 2.33, 2.2, 2.05, 1.98, 2.05, 1.85, 1.55, 1.89, 1.37, 0, 0.82, 1.04, 1.57, 1.65, 2.15, 4.72, 6.556, 6.782, 6.852, 6.839, 6.279, 6.092, 5.852, 6.507, 6.8, 7.07, 7.153, 8.057, 8.568, 8.329, 8.692, 7.917, 7.244, 7.093, 6.03, 4.72, 4.79, 5.87, 6.179, 5.94, 5.499, 6.103, 5.254, 3.37, 2.52, 2.9, 3.66, 3.58, 2.62, 3.74, 1.6, 2.75, 3.07, 4.39, 6.451, 5.944, 7.154, 8.989, 8.942, 8.769, 9.962, 11.335, 11.695, 12.23, 13.177, 13.521, 13.274, 12.661, 11.551, 11.48, 11.742, 11.682, 12.112, 12.438, 11.76, 11.442, 11.328, 11.138, 11.755], [6.23, 6.82, 5.76, 4.87, 3.63, 3.74, 4.09, 2.85, 2.24, 1.91, 2.12, 2.23, 2.25, 2.03, 2.45, 1.95, 0.82, 0, 1.12, 1.51, 1.41, 1.67, 4.2, 6.037, 6.285, 6.35, 6.299, 5.719, 5.581, 5.507, 6.347, 6.72, 6.93, 6.7, 7.465, 8.054, 7.853, 8.193, 7.523, 6.813, 6.7, 5.67, 4.42, 4.47, 5.37, 5.65, 5.42, 4.991, 5.623, 4.83, 3.31, 2.66, 3.02, 3.7, 3.6, 2.82, 4.34, 1.84, 2.53, 2.73, 3.93, 5.897, 5.404, 6.614, 8.429, 8.39, 8.22, 9.402, 10.729, 11.086, 11.676, 12.56, 12.896, 12.646, 12.104, 10.934, 10.886, 11.102, 11.053, 11.483, 11.869, 11.2, 10.827, 10.733, 10.572, 11.192], [5.6, 6.16, 5.04, 4.07, 2.89, 3.16, 3.49, 2.63, 2.7, 2.35, 1.78, 1.69, 1.83, 1.83, 2.05, 1.63, 1.04, 1.12, 0, 0.81, 0.99, 2.19, 4.96, 6.86, 7.137, 7.213, 7.139, 6.559, 6.341, 6.28, 7.127, 7.48, 7.73, 7.538, 8.34, 8.903, 8.75, 9.11, 8.46, 7.75, 7.575, 6.39, 5.22, 5.35, 6.29, 6.57, 6.32, 5.894, 6.543, 5.74, 4.03, 3.06, 3.06, 3.82, 3.7, 2.84, 3.74, 2.36, 3.17, 3.37, 4.61, 6.624, 6.119, 7.329, 9.249, 9.219, 9.032, 10.202, 11.495, 11.796, 12.368, 13.241, 13.543, 13.313, 12.785, 11.615, 11.592, 11.783, 11.723, 12.175, 12.573, 11.898, 11.548, 11.454, 11.324, 11.944], [5.33, 5.89, 4.717, 3.74, 2.86, 3.11, 3.48, 3.04, 3.05, 2.62, 2.13, 2.06, 1.96, 2.18, 2.16, 1.92, 1.57, 1.51, 0.81, 0, 0.92, 2.48, 5.29, 7.23, 7.53, 7.603, 7.509, 6.929, 6.714, 6.65, 7.534, 7.83, 8.14, 7.928, 8.73, 9.293, 9.14, 9.5, 8.87, 8.16, 7.985, 6.8, 5.67, 5.76, 6.7, 6.92, 6.69, 6.287, 6.953, 6.15, 4.42, 3.45, 3.47, 4.23, 4.11, 3.13, 3.63, 2.85, 3.52, 3.62, 4.98, 6.933, 6.446, 7.636, 9.542, 9.518, 9.328, 10.495, 11.791, 12.042, 12.624, 13.497, 13.827, 13.571, 13.041, 11.871, 11.899, 12.092, 12.018, 12.482, 12.888, 12.171, 11.784, 11.71, 11.618, 12.22], [6.15, 6.71, 5.57, 4.56, 3.54, 3.71, 4.04, 3.42, 2.93, 2.5, 2.09, 2.12, 2.16, 2.34, 2.46, 2.28, 1.65, 1.41, 0.99, 0.92, 0, 1.68, 4.63, 6.54, 6.858, 6.868, 6.78, 6.16, 5.985, 6.15, 7.123, 7.53, 7.72, 7.41, 8.018, 8.635, 8.485, 8.845, 8.215, 7.505, 7.388, 6.22, 5.15, 5.14, 6.02, 6.18, 5.95, 5.595, 6.315, 5.54, 4.16, 3.39, 3.57, 4.25, 4.09, 3.45, 4.29, 2.87, 3.16, 3.14, 4.28, 6.093, 5.646, 6.8, 8.682, 8.661, 8.471, 9.65, 10.94, 11.217, 11.798, 12.671, 13.001, 12.745, 12.215, 11.045, 11.042, 11.241, 11.161, 11.66, 12.037, 11.334, 10.967, 10.873, 10.755, 11.363], [7.616, 8.193, 7.102, 6.12, 4.917, 5.083, 5.413, 4.1, 3.09, 2.66, 3.03, 3.14, 3.38, 3.26, 3.74, 3.376, 2.15, 1.67, 2.19, 2.48, 1.68, 0, 3.07, 5.0, 5.24, 5.27, 5.14, 4.54, 4.41, 4.57, 5.55, 5.95, 6.14, 5.85, 6.424, 7.035, 6.87, 7.25, 6.62, 5.93, 5.85, 5.04, 4.21, 4.04, 4.44, 4.56, 4.33, 4.0, 4.72, 4.1, 2.9, 2.45, 2.97, 3.35, 3.17, 3.73, 5.65, 2.79, 2.94, 2.88, 3.52, 4.744, 4.42, 5.43, 7.079, 7.038, 6.868, 8.05, 9.362, 9.691, 10.269, 11.159, 11.478, 11.23, 10.7, 9.53, 9.493, 9.681, 9.627, 10.111, 10.488, 9.819, 9.455, 9.378, 9.208, 9.797], [10.272, 10.849, 9.7, 8.779, 7.559, 7.735, 8.109, 6.716, 4.72, 5.03, 5.998, 6.088, 6.085, 5.948, 6.368, 5.996, 4.72, 4.2, 4.96, 5.29, 4.63, 3.07, 0, 2.07, 2.33, 2.4, 2.37, 1.85, 1.66, 1.64, 2.68, 3.08, 3.23, 3.08, 3.61, 4.23, 4.08, 4.46, 4.19, 3.62, 3.54, 3.59, 3.36, 3.09, 2.47, 2.63, 2.48, 1.83, 2.21, 2.19, 2.79, 3.56, 4.24, 4.12, 4.1, 6.22, 8.26, 4.64, 4.05, 4.37, 3.85, 3.86, 3.23, 3.74, 5.06, 4.97, 4.74, 5.63, 6.729, 7.034, 7.624, 8.494, 8.884, 8.626, 8.044, 6.894, 6.826, 7.068, 7.008, 7.438, 7.806, 7.174, 6.904, 6.747, 6.615, 7.175], [12.029, 12.682, 11.539, 10.652, 9.412, 9.548, 9.884, 8.587, 6.58, 6.944, 7.891, 7.961, 8.044, 7.761, 8.241, 7.829, 6.556, 6.037, 6.86, 7.23, 6.54, 5.0, 2.07, 0, 0.7, 0.97, 1.16, 1.26, 1.09, 1.13, 1.65, 2.07, 1.94, 2.13, 2.48, 3.06, 3.11, 3.41, 3.26, 2.69, 2.73, 3.26, 3.55, 3.34, 2.2, 2.04, 2.17, 1.88, 1.48, 2.32, 4.357, 5.275, 5.984, 5.95, 5.884, 8.05, 9.983, 6.33, 5.54, 5.96, 4.76, 3.71, 3.34, 3.07, 3.81, 3.82, 3.73, 4.2, 5.21, 5.447, 5.843, 6.747, 7.197, 6.907, 6.263, 5.35, 5.116, 5.326, 5.317, 5.736, 6.036, 5.533, 5.417, 5.366, 5.15, 5.625], [12.249, 12.902, 11.839, 10.972, 9.732, 9.808, 10.064, 8.904, 6.817, 7.198, 8.188, 8.258, 8.384, 8.021, 8.501, 8.072, 6.782, 6.285, 7.137, 7.53, 6.858, 5.24, 2.33, 0.7, 0, 0.77, 1.12, 1.18, 1.19, 1.27, 1.73, 1.99, 1.8, 1.83, 2.12, 2.56, 2.59, 2.87, 2.72, 2.15, 2.27, 2.86, 3.25, 3.04, 2.02, 1.88, 1.99, 1.8, 1.34, 2.18, 4.58, 5.51, 6.23, 6.21, 6.15, 8.31, 10.19, 6.59, 5.54, 5.96, 4.7, 3.43, 3.16, 2.69, 3.37, 3.4, 3.27, 3.92, 5.05, 5.304, 5.714, 6.604, 7.054, 6.764, 6.097, 5.164, 4.953, 5.154, 5.114, 5.524, 5.833, 5.347, 5.234, 5.097, 4.87, 5.41], [12.339, 12.992, 11.929, 11.062, 9.822, 9.878, 10.154, 8.962, 6.89, 7.254, 8.213, 8.288, 8.434, 8.151, 8.591, 8.122, 6.852, 6.35, 7.213, 7.603, 6.868, 5.27, 2.4, 0.97, 0.77, 0, 0.89, 0.99, 1.1, 1.2, 1.72, 1.86, 1.61, 1.54, 1.79, 2.29, 2.3, 2.62, 2.51, 2.04, 2.16, 2.85, 3.28, 3.13, 2.03, 1.93, 2.0, 1.81, 1.29, 2.27, 4.647, 5.6, 6.28, 6.24, 6.154, 8.32, 10.273, 6.62, 5.49, 5.87, 4.73, 3.54, 3.29, 2.78, 3.26, 3.27, 3.08, 3.83, 4.9, 5.126, 5.556, 6.477, 6.907, 6.617, 5.996, 5.02, 4.806, 5.007, 4.987, 5.377, 5.706, 5.206, 5.09, 4.999, 4.78, 5.309], [12.206, 12.819, 11.756, 10.889, 9.749, 9.865, 10.138, 8.929, 6.91, 7.16, 8.128, 8.178, 8.358, 8.098, 8.495, 8.069, 6.839, 6.299, 7.139, 7.509, 6.78, 5.14, 2.37, 1.16, 1.12, 0.89, 0, 0.8, 1.21, 1.21, 1.79, 1.77, 1.56, 1.85, 2.08, 2.58, 2.75, 2.99, 2.92, 2.47, 2.45, 3.28, 3.75, 3.68, 2.5, 2.26, 2.41, 2.06, 1.72, 2.4, 4.52, 5.47, 6.27, 6.21, 6.17, 8.287, 10.21, 6.57, 5.76, 6.0, 4.96, 3.83, 3.54, 3.13, 3.37, 3.36, 3.29, 3.86, 4.97, 5.222, 5.712, 6.642, 7.039, 6.749, 6.132, 5.122, 4.956, 5.179, 5.079, 5.536, 5.836, 5.262, 5.172, 5.054, 4.81, 5.342], [11.726, 12.287, 11.276, 10.389, 9.169, 9.325, 9.578, 8.389, 6.29, 6.58, 7.548, 7.578, 7.798, 7.558, 7.975, 7.509, 6.279, 5.719, 6.559, 6.929, 6.16, 4.54, 1.85, 1.26, 1.18, 0.99, 0.8, 0, 0.71, 0.87, 1.71, 1.83, 1.92, 1.81, 2.24, 2.7, 2.73, 2.97, 2.8, 2.29, 2.27, 2.86, 3.33, 3.24, 2.0, 1.88, 1.93, 1.66, 1.4, 2.06, 4.04, 4.99, 5.73, 5.65, 5.61, 7.73, 9.69, 6.03, 5.18, 5.46, 4.58, 3.51, 3.18, 2.79, 3.61, 3.54, 3.31, 4.14, 5.296, 5.607, 6.157, 7.087, 7.491, 7.221, 6.597, 5.527, 5.416, 5.646, 5.586, 5.996, 6.316, 5.647, 5.497, 5.34, 5.102, 5.662], [11.659, 12.212, 11.089, 10.202, 8.962, 9.178, 9.494, 8.162, 6.095, 6.357, 7.367, 7.368, 7.594, 7.431, 7.831, 7.402, 6.092, 5.581, 6.341, 6.714, 5.985, 4.41, 1.66, 1.09, 1.19, 1.1, 1.21, 0.71, 0, 0.84, 2.02, 2.22, 2.19, 2.04, 2.45, 2.87, 2.82, 3.16, 2.91, 2.42, 2.48, 2.81, 3.2, 3.03, 1.77, 1.69, 1.6, 1.55, 1.29, 2.03, 3.981, 4.925, 5.588, 5.537, 5.494, 7.62, 9.613, 5.92, 4.79, 5.09, 4.17, 3.22, 2.83, 2.58, 3.74, 3.67, 3.42, 4.23, 5.389, 5.637, 6.187, 7.137, 7.527, 7.257, 6.647, 5.577, 5.469, 5.699, 5.679, 6.069, 6.389, 5.709, 5.507, 5.382, 5.175, 5.755], [11.384, 11.974, 10.969, 10.082, 8.842, 8.878, 9.214, 8.042, 5.979, 6.469, 7.407, 7.511, 7.491, 7.231, 7.611, 7.162, 5.852, 5.507, 6.28, 6.65, 6.15, 4.57, 1.64, 1.13, 1.27, 1.2, 1.21, 0.87, 0.84, 0, 1.38, 1.68, 1.75, 1.86, 2.51, 3.15, 2.98, 3.28, 3.11, 2.54, 2.56, 3.07, 3.48, 3.25, 2.09, 2.03, 2.06, 1.67, 1.31, 2.07, 3.681, 4.64, 5.32, 5.252, 5.194, 7.32, 9.313, 5.72, 5.25, 5.69, 4.79, 3.84, 3.45, 3.2, 4.06, 4.05, 3.84, 4.55, 5.654, 5.937, 6.487, 7.437, 7.807, 7.557, 6.947, 5.837, 5.737, 5.984, 5.947, 6.354, 6.677, 6.017, 5.827, 5.67, 5.46, 6.02], [11.504, 12.14, 11.152, 10.345, 9.114, 9.27, 9.631, 8.46, 6.759, 7.449, 8.367, 8.457, 8.134, 7.837, 8.034, 7.594, 6.507, 6.347, 7.127, 7.534, 7.123, 5.55, 2.68, 1.65, 1.73, 1.72, 1.79, 1.71, 2.02, 1.38, 0, 0.98, 1.23, 1.86, 2.71, 3.31, 3.2, 3.46, 3.13, 2.56, 2.6, 3.19, 3.72, 3.57, 2.95, 2.99, 3.1, 2.57, 2.01, 2.49, 3.87, 4.82, 5.4, 5.28, 5.24, 7.36, 9.4, 6.22, 6.19, 6.81, 5.85, 4.6, 4.39, 3.9, 4.16, 4.21, 4.1, 4.53, 5.569, 5.872, 6.456, 7.332, 7.73, 7.457, 6.942, 5.792, 5.672, 5.87, 5.83, 6.246, 6.606, 5.972, 5.762, 5.744, 5.474, 5.994], [11.253, 11.986, 11.135, 10.385, 9.231, 9.387, 9.648, 8.67, 7.1, 7.77, 8.74, 8.81, 8.47, 8.03, 8.25, 7.75, 6.8, 6.72, 7.48, 7.83, 7.53, 5.95, 3.08, 2.07, 1.99, 1.86, 1.77, 1.83, 2.22, 1.68, 0.98, 0, 1.01, 1.8, 2.79, 3.35, 3.04, 3.24, 2.97, 2.5, 2.64, 3.33, 3.88, 3.61, 2.81, 2.85, 3.0, 2.61, 1.93, 2.55, 3.77, 4.76, 5.16, 5.14, 5.04, 7.12, 9.04, 6.38, 6.39, 6.99, 6.03, 4.8, 4.55, 4.02, 4.06, 4.13, 3.98, 4.69, 5.868, 6.251, 6.795, 7.707, 8.088, 7.836, 7.21, 6.111, 6.031, 6.28, 6.2, 6.65, 6.976, 6.3, 6.061, 5.884, 5.663, 6.263], [12.037, 12.727, 11.779, 10.972, 9.741, 9.854, 10.124, 9.044, 7.25, 8.0, 8.95, 9.06, 8.76, 8.38, 8.64, 8.115, 7.07, 6.93, 7.73, 8.14, 7.72, 6.14, 3.23, 1.94, 1.8, 1.61, 1.56, 1.92, 2.19, 1.75, 1.23, 1.01, 0, 1.25, 2.04, 2.62, 2.49, 2.77, 2.52, 2.29, 2.21, 3.18, 3.71, 3.54, 2.74, 2.76, 2.91, 2.64, 1.94, 2.5, 4.26, 5.21, 5.81, 5.77, 5.63, 7.822, 9.79, 6.73, 6.5, 7.06, 5.82, 4.57, 4.32, 3.85, 3.57, 3.58, 3.53, 4.04, 5.153, 5.476, 6.046, 6.93, 7.368, 7.09, 6.486, 5.39, 5.276, 5.5, 5.42, 5.85, 6.176, 5.556, 5.346, 5.229, 5.019, 5.579], [12.505, 13.109, 12.186, 11.302, 10.062, 10.135, 10.451, 9.251, 7.078, 7.73, 8.718, 8.868, 8.708, 8.523, 8.868, 8.28, 7.153, 6.7, 7.538, 7.928, 7.41, 5.85, 3.08, 2.13, 1.83, 1.54, 1.85, 1.81, 2.04, 1.86, 1.86, 1.8, 1.25, 0, 1.33, 2.07, 1.88, 2.14, 1.95, 1.66, 1.44, 2.41, 3.12, 3.33, 2.41, 2.41, 2.58, 2.41, 1.83, 2.43, 4.672, 5.646, 6.323, 6.183, 6.14, 8.248, 10.331, 6.96, 6.17, 6.57, 5.15, 3.68, 3.63, 2.92, 2.88, 2.83, 2.72, 3.49, 4.674, 4.977, 5.567, 6.417, 6.781, 6.517, 6.067, 4.92, 4.857, 4.987, 4.927, 5.377, 5.757, 5.137, 4.827, 4.73, 4.52, 5.12], [13.536, 14.102, 13.159, 12.252, 11.012, 11.108, 11.384, 10.227, 8.04, 8.404, 9.371, 9.481, 9.584, 9.401, 9.798, 9.327, 8.057, 7.465, 8.34, 8.73, 8.018, 6.424, 3.61, 2.48, 2.12, 1.79, 2.08, 2.24, 2.45, 2.51, 2.71, 2.79, 2.04, 1.33, 0, 1.02, 1.09, 1.41, 1.36, 1.61, 1.29, 2.6, 3.79, 3.96, 3.04, 2.78, 3.05, 2.98, 2.48, 3.28, 5.765, 6.715, 7.398, 7.284, 7.241, 9.37, 11.403, 7.85, 6.673, 6.96, 5.44, 3.65, 4.0, 2.93, 2.05, 1.94, 1.87, 2.54, 3.567, 3.81, 4.4, 5.27, 5.686, 5.41, 4.84, 3.71, 3.67, 3.82, 3.78, 4.19, 4.57, 3.97, 3.72, 3.64, 3.473, 3.973], [14.049, 14.61, 13.599, 12.715, 11.475, 11.671, 11.984, 10.724, 8.597, 9.01, 10.003, 10.038, 10.224, 9.961, 10.361, 9.821, 8.568, 8.054, 8.903, 9.293, 8.635, 7.035, 4.23, 3.06, 2.56, 2.29, 2.58, 2.7, 2.87, 3.15, 3.31, 3.35, 2.62, 2.07, 1.02, 0, 0.95, 0.99, 1.42, 1.99, 1.71, 3.0, 4.204, 4.34, 3.4, 3.22, 3.47, 3.56, 3.1, 3.84, 6.351, 7.328, 7.998, 7.927, 7.864, 9.97, 11.955, 8.33, 7.02, 7.32, 5.66, 3.79, 4.38, 3.15, 2.11, 1.76, 1.65, 1.98, 2.99, 3.287, 3.817, 4.747, 5.154, 4.884, 4.197, 3.207, 3.093, 3.303, 3.237, 3.673, 3.993, 3.287, 3.22, 3.1, 2.862, 3.382], [13.747, 14.417, 13.466, 12.599, 11.359, 11.358, 11.671, 10.511, 8.424, 8.837, 9.833, 9.905, 10.031, 9.728, 10.148, 9.528, 8.329, 7.853, 8.75, 9.14, 8.485, 6.87, 4.08, 3.11, 2.59, 2.3, 2.75, 2.73, 2.82, 2.98, 3.2, 3.04, 2.49, 1.88, 1.09, 0.95, 0, 0.76, 0.95, 1.6, 1.6, 2.87, 3.96, 3.95, 2.93, 2.79, 3.02, 3.25, 2.71, 3.41, 5.898, 6.92, 7.6, 7.5, 7.4, 9.537, 11.511, 8.1, 6.83, 7.15, 5.43, 3.5, 4.15, 2.82, 1.82, 1.67, 1.58, 2.27, 3.366, 3.709, 4.213, 5.154, 5.492, 5.265, 4.659, 3.569, 3.489, 3.727, 3.667, 4.097, 4.429, 3.769, 3.59, 3.442, 3.232, 3.792], [13.984, 14.677, 13.726, 12.862, 11.702, 11.715, 11.871, 10.865, 8.807, 9.2, 10.193, 10.285, 10.371, 10.008, 10.428, 9.922, 8.692, 8.193, 9.11, 9.5, 8.845, 7.25, 4.46, 3.41, 2.87, 2.62, 2.99, 2.97, 3.16, 3.28, 3.46, 3.24, 2.77, 2.14, 1.41, 0.99, 0.76, 0, 0.97, 1.74, 1.8, 3.15, 4.32, 4.25, 3.17, 2.99, 3.24, 3.43, 2.85, 3.71, 6.124, 7.14, 7.92, 7.86, 7.76, 9.897, 11.725, 8.46, 7.19, 7.45, 5.67, 3.72, 4.33, 2.98, 1.8, 1.57, 1.34, 1.93, 3.119, 3.522, 4.043, 4.97, 5.329, 5.076, 4.452, 3.382, 3.302, 3.546, 3.486, 3.922, 4.242, 3.542, 3.392, 3.215, 2.977, 3.537], [13.172, 13.867, 12.856, 12.032, 10.875, 10.948, 11.201, 10.144, 8.137, 8.57, 9.543, 9.655, 9.664, 9.258, 9.678, 9.224, 7.917, 7.523, 8.46, 8.87, 8.215, 6.62, 4.19, 3.26, 2.72, 2.51, 2.92, 2.8, 2.91, 3.11, 3.13, 2.97, 2.52, 1.95, 1.36, 1.42, 0.95, 0.97, 0, 0.97, 1.05, 2.32, 3.51, 3.46, 2.62, 2.48, 2.73, 2.84, 2.4, 3.06, 5.44, 6.39, 7.122, 7.09, 7.021, 9.167, 10.995, 7.63, 6.4, 6.82, 5.1, 3.15, 3.66, 2.39, 1.61, 1.58, 1.41, 2.472, 3.909, 4.272, 4.816, 5.743, 6.093, 5.86, 5.222, 4.172, 4.092, 4.31, 4.282, 4.692, 5.012, 4.312, 4.062, 3.945, 3.655, 4.295], [12.402, 13.097, 12.169, 11.382, 10.225, 10.298, 10.551, 9.474, 7.427, 7.86, 8.853, 8.945, 9.011, 8.608, 9.028, 8.514, 7.244, 6.813, 7.75, 8.16, 7.505, 5.93, 3.62, 2.69, 2.15, 2.04, 2.47, 2.29, 2.42, 2.54, 2.56, 2.5, 2.29, 1.66, 1.61, 1.99, 1.6, 1.74, 0.97, 0, 0.86, 1.71, 2.76, 2.75, 1.91, 1.91, 2.16, 2.19, 1.89, 2.31, 4.69, 5.66, 6.36, 6.38, 6.28, 8.38, 10.24, 6.92, 5.77, 6.15, 4.63, 2.86, 3.15, 2.06, 2.26, 2.23, 2.02, 3.179, 4.639, 4.993, 5.561, 6.47, 6.835, 6.602, 5.97, 4.882, 4.802, 5.012, 4.992, 5.393, 5.713, 5.048, 4.732, 4.635, 4.403, 5.023], [12.404, 12.977, 11.986, 11.142, 10.002, 10.198, 10.531, 9.294, 7.227, 7.705, 8.718, 8.848, 8.791, 8.468, 8.828, 8.334, 7.093, 6.7, 7.575, 7.985, 7.388, 5.85, 3.54, 2.73, 2.27, 2.16, 2.45, 2.27, 2.48, 2.56, 2.6, 2.64, 2.21, 1.44, 1.29, 1.71, 1.6, 1.8, 1.05, 0.86, 0, 1.59, 2.7, 2.95, 2.31, 2.29, 2.48, 2.43, 2.09, 2.45, 4.77, 5.68, 6.44, 6.46, 6.38, 8.46, 10.38, 6.82, 5.79, 6.19, 4.79, 3.08, 3.31, 2.26, 2.22, 2.21, 2.04, 3.113, 4.52, 4.88, 5.43, 6.377, 6.701, 6.482, 5.847, 4.757, 4.683, 4.939, 4.887, 5.309, 5.629, 4.937, 4.627, 4.51, 4.28, 4.9], [11.225, 11.753, 10.736, 9.912, 8.755, 9.108, 9.478, 8.14, 6.07, 6.52, 7.53, 7.66, 7.62, 7.358, 7.715, 7.32, 6.03, 5.67, 6.39, 6.8, 6.22, 5.04, 3.59, 3.26, 2.86, 2.85, 3.28, 2.86, 2.81, 3.07, 3.19, 3.33, 3.18, 2.41, 2.6, 3.0, 2.87, 3.15, 2.32, 1.71, 1.59, 0, 1.53, 1.86, 2.3, 2.54, 2.49, 2.56, 2.58, 2.34, 3.76, 4.77, 5.41, 5.51, 5.39, 7.25, 9.15, 5.61, 4.68, 5.24, 3.96, 2.49, 2.4, 2.37, 3.396, 3.346, 3.176, 4.369, 5.759, 6.085, 6.635, 7.585, 7.906, 7.69, 7.04, 5.95, 5.899, 6.141, 6.081, 6.511, 6.851, 6.157, 5.82, 5.732, 5.525, 6.125], [9.89, 10.514, 9.566, 8.779, 7.542, 7.72, 8.07, 6.85, 4.88, 5.33, 6.32, 6.45, 6.37, 6.01, 6.445, 5.89, 4.72, 4.42, 5.22, 5.67, 5.15, 4.21, 3.36, 3.55, 3.25, 3.28, 3.75, 3.33, 3.2, 3.48, 3.72, 3.88, 3.71, 3.12, 3.79, 4.204, 3.96, 4.32, 3.51, 2.76, 2.7, 1.53, 0, 0.95, 2.29, 2.67, 2.58, 2.55, 2.67, 2.09, 2.95, 3.52, 4.18, 4.28, 4.24, 5.98, 7.88, 4.32, 3.65, 4.29, 2.97, 2.32, 2.21, 2.96, 4.68, 4.63, 4.46, 5.633, 7.043, 7.4, 7.95, 8.9, 9.227, 8.985, 8.359, 7.269, 7.206, 7.462, 7.39, 7.832, 8.152, 7.46, 7.139, 7.033, 6.841, 7.441], [9.863, 10.536, 9.679, 8.872, 7.661, 7.774, 8.084, 6.984, 4.997, 5.455, 6.45, 6.578, 6.504, 6.12, 6.521, 6.02, 4.79, 4.47, 5.35, 5.76, 5.14, 4.04, 3.09, 3.34, 3.04, 3.13, 3.68, 3.24, 3.03, 3.25, 3.57, 3.61, 3.54, 3.33, 3.96, 4.34, 3.95, 4.25, 3.46, 2.75, 2.95, 1.86, 0.95, 0, 1.74, 2.12, 2.03, 2.04, 2.34, 1.84, 2.54, 3.47, 4.01, 4.09, 3.97, 5.87, 7.77, 4.37, 3.64, 4.18, 2.94, 2.47, 2.1, 2.939, 4.719, 4.689, 4.519, 5.732, 7.135, 7.492, 8.048, 8.989, 9.322, 9.083, 8.494, 7.378, 7.298, 7.551, 7.491, 7.921, 8.247, 7.584, 7.257, 7.137, 6.947, 7.55], [11.163, 11.867, 10.956, 10.112, 8.872, 8.885, 9.041, 8.024, 5.997, 6.407, 7.37, 7.435, 7.541, 7.218, 7.658, 7.044, 5.87, 5.37, 6.29, 6.7, 6.02, 4.44, 2.47, 2.2, 2.02, 2.03, 2.5, 2.0, 1.77, 2.09, 2.95, 2.81, 2.74, 2.41, 3.04, 3.4, 2.93, 3.17, 2.62, 1.91, 2.31, 2.3, 2.29, 1.74, 0, 0.66, 0.79, 1.1, 1.32, 1.62, 3.32, 4.35, 5.07, 5.09, 4.81, 7.01, 8.79, 5.59, 4.48, 4.88, 3.62, 2.65, 2.28, 2.27, 3.681, 3.651, 3.481, 4.694, 6.097, 6.463, 7.001, 7.937, 8.264, 8.028, 7.45, 6.34, 6.26, 6.504, 6.447, 6.883, 7.203, 6.54, 6.237, 6.093, 5.903, 6.506], [11.554, 12.247, 11.236, 10.369, 9.149, 9.125, 9.281, 8.309, 6.234, 6.567, 7.57, 7.575, 7.761, 7.418, 7.875, 7.429, 6.179, 5.65, 6.57, 6.92, 6.18, 4.56, 2.63, 2.04, 1.88, 1.93, 2.26, 1.88, 1.69, 2.03, 2.99, 2.85, 2.76, 2.41, 2.78, 3.22, 2.79, 2.99, 2.48, 1.91, 2.29, 2.54, 2.67, 2.12, 0.66, 0, 0.61, 1.1, 1.34, 2.0, 3.78, 4.71, 5.49, 5.51, 5.31, 7.49, 9.27, 6.01, 4.66, 4.9, 3.52, 2.53, 2.2, 1.95, 3.144, 3.114, 3.004, 4.154, 5.592, 5.977, 6.501, 7.44, 7.784, 7.537, 6.933, 5.835, 5.755, 6.007, 5.947, 6.397, 6.697, 6.023, 5.731, 5.607, 5.39, 5.989], [11.342, 12.034, 11.043, 10.176, 8.936, 8.912, 9.048, 8.096, 6.009, 6.35, 7.34, 7.35, 7.568, 7.23, 7.685, 7.196, 5.94, 5.42, 6.32, 6.69, 5.95, 4.33, 2.48, 2.17, 1.99, 2.0, 2.41, 1.93, 1.6, 2.06, 3.1, 3.0, 2.91, 2.58, 3.05, 3.47, 3.02, 3.24, 2.73, 2.16, 2.48, 2.49, 2.58, 2.03, 0.79, 0.61, 0, 0.99, 1.39, 1.91, 3.49, 4.48, 5.24, 5.22, 5.04, 7.24, 9.02, 5.76, 4.45, 4.67, 3.39, 2.42, 2.07, 1.94, 3.414, 3.364, 3.174, 4.421, 5.871, 6.273, 6.769, 7.695, 8.043, 7.787, 7.18, 6.105, 6.005, 6.257, 6.244, 6.694, 6.967, 6.334, 6.004, 5.907, 5.677, 6.297], [10.874, 11.567, 10.596, 9.729, 8.509, 8.485, 8.641, 7.681, 5.594, 5.975, 6.968, 7.018, 7.161, 6.778, 7.238, 6.749, 5.499, 4.991, 5.894, 6.287, 5.595, 4.0, 1.83, 1.88, 1.8, 1.81, 2.06, 1.66, 1.55, 1.67, 2.57, 2.61, 2.64, 2.41, 2.98, 3.56, 3.25, 3.43, 2.84, 2.19, 2.43, 2.56, 2.55, 2.04, 1.1, 1.1, 0.99, 0, 0.98, 1.46, 3.06, 3.99, 4.71, 4.71, 4.601, 6.807, 8.61, 5.29, 4.2, 4.56, 3.48, 2.81, 2.34, 2.53, 3.81, 3.78, 3.61, 4.774, 6.218, 6.557, 7.113, 8.055, 8.413, 8.177, 7.556, 6.461, 6.381, 6.607, 6.567, 6.977, 7.303, 6.626, 6.331, 6.214, 5.989, 6.592], [11.454, 12.147, 11.176, 10.309, 9.089, 9.085, 9.281, 8.264, 6.217, 6.635, 7.628, 7.758, 7.761, 7.378, 7.838, 7.344, 6.103, 5.623, 6.543, 6.953, 6.315, 4.72, 2.21, 1.48, 1.34, 1.29, 1.72, 1.4, 1.29, 1.31, 2.01, 1.93, 1.94, 1.83, 2.48, 3.1, 2.71, 2.85, 2.4, 1.89, 2.09, 2.58, 2.67, 2.34, 1.32, 1.34, 1.39, 0.98, 0, 1.46, 3.64, 4.61, 5.33, 5.27, 5.161, 7.327, 9.175, 5.867, 4.88, 5.34, 4.24, 3.07, 2.72, 2.59, 3.53, 3.58, 3.39, 4.229, 5.638, 5.992, 6.542, 7.469, 7.821, 7.597, 6.957, 5.901, 5.821, 6.047, 6.007, 6.421, 6.741, 6.047, 5.771, 5.654, 5.39, 6.03], [10.477, 11.147, 10.199, 9.392, 8.252, 8.308, 8.621, 7.484, 5.437, 5.9, 6.868, 6.998, 7.001, 6.658, 7.018, 6.444, 5.254, 4.83, 5.74, 6.15, 5.54, 4.1, 2.19, 2.32, 2.18, 2.27, 2.4, 2.06, 2.03, 2.07, 2.49, 2.55, 2.5, 2.43, 3.28, 3.84, 3.41, 3.71, 3.06, 2.31, 2.45, 2.34, 2.09, 1.84, 1.62, 2.0, 1.91, 1.46, 1.46, 0, 2.58, 3.63, 4.45, 4.35, 4.21, 6.31, 8.25, 4.97, 4.28, 4.74, 3.68, 2.91, 2.54, 2.85, 4.25, 4.2, 4.03, 5.229, 6.639, 6.993, 7.543, 8.478, 8.824, 8.551, 7.972, 6.882, 6.802, 7.03, 6.95, 7.42, 7.753, 7.062, 6.792, 6.634, 6.404, 7.024], [8.1, 8.813, 7.936, 7.129, 6.018, 6.13, 6.38, 5.36, 3.89, 4.42, 5.29, 5.36, 5.02, 4.58, 4.8, 4.4, 3.37, 3.31, 4.03, 4.42, 4.16, 2.9, 2.79, 4.357, 4.58, 4.647, 4.52, 4.04, 3.981, 3.681, 3.87, 3.77, 4.26, 4.672, 5.765, 6.351, 5.898, 6.124, 5.44, 4.69, 4.77, 3.76, 2.95, 2.54, 3.32, 3.78, 3.49, 3.06, 3.64, 2.58, 0, 1.49, 2.21, 2.45, 2.03, 3.91, 5.73, 3.07, 3.34, 3.8, 3.48, 4.33, 3.74, 4.913, 6.653, 6.603, 6.453, 7.706, 9.149, 9.508, 10.085, 11.0, 11.344, 11.097, 10.508, 9.392, 9.312, 9.559, 9.499, 9.929, 10.275, 9.607, 9.276, 9.173, 8.95, 9.55], [6.982, 7.732, 6.74, 5.93, 4.81, 4.9, 5.13, 4.13, 3.58, 3.83, 4.32, 4.33, 4.01, 3.59, 3.83, 3.31, 2.52, 2.66, 3.06, 3.45, 3.39, 2.45, 3.56, 5.275, 5.51, 5.6, 5.47, 4.99, 4.925, 4.64, 4.82, 4.76, 5.21, 5.646, 6.715, 7.328, 6.92, 7.14, 6.39, 5.66, 5.68, 4.77, 3.52, 3.47, 4.35, 4.71, 4.48, 3.99, 4.61, 3.63, 1.49, 0, 1.02, 1.68, 1.52, 3.04, 4.78, 2.74, 3.11, 3.47, 3.55, 5.054, 4.567, 5.757, 7.554, 7.487, 7.337, 8.627, 10.096, 10.438, 11.011, 11.938, 12.277, 12.038, 11.429, 10.313, 10.253, 10.489, 10.429, 10.859, 11.199, 10.528, 10.209, 10.077, 9.871, 10.471], [6.282, 7.0, 6.08, 5.37, 4.25, 4.46, 4.83, 4.23, 4.06, 4.29, 4.38, 4.35, 4.27, 3.89, 3.99, 3.55, 2.9, 3.02, 3.06, 3.47, 3.57, 2.97, 4.24, 5.984, 6.23, 6.28, 6.27, 5.73, 5.588, 5.32, 5.4, 5.16, 5.81, 6.323, 7.398, 7.998, 7.6, 7.92, 7.122, 6.36, 6.44, 5.41, 4.18, 4.01, 5.07, 5.49, 5.24, 4.71, 5.33, 4.45, 2.21, 1.02, 0, 1.02, 1.02, 2.18, 4.1, 3.1, 3.67, 4.07, 4.15, 5.877, 5.43, 6.62, 8.354, 8.31, 8.14, 9.347, 10.777, 11.111, 11.681, 12.602, 12.943, 12.722, 12.112, 11.0, 10.92, 11.152, 11.112, 11.522, 11.863, 11.211, 10.89, 10.784, 10.574, 11.194], [6.402, 7.072, 6.18, 5.71, 4.93, 5.22, 5.75, 4.99, 4.68, 4.97, 5.16, 5.13, 5.01, 4.73, 4.77, 4.33, 3.66, 3.7, 3.82, 4.23, 4.25, 3.35, 4.12, 5.95, 6.21, 6.24, 6.21, 5.65, 5.537, 5.252, 5.28, 5.14, 5.77, 6.183, 7.284, 7.927, 7.5, 7.86, 7.09, 6.38, 6.46, 5.51, 4.28, 4.09, 5.09, 5.51, 5.22, 4.71, 5.27, 4.35, 2.45, 1.68, 1.02, 0, 0.86, 2.3, 4.54, 3.76, 4.25, 4.67, 4.43, 5.923, 5.51, 6.64, 8.346, 8.296, 8.166, 9.339, 10.68, 11.026, 11.616, 12.497, 12.864, 12.608, 12.059, 10.889, 10.829, 11.067, 10.987, 11.44, 11.803, 11.166, 10.819, 10.718, 10.528, 11.148], [6.647, 7.332, 6.46, 5.73, 4.89, 5.14, 5.55, 4.89, 4.66, 4.95, 5.04, 5.01, 4.91, 4.59, 4.63, 4.21, 3.58, 3.6, 3.7, 4.11, 4.09, 3.17, 4.1, 5.884, 6.15, 6.154, 6.17, 5.61, 5.494, 5.194, 5.24, 5.04, 5.63, 6.14, 7.241, 7.864, 7.4, 7.76, 7.021, 6.28, 6.38, 5.39, 4.24, 3.97, 4.81, 5.31, 5.04, 4.601, 5.161, 4.21, 2.03, 1.52, 1.02, 0.86, 0, 2.32, 4.36, 3.7, 4.25, 4.67, 4.59, 5.817, 5.45, 6.56, 8.26, 8.23, 8.08, 9.253, 10.631, 10.976, 11.566, 12.456, 12.812, 12.556, 12.015, 10.863, 10.786, 11.041, 10.961, 11.411, 11.754, 11.117, 10.776, 10.67, 10.48, 11.1], [4.51, 5.16, 4.6, 4.25, 3.35, 3.66, 4.23, 3.67, 4.0, 3.89, 3.72, 3.71, 3.65, 3.35, 3.29, 2.95, 2.62, 2.82, 2.84, 3.13, 3.45, 3.73, 6.22, 8.05, 8.31, 8.32, 8.287, 7.73, 7.62, 7.32, 7.36, 7.12, 7.822, 8.248, 9.37, 9.97, 9.537, 9.897, 9.167, 8.38, 8.46, 7.25, 5.98, 5.87, 7.01, 7.49, 7.24, 6.807, 7.327, 6.31, 3.91, 3.04, 2.18, 2.3, 2.32, 0, 2.74, 2.94, 4.15, 4.47, 5.87, 7.923, 7.456, 8.666, 10.426, 10.396, 10.246, 11.419, 12.763, 13.108, 13.698, 14.597, 14.944, 14.688, 14.142, 12.992, 12.912, 13.167, 13.087, 13.546, 13.886, 13.248, 12.902, 12.801, 12.611, 13.231], [2.85, 3.38, 2.56, 2.21, 2.01, 2.06, 2.33, 2.87, 4.48, 4.39, 3.54, 3.31, 2.87, 2.87, 2.45, 2.57, 3.74, 4.34, 3.74, 3.63, 4.29, 5.65, 8.26, 9.983, 10.19, 10.273, 10.21, 9.69, 9.613, 9.313, 9.4, 9.04, 9.79, 10.331, 11.403, 11.955, 11.511, 11.725, 10.995, 10.24, 10.38, 9.15, 7.88, 7.77, 8.79, 9.27, 9.02, 8.61, 9.175, 8.25, 5.73, 4.78, 4.1, 4.54, 4.36, 2.74, 0, 3.72, 5.47, 5.71, 7.615, 9.751, 9.264, 10.474, 12.254, 12.224, 12.074, 13.324, 14.776, 15.124, 15.68, 16.609, 16.939, 16.721, 16.123, 15.039, 14.959, 15.192, 15.132, 15.562, 15.882, 15.222, 14.915, 14.8, 14.565, 15.185], [5.79, 6.406, 5.423, 4.599, 3.388, 3.6, 3.97, 2.73, 1.5, 1.75, 2.38, 2.45, 2.29, 2.03, 2.29, 1.89, 1.6, 1.84, 2.36, 2.85, 2.87, 2.79, 4.64, 6.33, 6.59, 6.62, 6.57, 6.03, 5.92, 5.72, 6.22, 6.38, 6.73, 6.96, 7.85, 8.33, 8.1, 8.46, 7.63, 6.92, 6.82, 5.61, 4.32, 4.37, 5.59, 6.01, 5.76, 5.29, 5.867, 4.97, 3.07, 2.74, 3.1, 3.76, 3.7, 2.94, 3.72, 0, 1.91, 2.29, 4.039, 6.232, 5.744, 6.934, 8.763, 8.713, 8.543, 9.736, 11.146, 11.494, 12.044, 12.994, 13.321, 13.085, 12.476, 11.366, 11.3, 11.536, 11.476, 11.906, 12.249, 11.583, 11.239, 11.136, 10.969, 11.569], [7.502, 8.05, 6.919, 5.92, 4.749, 5.07, 5.48, 4.06, 1.93, 2.26, 3.25, 3.36, 3.46, 3.28, 3.68, 3.46, 2.75, 2.53, 3.17, 3.52, 3.16, 2.94, 4.05, 5.54, 5.54, 5.49, 5.76, 5.18, 4.79, 5.25, 6.19, 6.39, 6.5, 6.17, 6.673, 7.02, 6.83, 7.19, 6.4, 5.77, 5.79, 4.68, 3.65, 3.64, 4.48, 4.66, 4.45, 4.2, 4.88, 4.28, 3.34, 3.11, 3.67, 4.25, 4.25, 4.15, 5.47, 1.91, 0, 0.82, 2.4, 4.599, 4.152, 5.322, 7.202, 7.178, 6.988, 8.155, 9.545, 9.791, 10.327, 11.277, 11.635, 11.391, 10.723, 9.633, 9.608, 9.858, 9.784, 10.228, 10.574, 9.857, 9.578, 9.47, 9.28, 9.88], [7.679, 8.27, 7.084, 6.08, 5.02, 5.238, 5.593, 4.228, 2.17, 2.24, 3.19, 3.26, 3.54, 3.4, 3.834, 3.74, 3.07, 2.73, 3.37, 3.62, 3.14, 2.88, 4.37, 5.96, 5.96, 5.87, 6.0, 5.46, 5.09, 5.69, 6.81, 6.99, 7.06, 6.57, 6.96, 7.32, 7.15, 7.45, 6.82, 6.15, 6.19, 5.24, 4.29, 4.18, 4.88, 4.9, 4.67, 4.56, 5.34, 4.74, 3.8, 3.47, 4.07, 4.67, 4.67, 4.47, 5.71, 2.29, 0.82, 0, 2.28, 4.485, 4.02, 5.21, 7.148, 7.141, 6.951, 8.15, 9.531, 9.683, 10.17, 11.12, 11.496, 11.237, 10.561, 9.471, 9.554, 9.824, 9.764, 10.203, 10.574, 9.814, 9.544, 9.447, 9.294, 9.897], [9.646, 10.321, 9.107, 8.14, 7.077, 7.213, 7.522, 6.217, 4.082, 4.32, 5.225, 5.26, 5.537, 5.332, 5.829, 5.549, 4.39, 3.93, 4.61, 4.98, 4.28, 3.52, 3.85, 4.76, 4.7, 4.73, 4.96, 4.58, 4.17, 4.79, 5.85, 6.03, 5.82, 5.15, 5.44, 5.66, 5.43, 5.67, 5.1, 4.63, 4.79, 3.96, 2.97, 2.94, 3.62, 3.52, 3.39, 3.48, 4.24, 3.68, 3.48, 3.55, 4.15, 4.43, 4.59, 5.87, 7.615, 4.039, 2.4, 2.28, 0, 2.37, 2.16, 3.19, 4.97, 4.98, 4.87, 6.04, 7.457, 7.697, 8.186, 9.086, 9.48, 9.226, 8.606, 7.586, 7.51, 7.807, 7.73, 8.22, 8.517, 7.757, 7.596, 7.493, 7.343, 7.92], [11.821, 12.517, 11.312, 10.348, 9.282, 9.408, 9.65, 8.425, 6.294, 6.533, 7.438, 7.473, 7.75, 7.51, 8.027, 7.747, 6.451, 5.897, 6.624, 6.933, 6.093, 4.744, 3.86, 3.71, 3.43, 3.54, 3.83, 3.51, 3.22, 3.84, 4.6, 4.8, 4.57, 3.68, 3.65, 3.79, 3.5, 3.72, 3.15, 2.86, 3.08, 2.49, 2.32, 2.47, 2.65, 2.53, 2.42, 2.81, 3.07, 2.91, 4.33, 5.054, 5.877, 5.923, 5.817, 7.923, 9.751, 6.232, 4.599, 4.485, 2.37, 0, 1.15, 1.28, 2.78, 2.93, 2.76, 4.09, 5.52, 5.699, 6.126, 7.076, 7.45, 7.196, 6.566, 5.58, 5.58, 5.791, 5.743, 6.313, 6.553, 5.833, 5.55, 5.506, 5.356, 5.876], [11.314, 12.01, 10.805, 9.841, 8.775, 8.901, 9.143, 7.918, 5.785, 6.024, 6.91, 6.966, 7.243, 7.003, 7.52, 7.24, 5.944, 5.404, 6.119, 6.446, 5.646, 4.42, 3.23, 3.34, 3.16, 3.29, 3.54, 3.18, 2.83, 3.45, 4.39, 4.55, 4.32, 3.63, 4.0, 4.38, 4.15, 4.33, 3.66, 3.15, 3.31, 2.4, 2.21, 2.1, 2.28, 2.2, 2.07, 2.34, 2.72, 2.54, 3.74, 4.567, 5.43, 5.51, 5.45, 7.456, 9.264, 5.744, 4.152, 4.02, 2.16, 1.15, 0, 1.51, 3.33, 3.44, 3.31, 4.56, 6.05, 6.229, 6.636, 7.546, 7.928, 7.666, 7.016, 6.03, 6.05, 6.273, 6.339, 6.849, 7.089, 6.369, 6.12, 6.08, 5.932, 6.452], [12.524, 13.22, 11.995, 11.051, 9.985, 10.111, 10.37, 9.128, 6.997, 7.236, 8.15, 8.194, 8.453, 8.247, 8.73, 8.45, 7.154, 6.614, 7.329, 7.636, 6.8, 5.43, 3.74, 3.07, 2.69, 2.78, 3.13, 2.79, 2.58, 3.2, 3.9, 4.02, 3.85, 2.92, 2.93, 3.15, 2.82, 2.98, 2.39, 2.06, 2.26, 2.37, 2.96, 2.939, 2.27, 1.95, 1.94, 2.53, 2.59, 2.85, 4.913, 5.757, 6.62, 6.64, 6.56, 8.666, 10.474, 6.934, 5.322, 5.21, 3.19, 1.28, 1.51, 0, 2.1, 2.13, 2.0, 3.17, 4.74, 5.088, 5.463, 6.353, 6.727, 6.473, 5.823, 4.82, 4.72, 5.01, 5.069, 5.5, 5.76, 5.099, 4.95, 4.861, 4.631, 5.168], [14.37, 15.063, 13.921, 12.979, 11.874, 11.926, 12.176, 11.019, 8.852, 9.142, 10.001, 10.085, 10.345, 10.07, 10.57, 10.276, 8.989, 8.429, 9.249, 9.542, 8.682, 7.079, 5.06, 3.81, 3.37, 3.26, 3.37, 3.61, 3.74, 4.06, 4.16, 4.06, 3.57, 2.88, 2.05, 2.11, 1.82, 1.8, 1.61, 2.26, 2.22, 3.396, 4.68, 4.719, 3.681, 3.144, 3.414, 3.81, 3.53, 4.25, 6.653, 7.554, 8.354, 8.346, 8.26, 10.426, 12.254, 8.763, 7.202, 7.148, 4.97, 2.78, 3.33, 2.1, 0, 0.67, 0.8, 1.47, 2.9, 3.288, 3.589, 4.499, 4.86, 4.619, 3.989, 3.02, 3.02, 3.29, 3.27, 3.82, 4.02, 3.3, 3.09, 3.09, 2.92, 3.38], [14.3, 15.013, 13.856, 12.915, 11.832, 11.902, 12.146, 10.975, 8.828, 9.118, 10.034, 10.084, 10.338, 10.035, 10.535, 10.226, 8.942, 8.39, 9.219, 9.518, 8.661, 7.038, 4.97, 3.82, 3.4, 3.27, 3.36, 3.54, 3.67, 4.05, 4.21, 4.13, 3.58, 2.83, 1.94, 1.76, 1.67, 1.57, 1.58, 2.23, 2.21, 3.346, 4.63, 4.689, 3.651, 3.114, 3.364, 3.78, 3.58, 4.2, 6.603, 7.487, 8.31, 8.296, 8.23, 10.396, 12.224, 8.713, 7.178, 7.141, 4.98, 2.93, 3.44, 2.13, 0.67, 0, 0.55, 1.32, 2.77, 3.198, 3.596, 4.506, 4.853, 4.626, 3.996, 2.99, 2.91, 3.22, 3.199, 3.71, 3.91, 3.223, 3.0, 2.96, 2.786, 3.258], [14.15, 14.843, 13.701, 12.759, 11.656, 11.732, 11.976, 10.799, 8.638, 8.928, 9.824, 9.874, 10.128, 9.85, 10.35, 10.056, 8.769, 8.22, 9.032, 9.328, 8.471, 6.868, 4.74, 3.73, 3.27, 3.08, 3.29, 3.31, 3.42, 3.84, 4.1, 3.98, 3.53, 2.72, 1.87, 1.65, 1.58, 1.34, 1.41, 2.02, 2.04, 3.176, 4.46, 4.519, 3.481, 3.004, 3.174, 3.61, 3.39, 4.03, 6.453, 7.337, 8.14, 8.166, 8.08, 10.246, 12.074, 8.543, 6.988, 6.951, 4.87, 2.76, 3.31, 2.0, 0.8, 0.55, 0, 1.41, 2.92, 3.34, 3.729, 4.659, 5.006, 4.799, 4.169, 3.12, 3.08, 3.289, 3.31, 3.82, 4.02, 3.36, 3.09, 3.03, 2.8, 3.345], [15.423, 16.056, 14.934, 13.992, 12.827, 12.916, 13.231, 11.972, 9.805, 10.095, 10.96, 11.047, 11.298, 11.063, 11.563, 11.249, 9.962, 9.402, 10.202, 10.495, 9.65, 8.05, 5.63, 4.2, 3.92, 3.83, 3.86, 4.14, 4.23, 4.55, 4.53, 4.69, 4.04, 3.49, 2.54, 1.98, 2.27, 1.93, 2.472, 3.179, 3.113, 4.369, 5.633, 5.732, 4.694, 4.154, 4.421, 4.774, 4.229, 5.229, 7.706, 8.627, 9.347, 9.339, 9.253, 11.419, 13.324, 9.736, 8.155, 8.15, 6.04, 4.09, 4.56, 3.17, 1.47, 1.32, 1.41, 0, 1.71, 2.17, 2.54, 3.338, 3.728, 3.518, 2.84, 1.85, 1.71, 2.02, 2.12, 2.59, 2.81, 2.13, 1.96, 1.96, 1.63, 2.21], [16.886, 17.466, 16.347, 15.385, 14.179, 14.34, 14.673, 13.345, 11.121, 11.397, 12.262, 12.349, 12.62, 12.525, 12.991, 12.636, 11.335, 10.729, 11.495, 11.791, 10.94, 9.362, 6.729, 5.21, 5.05, 4.9, 4.97, 5.296, 5.389, 5.654, 5.569, 5.868, 5.153, 4.674, 3.567, 2.99, 3.366, 3.119, 3.909, 4.639, 4.52, 5.759, 7.043, 7.135, 6.097, 5.592, 5.871, 6.218, 5.638, 6.639, 9.149, 10.096, 10.777, 10.68, 10.631, 12.763, 14.776, 11.146, 9.545, 9.531, 7.457, 5.52, 6.05, 4.74, 2.9, 2.77, 2.92, 1.71, 0, 0.9, 1.15, 2.0, 2.43, 2.14, 1.73, 1.04, 1.02, 0.97, 0.93, 1.14, 1.24, 0.86, 1.05, 1.13, 1.14, 1.12], [17.232, 17.812, 16.683, 15.691, 14.502, 14.691, 15.018, 13.679, 11.464, 11.659, 12.558, 12.654, 12.951, 12.85, 13.35, 12.993, 11.695, 11.086, 11.796, 12.042, 11.217, 9.691, 7.034, 5.447, 5.304, 5.126, 5.222, 5.607, 5.637, 5.937, 5.872, 6.251, 5.476, 4.977, 3.81, 3.287, 3.709, 3.522, 4.272, 4.993, 4.88, 6.085, 7.4, 7.492, 6.463, 5.977, 6.273, 6.557, 5.992, 6.993, 9.508, 10.438, 11.111, 11.026, 10.976, 13.108, 15.124, 11.494, 9.791, 9.683, 7.697, 5.699, 6.229, 5.088, 3.288, 3.198, 3.34, 2.17, 0.9, 0, 0.63, 1.64, 1.99, 1.76, 1.43, 1.02, 1.3, 1.11, 1.17, 1.28, 1.22, 0.8, 1.03, 1.17, 1.18, 1.12], [17.808, 18.362, 17.23, 16.232, 15.046, 15.241, 15.568, 14.238, 12.036, 12.241, 13.128, 13.235, 13.529, 13.397, 13.886, 13.543, 12.23, 11.676, 12.368, 12.624, 11.798, 10.269, 7.624, 5.843, 5.714, 5.556, 5.712, 6.157, 6.187, 6.487, 6.456, 6.795, 6.046, 5.567, 4.4, 3.817, 4.213, 4.043, 4.816, 5.561, 5.43, 6.635, 7.95, 8.048, 7.001, 6.501, 6.769, 7.113, 6.542, 7.543, 10.085, 11.011, 11.681, 11.616, 11.566, 13.698, 15.68, 12.044, 10.327, 10.17, 8.186, 6.126, 6.636, 5.463, 3.589, 3.596, 3.729, 2.54, 1.15, 0.63