[[0, 0.88, 1.11, 1.84, 2.7, 3.75, 4.17, 4.73, 4.16, 3.46, 3.51, 2.88, 2.74, 2.77, 2.63, 2.36, 2.54, 3.04, 3.21, 3.29, 2.83, 2.83, 3.05, 2.86, 3.12, 3.17, 2.87, 3.16, 2.49, 2.53, 2.74, 3.34, 4.23, 4.97, 5.28, 5.06, 5.69, 5.5, 4.66, 4.54, 4.95, 5.82, 7.02, 8.12, 8.57, 7.89, 7.83, 8.45, 8.09, 8.18, 8.92, 9.26, 8.82, 7.27, 6.66, 5.71, 3.47, 2.71, 2.55, 2.78, 2.33, 2.13, 1.88, 2.2, 2.03, 2.08, 1.77, 1.45, 1.16, 1.22, 1.14, 1.1, 1.08, 1.17, 1.48, 1.61, 2.57, 4.5, 5.45, 5.92, 6.14, 7.38, 7.95, 8.32, 8.55, 8.3], [0.88, 0, 0.75, 1.6, 2.16, 3.15, 3.57, 4.13, 3.6, 2.9, 3.13, 2.68, 2.48, 2.43, 2.31, 2.2, 3.08, 3.62, 3.71, 3.85, 3.43, 3.47, 3.69, 3.48, 3.72, 3.59, 3.19, 3.46, 2.67, 2.35, 2.6, 3.14, 3.63, 4.37, 4.68, 4.46, 5.09, 4.9, 4.08, 4.02, 4.39, 5.24, 6.42, 7.52, 7.99, 7.31, 7.25, 7.87, 7.51, 7.6, 8.34, 8.68, 8.24, 6.69, 6.08, 5.11, 2.93, 2.49, 2.15, 2.46, 2.75, 2.65, 2.54, 2.92, 2.77, 2.82, 2.45, 1.99, 1.82, 1.74, 1.56, 1.42, 1.24, 1.35, 1.86, 2.17, 3.27, 5.14, 6.11, 6.56, 6.8, 8.04, 8.61, 8.9, 9.11, 8.88], [1.11, 0.75, 0, 1.05, 1.85, 2.86, 3.26, 3.9, 3.43, 2.61, 2.78, 2.25, 2.05, 2.08, 1.96, 1.83, 2.67, 3.19, 3.28, 3.42, 3.08, 3.24, 3.36, 3.13, 3.33, 3.14, 2.76, 3.07, 2.4, 2.08, 2.31, 2.95, 3.44, 4.12, 4.51, 4.29, 4.88, 4.71, 3.91, 3.83, 4.2, 5.07, 6.25, 7.35, 7.82, 7.14, 7.08, 7.7, 7.34, 7.43, 8.17, 8.51, 8.07, 6.52, 5.91, 4.94, 2.7, 2.12, 1.86, 2.15, 2.36, 2.32, 2.49, 2.87, 2.76, 2.87, 2.44, 1.9, 1.73, 1.59, 1.45, 1.41, 1.19, 1.02, 1.59, 2.14, 3.14, 4.99, 6.12, 6.59, 6.81, 8.05, 8.64, 9.03, 9.26, 9.01], [1.84, 1.6, 1.05, 0, 1.54, 2.31, 2.67, 3.41, 2.98, 2.2, 2.35, 1.94, 1.86, 1.63, 1.47, 1.44, 2.26, 2.8, 2.87, 3.05, 2.85, 3.21, 3.17, 2.92, 3.12, 2.91, 2.55, 2.94, 2.45, 2.15, 2.36, 2.86, 3.09, 3.71, 4.1, 3.88, 4.47, 4.3, 3.62, 3.62, 3.83, 4.72, 5.84, 6.94, 7.406, 6.726, 6.663, 7.286, 6.929, 7.016, 7.759, 8.08, 7.62, 6.07, 5.484, 4.53, 2.35, 1.77, 1.63, 2.16, 2.25, 2.17, 2.7, 3.24, 3.09, 3.06, 2.83, 2.37, 2.14, 2.28, 2.22, 2.22, 1.78, 1.39, 2.1, 2.83, 3.31, 4.94, 5.97, 6.42, 6.62, 8.02, 8.65, 9.38, 9.55, 9.34], [2.7, 2.16, 1.85, 1.54, 0, 1.25, 1.55, 2.25, 1.86, 1.68, 2.15, 1.86, 1.76, 1.53, 1.75, 2.1, 2.84, 3.34, 3.19, 3.69, 3.53, 3.65, 3.75, 3.18, 3.4, 3.13, 2.73, 2.9, 2.11, 1.73, 1.78, 2.38, 2.13, 2.65, 2.88, 2.7, 3.29, 3.08, 2.36, 2.48, 2.69, 3.48, 4.62, 5.72, 6.19, 5.51, 5.45, 6.07, 5.73, 5.82, 6.66, 7.02, 6.42, 4.87, 4.28, 3.31, 1.87, 1.65, 1.43, 1.72, 2.33, 2.49, 3.58, 4.3, 3.95, 3.98, 3.69, 3.13, 3.02, 3.14, 2.96, 2.84, 2.36, 2.21, 2.86, 3.65, 4.17, 5.64, 6.59, 7.04, 7.48, 8.9, 9.65, 10.48, 10.65, 10.44], [3.75, 3.15, 2.86, 2.31, 1.25, 0, 0.72, 1.38, 1.27, 1.53, 2.26, 2.19, 2.27, 1.9, 2.0, 2.63, 3.39, 3.89, 3.66, 4.36, 4.34, 4.4, 4.32, 3.75, 3.81, 3.5, 2.98, 3.13, 2.24, 2.02, 2.05, 2.35, 1.62, 1.74, 1.99, 1.89, 2.4, 2.23, 1.87, 1.91, 2.1, 2.81, 3.643, 4.729, 5.202, 4.525, 4.439, 5.097, 4.84, 4.93, 5.79, 6.25, 5.43, 3.86, 3.37, 2.56, 2.16, 2.06, 1.76, 1.91, 2.58, 3.02, 4.55, 5.29, 4.94, 4.95, 4.66, 4.06, 3.99, 4.05, 3.79, 3.63, 3.25, 3.12, 3.83, 4.6, 5.14, 6.29, 7.32, 7.79, 8.31, 9.67, 10.52, 11.45, 11.6, 11.39], [4.17, 3.57, 3.26, 2.67, 1.55, 0.72, 0, 1.44, 1.23, 1.67, 2.44, 2.43, 2.61, 2.28, 2.26, 2.87, 3.65, 4.23, 3.86, 4.6, 4.64, 4.62, 4.58, 3.85, 3.81, 3.46, 3.06, 3.17, 2.36, 2.26, 2.29, 2.57, 1.86, 1.62, 1.79, 1.69, 2.16, 2.05, 1.75, 1.99, 2.0, 2.63, 3.37, 4.407, 4.811, 4.24, 4.16, 4.84, 4.76, 4.87, 5.85, 6.27, 5.21, 3.48, 3.09, 2.32, 2.24, 2.4, 2.14, 2.05, 2.68, 3.34, 4.95, 5.69, 5.34, 5.35, 5.06, 4.46, 4.39, 4.45, 4.19, 4.03, 3.67, 3.54, 4.25, 5.02, 5.5, 6.57, 7.58, 7.95, 8.67, 9.93, 10.92, 11.81, 11.9, 11.69], [4.73, 4.13, 3.9, 3.41, 2.25, 1.38, 1.44, 0, 1.09, 1.75, 2.1, 2.81, 2.95, 2.64, 3.06, 3.69, 4.27, 4.85, 4.54, 5.42, 5.42, 5.38, 5.34, 4.69, 4.85, 4.58, 4.06, 3.69, 3.14, 2.86, 2.85, 2.87, 2.04, 1.4, 1.47, 1.39, 1.64, 1.37, 1.65, 2.09, 2.04, 2.25, 2.57, 3.592, 4.085, 3.374, 3.42, 3.937, 3.76, 3.99, 4.71, 5.09, 4.23, 2.72, 2.23, 1.62, 2.08, 2.86, 2.68, 2.59, 3.5, 3.94, 5.55, 6.29, 5.92, 5.95, 5.66, 5.08, 4.99, 5.05, 4.81, 4.65, 4.25, 4.12, 4.83, 5.6, 6.1, 7.47, 8.5, 9.01, 9.45, 10.81, 11.66, 12.57, 12.7, 12.49], [4.16, 3.6, 3.43, 2.98, 1.86, 1.27, 1.23, 1.09, 0, 1.22, 1.89, 2.2, 2.4, 2.11, 2.55, 3.1, 3.74, 4.3, 3.95, 4.83, 4.79, 4.85, 4.71, 3.94, 4.14, 3.93, 3.43, 3.1, 2.65, 2.57, 2.54, 2.76, 1.99, 1.63, 1.5, 1.3, 1.91, 1.8, 1.44, 1.84, 1.79, 2.2, 2.98, 4.071, 4.55, 3.93, 3.85, 4.53, 4.51, 4.62, 5.56, 5.94, 4.8, 3.15, 2.62, 1.91, 1.69, 2.43, 2.29, 2.14, 2.93, 3.39, 5.1, 5.8, 5.41, 5.5, 5.21, 4.59, 4.52, 4.62, 4.42, 4.26, 3.82, 3.59, 4.32, 5.11, 5.53, 6.82, 7.87, 8.34, 8.88, 10.2, 11.17, 12.02, 12.11, 11.9], [3.46, 2.9, 2.61, 2.2, 1.68, 1.53, 1.67, 1.75, 1.22, 0, 0.99, 1.46, 1.58, 1.37, 1.81, 2.38, 3.0, 3.5, 3.21, 4.15, 4.09, 4.15, 4.13, 3.32, 3.48, 3.31, 2.83, 2.42, 2.29, 2.51, 2.6, 2.9, 2.37, 2.37, 2.12, 1.92, 2.55, 2.44, 1.9, 2.38, 2.23, 2.68, 3.72, 4.82, 5.27, 4.65, 4.61, 5.23, 5.19, 5.26, 6.12, 6.54, 5.62, 3.97, 3.34, 2.43, 1.29, 1.47, 1.51, 1.72, 2.23, 2.73, 4.3, 5.04, 4.69, 4.72, 4.41, 3.83, 3.76, 3.84, 3.64, 3.52, 3.04, 2.87, 3.54, 4.31, 4.73, 6.16, 7.17, 7.66, 8.16, 9.56, 10.43, 11.24, 11.41, 11.18], [3.51, 3.13, 2.78, 2.35, 2.15, 2.26, 2.44, 2.1, 1.89, 0.99, 0, 1.23, 1.39, 1.32, 1.8, 2.23, 2.75, 3.27, 3.04, 3.94, 3.88, 4.02, 3.92, 3.17, 3.37, 3.16, 2.66, 2.31, 2.7, 3.0, 3.15, 3.37, 3.1, 2.9, 2.67, 2.41, 2.92, 2.75, 2.45, 2.91, 2.7, 2.99, 3.97, 5.13, 5.5, 4.88, 5.02, 5.44, 5.46, 5.63, 6.35, 6.75, 5.89, 4.2, 3.57, 2.66, 1.1, 1.52, 1.58, 2.09, 2.32, 2.56, 4.15, 4.85, 4.5, 4.59, 4.24, 3.72, 3.71, 3.75, 3.59, 3.59, 3.13, 2.96, 3.49, 4.2, 4.58, 5.97, 6.96, 7.51, 7.99, 9.39, 10.18, 11.03, 11.22, 10.97], [2.88, 2.68, 2.25, 1.94, 1.86, 2.19, 2.43, 2.81, 2.2, 1.46, 1.23, 0, 0.64, 0.95, 1.25, 1.46, 1.86, 2.4, 2.13, 3.07, 2.99, 3.15, 3.03, 2.3, 2.52, 2.35, 1.83, 1.62, 2.19, 2.63, 2.82, 3.06, 3.11, 3.19, 3.16, 3.0, 3.65, 3.52, 2.66, 2.62, 2.89, 3.6, 4.88, 5.98, 6.37, 5.69, 5.61, 6.27, 6.13, 6.28, 7.16, 7.66, 6.66, 5.09, 4.46, 3.75, 1.55, 0.95, 1.21, 1.58, 1.69, 1.77, 3.34, 4.02, 3.69, 3.82, 3.51, 2.99, 2.92, 3.04, 3.0, 3.04, 2.62, 2.25, 2.74, 3.47, 3.79, 4.98, 5.99, 6.56, 7.1, 8.46, 9.304, 10.22, 10.39, 10.1], [2.74, 2.48, 2.05, 1.86, 1.76, 2.27, 2.61, 2.95, 2.4, 1.58, 1.39, 0.64, 0, 0.69, 1.17, 1.3, 1.68, 2.2, 2.09, 2.89, 2.85, 3.13, 3.15, 2.44, 2.62, 2.45, 1.89, 1.66, 2.19, 2.51, 2.62, 2.96, 3.23, 3.35, 3.44, 3.22, 3.85, 3.68, 2.8, 2.84, 3.23, 3.88, 5.16, 6.26, 6.65, 5.97, 5.89, 6.53, 6.31, 6.42, 7.24, 7.64, 6.94, 5.39, 4.72, 3.85, 1.67, 0.83, 1.17, 1.76, 1.75, 1.81, 3.1, 3.8, 3.47, 3.56, 3.25, 2.71, 2.7, 2.8, 2.66, 2.7, 2.4, 2.07, 2.4, 3.17, 3.57, 4.88, 5.91, 6.48, 6.96, 8.38, 9.09, 9.94, 10.13, 9.86], [2.77, 2.43, 2.08, 1.63, 1.53, 1.9, 2.28, 2.64, 2.11, 1.37, 1.32, 0.95, 0.69, 0, 0.8, 1.27, 2.09, 2.57, 2.5, 3.18, 3.02, 3.24, 3.26, 2.69, 2.83, 2.68, 2.12, 1.97, 2.2, 2.42, 2.67, 2.97, 2.82, 3.1, 3.25, 2.99, 3.62, 3.43, 2.61, 2.83, 3.18, 3.69, 4.95, 6.05, 6.44, 5.76, 5.68, 6.32, 6.0, 6.05, 6.91, 7.33, 6.71, 5.16, 4.51, 3.64, 1.6, 0.88, 0.92, 1.89, 1.88, 1.94, 3.33, 4.05, 3.72, 3.77, 3.46, 2.86, 2.87, 2.95, 2.77, 2.71, 2.43, 2.08, 2.59, 3.34, 3.78, 5.07, 6.04, 6.65, 7.11, 8.51, 9.24, 10.13, 10.32, 10.03], [2.63, 2.31, 1.96, 1.47, 1.75, 2.0, 2.26, 3.06, 2.55, 1.81, 1.8, 1.25, 1.17, 0.8, 0, 0.87, 1.77, 2.43, 2.4, 2.88, 2.72, 2.96, 2.96, 2.55, 2.61, 2.48, 1.84, 1.93, 2.06, 2.26, 2.57, 2.77, 2.8, 3.26, 3.49, 3.27, 3.9, 3.71, 2.85, 2.87, 3.18, 3.93, 5.31, 6.37, 6.72, 6.12, 6.0, 6.7, 6.42, 6.45, 7.33, 7.79, 7.09, 5.48, 4.79, 4.0, 2.02, 1.08, 1.06, 1.93, 1.76, 1.72, 3.07, 3.75, 3.52, 3.45, 3.16, 2.62, 2.61, 2.67, 2.59, 2.55, 2.31, 1.9, 2.35, 3.02, 3.48, 4.71, 5.78, 6.39, 6.79, 8.11, 8.98, 9.81, 9.92, 9.61], [2.36, 2.2, 1.83, 1.44, 2.1, 2.63, 2.87, 3.69, 3.1, 2.38, 2.23, 1.46, 1.3, 1.27, 0.87, 0, 1.3, 2.06, 2.09, 2.29, 2.19, 2.51, 2.57, 2.26, 2.38, 2.21, 1.71, 2.04, 2.11, 2.19, 2.52, 2.86, 3.31, 3.93, 4.14, 3.94, 4.55, 4.36, 3.42, 3.28, 3.71, 4.62, 5.94, 7.02, 7.41, 6.79, 6.65, 7.37, 7.05, 7.06, 7.96, 8.36, 7.66, 6.05, 5.38, 4.57, 2.53, 1.57, 1.55, 2.1, 1.81, 1.63, 2.66, 3.26, 3.05, 3.1, 2.77, 2.33, 2.26, 2.48, 2.38, 2.4, 2.16, 1.81, 2.16, 2.87, 2.91, 4.2, 5.19, 5.82, 6.22, 7.48, 8.39, 9.168, 9.23, 9.0], [2.54, 3.08, 2.67, 2.26, 2.84, 3.39, 3.65, 4.27, 3.74, 3.0, 2.75, 1.86, 1.68, 2.09, 1.77, 1.3, 0, 1.12, 1.37, 1.59, 1.65, 2.15, 2.29, 1.8, 1.96, 1.97, 1.69, 1.9, 2.21, 2.73, 2.86, 3.26, 4.13, 4.51, 4.7, 4.48, 5.09, 4.88, 3.98, 3.74, 4.19, 5.06, 6.52, 7.6, 7.97, 7.37, 7.21, 7.95, 7.63, 7.64, 8.54, 8.92, 8.26, 6.57, 5.84, 5.15, 2.93, 1.91, 2.21, 2.4, 1.75, 1.43, 2.46, 3.08, 2.77, 3.04, 2.83, 2.49, 2.32, 2.56, 2.6, 2.7, 2.54, 2.27, 2.16, 2.85, 2.65, 3.6, 4.57, 5.24, 5.72, 7.02, 7.95, 8.751, 8.806, 8.54], [3.04, 3.62, 3.19, 2.8, 3.34, 3.89, 4.23, 4.85, 4.3, 3.5, 3.27, 2.4, 2.2, 2.57, 2.43, 2.06, 1.12, 0, 0.77, 1.01, 1.07, 1.83, 1.87, 1.32, 1.52, 1.69, 1.71, 1.78, 2.51, 3.19, 3.4, 3.82, 4.65, 5.13, 5.36, 5.14, 5.77, 5.58, 4.64, 4.48, 4.85, 5.78, 7.08, 8.2, 8.61, 7.95, 7.81, 8.51, 8.23, 8.26, 9.08, 9.52, 8.84, 7.31, 6.58, 5.75, 3.49, 2.27, 2.65, 2.92, 2.13, 1.45, 1.88, 2.46, 2.21, 2.62, 2.49, 2.31, 2.32, 2.54, 2.76, 3.04, 3.08, 2.81, 2.04, 2.45, 2.09, 2.84, 3.87, 4.56, 5.0, 6.36, 7.21, 8.02, 8.17, 7.88], [3.21, 3.71, 3.28, 2.87, 3.19, 3.66, 3.86, 4.54, 3.95, 3.21, 3.04, 2.13, 2.09, 2.5, 2.4, 2.09, 1.37, 0.77, 0, 1.0, 1.28, 1.86, 1.92, 1.27, 1.41, 1.44, 1.56, 1.55, 2.4, 3.28, 3.45, 3.87, 4.44, 4.84, 4.93, 4.73, 5.34, 5.17, 4.31, 4.21, 4.54, 5.47, 6.71, 7.81, 8.26, 7.64, 7.5, 8.2, 7.92, 7.99, 8.93, 9.39, 8.53, 6.94, 6.29, 5.36, 3.26, 2.02, 2.44, 2.69, 2.04, 1.48, 2.13, 2.57, 2.44, 2.69, 2.68, 2.5, 2.57, 2.69, 2.93, 3.21, 3.31, 3.0, 2.23, 2.54, 2.28, 3.01, 4.06, 4.59, 5.19, 6.49, 7.52, 8.349, 8.38, 8.19], [3.29, 3.85, 3.42, 3.05, 3.69, 4.36, 4.6, 5.42, 4.83, 4.15, 3.94, 3.07, 2.89, 3.18, 2.88, 2.29, 1.59, 1.01, 1.0, 0, 0.94, 1.5, 1.54, 1.35, 1.37, 1.6, 2.0, 2.39, 2.86, 3.44, 3.61, 4.15, 4.94, 5.64, 5.81, 5.61, 6.22, 6.03, 5.13, 4.99, 5.42, 6.35, 7.63, 8.71, 9.14, 8.54, 8.4, 9.12, 8.82, 8.85, 9.75, 10.11, 9.45, 7.82, 7.13, 6.26, 4.12, 2.92, 3.02, 3.47, 2.62, 1.84, 1.87, 2.21, 2.12, 2.37, 2.4, 2.34, 2.45, 2.69, 2.99, 3.29, 3.41, 3.18, 2.29, 2.32, 1.72, 2.33, 3.32, 3.93, 4.41, 5.63, 6.68, 7.498, 7.54, 7.35], [2.83, 3.43, 3.08, 2.85, 3.53, 4.34, 4.64, 5.42, 4.79, 4.09, 3.88, 2.99, 2.85, 3.02, 2.72, 2.19, 1.65, 1.07, 1.28, 0.94, 0, 1.42, 1.48, 1.31, 1.47, 1.66, 2.0, 2.33, 2.82, 3.28, 3.59, 4.11, 4.92, 5.64, 5.79, 5.59, 6.2, 6.01, 5.07, 4.77, 5.24, 6.17, 7.57, 8.67, 9.06, 8.44, 8.28, 9.0, 8.76, 8.75, 9.71, 10.05, 9.35, 7.76, 6.99, 6.2, 4.02, 2.86, 3.06, 3.45, 2.54, 1.74, 1.57, 2.05, 1.88, 2.11, 2.08, 2.0, 2.03, 2.23, 2.55, 2.87, 2.91, 2.74, 1.79, 1.96, 1.44, 2.47, 3.52, 4.11, 4.59, 5.85, 6.84, 7.658, 7.72, 7.45], [2.83, 3.47, 3.24, 3.21, 3.65, 4.4, 4.62, 5.38, 4.85, 4.15, 4.02, 3.15, 3.13, 3.24, 2.96, 2.51, 2.15, 1.83, 1.86, 1.5, 1.42, 0, 0.96, 1.45, 1.57, 1.56, 1.96, 2.45, 2.8, 3.24, 3.63, 4.11, 4.86, 5.52, 5.71, 5.49, 6.1, 5.89, 5.09, 4.99, 5.4, 6.25, 7.55, 8.61, 9.06, 8.46, 8.34, 9.04, 8.7, 8.71, 9.65, 10.07, 9.39, 7.72, 7.11, 6.24, 4.3, 3.1, 3.08, 3.45, 2.62, 1.88, 1.75, 2.19, 2.16, 2.33, 2.28, 2.14, 2.09, 2.37, 2.57, 2.93, 3.09, 2.96, 2.07, 2.26, 1.6, 2.63, 3.36, 3.89, 4.41, 5.67, 6.719, 7.566, 7.636, 7.43], [3.05, 3.69, 3.36, 3.17, 3.75, 4.32, 4.58, 5.34, 4.71, 4.13, 3.92, 3.03, 3.15, 3.26, 2.96, 2.57, 2.29, 1.87, 1.92, 1.54, 1.48, 0.96, 0, 1.13, 1.19, 1.38, 1.82, 2.31, 2.74, 3.28, 3.73, 4.21, 4.92, 5.42, 5.67, 5.51, 6.12, 5.93, 5.09, 4.89, 5.32, 6.17, 7.45, 8.51, 8.92, 8.28, 8.2, 8.88, 8.62, 8.71, 9.57, 10.15, 9.29, 7.68, 7.11, 6.32, 4.3, 3.02, 3.1, 3.29, 2.46, 1.64, 1.93, 2.35, 2.32, 2.39, 2.32, 2.3, 2.41, 2.45, 2.65, 2.99, 3.09, 2.96, 2.09, 2.08, 1.6, 2.59, 3.54, 4.03, 4.49, 5.83, 6.728, 7.63, 7.74, 7.51], [2.86, 3.48, 3.13, 2.92, 3.18, 3.75, 3.85, 4.69, 3.94, 3.32, 3.17, 2.3, 2.44, 2.69, 2.55, 2.26, 1.8, 1.32, 1.27, 1.35, 1.31, 1.45, 1.13, 0, 0.62, 0.89, 1.23, 1.5, 2.01, 2.81, 3.1, 3.68, 4.27, 4.71, 4.8, 4.64, 5.29, 5.12, 4.24, 4.12, 4.41, 5.28, 6.56, 7.64, 8.03, 7.37, 7.29, 7.97, 7.83, 7.92, 8.9, 9.38, 8.42, 6.81, 6.24, 5.47, 3.53, 2.27, 2.43, 2.5, 1.69, 1.09, 1.78, 2.42, 2.09, 2.2, 2.13, 2.13, 2.12, 2.24, 2.44, 2.74, 2.76, 2.61, 1.94, 2.03, 1.87, 3.16, 4.21, 4.72, 5.34, 6.64, 7.592, 8.46, 8.61, 8.34], [3.12, 3.72, 3.33, 3.12, 3.4, 3.81, 3.81, 4.85, 4.14, 3.48, 3.37, 2.52, 2.62, 2.83, 2.61, 2.38, 1.96, 1.52, 1.41, 1.37, 1.47, 1.57, 1.19, 0.62, 0, 0.83, 1.11, 1.5, 2.01, 2.97, 3.32, 3.76, 4.45, 4.83, 4.9, 4.78, 5.35, 5.12, 4.3, 4.22, 4.55, 5.34, 6.7, 7.72, 8.07, 7.53, 7.45, 8.13, 8.03, 8.1, 9.1, 9.6, 8.64, 6.83, 6.38, 5.59, 3.75, 2.45, 2.57, 2.62, 1.71, 1.33, 2.0, 2.54, 2.29, 2.34, 2.27, 2.31, 2.34, 2.44, 2.6, 2.9, 3.0, 2.87, 2.16, 2.13, 1.95, 3.08, 4.13, 4.56, 5.3, 6.56, 7.572, 8.44, 8.53, 8.3], [3.17, 3.59, 3.14, 2.91, 3.13, 3.5, 3.46, 4.58, 3.93, 3.31, 3.16, 2.35, 2.45, 2.68, 2.48, 2.21, 1.97, 1.69, 1.44, 1.6, 1.66, 1.56, 1.38, 0.89, 0.83, 0, 0.86, 1.29, 1.94, 2.78, 3.19, 3.73, 4.22, 4.56, 4.63, 4.51, 5.08, 4.89, 4.17, 4.05, 4.3, 5.11, 6.35, 7.41, 7.88, 7.28, 7.18, 7.88, 7.84, 7.93, 8.95, 9.45, 8.41, 6.64, 6.15, 5.34, 3.6, 2.36, 2.34, 2.43, 1.66, 1.4, 2.11, 2.67, 2.4, 2.55, 2.5, 2.4, 2.41, 2.49, 2.55, 2.81, 3.05, 2.88, 2.23, 2.46, 2.3, 3.37, 4.42, 4.85, 5.55, 6.83, 7.859, 8.71, 8.82, 8.59], [2.87, 3.19, 2.76, 2.55, 2.73, 2.98, 3.06, 4.06, 3.43, 2.83, 2.66, 1.83, 1.89, 2.12, 1.84, 1.71, 1.69, 1.71, 1.56, 2.0, 2.0, 1.96, 1.82, 1.23, 1.11, 0.86, 0, 1.05, 1.52, 2.32, 2.79, 3.23, 3.64, 3.94, 4.03, 3.97, 4.56, 4.33, 3.57, 3.33, 3.78, 4.53, 5.79, 6.83, 7.28, 6.68, 6.62, 7.34, 7.24, 7.33, 8.31, 8.83, 7.87, 6.1, 5.61, 4.82, 3.12, 1.88, 1.84, 1.81, 1.24, 1.1, 2.33, 3.03, 2.64, 2.77, 2.52, 2.42, 2.41, 2.37, 2.29, 2.57, 2.65, 2.52, 2.11, 2.62, 2.7, 3.89, 4.98, 5.39, 6.11, 7.39, 8.402, 9.27, 9.38, 9.15], [3.16, 3.46, 3.07, 2.94, 2.9, 3.13, 3.17, 3.69, 3.1, 2.42, 2.31, 1.62, 1.66, 1.97, 1.93, 2.04, 1.9, 1.78, 1.55, 2.39, 2.33, 2.45, 2.31, 1.5, 1.5, 1.29, 1.05, 0, 1.51, 2.61, 2.96, 3.34, 3.67, 3.67, 3.72, 3.58, 4.15, 3.88, 3.14, 2.96, 3.33, 4.06, 5.44, 6.48, 6.85, 6.29, 6.17, 6.89, 6.83, 6.9, 7.92, 8.4, 7.38, 5.61, 5.1, 4.35, 2.65, 1.65, 1.77, 1.8, 1.33, 1.31, 2.74, 3.4, 3.01, 3.08, 2.85, 2.49, 2.64, 2.54, 2.56, 2.78, 2.84, 2.63, 2.2, 2.67, 3.05, 4.3, 5.35, 5.9, 6.6, 7.86, 8.863, 9.72, 9.81, 9.52], [2.49, 2.67, 2.4, 2.45, 2.11, 2.24, 2.36, 3.14, 2.65, 2.29, 2.7, 2.19, 2.19, 2.2, 2.06, 2.11, 2.21, 2.51, 2.4, 2.86, 2.82, 2.8, 2.74, 2.01, 2.01, 1.94, 1.52, 1.51, 0, 1.16, 1.53, 2.01, 2.56, 2.96, 3.21, 3.09, 3.56, 3.33, 2.49, 2.39, 2.8, 3.63, 4.91, 5.97, 6.38, 5.78, 5.66, 6.38, 6.16, 6.23, 7.21, 7.69, 6.87, 5.14, 4.65, 3.84, 2.58, 2.08, 1.56, 1.19, 1.06, 1.36, 3.05, 3.75, 3.36, 3.35, 3.12, 2.6, 2.43, 2.41, 2.23, 2.19, 2.11, 2.06, 2.27, 2.96, 3.46, 4.83, 5.88, 6.39, 7.01, 8.29, 9.296, 10.15, 10.26, 10.03], [2.53, 2.35, 2.08, 2.15, 1.73, 2.02, 2.26, 2.86, 2.57, 2.51, 3.0, 2.63, 2.51, 2.42, 2.26, 2.19, 2.73, 3.19, 3.28, 3.44, 3.28, 3.24, 3.28, 2.81, 2.97, 2.78, 2.32, 2.61, 1.16, 0, 0.81, 1.39, 1.92, 2.58, 2.91, 2.81, 3.26, 3.11, 2.33, 2.23, 2.58, 3.45, 4.63, 5.73, 6.2, 5.52, 5.46, 6.08, 5.8, 5.91, 6.69, 7.13, 6.55, 5.04, 4.39, 3.58, 2.66, 2.48, 1.88, 1.33, 1.74, 1.94, 3.17, 3.87, 3.5, 3.49, 3.24, 2.72, 2.49, 2.47, 2.27, 2.13, 1.89, 1.92, 2.45, 3.08, 3.68, 5.43, 6.5, 7.07, 7.37, 8.77, 9.56, 10.41, 10.58, 10.35], [2.74, 2.6, 2.31, 2.36, 1.78, 2.05, 2.29, 2.85, 2.54, 2.6, 3.15, 2.82, 2.62, 2.67, 2.57, 2.52, 2.86, 3.4, 3.45, 3.61, 3.59, 3.63, 3.73, 3.1, 3.32, 3.19, 2.79, 2.96, 1.53, 0.81, 0, 1.04, 1.73, 2.33, 2.76, 2.7, 3.05, 2.9, 2.16, 1.98, 2.33, 3.24, 4.38, 5.48, 5.95, 5.29, 5.21, 5.85, 5.57, 5.64, 6.44, 6.78, 6.32, 4.85, 4.3, 3.51, 2.75, 2.65, 2.09, 1.62, 1.91, 2.35, 3.48, 4.12, 3.73, 3.78, 3.53, 2.99, 2.74, 2.72, 2.54, 2.28, 2.0, 2.09, 2.72, 3.35, 3.95, 5.84, 6.87, 7.44, 7.74, 9.12, 9.89, 10.66, 10.79, 10.56], [3.34, 3.14, 2.95, 2.86, 2.38, 2.35, 2.57, 2.87, 2.76, 2.9, 3.37, 3.06, 2.96, 2.97, 2.77, 2.86, 3.26, 3.82, 3.87, 4.15, 4.11, 4.11, 4.21, 3.68, 3.76, 3.73, 3.23, 3.34, 2.01, 1.39, 1.04, 0, 1.23, 2.05, 2.8, 2.82, 2.77, 2.6, 2.24, 1.8, 2.01, 2.88, 3.82, 4.92, 5.33, 4.73, 4.55, 5.25, 4.99, 5.08, 5.84, 6.24, 5.8, 4.31, 4.0, 3.69, 2.95, 3.01, 2.49, 2.02, 2.31, 2.83, 4.1, 4.8, 4.41, 4.42, 4.17, 3.65, 3.42, 3.4, 3.2, 3.0, 2.68, 2.67, 3.38, 3.99, 4.57, 6.3, 7.35, 7.92, 8.26, 9.6, 10.45, 11.3, 11.39, 11.16], [4.23, 3.63, 3.44, 3.09, 2.13, 1.62, 1.86, 2.04, 1.99, 2.37, 3.1, 3.11, 3.23, 2.82, 2.8, 3.31, 4.13, 4.65, 4.44, 4.94, 4.92, 4.86, 4.92, 4.27, 4.45, 4.22, 3.64, 3.67, 2.56, 1.92, 1.73, 1.23, 0, 1.18, 2.07, 2.09, 1.98, 1.85, 1.63, 1.47, 1.58, 2.11, 2.85, 3.99, 4.44, 3.78, 3.68, 4.32, 4.04, 4.15, 4.97, 5.51, 4.97, 3.48, 3.29, 3.0, 2.76, 3.0, 2.36, 2.37, 3.06, 3.5, 4.97, 5.69, 5.3, 5.29, 5.06, 4.54, 4.31, 4.29, 4.09, 3.85, 3.47, 3.44, 4.25, 4.86, 5.5, 7.07, 8.1, 8.67, 9.07, 10.43, 11.328, 12.23, 12.36, 12.13], [4.97, 4.37, 4.12, 3.71, 2.65, 1.74, 1.62, 1.4, 1.63, 2.37, 2.9, 3.19, 3.35, 3.1, 3.26, 3.93, 4.51, 5.13, 4.84, 5.64, 5.64, 5.52, 5.42, 4.71, 4.83, 4.56, 3.94, 3.67, 2.96, 2.58, 2.33, 2.05, 1.18, 0, 1.25, 1.27, 1.36, 1.27, 1.33, 1.27, 1.52, 1.79, 2.25, 3.29, 3.7, 3.06, 3.0, 3.7, 3.54, 3.69, 4.53, 5.07, 4.33, 2.7, 2.49, 2.28, 2.64, 3.22, 2.84, 2.45, 3.24, 4.04, 5.69, 6.37, 5.98, 5.97, 5.74, 5.22, 5.01, 4.97, 4.77, 4.55, 4.21, 4.16, 4.99, 5.62, 6.24, 7.67, 8.72, 9.21, 9.81, 11.11, 12.068, 12.97, 13.08, 12.85], [5.28, 4.68, 4.51, 4.1, 2.88, 1.99, 1.79, 1.47, 1.5, 2.12, 2.67, 3.16, 3.44, 3.25, 3.49, 4.14, 4.7, 5.36, 4.93, 5.81, 5.79, 5.71, 5.67, 4.8, 4.9, 4.63, 4.03, 3.72, 3.21, 2.91, 2.76, 2.8, 2.07, 1.25, 0, 0.74, 1.03, 1.18, 1.44, 1.74, 1.47, 1.72, 2.0, 2.92, 3.41, 2.81, 2.89, 3.41, 3.69, 3.82, 4.74, 5.12, 3.98, 2.29, 1.9, 1.47, 2.39, 3.39, 3.09, 2.62, 3.37, 4.29, 6.04, 6.76, 6.37, 6.36, 6.13, 5.61, 5.38, 5.36, 5.16, 4.92, 4.52, 4.47, 5.3, 5.93, 6.49, 7.82, 8.87, 9.32, 10.06, 11.3, 12.369, 13.219, 13.29, 13.08], [5.06, 4.46, 4.29, 3.88, 2.7, 1.89, 1.69, 1.39, 1.3, 1.92, 2.41, 3.0, 3.22, 2.99, 3.27, 3.94, 4.48, 5.14, 4.73, 5.61, 5.59, 5.49, 5.51, 4.64, 4.78, 4.51, 3.97, 3.58, 3.09, 2.81, 2.7, 2.82, 2.09, 1.27, 0.74, 0, 1.01, 1.2, 1.3, 1.8, 1.71, 1.98, 2.18, 3.12, 3.57, 2.97, 2.91, 3.57, 3.63, 3.72, 4.7, 5.14, 4.06, 2.47, 1.98, 1.39, 2.27, 3.17, 2.87, 2.5, 3.25, 4.07, 5.82, 6.54, 6.15, 6.14, 5.91, 5.39, 5.16, 5.14, 4.94, 4.74, 4.3, 4.25, 5.08, 5.69, 6.27, 7.62, 8.67, 9.14, 9.84, 11.1, 12.149, 13.0, 13.09, 12.86], [5.69, 5.09, 4.88, 4.47, 3.29, 2.4, 2.16, 1.64, 1.91, 2.55, 2.92, 3.65, 3.85, 3.62, 3.9, 4.55, 5.09, 5.77, 5.34, 6.22, 6.2, 6.1, 6.12, 5.29, 5.35, 5.08, 4.56, 4.15, 3.56, 3.26, 3.05, 2.77, 1.98, 1.36, 1.03, 1.01, 0, 0.83, 1.43, 1.81, 1.6, 1.45, 1.81, 2.67, 3.3, 2.72, 2.82, 3.3, 3.56, 3.69, 4.59, 4.97, 3.79, 1.96, 1.65, 1.42, 2.66, 3.8, 3.48, 3.09, 3.86, 4.7, 6.41, 7.13, 6.74, 6.73, 6.5, 5.98, 5.75, 5.73, 5.53, 5.29, 4.93, 4.88, 5.71, 6.32, 6.9, 8.23, 9.26, 9.67, 10.47, 11.71, 12.779, 13.629, 13.7, 13.49], [5.5, 4.9, 4.71, 4.3, 3.08, 2.23, 2.05, 1.37, 1.8, 2.44, 2.75, 3.52, 3.68, 3.43, 3.71, 4.36, 4.88, 5.58, 5.17, 6.03, 6.01, 5.89, 5.93, 5.12, 5.12, 4.89, 4.33, 3.88, 3.33, 3.11, 2.9, 2.6, 1.85, 1.27, 1.18, 1.2, 0.83, 0, 1.24, 1.6, 1.49, 1.62, 1.98, 2.8, 3.23, 2.73, 2.77, 3.31, 3.53, 3.64, 4.54, 4.92, 3.92, 2.15, 1.82, 1.63, 2.59, 3.63, 3.29, 2.94, 3.65, 4.51, 6.24, 6.96, 6.57, 6.56, 6.33, 5.81, 5.58, 5.58, 5.36, 5.12, 4.76, 4.69, 5.52, 6.13, 6.71, 8.06, 9.05, 9.5, 10.28, 11.52, 12.589, 13.439, 13.509, 13.3], [4.66, 4.08, 3.91, 3.62, 2.36, 1.87, 1.75, 1.65, 1.44, 1.9, 2.45, 2.66, 2.8, 2.61, 2.85, 3.42, 3.98, 4.64, 4.31, 5.13, 5.07, 5.09, 5.09, 4.24, 4.3, 4.17, 3.57, 3.14, 2.49, 2.33, 2.16, 2.24, 1.63, 1.33, 1.44, 1.3, 1.43, 1.24, 0, 1.12, 1.31, 1.7, 2.8, 3.8, 4.09, 3.59, 3.43, 4.25, 4.17, 4.28, 5.22, 5.7, 4.7, 3.05, 2.56, 2.17, 2.35, 2.85, 2.55, 2.2, 2.85, 3.65, 5.44, 6.16, 5.77, 5.76, 5.53, 5.01, 4.78, 4.76, 4.56, 4.32, 3.86, 3.81, 4.64, 5.25, 5.73, 7.06, 8.09, 8.62, 9.44, 10.66, 11.695, 12.559, 12.61, 12.4], [4.54, 4.02, 3.83, 3.62, 2.48, 1.91, 1.99, 2.09, 1.84, 2.38, 2.91, 2.62, 2.84, 2.83, 2.87, 3.28, 3.74, 4.48, 4.21, 4.99, 4.77, 4.99, 4.89, 4.12, 4.22, 4.05, 3.33, 2.96, 2.39, 2.23, 1.98, 1.8, 1.47, 1.27, 1.74, 1.8, 1.81, 1.6, 1.12, 0, 1.03, 1.64, 3.0, 4.04, 4.37, 3.81, 3.67, 4.49, 4.41, 4.46, 5.46, 5.96, 4.96, 3.27, 2.86, 2.75, 2.61, 2.93, 2.67, 2.02, 2.71, 3.55, 5.32, 6.04, 5.65, 5.64, 5.41, 4.89, 4.66, 4.64, 4.44, 4.2, 3.7, 3.63, 4.42, 5.05, 5.59, 6.88, 7.91, 8.52, 9.301, 10.5, 11.557, 12.404, 12.49, 12.22], [4.95, 4.39, 4.2, 3.83, 2.69, 2.1, 2.0, 2.04, 1.79, 2.23, 2.7, 2.89, 3.23, 3.18, 3.18, 3.71, 4.19, 4.85, 4.54, 5.42, 5.24, 5.4, 5.32, 4.41, 4.55, 4.3, 3.78, 3.33, 2.8, 2.58, 2.33, 2.01, 1.58, 1.52, 1.47, 1.71, 1.6, 1.49, 1.31, 1.03, 0, 1.29, 2.47, 3.55, 3.92, 3.46, 3.46, 4.04, 4.38, 4.49, 5.43, 5.85, 4.65, 2.78, 2.39, 2.3, 2.42, 3.2, 2.9, 2.35, 3.04, 3.94, 5.73, 6.45, 6.06, 6.05, 5.82, 5.3, 5.07, 5.05, 4.85, 4.61, 4.11, 4.04, 4.83, 5.48, 6.0, 7.31, 8.36, 8.95, 9.728, 10.95, 11.964, 12.831, 12.9, 12.63], [5.82, 5.24, 5.07, 4.72, 3.48, 2.81, 2.63, 2.25, 2.2, 2.68, 2.99, 3.6, 3.88, 3.69, 3.93, 4.62, 5.06, 5.78, 5.47, 6.35, 6.17, 6.25, 6.17, 5.28, 5.34, 5.11, 4.53, 4.06, 3.63, 3.45, 3.24, 2.88, 2.11, 1.79, 1.72, 1.98, 1.45, 1.62, 1.7, 1.64, 1.29, 0, 1.82, 2.64, 3.71, 3.31, 3.55, 4.03, 4.55, 4.7, 5.58, 5.94, 4.66, 2.53, 2.0, 2.35, 2.69, 3.89, 3.65, 3.18, 3.85, 4.81, 6.6, 7.32, 6.93, 6.92, 6.69, 6.17, 5.94, 5.92, 5.72, 5.48, 4.98, 4.91, 5.7, 6.33, 6.97, 8.28, 9.31, 9.82, 10.6, 11.84, 12.869, 13.719, 13.81, 13.52], [7.02, 6.42, 6.25, 5.84, 4.62, 3.643, 3.37, 2.57, 2.98, 3.72, 3.97, 4.88, 5.16, 4.95, 5.31, 5.94, 6.52, 7.08, 6.71, 7.63, 7.57, 7.55, 7.45, 6.56, 6.7, 6.35, 5.79, 5.44, 4.91, 4.63, 4.38, 3.82, 2.85, 2.25, 2.0, 2.18, 1.81, 1.98, 2.8, 3.0, 2.47, 1.82, 0, 1.62, 2.49, 2.09, 2.33, 2.61, 3.11, 3.3, 4.06, 4.52, 3.28, 1.37, 1.52, 1.91, 3.75, 5.13, 4.83, 4.36, 5.13, 6.03, 7.78, 8.5, 8.11, 8.1, 7.87, 7.35, 7.12, 7.1, 6.9, 6.66, 6.26, 6.21, 7.04, 7.65, 8.21, 9.62, 10.69, 11.14, 11.8, 13.1, 14.106, 14.96, 15.07, 14.84], [8.12, 7.52, 7.35, 6.94, 5.72, 4.729, 4.407, 3.592, 4.071, 4.82, 5.13, 5.98, 6.26, 6.05, 6.37, 7.02, 7.6, 8.2, 7.81, 8.71, 8.67, 8.61, 8.51, 7.64, 7.72, 7.41, 6.83, 6.48, 5.97, 5.73, 5.48, 4.92, 3.99, 3.29, 2.92, 3.12, 2.67, 2.8, 3.8, 4.04, 3.55, 2.64, 1.62, 0, 1.43, 1.05, 1.35, 1.85, 2.19, 2.32, 3.18, 3.5, 2.26, 1.85, 2.4, 2.81, 4.99, 6.23, 5.93, 5.46, 6.17, 7.13, 8.88, 9.6, 9.21, 9.2, 8.97, 8.45, 8.22, 8.2, 8.0, 7.76, 7.36, 7.31, 8.14, 8.75, 9.33, 10.7, 11.77, 12.2, 12.9, 14.18, 15.209, 16.06, 16.17, 15.94], [8.57, 7.99, 7.82, 7.406, 6.19, 5.202, 4.811, 4.085, 4.55, 5.27, 5.5, 6.37, 6.65, 6.44, 6.72, 7.41, 7.97, 8.61, 8.26, 9.14, 9.06, 9.06, 8.92, 8.03, 8.07, 7.88, 7.28, 6.85, 6.38, 6.2, 5.95, 5.33, 4.44, 3.7, 3.41, 3.57, 3.3, 3.23, 4.09, 4.37, 3.92, 3.71, 2.49, 1.43, 0, 0.96, 1.44, 1.48, 1.9, 1.99, 2.47, 2.67, 1.73, 2.02, 3.01, 3.28, 5.34, 6.62, 6.4, 5.93, 6.62, 7.56, 9.35, 10.07, 9.68, 9.67, 9.44, 8.92, 8.69, 8.67, 8.47, 8.23, 7.75, 7.7, 8.53, 9.14, 9.74, 11.07, 12.14, 12.63, 13.37, 14.63, 15.622, 16.49, 16.6, 16.33], [7.89, 7.31, 7.14, 6.726, 5.51, 4.525, 4.24, 3.374, 3.93, 4.65, 4.88, 5.69, 5.97, 5.76, 6.12, 6.79, 7.37, 7.95, 7.64, 8.54, 8.44, 8.46, 8.28, 7.37, 7.53, 7.28, 6.68, 6.29, 5.78, 5.52, 5.29, 4.73, 3.78, 3.06, 2.81, 2.97, 2.72, 2.73, 3.59, 3.81, 3.46, 3.31, 2.09, 1.05, 0.96, 0, 0.88, 1.2, 1.54, 1.71, 2.41, 2.75, 1.63, 1.8, 2.67, 2.82, 4.76, 5.94, 5.72, 5.25, 5.98, 6.88, 8.67, 9.39, 9.0, 8.99, 8.76, 8.24, 8.01, 7.99, 7.79, 7.55, 7.07, 7.02, 7.85, 8.46, 9.08, 10.47, 11.54, 12.05, 12.71, 14.01, 14.945, 15.83, 15.98, 15.71], [7.83, 7.25, 7.08, 6.663, 5.45, 4.439, 4.16, 3.42, 3.85, 4.61, 5.02, 5.61, 5.89, 5.68, 6.0, 6.65, 7.21, 7.81, 7.5, 8.4, 8.28, 8.34, 8.2, 7.29, 7.45, 7.18, 6.62, 6.17, 5.66, 5.46, 5.21, 4.55, 3.68, 3.0, 2.89, 2.91, 2.82, 2.77, 3.43, 3.67, 3.46, 3.55, 2.33, 1.35, 1.44, 0.88, 0, 1.14, 1.18, 1.35, 2.17, 2.67, 1.73, 2.16, 2.99, 3.08, 4.86, 5.88, 5.66, 5.19, 5.88, 6.82, 8.61, 9.33, 8.94, 8.93, 8.7, 8.18, 7.95, 7.93, 7.73, 7.49, 6.99, 6.94, 7.77, 8.38, 8.96, 10.31, 11.38, 11.91, 12.61, 13.87, 14.876, 15.73, 15.84, 15.55], [8.45, 7.87, 7.7, 7.286, 6.07, 5.097, 4.84, 3.937, 4.53, 5.23, 5.44, 6.27, 6.53, 6.32, 6.7, 7.37, 7.95, 8.51, 8.2, 9.12, 9.0, 9.04, 8.88, 7.97, 8.13, 7.88, 7.34, 6.89, 6.38, 6.08, 5.85, 5.25, 4.32, 3.7, 3.41, 3.57, 3.3, 3.31, 4.25, 4.49, 4.04, 4.03, 2.61, 1.85, 1.48, 1.2, 1.14, 0, 0.94, 1.09, 1.65, 2.09, 1.27, 2.12, 3.07, 3.3, 5.28, 6.5, 6.28, 5.85, 6.6, 7.44, 9.23, 9.95, 9.56, 9.55, 9.32, 8.8, 8.57, 8.55, 8.35, 8.11, 7.63, 7.58, 8.41, 9.04, 9.64, 11.05, 12.12, 12.65, 13.27, 14.59, 15.505, 16.39, 16.54, 16.27], [8.09, 7.51, 7.34, 6.929, 5.73, 4.84, 4.76, 3.76, 4.51, 5.19, 5.46, 6.13, 6.31, 6.0, 6.42, 7.05, 7.63, 8.23, 7.92, 8.82, 8.76, 8.7, 8.62, 7.83, 8.03, 7.84, 7.24, 6.83, 6.16, 5.8, 5.57, 4.99, 4.04, 3.54, 3.69, 3.63, 3.56, 3.53, 4.17, 4.41, 4.38, 4.55, 3.11, 2.19, 1.9, 1.54, 1.18, 0.94, 0, 0.49, 1.15, 1.75, 1.45, 2.74, 3.55, 3.62, 5.4, 6.22, 5.96, 5.71, 6.5, 7.18, 8.89, 9.61, 9.22, 9.21, 8.98, 8.48, 8.27, 8.23, 7.99, 7.75, 7.29, 7.24, 8.07, 8.76, 9.38, 10.81, 11.84, 12.39, 12.93, 14.25, 15.148, 16.05, 16.2, 15.95], [8.18, 7.6, 7.43, 7.016, 5.82, 4.93, 4.87, 3.99, 4.62, 5.26, 5.63, 6.28, 6.42, 6.05, 6.45, 7.06, 7.64, 8.26, 7.99, 8.85, 8.75, 8.71, 8.71, 7.92, 8.1, 7.93, 7.33, 6.9, 6.23, 5.91, 5.64, 5.08, 4.15, 3.69, 3.82, 3.72, 3.69, 3.64, 4.28, 4.46, 4.49, 4.7, 3.3, 2.32, 1.99, 1.71, 1.35, 1.09, 0.49, 0, 1.16, 1.66, 1.4, 2.85, 3.68, 3.75, 5.51, 6.33, 6.13, 5.88, 6.61, 7.31, 9.0, 9.72, 9.33, 9.32, 9.09, 8.59, 8.38, 8.34, 8.08, 7.84, 7.36, 7.31, 8.16, 8.85, 9.41, 10.78, 11.81, 12.38, 12.96, 14.26, 15.229, 16.08, 16.21, 15.94], [8.92, 8.34, 8.17, 7.759, 6.66, 5.79, 5.85, 4.71, 5.56, 6.12, 6.35, 7.16, 7.24, 6.91, 7.33, 7.96, 8.54, 9.08, 8.93, 9.75, 9.71, 9.65, 9.57, 8.9, 9.1, 8.95, 8.31, 7.92, 7.21, 6.69, 6.44, 5.84, 4.97, 4.53, 4.74, 4.7, 4.59, 4.54, 5.22, 5.46, 5.43, 5.58, 4.06, 3.18, 2.47, 2.41, 2.17, 1.65, 1.15, 1.16, 0, 0.86, 1.7, 3.57, 4.42, 4.43, 6.23, 7.15, 6.89, 6.8, 7.59, 8.13, 9.74, 10.46, 10.07, 10.06, 9.83, 9.33, 9.12, 9.08, 8.82, 8.58, 8.12, 8.07, 8.92, 9.61, 10.23, 11.76, 12.79, 13.4, 13.8, 15.2, 15.99, 16.88, 17.05, 16.8], [9.26, 8.68, 8.51, 8.08, 7.02, 6.25, 6.27, 5.09, 5.94, 6.54, 6.75, 7.66, 7.64, 7.33, 7.79, 8.36, 8.92, 9.52, 9.39, 10.11, 10.05, 10.07, 10.15, 9.38, 9.6, 9.45, 8.83, 8.4, 7.69, 7.13, 6.78, 6.24, 5.51, 5.07, 5.12, 5.14, 4.97, 4.92, 5.7, 5.96, 5.85, 5.94, 4.52, 3.5, 2.67, 2.75, 2.67, 2.09, 1.75, 1.66, 0.86, 0, 1.6, 3.83, 4.78, 4.81, 6.49, 7.59, 7.35, 7.3, 8.09, 8.67, 10.1, 10.82, 10.43, 10.42, 10.19, 9.69, 9.48, 9.44, 9.18, 8.94, 8.44, 8.37, 9.26, 9.95, 10.55, 12.26, 13.27, 13.86, 14.14, 15.54, 16.27, 17.14, 17.31, 17.06], [8.82, 8.24, 8.07, 7.62, 6.42, 5.43, 5.21, 4.23, 4.8, 5.62, 5.89, 6.66, 6.94, 6.71, 7.09, 7.66, 8.26, 8.84, 8.53, 9.45, 9.35, 9.39, 9.29, 8.42, 8.64, 8.41, 7.87, 7.38, 6.87, 6.55, 6.32, 5.8, 4.97, 4.33, 3.98, 4.06, 3.79, 3.92, 4.7, 4.96, 4.65, 4.66, 3.28, 2.26, 1.73, 1.63, 1.73, 1.27, 1.45, 1.4, 1.7, 1.6, 0, 2.49, 3.34, 3.61, 5.63, 6.89, 6.71, 6.4, 7.15, 7.89, 9.66, 10.38, 9.99, 9.98, 9.75, 9.25, 9.04, 9.0, 8.74, 8.5, 8.0, 7.93, 8.82, 9.51, 9.99, 11.38, 12.43, 13.0, 13.58, 14.88, 15.81, 16.66, 16.75, 16.52], [7.27, 6.69, 6.52, 6.07, 4.87, 3.86, 3.48, 2.72, 3.15, 3.97, 4.2, 5.09, 5.39, 5.16, 5.48, 6.05, 6.57, 7.31, 6.94, 7.82, 7.76, 7.72, 7.68, 6.81, 6.83, 6.64, 6.1, 5.61, 5.14, 5.04, 4.85, 4.31, 3.48, 2.7, 2.29, 2.47, 1.96, 2.15, 3.05, 3.27, 2.78, 2.53, 1.37, 1.85, 2.02, 1.8, 2.16, 2.12, 2.74, 2.85, 3.57, 3.83, 2.49, 0, 1.23, 1.68, 3.94, 5.34, 5.16, 4.73, 5.4, 6.36, 8.15, 8.83, 8.44, 8.43, 8.2, 7.7, 7.49, 7.45, 7.19, 6.95, 6.47, 6.44, 7.29, 7.98, 8.5, 9.77, 10.74, 11.21, 12.01, 13.21, 14.273, 15.101, 15.16, 14.95], [6.66, 6.08, 5.91, 5.484, 4.28, 3.37, 3.09, 2.23, 2.62, 3.34, 3.57, 4.46, 4.72, 4.51, 4.79, 5.38, 5.84, 6.58, 6.29, 7.13, 6.99, 7.11, 7.11, 6.24, 6.38, 6.15, 5.61, 5.1, 4.65, 4.39, 4.3, 4.0, 3.29, 2.49, 1.9, 1.98, 1.65, 1.82, 2.56, 2.86, 2.39, 2.0, 1.52, 2.4, 3.01, 2.67, 2.99, 3.07, 3.55, 3.68, 4.42, 4.78, 3.34, 1.23, 0, 1.27, 3.29, 4.71, 4.51, 4.18, 4.93, 5.71, 7.5, 8.18, 7.79, 7.78, 7.55, 7.05, 6.84, 6.8, 6.56, 6.32, 5.84, 5.81, 6.56, 7.27, 7.83, 9.12, 10.09, 10.72, 11.46, 12.66, 13.701, 14.548, 14.603, 14.34], [5.71, 5.11, 4.94, 4.53, 3.31, 2.56, 2.32, 1.62, 1.91, 2.43, 2.66, 3.75, 3.85, 3.64, 4.0, 4.57, 5.15, 5.75, 5.36, 6.26, 6.2, 6.24, 6.32, 5.47, 5.59, 5.34, 4.82, 4.35, 3.84, 3.58, 3.51, 3.69, 3.0, 2.28, 1.47, 1.39, 1.42, 1.63, 2.17, 2.75, 2.3, 2.35, 1.91, 2.81, 3.28, 2.82, 3.08, 3.3, 3.62, 3.75, 4.43, 4.81, 3.61, 1.68, 1.27, 0, 2.44, 3.82, 3.54, 3.39, 4.2, 4.8, 6.49, 7.19, 6.82, 6.81, 6.56, 6.06, 5.85, 5.87, 5.63, 5.49, 5.05, 4.98, 5.73, 6.42, 6.92, 8.33, 9.36, 9.85, 10.53, 11.77, 12.82, 13.65, 13.68, 13.49], [3.47, 2.93, 2.7, 2.35, 1.87, 2.16, 2.24, 2.08, 1.69, 1.29, 1.1, 1.55, 1.67, 1.6, 2.02, 2.53, 2.93, 3.49, 3.26, 4.12, 4.02, 4.3, 4.3, 3.53, 3.75, 3.6, 3.12, 2.65, 2.58, 2.66, 2.75, 2.95, 2.76, 2.64, 2.39, 2.27, 2.66, 2.59, 2.35, 2.61, 2.42, 2.69, 3.75, 4.99, 5.34, 4.76, 4.86, 5.28, 5.4, 5.51, 6.23, 6.49, 5.63, 3.94, 3.29, 2.44, 0, 1.68, 1.76, 1.83, 2.56, 2.84, 4.39, 5.03, 4.68, 4.79, 4.52, 3.9, 3.81, 3.93, 3.79, 3.69, 3.11, 2.84, 3.51, 4.32, 4.8, 6.15, 7.18, 7.75, 8.25, 9.63, 10.44, 11.31, 11.44, 11.15], [2.71, 2.49, 2.12, 1.77, 1.65, 2.06, 2.4, 2.86, 2.43, 1.47, 1.52, 0.95, 0.83, 0.88, 1.08, 1.57, 1.91, 2.27, 2.02, 2.92, 2.86, 3.1, 3.02, 2.27, 2.45, 2.36, 1.88, 1.65, 2.08, 2.48, 2.65, 3.01, 3.0, 3.22, 3.39, 3.17, 3.8, 3.63, 2.85, 2.93, 3.2, 3.89, 5.13, 6.23, 6.62, 5.94, 5.88, 6.5, 6.22, 6.33, 7.15, 7.59, 6.89, 5.34, 4.71, 3.82, 1.68, 0, 0.96, 1.67, 1.74, 1.76, 3.03, 3.75, 3.38, 3.41, 3.28, 2.82, 2.79, 2.81, 2.73, 2.69, 2.41, 2.2, 2.29, 3.02, 3.54, 4.91, 5.92, 6.47, 6.97, 8.37, 9.1, 9.97, 10.16, 9.89], [2.55, 2.15, 1.86, 1.63, 1.43, 1.76, 2.14, 2.68, 2.29, 1.51, 1.58, 1.21, 1.17, 0.92, 1.06, 1.55, 2.21, 2.65, 2.44, 3.02, 3.06, 3.08, 3.1, 2.43, 2.57, 2.34, 1.84, 1.77, 1.56, 1.88, 2.09, 2.49, 2.36, 2.84, 3.09, 2.87, 3.48, 3.29, 2.55, 2.67, 2.9, 3.65, 4.83, 5.93, 6.4, 5.72, 5.66, 6.28, 5.96, 6.13, 6.89, 7.35, 6.71, 5.16, 4.51, 3.54, 1.76, 0.96, 0, 1.37, 1.4, 1.68, 3.11, 3.79, 3.42, 3.43, 3.16, 2.66, 2.57, 2.49, 2.39, 2.33, 2.11, 2.02, 2.39, 3.08, 3.68, 5.13, 6.16, 6.71, 7.13, 8.51, 9.32, 10.23, 10.38, 10.15], [2.78, 2.46, 2.15, 2.16, 1.72, 1.91, 2.05, 2.59, 2.14, 1.72, 2.09, 1.58, 1.76, 1.89, 1.93, 2.1, 2.4, 2.92, 2.69, 3.47, 3.45, 3.45, 3.29, 2.5, 2.62, 2.43, 1.81, 1.8, 1.19, 1.33, 1.62, 2.02, 2.37, 2.45, 2.62, 2.5, 3.09, 2.94, 2.2, 2.02, 2.35, 3.18, 4.36, 5.46, 5.93, 5.25, 5.19, 5.85, 5.71, 5.88, 6.8, 7.3, 6.4, 4.73, 4.18, 3.39, 1.83, 1.67, 1.37, 0, 1.11, 1.87, 3.56, 4.16, 3.77, 3.78, 3.53, 2.99, 2.88, 2.8, 2.64, 2.54, 2.2, 2.27, 2.84, 3.51, 4.13, 5.46, 6.53, 6.98, 7.62, 8.94, 9.861, 10.78, 10.91, 10.68], [2.33, 2.75, 2.36, 2.25, 2.33, 2.58, 2.68, 3.5, 2.93, 2.23, 2.32, 1.69, 1.75, 1.88, 1.76, 1.81, 1.75, 2.13, 2.04, 2.62, 2.54, 2.62, 2.46, 1.69, 1.71, 1.66, 1.24, 1.33, 1.06, 1.74, 1.91, 2.31, 3.06, 3.24, 3.37, 3.25, 3.86, 3.65, 2.85, 2.71, 3.04, 3.85, 5.13, 6.17, 6.62, 5.98, 5.88, 6.6, 6.5, 6.61, 7.59, 8.09, 7.15, 5.4, 4.93, 4.2, 2.56, 1.74, 1.4, 1.11, 0, 1.18, 2.83, 3.53, 3.14, 3.15, 2.9, 2.42, 2.27, 2.17, 2.15, 2.15, 1.99, 1.98, 2.21, 2.74, 3.24, 4.53, 5.6, 6.09, 6.75, 8.03, 9.039, 9.89, 10.0, 9.77], [2.13, 2.65, 2.32, 2.17, 2.49, 3.02, 3.34, 3.94, 3.39, 2.73, 2.56, 1.77, 1.81, 1.94, 1.72, 1.63, 1.43, 1.45, 1.48, 1.84, 1.74, 1.88, 1.64, 1.09, 1.33, 1.4, 1.1, 1.31, 1.36, 1.94, 2.35, 2.83, 3.5, 4.04, 4.29, 4.07, 4.7, 4.51, 3.65, 3.55, 3.94, 4.81, 6.03, 7.13, 7.56, 6.88, 6.82, 7.44, 7.18, 7.31, 8.13, 8.67, 7.89, 6.36, 5.71, 4.8, 2.84, 1.76, 1.68, 1.87, 1.18, 0, 1.83, 2.55, 2.22, 2.29, 2.04, 1.74, 1.63, 1.65, 1.87, 2.09, 2.05, 1.8, 1.51, 2.0, 2.32, 3.75, 4.86, 5.43, 5.89, 7.25, 8.088, 8.99, 9.12, 8.89], [1.88, 2.54, 2.49, 2.7, 3.58, 4.55, 4.95, 5.55, 5.1, 4.3, 4.15, 3.34, 3.1, 3.33, 3.07, 2.66, 2.46, 1.88, 2.13, 1.87, 1.57, 1.75, 1.93, 1.78, 2.0, 2.11, 2.33, 2.74, 3.05, 3.17, 3.48, 4.1, 4.97, 5.69, 6.04, 5.82, 6.41, 6.24, 5.44, 5.32, 5.73, 6.6, 7.78, 8.88, 9.35, 8.67, 8.61, 9.23, 8.89, 9.0, 9.74, 10.1, 9.66, 8.15, 7.5, 6.49, 4.39, 3.03, 3.11, 3.56, 2.83, 1.83, 0, 0.98, 0.83, 1.02, 1.07, 1.17, 1.04, 1.42, 1.66, 2.08, 2.28, 2.31, 1.46, 1.25, 1.27, 2.94, 3.93, 4.44, 4.66, 6.02, 6.65, 7.42, 7.61, 7.4], [2.2, 2.92, 2.87, 3.24, 4.3, 5.29, 5.69, 6.29, 5.8, 5.04, 4.85, 4.02, 3.8, 4.05, 3.75, 3.26, 3.08, 2.46, 2.57, 2.21, 2.05, 2.19, 2.35, 2.42, 2.54, 2.67, 3.03, 3.4, 3.75, 3.87, 4.12, 4.8, 5.69, 6.37, 6.76, 6.54, 7.13, 6.96, 6.16, 6.04, 6.45, 7.32, 8.5, 9.6, 10.07, 9.39, 9.33, 9.95, 9.61, 9.72, 10.46, 10.82, 10.38, 8.83, 8.18, 7.19, 5.03, 3.75, 3.79, 4.16, 3.53, 2.55, 0.98, 0, 0.77, 0.98, 1.17, 1.49, 1.54, 1.84, 1.94, 2.4, 2.7, 2.77, 1.98, 1.47, 1.39, 2.8, 3.67, 4.2, 4.46, 5.72, 6.33, 7.0, 7.17, 6.96], [2.03, 2.77, 2.76, 3.09, 3.95, 4.94, 5.34, 5.92, 5.41, 4.69, 4.5, 3.69, 3.47, 3.72, 3.52, 3.05, 2.77, 2.21, 2.44, 2.12, 1.88, 2.16, 2.32, 2.09, 2.29, 2.4, 2.64, 3.01, 3.36, 3.5, 3.73, 4.41, 5.3, 5.98, 6.37, 6.15, 6.74, 6.57, 5.77, 5.65, 6.06, 6.93, 8.11, 9.21, 9.68, 9.0, 8.94, 9.56, 9.22, 9.33, 10.07, 10.43, 9.99, 8.44, 7.79, 6.82, 4.68, 3.38, 3.42, 3.77, 3.14, 2.22, 0.83, 0.77, 0, 0.89, 1.04, 1.36, 1.39, 1.65, 1.81, 2.25, 2.49, 2.5, 1.83, 1.5, 1.52, 3.09, 3.98, 4.53, 4.75, 6.15, 6.78, 7.43, 7.64, 7.41], [2.08, 2.82, 2.87, 3.06, 3.98, 4.95, 5.35, 5.95, 5.5, 4.72, 4.59, 3.82, 3.56, 3.77, 3.45, 3.1, 3.04, 2.62, 2.69, 2.37, 2.11, 2.33, 2.39, 2.2, 2.34, 2.55, 2.77, 3.08, 3.35, 3.49, 3.78, 4.42, 5.29, 5.97, 6.36, 6.14, 6.73, 6.56, 5.76, 5.64, 6.05, 6.92, 8.1, 9.2, 9.67, 8.99, 8.93, 9.55, 9.21, 9.32, 10.06, 10.42, 9.98, 8.43, 7.78, 6.81, 4.79, 3.41, 3.43, 3.78, 3.15, 2.29, 1.02, 0.98, 0.89, 0, 0.75, 1.39, 1.38, 1.66, 1.76, 2.24, 2.52, 2.55, 1.86, 1.33, 1.49, 3.28, 4.01, 4.44, 4.66, 6.08, 6.65, 7.4, 7.57, 7.36], [1.77, 2.45, 2.44, 2.83, 3.69, 4.66, 5.06, 5.66, 5.21, 4.41, 4.24, 3.51, 3.25, 3.46, 3.16, 2.77, 2.83, 2.49, 2.68, 2.4, 2.08, 2.28, 2.32, 2.13, 2.27, 2.5, 2.52, 2.85, 3.12, 3.24, 3.53, 4.17, 5.06, 5.74, 6.13, 5.91, 6.5, 6.33, 5.53, 5.41, 5.82, 6.69, 7.87, 8.97, 9.44, 8.76, 8.7, 9.32, 8.98, 9.09, 9.83, 10.19, 9.75, 8.2, 7.55, 6.56, 4.52, 3.28, 3.16, 3.53, 2.9, 2.04, 1.07, 1.17, 1.04, 0.75, 0, 0.92, 1.17, 1.33, 1.37, 1.87, 2.23, 2.32, 1.73, 1.28, 1.5, 3.43, 4.22, 4.71, 4.95, 6.21, 6.82, 7.53, 7.7, 7.51], [1.45, 1.99, 1.9, 2.37, 3.13, 4.06, 4.46, 5.08, 4.59, 3.83, 3.72, 2.99, 2.71, 2.86, 2.62, 2.33, 2.49, 2.31, 2.5, 2.34, 2.0, 2.14, 2.3, 2.13, 2.31, 2.4, 2.42, 2.49, 2.6, 2.72, 2.99, 3.65, 4.54, 5.22, 5.61, 5.39, 5.98, 5.81, 5.01, 4.89, 5.3, 6.17, 7.35, 8.45, 8.92, 8.24, 8.18, 8.8, 8.48, 8.59, 9.33, 9.69, 9.25, 7.7, 7.05, 6.06, 3.9, 2.82, 2.66, 2.99, 2.42, 1.74, 1.17, 1.49, 1.36, 1.39, 0.92, 0, 0.85, 0.85, 1.07, 1.45, 1.85, 1.94, 1.33, 1.12, 1.64, 3.51, 4.54, 5.07, 5.29, 6.55, 7.18, 7.83, 8.02, 7.77], [1.16, 1.82, 1.73, 2.14, 3.02, 3.99, 4.39, 4.99, 4.52, 3.76, 3.71, 2.92, 2.7, 2.87, 2.61, 2.26, 2.32, 2.32, 2.57, 2.45, 2.03, 2.09, 2.41, 2.12, 2.34, 2.41, 2.41, 2.64, 2.43, 2.49, 2.74, 3.42, 4.31, 5.01, 5.38, 5.16, 5.75, 5.58, 4.78, 4.66, 5.07, 5.94, 7.12, 8.22, 8.69, 8.01, 7.95, 8.57, 8.27, 8.38, 9.12, 9.48, 9.04, 7.49, 6.84, 5.85, 3.81, 2.79, 2.57, 2.88, 2.27, 1.63, 1.04, 1.54, 1.39, 1.38, 1.17, 0.85, 0, 0.72, 1.1, 1.34, 1.48, 1.51, 1.28, 1.25, 1.73, 3.76, 4.83, 5.36, 5.58, 6.86, 7.45, 8.08, 8.27, 8.06], [1.22, 1.74, 1.59, 2.28, 3.14, 4.05, 4.45, 5.05, 4.62, 3.84, 3.75, 3.04, 2.8, 2.95, 2.67, 2.48, 2.56, 2.54, 2.69, 2.69, 2.23, 2.37, 2.45, 2.24, 2.44, 2.49, 2.37, 2.54, 2.41, 2.47, 2.72, 3.4, 4.29, 4.97, 5.36, 5.14, 5.73, 5.58, 4.76, 4.64, 5.05, 5.92, 7.1, 8.2, 8.67, 7.99, 7.93, 8.55, 8.23, 8.34, 9.08, 9.44, 9.0, 7.45, 6.8, 5.87, 3.93, 2.81, 2.49, 2.8, 2.17, 1.65, 1.42, 1.84, 1.65, 1.66, 1.33, 0.85, 0.72, 0, 0.74, 1.02, 1.38, 1.51, 1.06, 1.01, 2.09, 4.02, 5.19, 5.72, 5.94, 7.2, 7.79, 8.12, 8.33, 8.1], [1.14, 1.56, 1.45, 2.22, 2.96, 3.79, 4.19, 4.81, 4.42, 3.64, 3.59, 3.0, 2.66, 2.77, 2.59, 2.38, 2.6, 2.76, 2.93, 2.99, 2.55, 2.57, 2.65, 2.44, 2.6, 2.55, 2.29, 2.56, 2.23, 2.27, 2.54, 3.2, 4.09, 4.77, 5.16, 4.94, 5.53, 5.36, 4.56, 4.44, 4.85, 5.72, 6.9, 8.0, 8.47, 7.79, 7.73, 8.35, 7.99, 8.08, 8.82, 9.18, 8.74, 7.19, 6.56, 5.63, 3.79, 2.73, 2.39, 2.64, 2.15, 1.87, 1.66, 1.94, 1.81, 1.76, 1.37, 1.07, 1.1, 0.74, 0, 0.68, 1.1, 1.35, 1.16, 1.19, 2.37, 4.32, 5.43, 5.92, 6.16, 7.4, 7.99, 8.46, 8.65, 8.44], [1.1, 1.42, 1.41, 2.22, 2.84, 3.63, 4.03, 4.65, 4.26, 3.52, 3.59, 3.04, 2.7, 2.71, 2.55, 2.4, 2.7, 3.04, 3.21, 3.29, 2.87, 2.93, 2.99, 2.74, 2.9, 2.81, 2.57, 2.78, 2.19, 2.13, 2.28, 3.0, 3.85, 4.55, 4.92, 4.74, 5.29, 5.12, 4.32, 4.2, 4.61, 5.48, 6.66, 7.76, 8.23, 7.55, 7.49, 8.11, 7.75, 7.84, 8.58, 8.94, 8.5, 6.95, 6.32, 5.49, 3.69, 2.69, 2.33, 2.54, 2.15, 2.09, 2.08, 2.4, 2.25, 2.24, 1.87, 1.45, 1.34, 1.02, 0.68, 0, 0.82, 1.27, 1.36, 1.47, 2.79, 4.72, 5.87, 6.36, 6.6, 7.84, 8.43, 8.8, 9.01, 8.78], [1.08, 1.24, 1.19, 1.78, 2.36, 3.25, 3.67, 4.25, 3.82, 3.04, 3.13, 2.62, 2.4, 2.43, 2.31, 2.16, 2.54, 3.08, 3.31, 3.41, 2.91, 3.09, 3.09, 2.76, 3.0, 3.05, 2.65, 2.84, 2.11, 1.89, 2.0, 2.68, 3.47, 4.21, 4.52, 4.3, 4.93, 4.76, 3.86, 3.7, 4.11, 4.98, 6.26, 7.36, 7.75, 7.07, 6.99, 7.63, 7.29, 7.36, 8.12, 8.44, 8.0, 6.47, 5.84, 5.05, 3.11, 2.41, 2.11, 2.2, 1.99, 2.05, 2.28, 2.7, 2.49, 2.52, 2.23, 1.85, 1.48, 1.38, 1.1, 0.82, 0, 0.83, 1.4, 1.67, 2.85, 4.88, 6.01, 6.6, 6.8, 8.08, 8.65, 9.18, 9.41, 9.12], [1.17, 1.35, 1.02, 1.39, 2.21, 3.12, 3.54, 4.12, 3.59, 2.87, 2.96, 2.25, 2.07, 2.08, 1.9, 1.81, 2.27, 2.81, 3.0, 3.18, 2.74, 2.96, 2.96, 2.61, 2.87, 2.88, 2.52, 2.63, 2.06, 1.92, 2.09, 2.67, 3.44, 4.16, 4.47, 4.25, 4.88, 4.69, 3.81, 3.63, 4.04, 4.91, 6.21, 7.31, 7.7, 7.02, 6.94, 7.58, 7.24, 7.31, 8.07, 8.37, 7.93, 6.44, 5.81, 4.98, 2.84, 2.2, 2.02, 2.27, 1.98, 1.8, 2.31, 2.77, 2.5, 2.55, 2.32, 1.94, 1.51, 1.51, 1.35, 1.27, 0.83, 0, 1.27, 1.78, 2.9, 4.91, 6.04, 6.61, 6.79, 8.11, 8.68, 9.17, 9.4, 9.09], [1.48, 1.86, 1.59, 2.1, 2.86, 3.83, 4.25, 4.83, 4.32, 3.54, 3.49, 2.74, 2.4, 2.59, 2.35, 2.16, 2.16, 2.04, 2.23, 2.29, 1.79, 2.07, 2.09, 1.94, 2.16, 2.23, 2.11, 2.2, 2.27, 2.45, 2.72, 3.38, 4.25, 4.99, 5.3, 5.08, 5.71, 5.52, 4.64, 4.42, 4.83, 5.7, 7.04, 8.14, 8.53, 7.85, 7.77, 8.41, 8.07, 8.16, 8.92, 9.26, 8.82, 7.29, 6.56, 5.73, 3.51, 2.29, 2.39, 2.84, 2.21, 1.51, 1.46, 1.98, 1.83, 1.86, 1.73, 1.33, 1.28, 1.06, 1.16, 1.36, 1.4, 1.27, 0, 0.97, 1.93, 3.92, 5.05, 5.66, 5.86, 7.18, 7.75, 8.2, 8.41, 8.12], [1.61, 2.17, 2.14, 2.83, 3.65, 4.6, 5.02, 5.6, 5.11, 4.31, 4.2, 3.47, 3.17, 3.34, 3.02, 2.87, 2.85, 2.45, 2.54, 2.32, 1.96, 2.26, 2.08, 2.03, 2.13, 2.46, 2.62, 2.67, 2.96, 3.08, 3.35, 3.99, 4.86, 5.62, 5.93, 5.69, 6.32, 6.13, 5.25, 5.05, 5.48, 6.33, 7.65, 8.75, 9.14, 8.46, 8.38, 9.04, 8.76, 8.85, 9.61, 9.95, 9.51, 7.98, 7.27, 6.42, 4.32, 3.02, 3.08, 3.51, 2.74, 2.0, 1.25, 1.47, 1.5, 1.33, 1.28, 1.12, 1.25, 1.01, 1.19, 1.47, 1.67, 1.78, 0.97, 0, 1.46, 3.45, 4.56, 5.19, 5.39, 6.67, 7.24, 7.67, 7.9, 7.59], [2.57, 3.27, 3.14, 3.31, 4.17, 5.14, 5.5, 6.1, 5.53, 4.73, 4.58, 3.79, 3.57, 3.78, 3.48, 2.91, 2.65, 2.09, 2.28, 1.72, 1.44, 1.6, 1.6, 1.87, 1.95, 2.3, 2.7, 3.05, 3.46, 3.68, 3.95, 4.57, 5.5, 6.24, 6.49, 6.27, 6.9, 6.71, 5.73, 5.59, 6.0, 6.97, 8.21, 9.33, 9.74, 9.08, 8.96, 9.64, 9.38, 9.41, 10.23, 10.55, 9.99, 8.5, 7.83, 6.92, 4.8, 3.54, 3.68, 4.13, 3.24, 2.32, 1.27, 1.39, 1.52, 1.49, 1.5, 1.64, 1.73, 2.09, 2.37, 2.79, 2.85, 2.9, 1.93, 1.46, 0, 2.23, 3.24, 3.91, 4.17, 5.49, 6.22, 6.89, 7.04, 6.81], [4.5, 5.14, 4.99, 4.94, 5.64, 6.29, 6.57, 7.47, 6.82, 6.16, 5.97, 4.98, 4.88, 5.07, 4.71, 4.2, 3.6, 2.84, 3.01, 2.33, 2.47, 2.63, 2.59, 3.16, 3.08, 3.37, 3.89, 4.3, 4.83, 5.43, 5.84, 6.3, 7.07, 7.67, 7.82, 7.62, 8.23, 8.06, 7.06, 6.88, 7.31, 8.28, 9.62, 10.7, 11.07, 10.47, 10.31, 11.05, 10.81, 10.78, 11.76, 12.26, 11.38, 9.77, 9.12, 8.33, 6.15, 4.91, 5.13, 5.46, 4.53, 3.75, 2.94, 2.8, 3.09, 3.28, 3.43, 3.51, 3.76, 4.02, 4.32, 4.72, 4.88, 4.91, 3.92, 3.45, 2.23, 0, 1.25, 1.96, 2.66, 3.72, 4.709, 5.56, 5.63, 5.36], [5.45, 6.11, 6.12, 5.97, 6.59, 7.32, 7.58, 8.5, 7.87, 7.17, 6.96, 5.99, 5.91, 6.04, 5.78, 5.19, 4.57, 3.87, 4.06, 3.32, 3.52, 3.36, 3