[[0, 0.68, 1.24, 1.26, 1.37, 1.55, 2.1, 3.084, 3.777, 4.46, 4.41, 3.83, 4.34, 5.11, 5.472, 5.19, 4.93, 5.02, 4.65, 5.316, 5.95, 4.94, 5.22, 5.47, 5.033, 6.23, 7.48, 7.52, 5.86, 5.92, 6.2, 5.65, 6.0, 5.79, 5.23, 4.41, 4.01, 3.99, 3.21, 3.24, 3.42, 3.74, 4.24, 4.0, 4.3, 4.95, 5.23, 5.22, 4.98, 5.02, 5.06, 5.27, 5.33, 5.43, 5.84, 6.97, 7.49, 7.18, 7.24, 7.39, 7.58, 8.5, 8.73, 10.3, 11.16, 10.78, 10.61, 9.78, 9.58, 11.48, 12.683, 10.18, 8.49, 7.47, 8.26, 7.92, 6.4, 5.61, 4.65, 3.8, 2.98, 3.34, 3.59, 3.73, 4.01, 4.11], [0.68, 0, 0.82, 1.06, 1.35, 1.45, 1.84, 2.69, 3.377, 4.06, 4.01, 3.39, 3.94, 4.675, 5.052, 4.752, 4.512, 4.62, 4.206, 4.876, 5.55, 4.54, 4.72, 5.05, 4.633, 5.83, 7.06, 7.12, 5.54, 5.62, 5.92, 5.25, 5.54, 5.29, 4.71, 3.93, 3.69, 3.67, 2.87, 2.92, 3.04, 3.46, 3.96, 3.7, 4.06, 4.69, 4.99, 4.98, 4.72, 4.74, 4.8, 5.03, 5.05, 5.15, 5.52, 6.69, 7.19, 6.9, 6.9, 6.99, 7.18, 8.08, 8.23, 9.84, 10.68, 10.28, 10.17, 9.34, 9.16, 11.08, 12.283, 9.78, 8.03, 7.03, 7.84, 7.52, 5.96, 5.15, 4.23, 3.4, 2.58, 2.88, 3.19, 3.33, 3.59, 3.71], [1.24, 0.82, 0, 0.82, 1.65, 1.69, 1.9, 2.39, 2.94, 3.62, 3.55, 2.91, 3.48, 4.269, 4.63, 4.35, 4.09, 4.18, 3.79, 4.48, 5.106, 4.1, 4.26, 4.59, 4.2, 5.39, 6.62, 6.72, 5.06, 5.34, 5.58, 4.85, 5.08, 4.83, 4.23, 3.45, 3.33, 3.41, 2.59, 2.6, 2.66, 3.08, 3.58, 3.52, 4.0, 4.59, 4.87, 4.92, 4.62, 4.56, 4.74, 4.95, 4.89, 4.91, 5.24, 6.29, 6.77, 6.48, 6.44, 6.45, 6.62, 7.52, 7.75, 9.38, 10.2, 9.8, 9.69, 8.86, 8.7, 10.64, 11.878, 9.34, 7.55, 6.57, 7.4, 7.08, 5.38, 4.55, 3.69, 2.9, 2.4, 2.82, 3.13, 3.11, 3.13, 3.27], [1.26, 1.06, 0.82, 0, 1.27, 1.59, 2.14, 2.87, 3.56, 4.24, 4.15, 3.49, 4.1, 4.89, 5.25, 4.99, 4.73, 4.82, 4.43, 5.1, 5.73, 4.72, 4.88, 5.21, 4.84, 6.03, 7.24, 7.34, 5.62, 5.28, 5.5, 4.97, 5.44, 5.27, 4.75, 3.87, 3.23, 3.31, 2.55, 2.46, 2.58, 3.0, 3.58, 3.36, 3.62, 4.25, 4.51, 4.5, 4.28, 4.34, 4.44, 4.63, 4.67, 4.77, 5.14, 6.17, 6.69, 6.38, 6.32, 6.33, 6.54, 7.44, 8.11, 9.96, 10.78, 10.36, 10.27, 9.42, 9.28, 11.26, 12.51, 9.94, 8.15, 7.19, 8.02, 7.68, 5.54, 4.57, 3.71, 2.96, 2.78, 3.08, 3.37, 3.47, 3.33, 3.83], [1.37, 1.35, 1.65, 1.27, 0, 1.54, 2.57, 3.56, 4.25, 4.93, 4.84, 4.18, 4.79, 5.58, 5.94, 5.66, 5.4, 5.49, 5.1, 5.79, 6.42, 5.41, 5.55, 5.9, 5.51, 6.7, 7.97, 8.07, 6.35, 5.09, 5.37, 5.66, 6.19, 5.98, 5.42, 4.58, 3.56, 3.12, 2.64, 2.61, 3.03, 3.25, 3.51, 3.09, 3.17, 3.82, 4.06, 4.05, 3.93, 3.97, 4.03, 4.18, 4.3, 4.54, 4.93, 6.18, 6.66, 6.41, 6.59, 6.84, 7.07, 8.07, 8.86, 10.65, 11.43, 10.99, 10.92, 10.13, 10.01, 11.99, 13.2, 10.67, 8.84, 7.88, 8.75, 8.41, 6.25, 5.22, 4.26, 3.51, 3.05, 3.09, 3.5, 3.78, 3.86, 4.52], [1.55, 1.45, 1.69, 1.59, 1.54, 0, 1.21, 2.36, 2.85, 3.43, 3.36, 2.74, 3.39, 4.16, 4.54, 4.22, 3.94, 4.05, 3.66, 4.31, 5.0, 4.01, 4.21, 4.44, 4.07, 5.32, 6.57, 6.69, 5.05, 5.09, 5.37, 4.84, 5.25, 4.96, 4.26, 3.66, 3.16, 3.16, 2.4, 2.33, 2.49, 2.89, 3.39, 3.15, 3.47, 4.04, 4.3, 4.27, 4.07, 4.11, 4.19, 4.4, 4.46, 4.6, 5.01, 6.1, 6.62, 6.35, 6.33, 6.4, 6.63, 7.59, 7.86, 9.25, 10.05, 9.75, 9.6, 8.83, 8.61, 10.53, 11.72, 9.27, 7.5, 6.52, 7.39, 7.03, 5.45, 4.68, 3.72, 2.83, 2.13, 2.23, 2.32, 2.62, 2.9, 3.04], [2.1, 1.84, 1.9, 2.14, 2.57, 1.21, 0, 1.35, 2.0, 2.48, 2.67, 2.11, 2.6, 3.23, 3.57, 3.35, 3.15, 3.08, 2.73, 3.34, 4.09, 3.22, 3.52, 3.71, 3.16, 4.39, 5.78, 5.74, 4.64, 5.74, 6.02, 5.13, 4.88, 4.43, 3.65, 3.23, 3.77, 3.83, 2.99, 2.98, 3.02, 3.52, 4.04, 3.84, 4.18, 4.79, 5.07, 5.06, 4.82, 4.86, 4.94, 5.17, 5.21, 5.31, 5.66, 6.71, 7.23, 6.96, 6.92, 6.85, 7.0, 7.72, 7.39, 8.56, 9.36, 9.14, 8.91, 8.22, 7.94, 9.5, 10.69, 8.32, 6.79, 5.77, 6.5, 6.1, 5.58, 4.83, 4.07, 3.28, 2.56, 2.82, 2.77, 2.97, 3.35, 2.77], [3.084, 2.69, 2.39, 2.87, 3.56, 2.36, 1.35, 0, 1.23, 1.93, 2.36, 2.08, 2.31, 2.84, 2.94, 2.86, 2.38, 2.35, 2.18, 2.75, 3.24, 2.89, 3.21, 2.98, 2.49, 3.8, 5.11, 5.13, 4.87, 6.23, 6.41, 5.38, 4.95, 4.24, 3.36, 3.36, 4.24, 4.34, 3.52, 3.51, 3.53, 3.97, 4.47, 4.37, 4.81, 5.42, 5.7, 5.71, 5.45, 5.43, 5.57, 5.8, 5.76, 5.84, 6.17, 7.22, 7.64, 7.35, 7.19, 7.06, 7.19, 7.75, 7.2, 7.73, 8.57, 8.59, 8.36, 7.71, 7.37, 8.55, 9.7, 7.71, 6.46, 5.48, 5.87, 5.83, 5.59, 5.02, 4.3, 3.53, 3.05, 3.31, 3.24, 3.46, 3.58, 2.98], [3.777, 3.377, 2.94, 3.56, 4.25, 2.85, 2.0, 1.23, 0, 1.14, 1.61, 1.53, 1.66, 2.19, 2.41, 2.29, 1.87, 1.84, 1.75, 2.2, 2.71, 2.18, 2.48, 2.55, 2.02, 3.25, 4.58, 4.56, 4.18, 5.52, 5.7, 4.61, 4.14, 3.61, 2.79, 2.61, 3.61, 3.69, 3.19, 3.12, 2.98, 3.38, 3.8, 3.94, 4.46, 5.09, 5.27, 5.36, 5.0, 5.06, 5.28, 5.37, 5.25, 5.21, 5.52, 6.55, 6.89, 6.66, 6.36, 6.19, 6.28, 7.0, 6.61, 7.1, 7.92, 7.98, 7.79, 7.16, 6.82, 7.9, 9.05, 7.2, 5.91, 4.87, 5.28, 5.26, 4.8, 4.23, 3.45, 2.8, 2.42, 2.7, 2.61, 2.79, 2.75, 2.25], [4.46, 4.06, 3.62, 4.24, 4.93, 3.43, 2.48, 1.93, 1.14, 0, 0.83, 1.05, 1.08, 1.29, 1.55, 1.43, 1.13, 1.24, 1.23, 1.4, 1.87, 1.28, 1.72, 1.87, 1.5, 2.55, 3.66, 3.62, 3.28, 4.72, 4.88, 3.79, 3.26, 2.57, 1.83, 1.93, 3.37, 3.71, 3.39, 3.38, 2.92, 3.22, 3.38, 3.76, 4.6, 5.13, 5.41, 5.46, 4.9, 4.94, 5.18, 5.25, 5.19, 4.87, 4.9, 5.75, 6.07, 5.96, 5.56, 5.35, 5.48, 6.02, 5.59, 6.34, 7.16, 7.14, 6.93, 6.3, 5.88, 7.2, 8.37, 6.32, 4.89, 3.85, 4.3, 4.26, 4.06, 3.43, 2.83, 2.4, 2.2, 2.28, 2.21, 2.11, 2.17, 1.59], [4.41, 4.01, 3.55, 4.15, 4.84, 3.36, 2.67, 2.36, 1.61, 0.83, 0, 1.02, 0.87, 1.1, 1.44, 1.22, 1.2, 1.29, 1.28, 1.19, 1.74, 1.01, 1.33, 1.74, 1.29, 2.26, 3.41, 3.47, 2.95, 4.31, 4.49, 3.38, 2.79, 2.28, 1.52, 1.74, 3.12, 3.48, 3.2, 3.15, 2.69, 3.03, 3.11, 3.51, 4.31, 4.84, 5.06, 5.03, 4.59, 4.65, 4.85, 4.96, 4.9, 4.56, 4.59, 5.42, 5.66, 5.65, 5.13, 4.88, 4.95, 5.47, 5.2, 6.15, 6.93, 6.81, 6.6, 5.97, 5.61, 7.23, 8.42, 6.11, 4.56, 3.44, 4.11, 4.01, 3.47, 3.02, 2.38, 2.01, 2.05, 2.15, 1.8, 1.84, 1.84, 1.36], [3.83, 3.39, 2.91, 3.49, 4.18, 2.74, 2.11, 2.08, 1.53, 1.05, 1.02, 0, 1.01, 1.6, 1.94, 1.62, 1.44, 1.59, 1.36, 1.77, 2.36, 1.51, 1.71, 2.02, 1.63, 2.78, 3.97, 4.07, 3.17, 4.43, 4.57, 3.46, 3.11, 2.6, 1.74, 1.54, 2.88, 3.06, 2.58, 2.59, 2.31, 2.57, 2.99, 3.31, 4.03, 4.52, 4.76, 4.81, 4.37, 4.45, 4.67, 4.84, 4.78, 4.4, 4.65, 5.46, 5.74, 5.67, 5.25, 5.08, 5.23, 5.87, 5.44, 6.59, 7.37, 7.13, 7.0, 6.29, 6.05, 7.91, 9.1, 6.63, 4.92, 4.02, 4.73, 4.45, 3.89, 3.16, 2.44, 1.71, 1.63, 1.89, 1.76, 1.78, 1.82, 1.32], [4.34, 3.94, 3.48, 4.1, 4.79, 3.39, 2.6, 2.31, 1.66, 1.08, 0.87, 1.01, 0, 1.01, 1.33, 1.13, 0.97, 1.26, 1.29, 1.36, 1.73, 1.04, 1.26, 1.57, 1.12, 2.13, 3.48, 3.46, 2.94, 4.36, 4.5, 3.29, 2.72, 2.33, 1.47, 1.61, 2.97, 3.33, 2.97, 2.98, 2.48, 2.8, 2.92, 3.4, 4.16, 4.65, 4.79, 4.82, 4.42, 4.5, 4.72, 4.93, 4.87, 4.51, 4.64, 5.35, 5.59, 5.54, 5.02, 4.83, 4.96, 5.48, 5.07, 6.06, 6.94, 6.64, 6.51, 5.8, 5.48, 7.28, 8.45, 6.0, 4.47, 3.63, 4.24, 3.94, 3.6, 3.05, 2.23, 1.76, 1.98, 2.08, 1.83, 1.79, 1.73, 1.23], [5.11, 4.675, 4.269, 4.89, 5.58, 4.16, 3.23, 2.84, 2.19, 1.29, 1.1, 1.6, 1.01, 0, 0.64, 0.82, 1.04, 1.27, 1.3, 1.01, 1.22, 0.83, 0.99, 1.36, 1.09, 1.64, 3.03, 2.85, 2.87, 4.39, 4.51, 3.32, 2.59, 2.02, 1.42, 1.92, 3.52, 3.96, 3.72, 3.75, 3.13, 3.33, 3.19, 3.81, 4.73, 5.32, 5.44, 5.43, 4.93, 4.91, 5.11, 5.36, 5.34, 4.98, 4.75, 5.38, 5.68, 5.59, 4.99, 4.72, 4.85, 5.25, 4.8, 5.61, 6.55, 6.35, 6.1, 5.39, 5.01, 6.63, 7.76, 5.43, 4.06, 3.16, 3.51, 3.37, 3.47, 3.02, 2.32, 2.41, 2.63, 2.67, 2.38, 2.26, 2.1, 1.6], [5.472, 5.052, 4.63, 5.25, 5.94, 4.54, 3.57, 2.94, 2.41, 1.55, 1.44, 1.94, 1.33, 0.64, 0, 0.74, 1.14, 1.35, 1.54, 0.85, 0.94, 1.05, 1.31, 1.38, 1.11, 1.52, 2.77, 2.59, 3.03, 4.73, 4.79, 3.62, 2.69, 2.04, 1.58, 2.36, 3.96, 4.46, 4.14, 4.15, 3.55, 3.71, 3.65, 4.13, 5.15, 5.68, 5.8, 5.75, 5.29, 5.29, 5.49, 5.78, 5.78, 5.36, 5.07, 5.68, 5.96, 5.93, 5.23, 4.92, 4.95, 5.25, 4.66, 5.31, 6.29, 6.11, 5.86, 5.13, 4.73, 6.31, 7.42, 5.15, 3.86, 3.1, 3.41, 3.25, 3.51, 3.22, 2.46, 2.75, 2.97, 3.03, 2.76, 2.64, 2.6, 2.02], [5.19, 4.752, 4.35, 4.99, 5.66, 4.22, 3.35, 2.86, 2.29, 1.43, 1.22, 1.62, 1.13, 0.82, 0.74, 0, 0.82, 1.03, 1.16, 0.93, 1.12, 0.95, 1.01, 1.3, 1.19, 1.62, 2.71, 2.67, 2.87, 4.61, 4.71, 3.52, 2.53, 1.94, 1.2, 1.96, 3.58, 4.02, 3.8, 3.81, 3.17, 3.31, 3.27, 3.87, 4.77, 5.28, 5.46, 5.51, 4.99, 4.97, 5.19, 5.42, 5.4, 5.04, 4.95, 5.6, 5.84, 5.79, 5.13, 4.8, 4.83, 5.15, 4.58, 5.29, 6.25, 6.05, 5.84, 5.07, 4.67, 6.51, 7.68, 5.33, 3.84, 3.16, 3.65, 3.43, 3.39, 3.14, 2.28, 2.45, 2.71, 2.77, 2.46, 2.3, 2.22, 1.7], [4.93, 4.512, 4.09, 4.73, 5.4, 3.94, 3.15, 2.38, 1.87, 1.13, 1.2, 1.44, 0.97, 1.04, 1.14, 0.82, 0, 0.83, 1.06, 1.21, 1.32, 1.03, 1.41, 1.34, 0.95, 1.98, 3.05, 3.15, 3.07, 4.57, 4.71, 3.54, 2.89, 2.36, 1.48, 1.78, 3.42, 3.82, 3.54, 3.55, 2.93, 3.07, 3.13, 3.67, 4.57, 5.04, 5.24, 5.27, 4.75, 4.79, 5.01, 5.26, 5.22, 4.82, 4.81, 5.52, 5.84, 5.69, 5.23, 5.0, 5.13, 5.59, 5.12, 5.55, 6.45, 6.39, 6.16, 5.41, 5.11, 6.73, 7.9, 5.71, 4.36, 3.7, 4.19, 4.01, 3.85, 3.28, 2.52, 2.25, 2.45, 2.59, 2.32, 2.08, 2.08, 1.56], [5.02, 4.62, 4.18, 4.82, 5.49, 4.05, 3.08, 2.35, 1.84, 1.24, 1.29, 1.59, 1.26, 1.27, 1.35, 1.03, 0.83, 0, 0.79, 1.2, 1.63, 1.34, 1.62, 1.47, 1.26, 1.87, 2.84, 2.96, 3.24, 4.78, 4.94, 3.81, 3.08, 2.39, 1.41, 1.81, 3.55, 3.85, 3.687, 3.64, 3.0, 3.22, 3.34, 3.92, 4.76, 5.25, 5.55, 5.54, 4.94, 4.88, 5.08, 5.27, 5.23, 4.87, 4.98, 5.85, 6.11, 5.98, 5.54, 5.27, 5.36, 5.84, 5.13, 5.58, 6.4, 6.34, 6.13, 5.46, 5.12, 6.52, 7.71, 5.52, 4.33, 3.59, 4.04, 3.86, 3.94, 3.53, 3.03, 2.62, 2.7, 2.9, 2.59, 2.41, 2.35, 1.79], [4.65, 4.206, 3.79, 4.43, 5.1, 3.66, 2.73, 2.18, 1.75, 1.23, 1.28, 1.36, 1.29, 1.3, 1.54, 1.16, 1.06, 0.79, 0, 1.29, 1.72, 1.31, 1.57, 1.78, 1.49, 2.24, 3.21, 3.13, 3.31, 4.85, 4.95, 3.8, 2.99, 2.46, 1.64, 1.74, 3.48, 3.58, 3.26, 3.29, 2.79, 2.87, 3.17, 3.79, 4.63, 4.94, 5.32, 5.31, 4.73, 4.55, 4.85, 5.16, 5.14, 4.8, 4.99, 5.76, 6.08, 5.83, 5.47, 5.22, 5.29, 5.75, 5.2, 5.91, 6.73, 6.63, 6.46, 5.77, 5.35, 6.95, 8.14, 5.91, 4.46, 3.7, 4.21, 4.09, 4.05, 3.66, 3.08, 2.55, 2.57, 2.81, 2.56, 2.36, 2.26, 1.88], [5.316, 4.876, 4.48, 5.1, 5.79, 4.31, 3.34, 2.75, 2.2, 1.4, 1.19, 1.77, 1.36, 1.01, 0.85, 0.93, 1.21, 1.2, 1.29, 0, 0.99, 1.24, 1.56, 1.51, 1.26, 1.61, 2.64, 2.54, 3.06, 4.86, 4.88, 3.73, 2.8, 2.23, 1.57, 2.45, 4.01, 4.51, 4.09, 4.14, 3.62, 3.82, 3.8, 4.2, 5.12, 5.61, 5.85, 5.86, 5.36, 5.38, 5.58, 5.87, 5.85, 5.45, 5.2, 5.75, 6.01, 6.14, 5.34, 5.05, 5.04, 5.46, 4.67, 5.36, 6.18, 6.1, 5.87, 5.22, 4.82, 6.24, 7.43, 5.26, 3.93, 3.09, 3.48, 3.42, 3.66, 3.47, 2.79, 2.86, 2.84, 2.92, 2.69, 2.61, 2.61, 2.07], [5.95, 5.55, 5.106, 5.73, 6.42, 5.0, 4.09, 3.24, 2.71, 1.87, 1.74, 2.36, 1.73, 1.22, 0.94, 1.12, 1.32, 1.63, 1.72, 0.99, 0, 1.27, 1.61, 1.62, 1.25, 1.48, 2.23, 2.29, 3.13, 4.97, 4.87, 3.74, 2.71, 2.12, 1.82, 2.72, 4.38, 4.9, 4.58, 4.59, 3.99, 4.03, 3.91, 4.43, 5.55, 6.0, 6.2, 6.15, 5.61, 5.51, 5.75, 6.12, 6.14, 5.68, 5.29, 5.76, 6.06, 6.09, 5.27, 4.9, 4.81, 5.13, 4.34, 4.77, 5.71, 5.57, 5.32, 4.53, 4.21, 5.83, 7.0, 4.75, 3.5, 2.76, 3.15, 3.13, 3.61, 3.48, 2.82, 3.23, 3.45, 3.47, 3.1, 2.92, 2.94, 2.44], [4.94, 4.54, 4.1, 4.72, 5.41, 4.01, 3.22, 2.89, 2.18, 1.28, 1.01, 1.51, 1.04, 0.83, 1.05, 0.95, 1.03, 1.34, 1.31, 1.24, 1.27, 0, 0.98, 1.31, 1.02, 1.71, 2.88, 2.88, 2.72, 4.14, 4.28, 3.09, 2.28, 1.77, 1.35, 1.65, 3.31, 3.81, 3.61, 3.58, 2.96, 3.16, 3.0, 3.44, 4.52, 5.13, 5.27, 5.2, 4.62, 4.56, 4.76, 4.97, 4.99, 4.63, 4.4, 5.15, 5.49, 5.36, 4.84, 4.51, 4.56, 4.96, 4.61, 5.5, 6.4, 6.2, 6.01, 5.24, 4.88, 6.72, 7.91, 5.48, 3.87, 2.99, 3.6, 3.4, 3.14, 2.81, 2.07, 2.22, 2.5, 2.42, 2.05, 1.87, 1.97, 1.39], [5.22, 4.72, 4.26, 4.88, 5.55, 4.21, 3.52, 3.21, 2.48, 1.72, 1.33, 1.71, 1.26, 0.99, 1.31, 1.01, 1.41, 1.62, 1.57, 1.56, 1.61, 0.98, 0, 1.23, 1.42, 1.59, 2.72, 2.7, 2.42, 3.84, 3.96, 2.77, 1.98, 1.63, 1.25, 1.65, 3.427, 3.867, 3.679, 3.7, 3.04, 3.14, 2.96, 3.58, 4.62, 5.27, 5.35, 5.18, 4.66, 4.64, 4.74, 4.79, 4.83, 4.39, 4.26, 4.83, 5.11, 5.06, 4.36, 4.11, 4.18, 4.62, 4.35, 5.2, 6.1, 5.94, 5.79, 5.06, 4.68, 6.6, 7.77, 5.42, 3.73, 2.87, 3.48, 3.34, 2.84, 2.43, 2.07, 2.4, 2.68, 2.7, 2.27, 2.15, 2.03, 1.43], [5.47, 5.05, 4.59, 5.21, 5.9, 4.44, 3.71, 2.98, 2.55, 1.87, 1.74, 2.02, 1.57, 1.36, 1.38, 1.3, 1.34, 1.47, 1.78, 1.51, 1.62, 1.31, 1.23, 0, 1.05, 1.2, 2.43, 2.47, 2.49, 4.01, 4.11, 2.9, 2.45, 1.7, 1.62, 2.3, 3.82, 4.28, 4.212, 4.19, 3.53, 3.75, 3.57, 3.99, 5.11, 5.82, 5.94, 5.73, 5.17, 5.05, 5.13, 5.3, 5.32, 4.98, 4.57, 5.02, 5.3, 5.31, 4.61, 4.46, 4.61, 5.07, 4.44, 4.95, 5.77, 5.71, 5.5, 4.81, 4.43, 6.19, 7.36, 5.03, 3.62, 2.9, 3.41, 3.23, 3.07, 2.58, 2.4, 2.91, 3.17, 3.09, 2.6, 2.5, 2.64, 1.7], [5.033, 4.633, 4.2, 4.84, 5.51, 4.07, 3.16, 2.49, 2.02, 1.5, 1.29, 1.63, 1.12, 1.09, 1.11, 1.19, 0.95, 1.26, 1.49, 1.26, 1.25, 1.02, 1.42, 1.05, 0, 1.63, 2.96, 3.0, 2.9, 4.44, 4.6, 3.37, 2.78, 2.11, 1.69, 2.09, 3.57, 4.05, 3.81, 3.78, 3.22, 3.48, 3.46, 3.74, 4.8, 5.41, 5.53, 5.36, 4.96, 4.92, 5.12, 5.33, 5.31, 4.97, 4.66, 5.47, 5.73, 5.56, 5.1, 4.89, 5.02, 5.48, 4.99, 5.6, 6.4, 6.28, 6.01, 5.32, 5.08, 6.66, 7.83, 5.44, 4.11, 3.31, 3.86, 3.6, 3.52, 3.05, 2.33, 2.48, 2.7, 2.7, 2.25, 2.27, 2.37, 1.59], [6.23, 5.83, 5.39, 6.03, 6.7, 5.32, 4.39, 3.8, 3.25, 2.55, 2.26, 2.78, 2.13, 1.64, 1.52, 1.62, 1.98, 1.87, 2.24, 1.61, 1.48, 1.71, 1.59, 1.2, 1.63, 0, 1.79, 1.75, 2.57, 4.29, 4.37, 3.2, 2.19, 1.64, 1.84, 2.88, 4.64, 5.04, 4.86, 4.85, 4.25, 4.43, 4.31, 4.77, 5.81, 6.5, 6.6, 6.41, 5.87, 5.81, 5.89, 6.04, 6.08, 5.52, 5.07, 5.1, 5.42, 5.55, 4.73, 4.3, 4.39, 4.67, 3.86, 4.35, 5.19, 4.99, 4.78, 4.11, 3.83, 5.35, 6.52, 4.09, 3.02, 2.24, 2.65, 2.47, 2.79, 2.66, 2.94, 3.61, 3.87, 3.89, 3.5, 3.34, 3.26, 2.46], [7.48, 7.06, 6.62, 7.24, 7.97, 6.57, 5.78, 5.11, 4.58, 3.66, 3.41, 3.97, 3.48, 3.03, 2.77, 2.71, 3.05, 2.84, 3.21, 2.64, 2.23, 2.88, 2.72, 2.43, 2.96, 1.79, 0, 0.88, 2.42, 4.7, 4.52, 3.35, 2.56, 2.39, 2.81, 3.75, 5.692, 6.192, 6.055, 6.04, 5.4, 5.4, 5.16, 5.76, 6.94, 7.55, 7.79, 7.6, 6.9, 6.64, 6.74, 6.79, 6.97, 6.335, 5.505, 5.03, 5.37, 5.5, 4.6, 4.13, 3.98, 3.88, 2.51, 2.98, 3.82, 3.64, 3.47, 2.74, 2.42, 4.06, 5.31, 2.92, 1.77, 1.59, 1.72, 1.8, 3.16, 3.57, 4.09, 4.8, 5.02, 5.02, 4.67, 4.33, 4.41, 3.65], [7.52, 7.12, 6.72, 7.34, 8.07, 6.69, 5.74, 5.13, 4.56, 3.62, 3.47, 4.07, 3.46, 2.85, 2.59, 2.67, 3.15, 2.96, 3.13, 2.54, 2.29, 2.88, 2.7, 2.47, 3.0, 1.75, 0.88, 0, 2.36, 4.68, 4.5, 3.31, 2.52, 2.45, 2.91, 3.83, 5.786, 6.27, 6.09, 6.1, 5.42, 5.38, 5.12, 5.8, 7.0, 7.55, 7.81, 7.62, 6.92, 6.68, 6.78, 6.85, 7.03, 6.409, 5.6, 4.77, 5.17, 5.36, 4.38, 3.81, 3.78, 3.44, 2.37, 3.2, 3.98, 3.84, 3.61, 2.9, 2.46, 4.08, 5.33, 2.98, 1.89, 1.53, 1.72, 1.64, 3.08, 3.49, 4.15, 4.86, 5.08, 5.08, 4.75, 4.39, 4.45, 3.73], [5.86, 5.54, 5.06, 5.62, 6.35, 5.05, 4.64, 4.87, 4.18, 3.28, 2.95, 3.17, 2.94, 2.87, 3.03, 2.87, 3.07, 3.24, 3.31, 3.06, 3.13, 2.72, 2.42, 2.49, 2.9, 2.57, 2.42, 2.36, 0, 2.68, 2.72, 1.83, 1.82, 2.21, 2.95, 2.67, 4.03, 4.51, 4.39, 4.34, 3.72, 3.8, 3.58, 4.1, 5.28, 5.91, 6.17, 5.98, 5.28, 5.02, 5.12, 5.11, 5.29, 4.65, 3.84, 3.01, 3.35, 3.56, 2.82, 2.55, 2.76, 3.26, 3.33, 4.82, 5.6, 5.28, 5.07, 4.28, 3.96, 5.773, 7.03, 4.54, 2.95, 2.49, 2.92, 2.54, 2.06, 1.97, 2.67, 3.18, 3.52, 3.56, 3.37, 2.99, 2.93, 2.43], [5.92, 5.62, 5.34, 5.28, 5.09, 5.09, 5.74, 6.23, 5.52, 4.72, 4.31, 4.43, 4.36, 4.39, 4.73, 4.61, 4.57, 4.78, 4.85, 4.86, 4.97, 4.14, 3.84, 4.01, 4.44, 4.29, 4.7, 4.68, 2.68, 0, 0.78, 2.03, 2.92, 3.27, 4.03, 3.39, 2.55, 2.43, 3.11, 3.0, 2.94, 2.66, 2.36, 2.42, 3.12, 3.57, 3.77, 3.58, 2.92, 2.7, 2.72, 2.69, 2.83, 2.27, 1.68, 1.67, 1.97, 2.02, 2.06, 2.77, 2.98, 3.7, 5.01, 7.02, 7.791, 7.4, 7.31, 6.52, 6.28, 8.256, 9.466, 6.971, 5.21, 4.39, 5.18, 4.84, 3.2, 2.11, 2.79, 3.14, 3.36, 3.24, 3.29, 2.99, 2.99, 3.39], [6.2, 5.92, 5.58, 5.5, 5.37, 5.37, 6.02, 6.41, 5.7, 4.88, 4.49, 4.57, 4.5, 4.51, 4.79, 4.71, 4.71, 4.94, 4.95, 4.88, 4.87, 4.28, 3.96, 4.11, 4.6, 4.37, 4.52, 4.5, 2.72, 0.78, 0, 1.79, 2.62, 3.19, 4.09, 3.41, 2.57, 2.47, 3.21, 3.22, 3.14, 2.72, 2.42, 2.64, 3.16, 3.53, 3.73, 3.54, 2.92, 2.64, 2.7, 2.71, 2.87, 2.23, 1.62, 1.57, 1.83, 1.74, 1.7, 2.47, 2.54, 3.38, 4.87, 7.051, 7.747, 7.38, 7.278, 6.499, 6.3, 8.27, 9.515, 6.971, 5.23, 4.55, 5.38, 5.04, 3.32, 2.17, 2.81, 3.22, 3.56, 3.46, 3.57, 3.23, 3.11, 3.57], [5.65, 5.25, 4.85, 4.97, 5.66, 4.84, 5.13, 5.38, 4.61, 3.79, 3.38, 3.46, 3.29, 3.32, 3.62, 3.52, 3.54, 3.81, 3.8, 3.73, 3.74, 3.09, 2.77, 2.9, 3.37, 3.2, 3.35, 3.31, 1.83, 2.03, 1.79, 0, 1.33, 2.06, 2.86, 2.22, 2.6, 3.18, 3.22, 3.19, 2.69, 2.77, 2.69, 3.03, 3.97, 4.46, 4.72, 4.57, 3.89, 3.63, 3.73, 3.76, 3.92, 3.26, 2.47, 2.32, 2.62, 2.55, 1.93, 1.94, 2.09, 2.97, 3.7, 5.901, 6.675, 6.222, 6.111, 5.367, 5.184, 7.195, 8.425, 5.858, 4.109, 3.595, 4.236, 3.896, 2.63, 1.72, 2.16, 2.51, 2.95, 3.03, 3.02, 2.48, 2.28, 2.46], [6.0, 5.54, 5.08, 5.44, 6.19, 5.25, 4.88, 4.95, 4.14, 3.26, 2.79, 3.11, 2.72, 2.59, 2.69, 2.53, 2.89, 3.08, 2.99, 2.8, 2.71, 2.28, 1.98, 2.45, 2.78, 2.19, 2.56, 2.52, 1.82, 2.92, 2.62, 1.33, 0, 1.17, 1.95, 1.83, 3.33, 3.83, 3.81, 3.88, 3.3, 3.32, 3.16, 3.6, 4.58, 5.11, 5.35, 5.2, 4.54, 4.32, 4.4, 4.51, 4.63, 3.97, 3.14, 3.27, 3.57, 3.56, 2.82, 2.45, 2.56, 2.98, 2.97, 5.134, 5.945, 5.448, 5.378, 4.522, 4.385, 6.468, 7.718, 5.168, 3.39, 2.71, 3.426, 3.072, 1.96, 1.65, 2.31, 2.94, 3.28, 3.42, 3.39, 2.79, 2.59, 2.43], [5.79, 5.29, 4.83, 5.27, 5.98, 4.96, 4.43, 4.24, 3.61, 2.57, 2.28, 2.6, 2.33, 2.02, 2.04, 1.94, 2.36, 2.39, 2.46, 2.23, 2.12, 1.77, 1.63, 1.7, 2.11, 1.64, 2.39, 2.45, 2.21, 3.27, 3.19, 2.06, 1.17, 0, 1.38, 1.68, 3.42, 3.88, 3.92, 3.91, 3.35, 3.43, 3.29, 3.63, 4.69, 5.36, 5.6, 5.43, 4.77, 4.61, 4.73, 4.72, 4.8, 4.3, 3.75, 4.08, 4.42, 4.47, 3.63, 3.3, 3.19, 3.65, 3.16, 5.058, 5.841, 5.421, 5.328, 4.529, 4.39, 6.386, 7.613, 5.041, 3.34, 2.48, 3.23, 2.87, 2.05, 1.68, 2.16, 2.93, 3.21, 3.23, 3.18, 2.6, 2.58, 2.24], [5.23, 4.71, 4.23, 4.75, 5.42, 4.26, 3.65, 3.36, 2.79, 1.83, 1.52, 1.74, 1.47, 1.42, 1.58, 1.2, 1.48, 1.41, 1.64, 1.57, 1.82, 1.35, 1.25, 1.62, 1.69, 1.84, 2.81, 2.91, 2.95, 4.03, 4.09, 2.86, 1.95, 1.38, 0, 1.28, 3.02, 3.48, 3.32, 3.37, 2.81, 2.93, 2.83, 3.21, 4.19, 4.84, 5.08, 4.95, 4.31, 4.37, 4.51, 4.62, 4.64, 4.2, 4.19, 4.92, 5.16, 5.17, 4.53, 4.26, 4.37, 4.79, 3.92, 5.501, 6.281, 5.89, 5.82, 5.05, 4.87, 6.846, 8.053, 5.51, 3.78, 3.04, 3.67, 3.39, 2.95, 2.56, 2.26, 2.27, 2.51, 2.69, 2.44, 2.1, 2.14, 1.74], [4.41, 3.93, 3.45, 3.87, 4.58, 3.66, 3.23, 3.36, 2.61, 1.93, 1.74, 1.54, 1.61, 1.92, 2.36, 1.96, 1.78, 1.81, 1.74, 2.45, 2.72, 1.65, 1.65, 2.3, 2.09, 2.88, 3.75, 3.83, 2.67, 3.39, 3.41, 2.22, 1.83, 1.68, 1.28, 0, 2.18, 2.48, 2.38, 2.41, 1.79, 1.95, 2.07, 2.57, 3.39, 3.98, 4.16, 4.13, 3.55, 3.47, 3.69, 3.78, 3.7, 3.34, 3.41, 4.22, 4.58, 4.35, 3.93, 3.74, 3.91, 4.57, 4.4, 6.461, 7.221, 6.761, 6.668, 5.849, 5.752, 7.766, 8.993, 6.435, 4.68, 3.86, 4.59, 4.25, 2.93, 2.06, 1.82, 1.59, 1.81, 2.23, 2.14, 1.64, 1.44, 1.38], [4.01, 3.69, 3.33, 3.23, 3.56, 3.16, 3.77, 4.24, 3.61, 3.37, 3.12, 2.88, 2.97, 3.52, 3.96, 3.58, 3.42, 3.55, 3.48, 4.01, 4.38, 3.31, 3.427, 3.82, 3.57, 4.64, 5.692, 5.786, 4.03, 2.55, 2.57, 2.6, 3.33, 3.42, 3.02, 2.18, 0, 0.96, 1.48, 1.27, 1.07, 1.15, 1.51, 1.47, 1.79, 2.26, 2.46, 2.49, 2.05, 2.09, 2.27, 2.32, 2.26, 1.94, 2.11, 3.28, 3.82, 3.29, 3.33, 3.82, 3.93, 4.69, 6.136, 8.438, 9.217, 8.751, 8.635, 7.805, 7.692, 9.743, 10.99, 8.42, 6.621, 5.674, 6.521, 6.161, 3.899, 2.58, 1.98, 1.53, 1.79, 1.85, 1.88, 1.84, 1.78, 2.4], [3.99, 3.67, 3.41, 3.31, 3.12, 3.16, 3.83, 4.34, 3.69, 3.71, 3.48, 3.06, 3.33, 3.96, 4.46, 4.02, 3.82, 3.85, 3.58, 4.51, 4.9, 3.81, 3.867, 4.28, 4.05, 5.04, 6.192, 6.27, 4.51, 2.43, 2.47, 3.18, 3.83, 3.88, 3.48, 2.48, 0.96, 0, 1.2, 1.15, 1.23, 1.25, 1.47, 1.43, 1.61, 2.04, 2.24, 2.23, 1.85, 1.83, 2.03, 2.08, 1.96, 1.76, 2.03, 3.3, 3.78, 3.33, 3.73, 4.32, 4.45, 5.35, 6.66, 8.905, 9.697, 9.231, 9.128, 8.285, 8.172, 10.223, 11.47, 8.9, 7.102, 6.154, 6.986, 6.623, 4.396, 3.0, 2.34, 1.87, 1.93, 2.09, 2.26, 2.3, 2.12, 2.86], [3.21, 2.87, 2.59, 2.55, 2.64, 2.4, 2.99, 3.52, 3.19, 3.39, 3.2, 2.58, 2.97, 3.72, 4.14, 3.8, 3.54, 3.687, 3.26, 4.09, 4.58, 3.61, 3.679, 4.212, 3.81, 4.86, 6.055, 6.09, 4.39, 3.11, 3.21, 3.22, 3.81, 3.92, 3.32, 2.38, 1.48, 1.2, 0, 0.63, 1.05, 1.27, 1.71, 1.75, 2.07, 2.5, 2.8, 2.89, 2.55, 2.59, 2.81, 3.04, 2.94, 2.62, 2.93, 3.94, 4.44, 4.05, 4.13, 4.4, 4.63, 5.63, 6.58, 8.761, 9.532, 9.095, 9.0, 8.149, 8.032, 10.055, 11.305, 8.755, 6.968, 6.057, 6.887, 6.544, 4.41, 3.2, 2.34, 1.53, 1.49, 1.83, 2.16, 2.14, 1.96, 2.746], [3.24, 2.92, 2.6, 2.46, 2.61, 2.33, 2.98, 3.51, 3.12, 3.38, 3.15, 2.59, 2.98, 3.75, 4.15, 3.81, 3.55, 3.64, 3.29, 4.14, 4.59, 3.58, 3.7, 4.19, 3.78, 4.85, 6.04, 6.1, 4.34, 3.0, 3.22, 3.19, 3.88, 3.91, 3.37, 2.41, 1.27, 1.15, 0.63, 0, 0.8, 1.16, 1.62, 1.5, 1.86, 2.31, 2.55, 2.64, 2.26, 2.34, 2.56, 2.73, 2.63, 2.47, 2.84, 3.93, 4.51, 4.1, 4.12, 4.43, 4.58, 5.58, 6.65, 8.785, 9.568, 9.108, 9.01, 8.196, 8.06, 10.073, 11.32, 8.78, 6.969, 6.044, 6.874, 6.52, 4.36, 3.11, 2.27, 1.5, 1.46, 1.72, 1.99, 1.97, 1.95, 2.73], [3.42, 3.04, 2.66, 2.58, 3.03, 2.49, 3.02, 3.53, 2.98, 2.92, 2.69, 2.31, 2.48, 3.13, 3.55, 3.17, 2.93, 3.0, 2.79, 3.62, 3.99, 2.96, 3.04, 3.53, 3.22, 4.25, 5.4, 5.42, 3.72, 2.94, 3.14, 2.69, 3.3, 3.35, 2.81, 1.79, 1.07, 1.23, 1.05, 0.8, 0, 0.82, 1.34, 1.42, 2.14, 2.61, 2.81, 2.78, 2.36, 2.4, 2.62, 2.79, 2.67, 2.51, 2.78, 3.79, 4.35, 3.94, 3.92, 4.05, 4.24, 5.16, 6.03, 8.088, 8.88, 8.44, 8.35, 7.496, 7.359, 9.399, 10.629, 8.062, 6.29, 5.404, 6.214, 5.84, 3.8, 2.63, 1.87, 1.22, 1.2, 1.48, 1.65, 1.51, 1.27, 2.11], [3.74, 3.46, 3.08, 3.0, 3.25, 2.89, 3.52, 3.97, 3.38, 3.22, 3.03, 2.57, 2.8, 3.33, 3.71, 3.31, 3.07, 3.22, 2.87, 3.82, 4.03, 3.16, 3.14, 3.75, 3.48, 4.43, 5.4, 5.38, 3.8, 2.66, 2.72, 2.77, 3.32, 3.43, 2.93, 1.95, 1.15, 1.25, 1.27, 1.16, 0.82, 0, 1.02, 1.36, 2.1, 2.43, 2.73, 2.68, 2.2, 2.1, 2.34, 2.61, 2.57, 2.21, 2.44, 3.43, 3.95, 3.46, 3.62, 4.03, 4.24, 5.06, 6.03, 8.028, 8.859, 8.36, 8.25, 7.42, 7.32, 9.4, 10.612, 8.08, 6.278, 5.47, 6.28, 5.92, 3.92, 2.61, 2.01, 1.4, 1.46, 1.78, 1.93, 1.65, 1.53, 2.27], [4.24, 3.96, 3.58, 3.58, 3.51, 3.39, 4.04, 4.47, 3.8, 3.38, 3.11, 2.99, 2.92, 3.19, 3.65, 3.27, 3.13, 3.34, 3.17, 3.8, 3.91, 3.0, 2.96, 3.57, 3.46, 4.31, 5.16, 5.12, 3.58, 2.36, 2.42, 2.69, 3.16, 3.29, 2.83, 2.07, 1.51, 1.47, 1.71, 1.62, 1.34, 1.02, 0, 1.14, 2.06, 2.59, 2.85, 2.8, 2.14, 2.06, 2.26, 2.45, 2.37, 2.15, 2.16, 3.19, 3.69, 3.22, 3.38, 3.77, 4.02, 4.82, 5.79, 7.768, 8.562, 8.1, 7.95, 7.04, 6.939, 9.16, 10.375, 7.82, 5.998, 5.25, 6.06, 5.7, 3.74, 2.53, 1.89, 1.54, 1.7, 1.7, 1.83, 1.63, 1.43, 2.23], [4.0, 3.7, 3.52, 3.36, 3.09, 3.15, 3.84, 4.37, 3.94, 3.76, 3.51, 3.31, 3.4, 3.81, 4.13, 3.87, 3.67, 3.92, 3.79, 4.2, 4.43, 3.44, 3.58, 3.99, 3.74, 4.77, 5.76, 5.8, 4.1, 2.42, 2.64, 3.03, 3.6, 3.63, 3.21, 2.57, 1.47, 1.43, 1.75, 1.5, 1.42, 1.36, 1.14, 0, 1.3, 1.91, 2.15, 2.02, 1.44, 1.54, 1.66, 1.93, 1.91, 1.99, 2.08, 3.37, 3.91, 3.54, 3.8, 4.21, 4.44, 5.26, 6.31, 8.425, 9.219, 8.773, 8.67, 7.856, 7.739, 9.779, 10.989, 8.422, 6.632, 5.71, 6.54, 6.16, 4.12, 2.85, 2.21, 2.0, 1.94, 1.74, 1.87, 1.85, 2.05, 2.69], [4.3, 4.06, 4.0, 3.62, 3.17, 3.47, 4.18, 4.81, 4.46, 4.6, 4.31, 4.03, 4.16, 4.73, 5.15, 4.77, 4.57, 4.76, 4.63, 5.12, 5.55, 4.52, 4.62, 5.11, 4.8, 5.81, 6.94, 7.0, 5.28, 3.12, 3.16, 3.97, 4.58, 4.69, 4.19, 3.39, 1.79, 1.61, 2.07, 1.86, 2.14, 2.1, 2.06, 1.3, 0, 0.99, 1.19, 1.28, 1.2, 1.5, 1.4, 1.47, 1.73, 2.03, 2.24, 3.69, 4.33, 3.7, 4.22, 5.03, 5.2, 5.96, 7.37, 9.625, 10.419, 9.948, 9.835, 9.036, 8.939, 10.959, 12.189, 9.622, 7.85, 6.89, 7.72, 7.36, 5.24, 3.79, 3.13, 2.66, 2.62, 2.54, 2.69, 2.87, 2.97, 3.63], [4.95, 4.69, 4.59, 4.25, 3.82, 4.04, 4.79, 5.42, 5.09, 5.13, 4.84, 4.52, 4.65, 5.32, 5.68, 5.28, 5.04, 5.25, 4.94, 5.61, 6.0, 5.13, 5.27, 5.82, 5.41, 6.5, 7.55, 7.55, 5.91, 3.57, 3.53, 4.46, 5.11, 5.36, 4.84, 3.98, 2.26, 2.04, 2.5, 2.31, 2.61, 2.43, 2.59, 1.91, 0.99, 0, 0.64, 0.89, 0.97, 1.15, 1.31, 1.48, 1.72, 2.04, 2.27, 3.78, 4.42, 3.55, 4.43, 5.38, 5.47, 6.15, 7.899, 10.178, 10.969, 10.492, 10.382, 9.566, 9.469, 11.53, 12.742, 10.192, 8.42, 7.56, 8.37, 7.99, 5.97, 4.52, 3.78, 3.17, 3.11, 3.09, 3.34, 3.44, 3.46, 4.36], [5.23, 4.99, 4.87, 4.51, 4.06, 4.3, 5.07, 5.7, 5.27, 5.41, 5.06, 4.76, 4.79, 5.44, 5.8, 5.46, 5.24, 5.55, 5.32, 5.85, 6.2, 5.27, 5.35, 5.94, 5.53, 6.6, 7.79, 7.81, 6.17, 3.77, 3.73, 4.72, 5.35, 5.6, 5.08, 4.16, 2.46, 2.24, 2.8, 2.55, 2.81, 2.73, 2.85, 2.15, 1.19, 0.64, 0, 0.59, 0.93, 1.39, 1.43, 1.44, 1.56, 1.98, 2.53, 4.02, 4.64, 3.63, 4.59, 5.66, 5.69, 6.39, 8.14, 10.41, 11.226, 10.729, 10.619, 9.803, 9.69, 11.77, 12.999, 10.449, 8.66, 7.78, 8.59, 8.21, 6.11, 4.68, 3.88, 3.37, 3.33, 3.31, 3.48, 3.68, 3.64, 4.46], [5.22, 4.98, 4.92, 4.5, 4.05, 4.27, 5.06, 5.71, 5.36, 5.46, 5.03, 4.81, 4.82, 5.43, 5.75, 5.51, 5.27, 5.54, 5.31, 5.86, 6.15, 5.2, 5.18, 5.73, 5.36, 6.41, 7.6, 7.62, 5.98, 3.58, 3.54, 4.57, 5.2, 5.43, 4.95, 4.13, 2.49, 2.23, 2.89, 2.64, 2.78, 2.68, 2.8, 2.02, 1.28, 0.89, 0.59, 0, 0.84, 1.2, 1.14, 1.13, 1.29, 1.73, 2.3, 3.83, 4.45, 3.52, 4.58, 5.55, 5.58, 6.32, 7.97, 10.26, 11.056, 10.579, 10.469, 9.653, 9.54, 11.58, 12.829, 10.279, 8.49, 7.59, 8.4, 8.04, 5.9, 4.49, 3.81, 3.46, 3.46, 3.38, 3.41, 3.61, 3.65, 4.37], [4.98, 4.72, 4.62, 4.28, 3.93, 4.07, 4.82, 5.45, 5.0, 4.9, 4.59, 4.37, 4.42, 4.93, 5.29, 4.99, 4.75, 4.94, 4.73, 5.36, 5.61, 4.62, 4.66, 5.17, 4.96, 5.87, 6.9, 6.92, 5.28, 2.92, 2.92, 3.89, 4.54, 4.77, 4.31, 3.55, 2.05, 1.85, 2.55, 2.26, 2.36, 2.2, 2.14, 1.44, 1.2, 0.97, 0.93, 0.84, 0, 0.68, 0.86, 1.17, 1.07, 1.43, 1.86, 3.33, 3.83, 3.14, 4.0, 4.89, 4.98, 5.72, 7.33, 9.568, 10.339, 9.882, 9.79, 8.98, 8.88, 10.88, 12.112, 9.58, 7.79, 6.89, 7.7, 7.38, 5.28, 3.89, 3.35, 3.04, 3.02, 2.84, 2.97, 3.01, 3.07, 3.77], [5.02, 4.74, 4.56, 4.34, 3.97, 4.11, 4.86, 5.43, 5.06, 4.94, 4.65, 4.45, 4.5, 4.91, 5.29, 4.97, 4.79, 4.88, 4.55, 5.38, 5.51, 4.56, 4.64, 5.05, 4.92, 5.81, 6.64, 6.68, 5.02, 2.7, 2.64, 3.63, 4.32, 4.61, 4.37, 3.47, 2.09, 1.83, 2.59, 2.34, 2.4, 2.1, 2.06, 1.54, 1.5, 1.15, 1.39, 1.2, 0.68, 0, 0.62, 1.17, 1.11, 1.35, 1.72, 3.09, 3.63, 2.88, 3.78, 4.69, 4.76, 5.52, 7.13, 9.308, 10.079, 9.613, 9.515, 8.72, 8.62, 10.64, 11.849, 9.3, 7.51, 6.69, 7.5, 7.14, 5.24, 3.83, 3.37, 3.1, 3.12, 2.92, 3.01, 2.93, 3.05, 3.83], [5.06, 4.8, 4.74, 4.44, 4.03, 4.19, 4.94, 5.57, 5.28, 5.18, 4.85, 4.67, 4.72, 5.11, 5.49, 5.19, 5.01, 5.08, 4.85, 5.58, 5.75, 4.76, 4.74, 5.13, 5.12, 5.89, 6.74, 6.78, 5.12, 2.72, 2.7, 3.73, 4.4, 4.73, 4.51, 3.69, 2.27, 2.03, 2.81, 2.56, 2.62, 2.34, 2.26, 1.66, 1.4, 1.31, 1.43, 1.14, 0.86, 0.62, 0, 0.87, 0.97, 1.21, 1.62, 3.19, 3.69, 2.82, 3.86, 4.83, 4.84, 5.66, 7.25, 9.411, 10.182, 9.731, 9.638, 8.859, 8.76, 10.74, 11.952, 9.44, 7.618, 6.75, 7.56, 7.26, 5.3, 3.89, 3.57, 3.32, 3.34, 3.12, 3.21, 3.17, 3.27, 3.97], [5.27, 5.03, 4.95, 4.63, 4.18, 4.4, 5.17, 5.8, 5.37, 5.25, 4.96, 4.84, 4.93, 5.36, 5.78, 5.42, 5.26, 5.27, 5.16, 5.87, 6.12, 4.97, 4.79, 5.3, 5.33, 6.04, 6.79, 6.85, 5.11, 2.69, 2.71, 3.76, 4.51, 4.72, 4.62, 3.78, 2.32, 2.08, 3.04, 2.73, 2.79, 2.61, 2.45, 1.93, 1.47, 1.48, 1.44, 1.13, 1.17, 1.17, 0.87, 0, 0.78, 1.18, 1.55, 3.24, 3.74, 2.91, 3.97, 4.92, 4.93, 5.79, 7.34, 9.471, 10.243, 9.803, 9.711, 8.932, 8.835, 10.829, 12.036, 9.503, 7.665, 6.76, 7.61, 7.246, 5.25, 3.88, 3.76, 3.53, 3.57, 3.25, 3.36, 3.36, 3.42, 4.04], [5.33, 5.05, 4.89, 4.67, 4.3, 4.46, 5.21, 5.76, 5.25, 5.19, 4.9, 4.78, 4.87, 5.34, 5.78, 5.4, 5.22, 5.23, 5.14, 5.85, 6.14, 4.99, 4.83, 5.32, 5.31, 6.08, 6.97, 7.03, 5.29, 2.83, 2.87, 3.92, 4.63, 4.8, 4.64, 3.7, 2.26, 1.96, 2.94, 2.63, 2.67, 2.57, 2.37, 1.91, 1.73, 1.72, 1.56, 1.29, 1.07, 1.11, 0.97, 0.78, 0, 0.96, 1.61, 3.34, 3.9, 3.01, 4.15, 5.1, 5.09, 5.97, 7.5, 9.634, 10.406, 9.96, 9.904, 9.092, 8.995, 11.009, 12.216, 9.663, 7.845, 6.917, 7.769, 7.406, 5.31, 3.9, 3.72, 3.45, 3.51, 3.23, 3.3, 3.38, 3.42, 3.96], [5.43, 5.15, 4.91, 4.77, 4.54, 4.6, 5.31, 5.84, 5.21, 4.87, 4.56, 4.4, 4.51, 4.98, 5.36, 5.04, 4.82, 4.87, 4.8, 5.45, 5.68, 4.63, 4.39, 4.98, 4.97, 5.52, 6.335, 6.409, 4.65, 2.27, 2.23, 3.26, 3.97, 4.3, 4.2, 3.34, 1.94, 1.76, 2.62, 2.47, 2.51, 2.21, 2.15, 1.99, 2.03, 2.04, 1.98, 1.73, 1.43, 1.35, 1.21, 1.18, 0.96, 0, 1.11, 2.78, 3.28, 2.39, 3.45, 4.44, 4.45, 5.27, 6.86, 9.049, 9.803, 9.357, 9.271, 8.452, 8.355, 10.369, 11.596, 9.023, 7.225, 6.32, 7.17, 6.819, 4.71, 3.4, 3.34, 3.05, 3.13, 3.07, 3.18, 3.1, 3.06, 3.66], [5.84, 5.52, 5.24, 5.14, 4.93, 5.01, 5.66, 6.17, 5.52, 4.9, 4.59, 4.65, 4.64, 4.75, 5.07, 4.95, 4.81, 4.98, 4.99, 5.2, 5.29, 4.4, 4.26, 4.57, 4.66, 5.07, 5.505, 5.6, 3.84, 1.68, 1.62, 2.47, 3.14, 3.75, 4.19, 3.41, 2.11, 2.03, 2.93, 2.84, 2.78, 2.44, 2.16, 2.08, 2.24, 2.27, 2.53, 2.3, 1.86, 1.72, 1.62, 1.55, 1.61, 1.11, 0, 1.95, 2.51, 1.74, 2.64, 3.53, 3.62, 4.4, 5.989, 8.231, 9.01, 8.544, 8.428, 7.622, 7.505, 9.539, 10.783, 8.213, 6.415, 5.585, 6.346, 5.992, 4.1, 2.89, 3.01, 3.3, 3.26, 3.1, 3.27, 3.01, 3.07, 3.59], [6.97, 6.69, 6.29, 6.17, 6.18, 6.1, 6.71, 7.22, 6.55, 5.75, 5.42, 5.46, 5.35, 5.38, 5.68, 5.6, 5.52, 5.85, 5.76, 5.75, 5.76, 5.15, 4.83, 5.02, 5.47, 5.1, 5.03, 4.77, 3.01, 1.67, 1.57, 2.32, 3.27, 4.08, 4.92, 4.22, 3.28, 3.3, 3.94, 3.93, 3.79, 3.43, 3.19, 3.37, 3.69, 3.78, 4.02, 3.83, 3.33, 3.09, 3.19, 3.24, 3.34, 2.78, 1.95, 0, 1.12, 1.19, 1.53, 2.18, 2.47, 2.97, 4.32, 6.73, 7.359, 6.924, 6.78, 6.11, 5.93, 7.87, 9.097, 6.547, 5.0, 4.86, 5.29, 4.95, 3.53, 2.74, 3.66, 4.07, 4.29, 4.25, 4.34, 3.9, 3.88, 4.42], [7.49, 7.19, 6.77, 6.69, 6.66, 6.62, 7.23, 7.64, 6.89, 6.07, 5.66, 5.74, 5.59, 5.68, 5.96, 5.84, 5.84, 6.11, 6.08, 6.01, 6.06, 5.49, 5.11, 5.3, 5.73, 5.42, 5.37, 5.17, 3.35, 1.97, 1.83, 2.62, 3.57, 4.42, 5.16, 4.58, 3.82, 3.78, 4.44, 4.51, 4.35, 3.95, 3.69, 3.91, 4.33, 4.42, 4.64, 4.45, 3.83, 3.63, 3.69, 3.74, 3.9, 3.28, 2.51, 1.12, 0, 1.39, 1.47, 1.84, 2.11, 2.83, 4.58, 6.91, 6.99, 6.59, 6.52, 6.19, 5.99, 7.37, 8.44, 6.09, 5.12, 5.18, 5.63, 5.07, 3.77, 3.18, 4.0, 4.35, 4.75, 4.75, 4.84, 4.44, 4.24, 4.74], [7.18, 6.9, 6.48, 6.38, 6.41, 6.35, 6.96, 7.35, 6.66, 5.96, 5.65, 5.67, 5.54, 5.59, 5.93, 5.79, 5.69, 5.98, 5.83, 6.14, 6.09, 5.36, 5.06, 5.31, 5.56, 5.55, 5.5, 5.36, 3.56, 2.02, 1.74, 2.55, 3.56, 4.47, 5.17, 4.35, 3.29, 3.33, 4.05, 4.1, 3.94, 3.46, 3.22, 3.54, 3.7, 3.55, 3.63, 3.52, 3.14, 2.88, 2.82, 2.91, 3.01, 2.39, 1.74, 1.19, 1.39, 0, 1.44, 2.37, 2.48, 3.08, 5.11, 7.48, 7.977, 7.64, 7.41, 6.852, 6.64, 8.52, 9.678, 7.18, 5.645, 5.69, 6.118, 5.715, 4.298, 3.39, 3.93, 4.2, 4.5, 4.52, 4.65, 4.23, 3.93, 4.59], [7.24, 6.9, 6.44, 6.32, 6.59, 6.33, 6.92, 7.19, 6.36, 5.56, 5.13, 5.25, 5.02, 4.99, 5.23, 5.13, 5.23, 5.54, 5.47, 5.34, 5.27, 4.84, 4.36, 4.61, 5.1, 4.73, 4.6, 4.38, 2.82, 2.06, 1.7, 1.93, 2.82, 3.63, 4.53, 3.93, 3.33, 3.73, 4.13, 4.12, 3.92, 3.62, 3.38, 3.8, 4.22, 4.43, 4.59, 4.58, 4.0, 3.78, 3.86, 3.97, 4.15, 3.45, 2.64, 1.53, 1.47, 1.44, 0, 1.17, 1.34, 1.98, 4.07, 6.58, 6.98, 6.637, 6.47, 5.98, 5.78, 7.48, 8.582, 6.16, 4.79, 4.77, 5.22, 4.86, 3.44, 2.53, 3.19, 3.82, 4.5, 4.52, 4.57, 4.13, 3.69, 4.25], [7.39, 6.99, 6.45, 6.33, 6.84, 6.4, 6.85, 7.06, 6.19, 5.35, 4.88, 5.08, 4.83, 4.72, 4.92, 4.8, 5.0, 5.27, 5.22, 5.05, 4.9, 4.51, 4.11, 4.46, 4.89, 4.3, 4.13, 3.81, 2.55, 2.77, 2.47, 1.94, 2.45, 3.3, 4.26, 3.74, 3.82, 4.32, 4.4, 4.43, 4.05, 4.03, 3.77, 4.21, 5.03, 5.38, 5.66, 5.55, 4.89, 4.69, 4.83, 4.92, 5.1, 4.44, 3.53, 2.18, 1.84, 2.37, 1.17, 0, 0.83, 1.55, 3.4, 5.99, 6.15, 5.81, 5.7, 5.21, 4.95, 6.57, 7.62, 5.27, 4.12, 4.2, 4.61, 4.19, 2.83, 2.28, 3.12, 3.83, 4.61, 4.61, 4.64, 4.2, 3.7, 4.18], [7.58, 7.18, 6.62, 6.54, 7.07, 6.63, 7.0, 7.19, 6.28, 5.48, 4.95, 5.23, 4.96, 4.85, 4.95, 4.83, 5.13, 5.36, 5.29, 5.04, 4.81, 4.56, 4.18, 4.61, 5.02, 4.39, 3.98, 3.78, 2.76, 2.98, 2.54, 2.09, 2.56, 3.19, 4.37, 3.91, 3.93, 4.45, 4.63, 4.58, 4.24, 4.24, 4.02, 4.44, 5.2, 5.47, 5.69, 5.58, 4.98, 4.76, 4.84, 4.93, 5.09, 4.45, 3.62, 2.47, 2.11, 2.48, 1.34, 0.83, 0, 1.36, 3.43, 6.02, 6.32, 5.94, 5.83, 5.34, 5.1, 6.68, 7.71, 5.42, 4.25, 4.25, 4.7, 4.32, 3.0, 2.61, 3.15, 4.04, 4.82, 4.84, 4.85, 4.41, 3.91, 4.33], [8.5, 8.08, 7.52, 7.44, 8.07, 7.59, 7.72, 7.75, 7.0, 6.02, 5.47, 5.87, 5.48, 5.25, 5.25, 5.15, 5.59, 5.84, 5.75, 5.46, 5.13, 4.96, 4.62, 5.07, 5.48, 4.67, 3.88, 3.44, 3.26, 3.7, 3.38, 2.97, 2.98, 3.65, 4.79, 4.57, 4.69, 5.35, 5.63, 5.58, 5.16, 5.06, 4.82, 5.26, 5.96, 6.15, 6.39, 6.32, 5.72, 5.52, 5.66, 5.79, 5.97, 5.27, 4.4, 2.97, 2.83, 3.08, 1.98, 1.55, 1.36, 0, 2.93, 5.44, 5.8, 5.4, 5.23, 4.7, 4.42, 6.2, 7.33, 4.88, 3.67, 3.77, 4.2, 3.78, 2.94, 3.07, 3.95, 4.92, 5.78, 5.82, 5.85, 5.37, 4.85, 5.17], [8.73, 8.23, 7.75, 8.11, 8.86, 7.86, 7.39, 7.2, 6.61, 5.59, 5.2, 5.44, 5.07, 4.8, 4.66, 4.58, 5.12, 5.13, 5.2, 4.67, 4.34, 4.61, 4.35, 4.44, 4.99, 3.86, 2.51, 2.37, 3.33, 5.01, 4.87, 3.7, 2.97, 3.16, 3.92, 4.4, 6.136, 6.66, 6.58, 6.65, 6.03, 6.03, 5.79, 6.31, 7.37, 7.899, 8.14, 7.97, 7.33, 7.13, 7.25, 7.34, 7.5, 6.86, 5.989, 4.32, 4.58, 5.11, 4.07, 3.4, 3.43, 2.93, 0, 2.65, 3.23, 2.85, 2.72, 2.05, 1.83, 3.71, 4.98, 2.47, 1.34, 1.94, 1.85, 1.91, 2.85, 3.82, 4.86, 5.63, 5.93, 6.03, 5.98, 5.38, 5.26, 5.02], [10.3, 9.84, 9.38, 9.96, 10.65, 9.25, 8.56, 7.73, 7.1, 6.34, 6.15, 6.59, 6.06, 5.61, 5.31, 5.29, 5.55, 5.58, 5.91, 5.36, 4.77, 5.5, 5.2, 4.95, 5.6, 4.35, 2.98, 3.2, 4.82, 7.02, 7.051, 5.901, 5.134, 5.058, 5.501, 6.461, 8.438, 8.905, 8.761, 8.785, 8.088, 8.028, 7.768, 8.425, 9.625, 10.178, 10.41, 10.26, 9.568, 9.308, 9.411, 9.471, 9.634, 9.049, 8.231, 6.73, 6.91, 7.48, 6.58, 5.99, 6.02, 5.44, 2.65, 0, 1.44, 1.42, 1.33, 1.54, 1.66, 1.9, 2.69, 1.92, 2.25, 3.03, 2.62, 2.96, 4.76, 5.952, 6.75, 7.46, 7.7, 7.66, 7.23, 6.89, 6.91, 6.29], [11.16, 10.68, 10.2, 10.78, 11.43, 10.05, 9.36, 8.57, 7.92, 7.16, 6.93, 7.37, 6.94, 6.55, 6.29, 6.25, 6.45, 6.4, 6.73, 6.18, 5.71, 6.4, 6.1, 5.77, 6.4, 5.19, 3.82, 3.98, 5.6, 7.791, 7.747, 6.675, 5.945, 5.841, 6.281, 7.221, 9.217, 9.697, 9.532, 9.568, 8.88, 8.859, 8.562, 9.219, 10.419, 10.969, 11.226, 11.056, 10.339, 10.079, 10.182, 10.243, 10.406, 9.803, 9.01, 7.359, 6.99, 7.977, 6.98, 6.15, 6.32, 5.8, 3.23, 1.44, 0, 1.0, 1.15, 1.86, 2.16, 1.58, 1.95, 1.62, 2.73, 3.83, 3.38, 3.58, 5.365, 6.735, 7.55, 8.26, 8.48, 8.42, 8.05, 7.65, 7.69, 7.11], [10.78, 10.28, 9.8, 10.36, 10.99, 9.75, 9.14, 8.59, 7.98, 7.14, 6.81, 7.13, 6.64, 6.35, 6.11, 6.05, 6.39, 6.34, 6.63, 6.1, 5.57, 6.2, 5.94, 5.71, 6.28, 4.99, 3.64, 3.84, 5.28, 7.4, 7.38, 6.222, 5.448, 5.421, 5.89, 6.761, 8.751, 9.231, 9.095, 9.108, 8.44, 8.36, 8.1, 8.773, 9.948, 10.492, 10.729, 10.579, 9.882, 9.613, 9.731, 9.803, 9.96, 9.357, 8.544, 6.924, 6.59, 7.64, 6.637, 5.81, 5.94, 5.4, 2.85, 1.42, 1.0, 0, 0.73, 1.4, 1.92, 2.06, 2.33, 1.44, 2.45, 3.59, 3.2, 3.28, 4.92, 6.275, 7.09, 7.82, 8.02, 8.02, 7.73, 7.27, 7.27, 6.81], [10.61, 10.17, 9.69, 10.27, 10.92, 9.6, 8.91, 8.36, 7.79, 6.93, 6.6, 7.0, 6.51, 6.1, 5.86, 5.84, 6.16, 6.13, 6.46, 5.87, 5.32, 6.01, 5.79, 5.5, 6.01, 4.78, 3.47, 3.61, 5.07, 7.31, 7.278, 6.111, 5.378, 5.328, 5.82, 6.668, 8.635, 9.128, 9.0, 9.01, 8.35, 8.25, 7.95, 8.67, 9.835, 10.382, 10.619, 10.469, 9.79, 9.515, 9.638, 9.711, 9.904, 9.271, 8.428, 6.78, 6.52, 7.41, 6.47, 5.7, 5.83, 5.23, 2.72, 1.33, 1.15, 0.73, 0, 1.17, 1.73, 1.93, 2.46, 1.31, 2.3, 3.38, 2.97, 3.07, 4.83, 6.18, 6.98, 7.69, 7.93, 7.91, 7.66, 7.2, 7.22, 6.66], [9.78, 9.34, 8.86, 9.42, 10.13, 8.83, 8.22, 7.71, 7.16, 6.3, 5.97, 6.29, 5.8, 5.39, 5.13, 5.07, 5.41, 5.46, 5.77, 5.22, 4.53, 5.24, 5.06, 4.81, 5.32, 4.11, 2.74, 2.9, 4.28, 6.52, 6.499, 5.367, 4.522, 4.529, 5.05, 5.849, 7.805, 8.285, 8.149, 8.196, 7.496, 7.42, 7.04, 7.856, 9.036, 9.566, 9.803, 9.653, 8.98, 8.72, 8.859, 8.932, 9.092, 8.452, 7.622, 6.11, 6.19, 6.852, 5.98, 5.21, 5.34, 4.7, 2.05, 1.54, 1.86, 1.4, 1.17, 0, 0.96, 2.46, 3.53, 1.48, 1.69, 2.75, 2.34, 2.4, 4.0, 5.363, 6.13, 6.82, 7.1, 7.12, 6.93, 6.41, 6.43, 5.89], [9.58, 9.16, 8.7, 9.28, 10.01, 8.61, 7.94, 7.37, 6.82, 5.88, 5.61, 6.05, 5.48, 5.01, 4.73, 4.67, 5.11, 5.12, 5.35, 4.82, 4.21, 4.88, 4.68, 4.43, 5.08, 3.83, 2.42, 2.46, 3.96, 6.28, 6.3, 5.184, 4.385, 4.39, 4.87, 5.752, 7.692, 8.172, 8.032, 8.06, 7.359, 7.32, 6.939, 7.739, 8.939, 9.469, 9.69, 9.54, 8.88, 8.62, 8.76, 8.835, 8.995, 8.355, 7.505, 5.93, 5.99, 6.64, 5.78, 4.95, 5.1, 4.42, 1.83, 1.66, 2.16, 1.92, 1.73, 0.96, 0, 2.56, 3.81, 1.52, 1.35, 2.41, 1.94, 2.08, 3.96, 5.25, 6.03, 6.7, 6.98, 7.0, 6.71, 6.31, 6.29, 5.69], [11.48, 11.08, 10.64, 11.26, 11.99, 10.53, 9.5, 8.55, 7.9, 7.2, 7.23, 7.91, 7.28, 6.63, 6.31, 6.51, 6.73, 6.52, 6.95, 6.24, 5.83, 6.72, 6.6, 6.19, 6.66, 5.35, 4.06, 4.08, 5.773, 8.256, 8.27, 7.195, 6.468, 6.386, 6.846, 7.766, 9.743, 10.223, 10.055, 10.073, 9.399, 9.4, 9.16, 9.779, 10.959, 11.53, 11.77, 11.58, 10.88, 10.64, 10.74, 10.829, 11.009, 10.369, 9.539, 7.87, 7.37, 8.52, 7.48, 6.57, 6.68, 6.2, 3.71, 1.9, 1.58, 2.06, 1.93, 2.46, 2.56, 0, 1.55, 1.8, 3.25, 4.11, 3.3, 3.7, 5.9, 7.27, 8.11, 8.82, 9.0, 8.96, 8.59, 8.27, 8.33, 7.53], [12.683, 12.283, 11.878, 12.51, 13.2, 11.72, 10.69, 9.7, 9.05, 8.37, 8.42, 9.1, 8.45, 7.76, 7.42, 7.68, 7.9, 7.71, 8.14, 7.43, 7.0, 7.91, 7.77, 7.36, 7.83, 6.52, 5.31, 5.33, 7.03, 9.466, 9.515, 8.425, 7.718, 7.613, 8.053, 8.993, 10.99, 11.47, 11.305, 11.32, 10.629, 10.612, 10.375, 10.989, 12.189, 12.742, 12.999, 12.829, 12.112, 11.849, 11.952, 12.036, 12.216, 11.596, 10.783, 9.097, 8.44, 9.678, 8.582, 7.62, 7.71, 7.33, 4.98, 2.69, 1.95, 2.33, 2.46, 3.53, 3.81, 1.55, 0, 2.63, 4.44, 5.34, 4.49, 4.85, 7.138, 8.508, 9.336, 10.046, 10.23, 10.19, 9.78, 9.46, 9.52, 8.72], [10.18, 9.78, 9.34, 9.94, 10.67, 9.27, 8.32, 7.71, 7.2, 6.32, 6.11, 6.63, 6.0, 5.43, 5.15, 5.33, 5.71, 5.52, 5.91, 5.26, 4.75, 5.48, 5.42, 5.03, 5.44, 4.09, 2.92, 2.98, 4.54, 6.971, 6.971, 5.858, 5.168, 5.041, 5.51, 6.435, 8.42, 8.9, 8.755, 8.78, 8.062, 8.08, 7.82, 8.422, 9.622, 10.192, 10.449, 10.279, 9.58, 9.3, 9.44, 9.503, 9.663, 9.023, 8.213, 6.547, 6.09, 7.18, 6.16, 5.27, 5.42, 4.88, 2.47, 1.92, 1.62, 1.44, 1.31, 1.48, 1.52, 1.8, 2.63, 0, 1.89, 2.85, 2.26, 2.32, 4.58, 5.935, 6.75, 7.46, 7.66, 7.64, 7.31, 6.95, 6.99, 6.29], [8.49, 8.03, 7.55, 8.15, 8.84, 7.5, 6.79, 6.46, 5.91, 4.89, 4.56, 4.92, 4.47, 4.06, 3.86, 3.84, 4.36, 4.33, 4.46, 3.93, 3.5, 3.87, 3.73, 3.62, 4.11, 3.02, 1.77, 1.89, 2.95, 5.21, 5.23, 4.109, 3.39, 3.34, 3.78, 4.68, 6.621, 7.102, 6.968, 6.969, 6.29, 6.278, 5.998, 6.632, 7.85, 8.42, 8.66, 8.49, 7.79, 7.51, 7.618, 7.665, 7.845, 7.225, 6.415, 5.0, 5.12, 5.645, 4.79, 4.12, 4.25, 3.67, 1.34, 2.25, 2.73, 2.45, 2.3, 1.69, 1.35, 3.25, 4.44, 1.89, 0, 1.42, 1.15, 1.31, 3.13, 4.156, 4.919, 5.61, 5.87, 5.85, 5.56, 5.18, 5.2, 4.58], [7.47, 7.03, 6.57, 7.19, 7.88, 6.52, 5.77, 5.48, 4.87, 3.85, 3.44, 4.02, 3.63, 3.16, 3.1, 3.16, 3.7, 3.59, 3.7, 3.09, 2.76, 2.99, 2.87, 2.9, 3.31, 2.24, 1.59, 1.53, 2.49, 4.39, 4.55, 3.595, 2.71, 2.48, 3.04, 3.86, 5.674, 6.154, 6.057, 6.044, 5.404, 5.47, 5.25, 5.71, 6.89, 7.56, 7.78, 7.59, 6.89, 6.69, 6.75, 6.76, 6.917, 6.32, 5.585, 4.86, 5.18, 5.69, 4.77, 4.2, 4.25, 3.77, 1.94, 3.03, 3.83, 3.59, 3.38, 2.75, 2.41, 4.11, 5.34, 2.85, 1.42, 0, 0.99, 1.07, 2.27, 3.18, 4.04, 4.81, 4.97, 4.89, 4.58, 4.22, 4.38, 3.62], [8.26, 7.84, 7.4, 8.02, 8.75, 7.39, 6.5, 5.87, 5.28, 4.3, 4.11, 4.73, 4.24, 3.51, 3.41, 3.65, 4.19, 4.04, 4.21, 3.48, 3.15, 3.6, 3.48, 3.41, 3.86, 2.65, 1.72, 1.72, 2.92, 5.18, 5.38, 4.236, 3.426, 3.23, 3.67, 4.59, 6.521, 6.986, 6.887, 6.874, 6.214, 6.28, 6.06, 6.54, 7.72, 8.37, 8.59, 8.4, 7.7, 7.5, 7.56, 7.61, 7.769, 7.17, 6.346, 5.29, 5.63, 6.118, 5.22, 4.61, 4.7, 4.2, 1.85, 2.62, 3.38, 3.2, 2.97, 2.34, 1.94, 3.3, 4.49, 2.26, 1.15, 0.99, 0, 1.02, 2.94, 4.03, 4.87, 5.62, 5.8, 5.72, 5.41, 5.03, 5.19, 4.43], [7.92, 7.52, 7.08, 7.68, 8.41, 7.03, 6.1, 5.83, 5.26, 4.26, 4.01, 4.45, 3.94, 3.37, 3.25, 3.43, 4.01, 3.86, 4.09, 3.42, 3.13, 3.4, 3.34, 3.23, 3.6, 2.47, 1.8, 1.64, 2.54, 4.84, 5.04, 3.896, 3.072, 2.87, 3.39, 4.25, 6.161, 6.623, 6.544, 6.52, 5.84, 5.92, 5.7, 6.16, 7.36, 7.99, 8.21, 8.04, 7.38, 7.14, 7.26, 7.246, 7.406, 6.819, 5.992, 4.95, 5.07, 5.715, 4.86, 4.19, 4.32, 3.78, 1.91, 2.96, 3.58, 3.28, 3.07, 2.4, 2.08, 3.7, 4.85, 2.32, 1.31, 1.07, 1.02, 0, 2.38, 3.67, 4.51, 5.24, 5.42, 5.4, 5.09, 4.75, 4.83, 4.09], [6.4, 5.96, 5.38, 5.54, 6.25, 5.45, 5.58, 5.59, 4.8, 4.06, 3.47, 3.89, 3.6, 3.47, 3.51, 3.39, 3.85, 3.94, 4.05, 3.66, 3.61, 3.14, 2.84, 3.07, 3.52, 2.79, 3.16, 3.08, 2.06, 3.2, 3.32, 2.63, 1.96, 2.05, 2.95, 2.93, 3.899, 4.396, 4.41, 4.36, 3.8, 3.92, 3.74, 4.12, 5.24, 5.97, 6.11, 5.9, 5.28, 5.24, 5.3, 5.25, 5.31, 4.71, 4.1, 3.53, 3.77, 4.298, 3.44, 2.83, 3.0, 2.94, 2.85, 4.76, 5.365, 4.92, 4.83, 4.0, 3.96, 5.9, 7.138, 4.58, 3.13, 2.27, 2.94, 2.38, 0, 1.49, 2.51, 3.24, 3.88, 3.9, 3.81, 3.53, 3.09, 3.09], [5.61, 5.15, 4.55, 4.57, 5.22, 4.68, 4.83, 5.02, 4.23, 3.43, 3.02, 3.16, 3.05, 3.02, 3.22, 3.14, 3.28, 3.53, 3.66, 3.47, 3.48, 2.81, 2.43, 2.58, 3.05, 2.66, 3.57, 3.49, 1.97, 2.11, 2.17, 1.72, 1.65, 1.68, 