[[0, 1.34, 2.2, 1.9, 1.68, 1.62, 2.43, 3.54, 4.67, 6.13, 6.61, 7.389, 8.266, 9.164, 9.798, 10.296, 10.781, 10.188, 9.661, 9.461, 9.446, 9.128, 7.906, 7.547, 7.34, 7.337, 7.29, 7.349, 7.412, 7.148, 6.678, 6.263, 6.017, 5.73, 5.04, 4.07, 3.53, 3.05, 2.49, 1.4, 2.1, 1.75, 2.11, 3.32, 4.15, 4.17, 4.09, 3.83, 3.88, 4.18, 4.63, 5.43, 6.4, 6.81, 6.44, 5.28, 3.77, 3.31, 3.24, 3.54, 3.91, 3.23, 2.65, 1.99, 1.8, 1.66, 1.75, 1.85, 2.19, 1.9, 1.78, 2.602, 3.807, 4.317, 4.367, 4.123, 3.789, 3.815, 3.918, 3.338, 2.799, 2.76, 3.12, 3.59, 3.39, 3.2], [1.34, 0, 1.06, 1.14, 1.0, 1.2, 1.85, 2.68, 3.87, 5.21, 5.75, 6.295, 7.078, 8.022, 8.598, 9.095, 9.581, 9.042, 8.461, 8.275, 8.245, 7.928, 6.646, 6.37, 6.151, 6.136, 6.101, 6.159, 6.218, 6.151, 5.744, 5.23, 4.84, 4.61, 3.82, 2.81, 2.33, 2.01, 1.85, 1.58, 2.28, 2.07, 3.03, 4.42, 5.15, 5.23, 5.13, 4.87, 4.78, 5.28, 5.75, 6.55, 7.54, 7.95, 7.52, 6.36, 4.77, 4.23, 4.18, 4.5, 4.87, 4.27, 3.71, 3.05, 2.64, 2.42, 2.05, 2.09, 1.83, 1.7, 1.64, 1.67, 2.79, 3.563, 3.7, 3.57, 3.34, 3.43, 3.69, 3.13, 2.5, 2.72, 2.98, 3.37, 3.23, 2.98], [2.2, 1.06, 0, 0.78, 1.04, 1.48, 1.69, 2.18, 3.31, 4.37, 4.97, 5.498, 6.278, 7.262, 7.829, 8.332, 8.812, 8.239, 7.692, 7.512, 7.476, 7.159, 5.88, 5.603, 5.388, 5.373, 5.338, 5.42, 5.478, 5.443, 5.01, 4.49, 4.02, 3.79, 3.12, 2.21, 1.79, 1.61, 1.59, 1.54, 2.58, 2.45, 3.75, 5.16, 5.91, 5.95, 5.93, 5.63, 5.5, 6.0, 6.49, 7.23, 8.28, 8.67, 8.22, 7.1, 5.51, 4.89, 4.8, 5.18, 5.53, 4.97, 4.43, 3.79, 3.28, 3.04, 2.61, 2.51, 2.03, 2.14, 2.14, 2.01, 2.58, 3.341, 3.5, 3.73, 3.38, 3.49, 3.93, 3.33, 2.84, 3.2, 3.5, 3.71, 3.53, 3.3], [1.9, 1.14, 0.78, 0, 0.96, 1.28, 1.71, 2.18, 3.43, 4.61, 5.07, 5.655, 6.438, 7.322, 7.904, 8.399, 8.887, 8.326, 7.767, 7.567, 7.551, 7.234, 6.029, 5.65, 5.44, 5.44, 5.39, 5.472, 5.573, 5.471, 5.104, 4.51, 4.22, 4.05, 3.34, 2.49, 2.03, 1.79, 1.65, 1.48, 2.48, 2.43, 3.59, 4.98, 5.73, 5.79, 5.73, 5.39, 5.32, 5.76, 6.25, 7.03, 8.1, 8.51, 8.14, 6.96, 5.49, 4.89, 4.8, 5.18, 5.53, 4.85, 4.31, 3.61, 3.02, 2.8, 2.33, 2.27, 2.05, 2.08, 2.08, 2.13, 2.836, 3.526, 3.66, 3.87, 3.48, 3.626, 4.07, 3.43, 2.84, 3.06, 3.46, 3.81, 3.57, 3.38], [1.68, 1.0, 1.04, 0.96, 0, 1.28, 1.79, 2.7, 3.89, 5.03, 5.45, 6.058, 6.875, 7.742, 8.333, 8.819, 9.319, 8.726, 8.196, 7.996, 7.98, 7.663, 6.5, 6.07, 5.86, 5.86, 5.81, 5.96, 6.078, 5.803, 5.19, 4.79, 4.74, 4.57, 3.86, 2.85, 2.43, 2.27, 2.21, 1.46, 2.22, 2.29, 3.21, 4.58, 5.33, 5.39, 5.33, 4.91, 4.78, 5.32, 5.87, 6.69, 7.74, 8.15, 7.78, 6.6, 5.09, 4.53, 4.44, 4.82, 5.17, 4.47, 3.91, 3.23, 2.66, 2.38, 2.05, 2.01, 1.75, 1.8, 1.84, 2.13, 2.645, 3.555, 3.68, 3.69, 3.44, 3.43, 3.83, 3.35, 2.74, 2.82, 3.16, 3.51, 3.35, 3.12], [1.62, 1.2, 1.48, 1.28, 1.28, 0, 1.35, 2.36, 3.53, 4.91, 5.47, 6.04, 6.86, 7.673, 8.33, 8.813, 9.313, 8.72, 8.193, 7.993, 7.977, 7.66, 6.423, 6.07, 5.88, 5.86, 5.83, 5.88, 6.035, 5.908, 5.52, 4.99, 4.54, 4.27, 3.54, 2.63, 2.27, 2.11, 1.97, 1.58, 2.1, 2.15, 3.35, 4.58, 5.33, 5.41, 5.39, 5.21, 5.2, 5.6, 6.05, 6.85, 7.78, 8.21, 7.82, 6.68, 5.13, 4.55, 4.48, 4.86, 5.19, 4.51, 3.95, 3.31, 2.92, 2.68, 2.31, 2.21, 1.87, 1.9, 1.96, 2.11, 2.64, 3.21, 3.8, 3.81, 3.3, 3.19, 3.73, 3.25, 2.64, 2.98, 3.2, 3.49, 3.33, 3.1], [2.43, 1.85, 1.69, 1.71, 1.79, 1.35, 0, 1.73, 2.82, 4.2, 4.82, 5.55, 6.401, 7.348, 8.011, 8.514, 8.994, 8.401, 7.874, 7.674, 7.658, 7.341, 6.058, 5.779, 5.589, 5.569, 5.539, 5.569, 5.619, 5.3, 4.77, 4.42, 4.09, 3.84, 3.15, 2.26, 2.18, 2.32, 1.96, 1.75, 2.23, 2.18, 3.66, 4.93, 5.74, 5.8, 5.8, 5.54, 5.57, 5.93, 6.4, 7.16, 8.19, 8.6, 8.13, 7.01, 5.52, 4.86, 4.81, 5.17, 5.46, 4.78, 4.26, 3.7, 3.25, 2.97, 2.46, 2.44, 1.86, 1.97, 2.25, 2.7, 2.53, 3.18, 3.69, 3.56, 3.21, 3.06, 3.66, 3.14, 2.77, 3.05, 3.19, 3.36, 3.2, 3.01], [3.54, 2.68, 2.18, 2.18, 2.7, 2.36, 1.73, 0, 1.45, 2.73, 3.41, 4.12, 5.006, 5.979, 6.606, 7.103, 7.586, 6.996, 6.466, 6.266, 6.256, 5.936, 4.68, 4.378, 4.188, 4.168, 4.138, 4.2, 4.2, 3.91, 3.48, 3.03, 2.76, 2.57, 2.2, 2.17, 2.43, 2.63, 2.37, 2.76, 3.48, 3.47, 4.91, 6.34, 7.11, 7.13, 7.05, 6.99, 7.02, 7.3, 7.75, 8.43, 9.4, 9.85, 9.44, 8.28, 6.69, 6.09, 6.02, 6.44, 6.75, 6.17, 5.63, 4.95, 4.6, 4.4, 3.59, 3.31, 2.87, 3.0, 2.98, 2.87, 2.7, 3.03, 3.92, 4.13, 3.84, 3.75, 4.27, 3.69, 3.3, 3.8, 3.9, 3.97, 3.91, 3.74], [4.67, 3.87, 3.31, 3.43, 3.89, 3.53, 2.82, 1.45, 0, 1.64, 2.42, 3.17, 4.038, 4.988, 5.648, 6.153, 6.633, 6.038, 5.513, 5.313, 5.318, 5.018, 3.75, 3.44, 3.27, 3.29, 3.22, 3.23, 3.27, 3.0, 2.61, 2.34, 2.13, 2.12, 2.19, 2.76, 3.36, 3.72, 3.34, 3.85, 4.37, 4.42, 5.94, 7.33, 8.14, 8.14, 8.08, 7.98, 8.05, 8.29, 8.74, 9.46, 10.45, 10.86, 10.43, 9.33, 7.62, 7.02, 6.93, 7.33, 7.66, 7.12, 6.6, 5.98, 5.55, 5.39, 4.5, 4.16, 3.78, 3.91, 3.53, 3.18, 2.89, 3.22, 3.93, 4.06, 3.87, 3.76, 4.3, 3.76, 3.41, 4.07, 4.19, 4.26, 4.26, 4.15], [6.13, 5.21, 4.37, 4.61, 5.03, 4.91, 4.2, 2.73, 1.64, 0, 1.22, 1.85, 2.715, 3.63, 4.293, 4.796, 5.276, 4.703, 4.176, 4.056, 4.081, 3.803, 2.51, 2.24, 2.07, 2.13, 2.1, 2.03, 2.21, 2.08, 1.63, 1.5, 1.61, 1.94, 2.35, 3.16, 3.96, 4.34, 4.38, 5.17, 5.73, 5.8, 7.44, 8.69, 9.52, 9.56, 9.54, 9.5, 9.53, 9.79, 10.24, 10.88, 11.85, 12.252, 11.79, 10.69, 9.06, 8.42, 8.35, 8.73, 8.98, 8.46, 7.96, 7.38, 7.01, 6.83, 5.96, 5.56, 5.14, 5.23, 4.83, 4.3, 3.49, 3.32, 4.09, 4.26, 4.13, 4.06, 4.58, 4.18, 4.15, 4.83, 4.97, 5.0, 5.04, 5.03], [6.61, 5.75, 4.97, 5.07, 5.45, 5.47, 4.82, 3.41, 2.42, 1.22, 0, 0.95, 1.81, 2.689, 3.351, 3.877, 4.337, 3.79, 3.277, 3.14, 3.19, 2.89, 1.69, 1.48, 1.41, 1.71, 1.5, 1.33, 1.71, 1.46, 1.37, 1.24, 1.77, 2.32, 2.83, 3.88, 4.56, 4.98, 5.24, 5.95, 6.55, 6.66, 7.98, 9.45, 10.22, 10.26, 10.16, 9.9, 9.91, 10.25, 10.78, 11.54, 12.519, 12.926, 12.513, 11.359, 9.866, 9.283, 9.173, 9.55, 9.913, 9.257, 8.72, 8.04, 7.53, 7.29, 6.44, 6.154, 5.826, 5.97, 5.49, 4.98, 3.97, 3.52, 4.27, 4.44, 4.57, 4.76, 5.4, 4.96, 4.75, 5.35, 5.73, 5.84, 5.88, 5.91], [7.389, 6.295, 5.498, 5.655, 6.058, 6.04, 5.55, 4.12, 3.17, 1.85, 0.95, 0, 1.02, 1.89, 2.535, 3.05, 3.521, 2.94, 2.47, 2.37, 2.44, 2.2, 1.36, 1.43, 1.5, 1.86, 1.69, 1.04, 1.32, 1.21, 1.4, 1.57, 2.0, 2.67, 3.24, 4.29, 4.93, 5.45, 5.79, 6.708, 7.388, 7.478, 8.85, 10.3, 11.076, 11.124, 11.03, 10.69, 10.58, 11.06, 11.622, 12.396, 13.369, 13.776, 13.343, 12.209, 10.676, 10.093, 9.983, 10.36, 10.727, 10.107, 9.57, 8.89, 8.34, 8.083, 7.244, 6.999, 6.676, 6.803, 6.3, 5.43, 4.54, 4.07, 4.84, 5.13, 5.28, 5.45, 6.09, 5.73, 5.5, 6.1, 6.52, 6.63, 6.67, 6.7], [8.266, 7.078, 6.278, 6.438, 6.875, 6.86, 6.401, 5.006, 4.038, 2.715, 1.81, 1.02, 0, 1.05, 1.75, 2.25, 2.73, 2.2, 1.87, 1.77, 1.82, 1.68, 1.48, 1.67, 1.88, 2.26, 2.13, 1.38, 1.32, 1.53, 2.12, 2.37, 2.6, 3.27, 3.9, 4.95, 5.53, 6.05, 6.51, 7.591, 8.271, 8.361, 9.736, 11.174, 11.95, 12.007, 11.913, 11.567, 11.4, 11.954, 12.496, 13.27, 14.246, 14.673, 14.24, 13.086, 11.553, 10.97, 10.88, 11.257, 11.604, 10.981, 10.444, 9.77, 9.209, 8.954, 8.124, 7.876, 7.573, 7.68, 7.16, 6.15, 5.24, 4.85, 5.48, 5.87, 6.12, 6.29, 6.93, 6.57, 6.34, 6.94, 7.38, 7.49, 7.53, 7.56], [9.164, 8.022, 7.262, 7.322, 7.742, 7.673, 7.348, 5.979, 4.988, 3.63, 2.689, 1.89, 1.05, 0, 0.94, 1.38, 1.78, 1.41, 1.12, 1.12, 1.27, 1.17, 1.79, 1.9, 2.15, 2.53, 2.42, 2.03, 1.89, 2.2, 3.013, 3.16, 3.41, 3.94, 4.61, 5.759, 6.2, 6.7, 7.3, 8.549, 9.218, 9.319, 10.669, 12.067, 12.843, 12.9, 12.806, 12.46, 12.279, 12.824, 13.389, 14.163, 15.156, 15.568, 15.193, 14.036, 12.543, 11.948, 11.837, 12.206, 12.565, 11.911, 11.371, 10.686, 10.119, 9.862, 9.032, 8.786, 8.486, 8.59, 8.109, 7.08, 6.19, 5.78, 6.41, 6.82, 7.09, 7.26, 7.9, 7.54, 7.31, 7.91, 8.35, 8.46, 8.5, 8.53], [9.798, 8.598, 7.829, 7.904, 8.333, 8.33, 8.011, 6.606, 5.648, 4.293, 3.351, 2.535, 1.75, 0.94, 0, 0.88, 1.26, 0.97, 0.72, 0.74, 0.83, 1.01, 2.09, 2.32, 2.59, 2.59, 2.62, 2.479, 2.441, 2.811, 3.595, 3.737, 4.015, 4.411, 5.175, 6.278, 6.766, 7.139, 7.805, 9.209, 9.878, 9.979, 11.311, 12.73, 13.5, 13.557, 13.457, 13.063, 12.799, 13.367, 13.989, 14.786, 15.81, 16.223, 15.861, 14.684, 13.171, 12.59, 12.475, 12.88, 13.233, 12.574, 12.034, 11.337, 10.719, 10.442, 9.594, 9.389, 9.157, 9.253, 8.79, 7.736, 6.85, 6.48, 7.11, 7.5, 7.77, 7.94, 8.58, 8.22, 7.99, 8.59, 9.03, 9.14, 9.18, 9.21], [10.296, 9.095, 8.332, 8.399, 8.819, 8.813, 8.514, 7.103, 6.153, 4.796, 3.877, 3.05, 2.25, 1.38, 0.88, 0, 0.84, 0.93, 1.0, 1.06, 1.23, 1.51, 2.63, 2.85, 3.09, 3.21, 3.187, 3.03, 2.95, 3.308, 4.13, 4.24, 4.512, 4.948, 5.692, 6.796, 7.299, 7.676, 8.311, 9.706, 10.375, 10.485, 11.817, 13.233, 14.003, 14.063, 13.963, 13.569, 13.324, 13.87, 14.492, 15.289, 16.293, 16.723, 16.344, 15.167, 13.653, 13.073, 12.975, 13.366, 13.716, 13.077, 12.537, 11.84, 11.202, 10.924, 10.077, 9.872, 9.64, 9.736, 9.304, 8.26, 7.37, 7.02, 7.67, 8.04, 8.29, 8.46, 9.1, 8.74, 8.51, 9.11, 9.53, 9.64, 9.68, 9.71], [10.781, 9.581, 8.812, 8.887, 9.319, 9.313, 8.994, 7.586, 6.633, 5.276, 4.337, 3.521, 2.73, 1.78, 1.26, 0.84, 0, 0.93, 1.4, 1.62, 1.71, 2.05, 3.09, 3.316, 3.61, 3.726, 3.69, 3.497, 3.45, 3.791, 4.613, 4.706, 4.995, 5.391, 6.175, 7.278, 7.762, 8.199, 8.831, 10.189, 10.858, 10.965, 12.297, 13.713, 14.483, 14.543, 14.443, 14.049, 13.784, 14.35, 14.972, 15.769, 16.793, 17.206, 16.844, 15.667, 14.153, 13.573, 13.457, 13.863, 14.216, 13.557, 13.017, 12.32, 11.702, 11.424, 10.577, 10.372, 10.14, 10.236, 9.784, 8.733, 7.83, 7.44, 8.09, 8.48, 8.75, 8.92, 9.56, 9.2, 8.97, 9.57, 10.01, 10.12, 10.16, 10.19], [10.188, 9.042, 8.239, 8.326, 8.726, 8.72, 8.401, 6.996, 6.038, 4.703, 3.79, 2.94, 2.2, 1.41, 0.97, 0.93, 0.93, 0, 0.85, 1.17, 1.2, 1.58, 2.6, 2.77, 3.06, 3.22, 3.23, 3.0, 2.94, 3.201, 3.985, 4.107, 4.405, 4.801, 5.625, 6.749, 7.232, 7.69, 8.33, 9.599, 10.268, 10.369, 11.701, 13.12, 13.89, 13.947, 13.847, 13.453, 13.189, 13.757, 14.379, 15.176, 16.2, 16.613, 16.251, 15.074, 13.561, 12.98, 12.865, 13.27, 13.623, 12.964, 12.424, 11.727, 11.109, 10.832, 9.984, 9.779, 9.547, 9.643, 9.18, 8.126, 7.28, 6.91, 7.58, 7.97, 8.16, 8.33, 8.97, 8.61, 8.38, 8.98, 9.42, 9.53, 9.57, 9.6], [9.661, 8.461, 7.692, 7.767, 8.196, 8.193, 7.874, 6.466, 5.513, 4.176, 3.277, 2.47, 1.87, 1.12, 0.72, 1.0, 1.4, 0.85, 0, 0.7, 0.81, 1.07, 2.01, 2.28, 2.404, 2.543, 2.53, 2.357, 2.33, 2.691, 3.455, 3.577, 3.875, 4.271, 5.035, 6.158, 6.642, 7.039, 7.711, 9.069, 9.738, 9.845, 11.177, 12.593, 13.363, 13.423, 13.323, 12.929, 12.664, 13.23, 13.852, 14.649, 15.673, 16.086, 15.704, 14.547, 13.033, 12.453, 12.337, 12.723, 13.09, 12.437, 11.897, 11.2, 10.582, 10.304, 9.457, 9.252, 9.003, 9.096, 8.644, 7.613, 6.73, 6.42, 7.15, 7.46, 7.63, 7.8, 8.44, 8.08, 7.85, 8.45, 8.87, 8.98, 9.02, 9.05], [9.461, 8.275, 7.512, 7.567, 7.996, 7.993, 7.674, 6.266, 5.313, 4.056, 3.14, 2.37, 1.77, 1.12, 0.74, 1.06, 1.62, 1.17, 0.7, 0, 0.47, 0.61, 1.79, 2.02, 2.31, 2.29, 2.32, 2.182, 2.121, 2.471, 3.275, 3.377, 3.675, 4.091, 4.855, 5.958, 6.442, 6.779, 7.471, 8.869, 9.538, 9.645, 10.977, 12.393, 13.163, 13.223, 13.123, 12.729, 12.484, 13.03, 13.652, 14.449, 15.473, 15.903, 15.524, 14.347, 12.833, 12.253, 12.157, 12.546, 12.896, 12.237, 11.697, 11.0, 10.382, 10.104, 9.257, 9.052, 8.82, 8.936, 8.47, 7.44, 6.61, 6.32, 7.05, 7.38, 7.49, 7.7, 8.34, 7.94, 7.69, 8.31, 8.71, 8.82, 8.86, 8.89], [9.446, 8.245, 7.476, 7.551, 7.98, 7.977, 7.658, 6.256, 5.318, 4.081, 3.19, 2.44, 1.82, 1.27, 0.83, 1.23, 1.71, 1.2, 0.81, 0.47, 0, 0.56, 1.74, 1.95, 2.24, 2.18, 2.25, 2.14, 2.111, 2.481, 3.245, 3.367, 3.665, 4.081, 4.825, 5.928, 6.432, 6.769, 7.455, 8.859, 9.528, 9.629, 10.961, 12.377, 13.147, 13.207, 13.107, 12.713, 12.449, 13.014, 13.636, 14.433, 15.457, 15.87, 15.508, 14.331, 12.818, 12.237, 12.122, 12.527, 12.881, 12.221, 11.681, 10.984, 10.366, 10.089, 9.242, 9.036, 8.804, 8.9, 8.42, 7.39, 6.66, 6.37, 7.12, 7.43, 7.52, 7.69, 8.35, 7.93, 7.66, 8.28, 8.68, 8.79, 8.83, 8.86], [9.128, 7.928, 7.159, 7.234, 7.663, 7.66, 7.341, 5.936, 5.018, 3.803, 2.89, 2.2, 1.68, 1.17, 1.01, 1.51, 2.05, 1.58, 1.07, 0.61, 0.56, 0, 1.5, 1.79, 2.1, 2.06, 2.03, 1.88, 1.8, 2.21, 2.98, 3.09, 3.345, 3.87, 4.545, 5.608, 6.132, 6.449, 7.135, 8.539, 9.208, 9.309, 10.641, 12.06, 12.83, 12.887, 12.787, 12.393, 12.129, 12.697, 13.319, 14.116, 15.14, 15.57, 15.191, 14.014, 12.501, 11.921, 11.825, 12.213, 12.563, 11.904, 11.364, 10.667, 10.049, 9.772, 8.924, 8.719, 8.487, 8.603, 8.12, 7.09, 6.38, 6.11, 6.84, 7.15, 7.24, 7.41, 8.07, 7.67, 7.4, 8.02, 8.42, 8.49, 8.53, 8.56], [7.906, 6.646, 5.88, 6.029, 6.5, 6.423, 6.058, 4.68, 3.75, 2.51, 1.69, 1.36, 1.48, 1.79, 2.09, 2.63, 3.09, 2.6, 2.01, 1.79, 1.74, 1.5, 0, 0.91, 1.26, 1.28, 1.27, 1.22, 1.52, 1.89, 2.16, 2.05, 2.2, 2.73, 3.32, 4.363, 4.87, 5.23, 5.89, 7.268, 7.928, 8.038, 9.39, 10.831, 11.607, 11.664, 11.57, 11.21, 11.02, 11.6, 12.15, 12.927, 13.906, 14.313, 13.88, 12.74, 11.233, 10.65, 10.54, 10.917, 11.284, 10.63, 10.09, 9.41, 8.86, 8.62, 7.784, 7.536, 7.233, 7.36, 6.82, 5.83, 5.14, 4.85, 5.62, 5.91, 6.0, 6.17, 6.83, 6.41, 6.14, 6.76, 7.16, 7.23, 7.27, 7.3], [7.547, 6.37, 5.603, 5.65, 6.07, 6.07, 5.779, 4.378, 3.44, 2.24, 1.48, 1.43, 1.67, 1.9, 2.32, 2.85, 3.316, 2.77, 2.28, 2.02, 1.95, 1.79, 0.91, 0, 0.71, 1.01, 1.02, 1.11, 1.67, 1.98, 2.21, 1.9, 2.01, 2.42, 3.01, 4.1, 4.58, 5.08, 5.64, 6.981, 7.649, 7.751, 9.08, 10.49, 11.26, 11.32, 11.22, 10.82, 10.55, 11.11, 11.74, 12.54, 13.55, 13.974, 13.61, 12.43, 10.919, 10.339, 10.229, 10.638, 10.999, 10.34, 9.8, 9.1, 8.45, 8.17, 7.32, 7.12, 6.9, 6.99, 6.57, 5.56, 4.85, 4.56, 5.31, 5.62, 5.69, 5.86, 6.52, 6.1, 5.83, 6.45, 6.85, 6.96, 7.0, 7.03], [7.34, 6.151, 5.388, 5.44, 5.86, 5.88, 5.589, 4.188, 3.27, 2.07, 1.41, 1.5, 1.88, 2.15, 2.59, 3.09, 3.61, 3.06, 2.404, 2.31, 2.24, 2.1, 1.26, 0.71, 0, 0.78, 0.75, 0.98, 1.68, 1.97, 1.94, 1.67, 1.76, 2.27, 2.82, 3.93, 4.41, 4.91, 5.49, 6.791, 7.459, 7.561, 8.89, 10.3, 11.07, 11.13, 11.03, 10.63, 10.36, 10.96, 11.55, 12.35, 13.36, 13.77, 13.399, 12.24, 10.729, 10.149, 10.033, 10.422, 10.792, 10.15, 9.61, 8.91, 8.26, 7.98, 7.15, 6.93, 6.69, 6.76, 6.36, 5.33, 4.7, 4.53, 5.4, 5.59, 5.56, 5.77, 6.41, 5.91, 5.62, 6.24, 6.64, 6.73, 6.77, 6.8], [7.337, 6.136, 5.373, 5.44, 5.86, 5.86, 5.569, 4.168, 3.29, 2.13, 1.71, 1.86, 2.26, 2.53, 2.59, 3.21, 3.726, 3.22, 2.543, 2.29, 2.18, 2.06, 1.28, 1.01, 0.78, 0, 0.55, 1.22, 2.02, 2.29, 2.1, 1.65, 1.84, 2.11, 2.76, 3.86, 4.41, 4.75, 5.366, 6.771, 7.439, 7.541, 8.87, 10.28, 11.05, 11.11, 11.01, 10.61, 10.34, 10.92, 11.53, 12.33, 13.34, 13.764, 13.4, 12.22, 10.709, 10.129, 10.019, 10.428, 10.789, 10.13, 9.59, 8.89, 8.24, 7.96, 7.11, 6.91, 6.69, 6.78, 6.36, 5.33, 4.78, 4.73, 5.64, 5.89, 5.7, 5.89, 6.55, 5.99, 5.62, 6.24, 6.64, 6.73, 6.77, 6.8], [7.29, 6.101, 5.338, 5.39, 5.81, 5.83, 5.539, 4.138, 3.22, 2.1, 1.5, 1.69, 2.13, 2.42, 2.62, 3.187, 3.69, 3.23, 2.53, 2.32, 2.25, 2.03, 1.27, 1.02, 0.75, 0.55, 0, 0.95, 1.83, 2.1, 1.87, 1.46, 1.69, 2.1, 2.75, 3.9, 4.44, 4.84, 5.4, 6.741, 7.409, 7.511, 8.84, 10.25, 11.02, 11.08, 10.98, 10.58, 10.31, 10.87, 11.5, 12.3, 13.31, 13.72, 13.35, 12.19, 10.679, 10.099, 9.983, 10.389, 10.759, 10.1, 9.56, 8.86, 8.21, 7.93, 7.08, 6.88, 6.64, 6.73, 6.33, 5.34, 4.79, 4.7, 5.63, 5.86, 5.69, 5.88, 6.52, 5.98, 5.65, 6.27, 6.67, 6.74, 6.78, 6.81], [7.349, 6.159, 5.42, 5.472, 5.96, 5.88, 5.569, 4.2, 3.23, 2.03, 1.33, 1.04, 1.38, 2.03, 2.479, 3.03, 3.497, 3.0, 2.357, 2.182, 2.14, 1.88, 1.22, 1.11, 0.98, 1.22, 0.95, 0, 1.08, 1.37, 1.46, 1.45, 1.76, 2.45, 2.96, 3.97, 4.61, 5.03, 5.47, 6.771, 7.439, 7.541, 8.89, 10.28, 11.05, 11.11, 11.01, 10.65, 10.44, 11.02, 11.55, 12.33, 13.357, 13.767, 13.388, 12.231, 10.738, 10.138, 10.022, 10.411, 10.781, 10.13, 9.59, 8.89, 8.28, 8.04, 7.21, 6.93, 6.684, 6.78, 6.34, 5.35, 4.74, 4.57, 5.46, 5.69, 5.58, 5.81, 6.45, 5.93, 5.64, 6.26, 6.66, 6.73, 6.77, 6.8], [7.412, 6.218, 5.478, 5.573, 6.078, 6.035, 5.619, 4.2, 3.27, 2.21, 1.71, 1.32, 1.32, 1.89, 2.441, 2.95, 3.45, 2.94, 2.33, 2.121, 2.111, 1.8, 1.52, 1.67, 1.68, 2.02, 1.83, 1.08, 0, 0.93, 1.52, 1.95, 2.18, 3.01, 3.42, 4.11, 4.81, 5.15, 5.59, 6.788, 7.448, 7.57, 8.904, 10.363, 11.139, 11.176, 11.082, 10.77, 10.66, 11.143, 11.664, 12.439, 13.412, 13.819, 13.426, 12.272, 10.759, 10.176, 10.066, 10.463, 10.826, 10.17, 9.63, 8.95, 8.4, 8.146, 7.313, 7.062, 6.739, 6.886, 6.4, 5.51, 4.8, 4.55, 5.42, 5.63, 5.6, 5.79, 6.41, 5.93, 5.66, 6.28, 6.68, 6.75, 6.79, 6.82], [7.148, 6.151, 5.443, 5.471, 5.803, 5.908, 5.3, 3.91, 3.0, 2.08, 1.46, 1.21, 1.53, 2.2, 2.811, 3.308, 3.791, 3.201, 2.691, 2.471, 2.481, 2.21, 1.89, 1.98, 1.97, 2.29, 2.1, 1.37, 0.93, 0, 1.13, 1.54, 2.35, 3.12, 3.63, 4.42, 5.24, 5.68, 5.72, 6.43, 7.09, 7.203, 8.537, 10.01, 10.78, 10.82, 10.72, 10.36, 10.23, 10.75, 11.317, 12.072, 13.044, 13.472, 13.079, 11.924, 10.412, 9.809, 9.719, 10.116, 10.479, 9.82, 9.28, 8.6, 8.05, 7.79, 6.96, 6.714, 6.412, 6.559, 6.07, 5.4, 4.61, 4.28, 5.11, 5.32, 5.27, 5.5, 6.14, 5.62, 5.35, 5.93, 6.35, 6.44, 6.48, 6.51], [6.678, 5.744, 5.01, 5.104, 5.19, 5.52, 4.77, 3.48, 2.61, 1.63, 1.37, 1.4, 2.12, 3.013, 3.595, 4.13, 4.613, 3.985, 3.455, 3.275, 3.245, 2.98, 2.16, 2.21, 1.94, 2.1, 1.87, 1.46, 1.52, 1.13, 0, 0.99, 1.8, 2.61, 3.1, 3.93, 4.73, 5.17, 5.31, 5.8, 6.32, 6.49, 7.787, 9.246, 10.022, 10.059, 9.964, 9.61, 9.52, 10.0, 10.547, 11.322, 12.314, 12.702, 12.289, 11.154, 9.622, 9.039, 8.909, 9.306, 9.673, 9.053, 8.55, 7.844, 7.34, 7.035, 6.23, 5.984, 5.677, 5.809, 5.32, 5.05, 4.12, 3.99, 4.68, 4.91, 4.72, 4.85, 5.47, 5.07, 4.92, 5.36, 5.6, 5.67, 5.69, 5.72], [6.263, 5.23, 4.49, 4.51, 4.79, 4.99, 4.42, 3.03, 2.34, 1.5, 1.24, 1.57, 2.37, 3.16, 3.737, 4.24, 4.706, 4.107, 3.577, 3.377, 3.367, 3.09, 2.05, 1.9, 1.67, 1.65, 1.46, 1.45, 1.95, 1.54, 0.99, 0, 1.19, 1.86, 2.43, 3.38, 4.16, 4.62, 4.84, 5.55, 6.21, 6.328, 7.66, 9.11, 9.88, 9.9, 9.8, 9.44, 9.27, 9.83, 10.4, 11.18, 12.17, 12.592, 12.219, 11.064, 9.56, 8.956, 8.861, 9.229, 9.599, 8.96, 8.42, 7.72, 7.15, 6.89, 6.06, 5.82, 5.532, 5.659, 5.21, 4.68, 4.01, 4.12, 5.03, 5.3, 5.07, 5.16, 5.74, 5.22, 4.79, 5.31, 5.63, 5.7, 5.72, 5.73], [6.017, 4.84, 4.02, 4.22, 4.74, 4.54, 4.09, 2.76, 2.13, 1.61, 1.77, 2.0, 2.6, 3.41, 4.015, 4.512, 4.995, 4.405, 3.875, 3.675, 3.665, 3.345, 2.2, 2.01, 1.76, 1.84, 1.69, 1.76, 2.18, 2.35, 1.8, 1.19, 0, 1.03, 1.5, 2.49, 3.09, 3.59, 4.13, 5.24, 5.92, 6.03, 7.49, 8.92, 9.73, 9.73, 9.69, 9.39, 9.3, 9.78, 10.29, 11.01, 12.06, 12.47, 12.04, 10.92, 9.37, 8.75, 8.66, 9.04, 9.37, 8.73, 8.21, 7.59, 7.08, 6.84, 5.99, 5.71, 5.41, 5.54, 5.0, 4.31, 4.04, 4.43, 5.32, 5.61, 5.4, 5.33, 5.87, 5.33, 4.8, 5.32, 5.64, 5.71, 5.61, 5.56], [5.73, 4.61, 3.79, 4.05, 4.57, 4.27, 3.84, 2.57, 2.12, 1.94, 2.32, 2.67, 3.27, 3.94, 4.411, 4.948, 5.391, 4.801, 4.271, 4.091, 4.081, 3.87, 2.73, 2.42, 2.27, 2.11, 2.1, 2.45, 3.01, 3.12, 2.61, 1.86, 1.03, 0, 0.99, 2.26, 2.78, 3.3, 3.78, 4.89, 5.61, 5.68, 7.26, 8.63, 9.44, 9.44, 9.4, 9.2, 9.15, 9.57, 10.04, 10.78, 11.81, 12.22, 11.77, 10.65, 9.0, 8.38, 8.31, 8.67, 8.98, 8.44, 7.92, 7.3, 6.87, 6.65, 5.82, 5.54, 5.2, 5.27, 4.73, 4.38, 4.19, 4.54, 5.45, 5.7, 5.49, 5.42, 5.98, 5.46, 4.97, 5.57, 5.79, 5.82, 5.72, 5.65], [5.04, 3.82, 3.12, 3.34, 3.86, 3.54, 3.15, 2.2, 2.19, 2.35, 2.83, 3.24, 3.9, 4.61, 5.175, 5.692, 6.175, 5.625, 5.035, 4.855, 4.825, 4.545, 3.32, 3.01, 2.82, 2.76, 2.75, 2.96, 3.42, 3.63, 3.1, 2.43, 1.5, 0.99, 0, 1.39, 1.97, 2.45, 2.93, 4.22, 4.98, 5.05, 6.63, 7.98, 8.77, 8.79, 8.77, 8.57, 8.5, 8.96, 9.41, 10.17, 11.2, 11.61, 11.16, 10.04, 8.35, 7.75, 7.66, 8.06, 8.37, 7.79, 7.27, 6.65, 6.26, 6.0, 5.23, 5.13, 4.65, 4.62, 4.34, 3.99, 3.94, 4.37, 5.28, 5.55, 5.34, 5.29, 5.81, 5.27, 4.74, 5.36, 5.62, 5.61, 5.53, 5.42], [4.07, 2.81, 2.21, 2.49, 2.85, 2.63, 2.26, 2.17, 2.76, 3.16, 3.88, 4.29, 4.95, 5.759, 6.278, 6.796, 7.278, 6.749, 6.158, 5.958, 5.928, 5.608, 4.363, 4.1, 3.93, 3.86, 3.9, 3.97, 4.11, 4.42, 3.93, 3.38, 2.49, 2.26, 1.39, 0, 1.02, 1.54, 1.94, 3.39, 4.25, 4.14, 5.7, 7.05, 7.84, 7.88, 7.86, 7.56, 7.45, 7.99, 8.48, 9.26, 10.31, 10.72, 10.27, 9.13, 7.44, 6.86, 6.75, 7.17, 7.48, 6.92, 6.34, 5.78, 5.31, 5.05, 4.44, 4.46, 3.94, 3.83, 3.71, 3.24, 3.33, 3.9, 4.67, 5.02, 4.83, 4.78, 5.28, 4.7, 4.15, 4.73, 5.07, 5.08, 5.0, 4.89], [3.53, 2.33, 1.79, 2.03, 2.43, 2.27, 2.18, 2.43, 3.36, 3.96, 4.56, 4.93, 5.53, 6.2, 6.766, 7.299, 7.762, 7.232, 6.642, 6.442, 6.432, 6.132, 4.87, 4.58, 4.41, 4.41, 4.44, 4.61, 4.81, 5.24, 4.73, 4.16, 3.09, 2.78, 1.97, 1.02, 0, 0.82, 1.42, 2.99, 3.93, 3.8, 5.12, 6.51, 7.3, 7.32, 7.28, 6.96, 6.87, 7.37, 7.88, 8.68, 9.71, 10.12, 9.67, 8.53, 6.86, 6.28, 6.19, 6.57, 6.9, 6.36, 5.84, 5.2, 4.81, 4.53, 4.12, 4.12, 3.56, 3.43, 3.49, 2.96, 3.37, 4.12, 4.61, 4.88, 4.65, 4.62, 5.1, 4.5, 3.97, 4.51, 4.85, 4.92, 4.78, 4.63], [3.05, 2.01, 1.61, 1.79, 2.27, 2.11, 2.32, 2.63, 3.72, 4.34, 4.98, 5.45, 6.05, 6.7, 7.139, 7.676, 8.199, 7.69, 7.039, 6.779, 6.769, 6.449, 5.23, 5.08, 4.91, 4.75, 4.84, 5.03, 5.15, 5.68, 5.17, 4.62, 3.59, 3.3, 2.45, 1.54, 0.82, 0, 1.2, 2.63, 3.63, 3.46, 4.8, 6.09, 6.9, 6.9, 6.86, 6.6, 6.55, 6.99, 7.46, 8.26, 9.25, 9.66, 9.19, 8.07, 6.42, 5.82, 5.75, 6.13, 6.48, 5.94, 5.38, 4.78, 4.51, 4.27, 3.9, 3.84, 3.3, 3.15, 3.25, 2.94, 3.43, 3.999, 4.39, 4.64, 4.39, 4.5, 4.94, 4.34, 3.89, 4.37, 4.61, 4.7, 4.58, 4.43], [2.49, 1.85, 1.59, 1.65, 2.21, 1.97, 1.96, 2.37, 3.34, 4.38, 5.24, 5.79, 6.51, 7.3, 7.805, 8.311, 8.831, 8.33, 7.711, 7.471, 7.455, 7.135, 5.89, 5.64, 5.49, 5.366, 5.4, 5.47, 5.59, 5.72, 5.31, 4.84, 4.13, 3.78, 2.93, 1.94, 1.42, 1.2, 0, 2.09, 3.17, 2.92, 4.16, 5.43, 6.28, 6.24, 6.2, 6.02, 5.95, 6.35, 6.8, 7.56, 8.53, 8.94, 8.47, 7.35, 5.76, 5.14, 5.07, 5.43, 5.74, 5.22, 4.7, 4.1, 3.97, 3.73, 3.56, 3.4, 2.98, 2.85, 2.95, 2.84, 3.569, 4.119, 4.37, 4.5, 4.25, 4.34, 4.72, 4.16, 3.77, 4.17, 4.39, 4.52, 4.26, 4.11], [1.4, 1.58, 1.54, 1.48, 1.46, 1.58, 1.75, 2.76, 3.85, 5.17, 5.95, 6.708, 7.591, 8.549, 9.209, 9.706, 10.189, 9.599, 9.069, 8.869, 8.859, 8.539, 7.268, 6.981, 6.791, 6.771, 6.741, 6.771, 6.788, 6.43, 5.8, 5.55, 5.24, 4.89, 4.22, 3.39, 2.99, 2.63, 2.09, 0, 1.54, 1.21, 2.51, 3.84, 4.63, 4.65, 4.65, 4.49, 4.52, 4.84, 5.29, 6.07, 7.06, 7.47, 7.0, 5.9, 4.31, 3.67, 3.62, 3.98, 4.23, 3.61, 3.11, 2.53, 2.2, 2.04, 1.91, 1.77, 1.87, 1.84, 1.68, 2.55, 3.12, 3.684, 3.479, 3.589, 3.213, 3.206, 3.626, 3.109, 2.659, 2.759, 3.14, 3.39, 3.11, 2.92], [2.1, 2.28, 2.58, 2.48, 2.22, 2.1, 2.23, 3.48, 4.37, 5.73, 6.55, 7.388, 8.271, 9.218, 9.878, 10.375, 10.858, 10.268, 9.738, 9.538, 9.528, 9.208, 7.928, 7.649, 7.459, 7.439, 7.409, 7.439, 7.448, 7.09, 6.32, 6.21, 5.92, 5.61, 4.98, 4.25, 3.93, 3.63, 3.17, 1.54, 0, 1.11, 2.41, 3.26, 4.13, 4.25, 4.43, 4.53, 4.66, 4.9, 5.15, 5.85, 6.62, 6.99, 6.56, 5.52, 3.89, 3.21, 3.4, 3.56, 3.73, 3.07, 2.83, 2.23, 2.24, 1.98, 1.65, 1.45, 1.41, 1.28, 1.9, 2.95, 3.426, 3.996, 3.72, 3.23, 2.94, 2.626, 2.57, 2.569, 2.66, 2.7, 2.18, 2.17, 1.93, 1.9], [1.75, 2.07, 2.45, 2.43, 2.29, 2.15, 2.18, 3.47, 4.42, 5.8, 6.66, 7.478, 8.361, 9.319, 9.979, 10.485, 10.965, 10.369, 9.845, 9.645, 9.629, 9.309, 8.038, 7.751, 7.561, 7.541, 7.511, 7.541, 7.57, 7.203, 6.49, 6.328, 6.03, 5.68, 5.05, 4.14, 3.8, 3.46, 2.92, 1.21, 1.11, 0, 1.94, 3.01, 3.82, 3.88, 3.9, 3.96, 4.05, 4.29, 4.68, 5.38, 6.27, 6.68, 6.21, 5.15, 3.52, 2.9, 2.89, 3.29, 3.52, 2.94, 2.4, 1.88, 1.77, 1.71, 1.6, 1.3, 1.5, 1.57, 1.91, 3.02, 3.579, 4.183, 3.803, 3.379, 3.021, 2.787, 2.894, 2.711, 2.669, 2.71, 2.45, 2.74, 2.42, 2.23], [2.11, 3.03, 3.75, 3.59, 3.21, 3.35, 3.66, 4.91, 5.94, 7.44, 7.98, 8.85, 9.736, 10.669, 11.311, 11.817, 12.297, 11.701, 11.177, 10.977, 10.961, 10.641, 9.39, 9.08, 8.89, 8.87, 8.84, 8.89, 8.904, 8.537, 7.787, 7.66, 7.49, 7.26, 6.63, 5.7, 5.12, 4.8, 4.16, 2.51, 2.41, 1.94, 0, 1.77, 2.36, 2.32, 2.22, 2.16, 2.29, 2.53, 2.84, 3.64, 4.65, 5.06, 4.65, 3.47, 2.08, 1.74, 1.53, 1.83, 2.04, 1.52, 1.28, 0.88, 1.03, 1.07, 1.76, 2.02, 2.6, 2.71, 2.83, 3.966, 4.848, 5.484, 5.121, 4.531, 4.221, 4.174, 3.888, 3.599, 3.731, 3.148, 2.9, 3.393, 3.273, 2.943], [3.32, 4.42, 5.16, 4.98, 4.58, 4.58, 4.93, 6.34, 7.33, 8.69, 9.45, 10.3, 11.174, 12.067, 12.73, 13.233, 13.713, 13.12, 12.593, 12.393, 12.377, 12.06, 10.831, 10.49, 10.3, 10.28, 10.25, 10.28, 10.363, 10.01, 9.246, 9.11, 8.92, 8.63, 7.98, 7.05, 6.51, 6.09, 5.43, 3.84, 3.26, 3.01, 1.77, 0, 1.23, 1.47, 1.67, 1.85, 1.96, 2.14, 2.25, 2.85, 3.62, 3.93, 3.54, 2.54, 2.29, 1.95, 1.92, 1.92, 1.57, 1.61, 1.75, 1.89, 2.34, 2.4, 3.17, 3.37, 3.63, 3.56, 4.043, 5.341, 6.206, 6.764, 6.387, 5.743, 5.312, 5.145, 4.718, 4.85, 5.069, 4.349, 3.993, 4.069, 4.026, 3.841], [4.15, 5.15, 5.91, 5.73, 5.33, 5.33, 5.74, 7.11, 8.14, 9.52, 10.22, 11.076, 11.95, 12.843, 13.5, 14.003, 14.483, 13.89, 13.363, 13.163, 13.147, 12.83, 11.607, 11.26, 11.07, 11.05, 11.02, 11.05, 11.139, 10.78, 10.022, 9.88, 9.73, 9.44, 8.77, 7.84, 7.3, 6.9, 6.28, 4.63, 4.13, 3.82, 2.36, 1.23, 0, 1.04, 1.32, 1.64, 1.77, 1.71, 2.0, 2.16, 2.73, 3.04, 2.69, 1.99, 2.12, 2.16, 2.03, 2.13, 1.94, 2.2, 2.4, 2.54, 2.93, 3.11, 3.94, 4.14, 4.44, 4.41, 4.902, 6.16, 7.03, 7.564, 7.188, 6.539, 6.111, 6.047, 5.525, 5.672, 5.893, 5.173, 4.774, 5.007, 4.833, 4.719], [4.17, 5.23, 5.95, 5.79, 5.39, 5.41, 5.8, 7.13, 8.14, 9.56, 10.26, 11.124, 12.007, 12.9, 13.557, 14.063, 14.543, 13.947, 13.423, 13.223, 13.207, 12.887, 11.664, 11.32, 11.13, 11.11, 11.08, 11.11, 11.176, 10.82, 10.059, 9.9, 9.73, 9.44, 8.79, 7.88, 7.32, 6.9, 6.24, 4.65, 4.25, 3.88, 2.32, 1.47, 1.04, 0, 0.7, 1.04, 1.41, 1.15, 1.34, 1.66, 2.55, 2.94, 2.59, 1.95, 2.52, 2.66, 2.17, 2.15, 1.84, 2.1, 2.34, 2.48, 2.93, 3.19, 4.0, 4.2, 4.52, 4.55, 4.939, 6.174, 7.056, 7.632, 7.281, 6.635, 6.217, 6.092, 5.72, 5.715, 5.919, 5.239, 4.898, 5.204, 5.076, 4.791], [4.09, 5.13, 5.93, 5.73, 5.33, 5.39, 5.8, 7.05, 8.08, 9.54, 10.16, 11.03, 11.913, 12.806, 13.457, 13.963, 14.443, 13.847, 13.323, 13.123, 13.107, 12.787, 11.57, 11.22, 11.03, 11.01, 10.98, 11.01, 11.082, 10.72, 9.964, 9.8, 9.69, 9.4, 8.77, 7.86, 7.28, 6.86, 6.2, 4.65, 4.43, 3.9, 2.22, 1.67, 1.32, 0.7, 0, 0.78, 1.27, 1.11, 1.12, 1.64, 2.53, 2.94, 2.51, 1.91, 2.72, 2.82, 2.27, 2.31, 2.0, 2.16, 2.42, 2.5, 2.79, 3.09, 3.9, 4.1, 4.5, 4.65, 4.907, 6.117, 6.999, 7.593, 7.24, 6.619, 6.195, 6.164, 5.803, 5.672, 5.891, 5.202, 4.912, 5.304, 5.193, 4.905], [3.83, 4.87, 5.63, 5.39, 4.91, 5.21, 5.54, 6.99, 7.98, 9.5, 9.9, 10.69, 11.567, 12.46, 13.063, 13.569, 14.049, 13.453, 12.929, 12.729, 12.713, 12.393, 11.21, 10.82, 10.63, 10.61, 10.58, 10.65, 10.77, 10.36, 9.61, 9.44, 9.39, 9.2, 8.57, 7.56, 6.96, 6.6, 6.02, 4.49, 4.53, 3.96, 2.16, 1.85, 1.64, 1.04, 0.78, 0, 0.93, 0.89, 1.14, 1.86, 2.91, 3.3, 2.97, 2.17, 2.88, 2.94, 2.45, 2.37, 2.12, 2.24, 2.32, 2.48, 2.57, 2.75, 3.62, 4.02, 4.56, 4.75, 4.81, 5.823, 6.725, 7.462, 7.067, 6.585, 6.078, 6.145, 5.966, 5.625, 5.709, 4.986, 4.978, 5.464, 5.336, 5.031], [3.88, 4.78, 5.5, 5.32, 4.78, 5.2, 5.57, 7.02, 8.05, 9.53, 9.91, 10.58, 11.4, 12.279, 12.799, 13.324, 13.784, 13.189, 12.664, 12.484, 12.449, 12.129, 11.02, 10.55, 10.36, 10.34, 10.31, 10.44, 10.66, 10.23, 9.52, 9.27, 9.3, 9.15, 8.5, 7.45, 6.87, 6.55, 5.95, 4.52, 4.66, 4.05, 2.29, 1.96, 1.77, 1.41, 1.27, 0.93, 0, 0.76, 1.47, 2.13, 3.2, 3.59, 3.18, 2.44, 2.95, 3.11, 2.66, 2.7, 2.29, 2.31, 2.39, 2.57, 2.66, 2.78, 3.63, 4.09, 4.63, 4.84, 4.82, 5.745, 6.573, 7.41, 7.163, 6.663, 6.131, 6.229, 6.085, 5.715, 5.742, 5.022, 5.073, 5.577, 5.429, 5.121], [4.18, 5.28, 6.0, 5.76, 5.32, 5.6, 5.93, 7.3, 8.29, 9.79, 10.25, 11.06, 11.954, 12.824, 13.367, 13.87, 14.35, 13.757, 13.23, 13.03, 13.014, 12.697, 11.6, 11.11, 10.96, 10.92, 10.87, 11.02, 11.143, 10.75, 10.0, 9.83, 9.78, 9.57, 8.96, 7.99, 7.37, 6.99, 6.35, 4.84, 4.9, 4.29, 2.53, 2.14, 1.71, 1.15, 1.11, 0.89, 0.76, 0, 1.03, 1.65, 2.76, 3.15, 2.82, 2.08, 2.85, 3.09, 2.54, 2.5, 2.15, 2.33, 2.49, 2.75, 2.86, 3.1, 3.87, 4.31, 4.85, 5.08, 5.12, 6.211, 7.109, 7.786, 7.44, 6.913, 6.445, 6.456, 6.296, 5.955, 6.037, 5.334, 5.308, 5.798, 5.652, 5.361], [4.63, 5.75, 6.49, 6.25, 5.87, 6.05, 6.4, 7.75, 8.74, 10.24, 10.78, 11.622, 12.496, 13.389, 13.989, 14.492, 14.972, 14.379, 13.852, 13.652, 13.636, 13.319, 12.15, 11.74, 11.55, 11.53, 11.5, 11.55, 11.664, 11.317, 10.547, 10.4, 10.29, 10.04, 9.41, 8.48, 7.88, 7.46, 6.8, 5.29, 5.15, 4.68, 2.84, 2.25, 2.0, 1.34, 1.12, 1.14, 1.47, 1.03, 0, 1.04, 2.05, 2.54, 2.15, 1.55, 2.68, 3.16, 2.59, 2.43, 2.02, 2.26, 2.6, 3.04, 3.31, 3.61, 4.42, 4.72, 5.26, 5.35, 5.59, 6.732, 7.634, 8.25, 7.867, 7.265, 6.874, 6.885, 6.511, 6.391, 6.506, 5.803, 5.572, 6.042, 5.919, 5.669], [5.43, 6.55, 7.23, 7.03, 6.69, 6.85, 7.16, 8.43, 9.46, 10.88, 11.54, 12.396, 13.27, 14.163, 14.786, 15.289, 15.769, 15.176, 14.649, 14.449, 14.433, 14.116, 12.927, 12.54, 12.35, 12.33, 12.3, 12.33, 12.439, 12.072, 11.322, 11.18, 11.01, 10.78, 10.17, 9.26, 8.68, 8.26, 7.56, 6.07, 5.85, 5.38, 3.64, 2.85, 2.16, 1.66, 1.64, 1.86, 2.13, 1.65, 1.04, 0, 1.31, 1.86, 1.55, 1.33, 2.94, 3.5, 2.95, 2.85, 2.6, 2.96, 3.3, 3.76, 4.15, 4.43, 5.24, 5.44, 5.92, 6.05, 6.33, 7.472, 8.365, 8.973, 8.58, 7.98, 7.554, 7.519, 7.145, 7.045, 7.223, 6.537, 6.266, 6.659, 6.576, 6.303], [6.4, 7.54, 8.28, 8.1, 7.74, 7.78, 8.19, 9.4, 10.45, 11.85, 12.519, 13.369, 14.246, 15.156, 15.81, 16.293, 16.793, 16.2, 15.673, 15.473, 15.457, 15.14, 13.906, 13.55, 13.36, 13.34, 13.31, 13.357, 13.412, 13.044, 12.314, 12.17, 12.06, 11.81, 11.2, 10.31, 9.71, 9.25, 8.53, 7.06, 6.62, 6.27, 4.65, 3.62, 2.73, 2.55, 2.53, 2.91, 3.2, 2.76, 2.05, 1.31, 0, 0.87, 0.78, 1.42, 3.07, 3.71, 3.62, 3.32, 3.19, 3.67, 4.15, 4.65, 5.2, 5.5, 6.29, 6.47, 6.85, 6.88, 7.28, 8.49, 9.343, 9.891, 9.493, 8.84, 8.43, 8.426, 7.823, 7.968, 8.246, 7.546, 7.087, 7.456, 7.276, 7.126], [6.81, 7.95, 8.67, 8.51, 8.15, 8.21, 8.6, 9.85, 10.86, 12.252, 12.926, 13.776, 14.673, 15.568, 16.223, 16.723, 17.206, 16.613, 16.086, 15.903, 15.87, 15.57, 14.313, 13.974, 13.77, 13.764, 13.72, 13.767, 13.819, 13.472, 12.702, 12.592, 12.47, 12.22, 11.61, 10.72, 10.12, 9.66, 8.94, 7.47, 6.99, 6.68, 5.06, 3.93, 3.04, 2.94, 2.94, 3.3, 3.59, 3.15, 2.54, 1.86, 0.87, 0, 0.71, 1.71, 3.42, 4.02, 3.99, 3.65, 3.48, 4.0, 4.5, 5.02, 5.59, 5.89, 6.68, 6.86, 7.22, 7.19, 7.69, 8.863, 9.733, 10.293, 9.889, 9.221, 8.834, 8.79, 8.21, 8.372, 8.616, 7.916, 7.485, 7.767, 7.587, 7.474], [6.44, 7.52, 8.22, 8.14, 7.78, 7.82, 8.13, 9.44, 10.43, 11.79, 12.513, 13.343, 14.24, 15.193, 15.861, 16.344, 16.844, 16.251, 15.704, 15.524, 15.508, 15.191, 13.88, 13.61, 13.399, 13.4, 13.35, 13.388, 13.426, 13.079, 12.289, 12.219, 12.04, 11.77, 11.16, 10.27, 9.67, 9.19, 8.47, 7.0, 6.56, 6.21, 4.65, 3.54, 2.69, 2.59, 2.51, 2.97, 3.18, 2.82, 2.15, 1.55, 0.78, 0.71, 0, 1.3, 3.13, 3.77, 3.54, 3.26, 3.07, 3.55, 4.03, 4.61, 5.18, 5.5, 6.29, 6.49, 6.77, 6.8, 7.16, 8.427, 9.28, 9.871, 9.43, 8.76, 8.41, 8.343, 7.763, 7.942, 8.166, 7.463, 7.021, 7.325, 7.151, 7.009], [5.28, 6.36, 7.1, 6.96, 6.6, 6.68, 7.01, 8.28, 9.33, 10.69, 11.359, 12.209, 13.086, 14.036, 14.684, 15.167, 15.667, 15.074, 14.547, 14.347, 14.331, 14.014, 12.74, 12.43, 12.24, 12.22, 12.19, 12.231, 12.272, 11.924, 11.154, 11.064, 10.92, 10.65, 10.04, 9.13, 8.53, 8.07, 7.35, 5.9, 5.52, 5.15, 3.47, 2.54, 1.99, 1.95, 1.91, 2.17, 2.44, 2.08, 1.55, 1.33, 1.42, 1.71, 1.3, 0, 2.25, 2.73, 2.54, 2.22, 2.03, 2.53, 2.99, 3.47, 3.98, 4.3, 5.11, 5.33, 5.67, 5.78, 6.1, 7.316, 8.189, 8.76, 8.33, 7.691, 7.319, 7.314, 6.752, 6.842, 7.058, 6.335, 5.941, 6.365, 6.191, 6.015], [3.77, 4.77, 5.51, 5.49, 5.09, 5.13, 5.52, 6.69, 7.62, 9.06, 9.866, 10.676, 11.553, 12.543, 13.171, 13.653, 14.153, 13.561, 13.033, 12.833, 12.818, 12.501, 11.233, 10.919, 10.729, 10.709, 10.679, 10.738, 10.759, 10.412, 9.622, 9.56, 9.37, 9.0, 8.35, 7.44, 6.86, 6.42, 5.76, 4.31, 3.89, 3.52, 2.08, 2.29, 2.12, 2.52, 2.72, 2.88, 2.95, 2.85, 2.68, 2.94, 3.07, 3.42, 3.13, 2.25, 0, 1.0, 0.95, 1.07, 1.28, 1.34, 1.62, 2.0, 2.57, 2.85, 3.64, 3.84, 4.18, 4.17, 4.57, 5.643, 6.553, 7.073, 6.674, 6.036, 5.617, 5.613, 5.03, 5.229, 5.456, 5.007, 4.437, 4.706, 4.527, 4.373], [3.31, 4.23, 4.89, 4.89, 4.53, 4.55, 4.86, 6.09, 7.02, 8.42, 9.283, 10.093, 10.97, 11.948, 12.59, 13.073, 13.573, 12.98, 12.453, 12.253, 12.237, 11.921, 10.65, 10.339, 10.149, 10.129, 10.099, 10.138, 10.176, 9.809, 9.039, 8.956, 8.75, 8.38, 7.75, 6.86, 6.28, 5.82, 5.14, 3.67, 3.21, 2.9, 1.74, 1.95, 2.16, 2.66, 2.82, 2.94, 3.11, 3.09, 3.16, 3.5, 3.71, 4.02, 3.77, 2.73, 1.0, 0, 0.95, 1.03, 1.4, 1.32, 1.56, 1.6, 2.03, 2.37, 3.06, 3.26, 3.54, 3.57, 3.93, 5.034, 5.939, 6.464, 6.051, 5.395, 5.011, 4.941, 4.376, 4.698, 4.853, 4.455, 3.822, 4.126, 3.966, 3.829], [3.24, 4.18, 4.8, 4.8, 4.44, 4.48, 4.81, 6.02, 6.93, 8.35, 9.173, 9.983, 10.88, 11.837, 12.475, 12.975, 13.457, 12.865, 12.337, 12.157, 12.122, 11.825, 10.54, 10.229, 10.033, 10.019, 9.983, 10.022, 10.066, 9.719, 8.909, 8.861, 8.66, 8.31, 7.66, 6.75, 6.19, 5.75, 5.07, 3.62, 3.4, 2.89, 1.53, 1.92, 2.03, 2.17, 2.27, 2.45, 2.66, 2.54, 2.59, 2.95, 3.62, 3.99, 3.54, 2.54, 0.95, 0.95, 0, 0.9, 1.23, 1.19, 1.45, 1.65, 1.96, 2.18, 3.03, 3.15, 3.49, 3.62, 3.94, 4.99, 5.843, 6.363, 5.95, 5.367, 4.941, 4.963, 4.53, 4.546, 4.77, 4.311, 3.855, 4.145, 4.043, 3.815], [3.54, 4.5, 5.18, 5.18, 4.82, 4.86, 5.17, 6.44, 7.33, 8.73, 9.55, 10.36, 11.257, 12.206, 12.88, 13.366, 13.863, 13.27, 12.723, 12.546, 12.527, 12.213, 10.917, 10.638, 10.422, 10.428, 10.389, 10.411, 10.463, 10.116, 9.306, 9.229, 9.04, 8.67, 8.06, 7.17, 6.57, 6.13, 5.43, 3.98, 3.56, 3.29, 1.83, 1.92, 2.13, 2.15, 2.31, 2.37, 2.7, 2.5, 2.43, 2.85, 3.32, 3.65, 3.26, 2.22, 1.07, 1.03, 0.9, 0, 0.99, 1.03, 1.33, 1.77, 2.24, 2.56, 3.33, 3.53, 3.87, 3.9, 4.22, 5.327, 6.192, 6.806, 6.361, 5.706, 5.307, 5.223, 4.761, 4.951, 5.144, 4.728, 4.224, 4.479, 4.322, 4.14], [3.91, 4.87, 5.53, 5.53, 5.17, 5.19, 5.46, 6.75, 7.66, 8.98, 9.913, 10.727, 11.604, 12.565, 13.233, 13.716, 14.216, 13.623, 13.09, 12.896, 12.881, 12.563, 11.284, 10.999, 10.792, 10.789, 10.759, 10.781, 10.826, 10.479, 9.673, 9.599, 9.37, 8.98, 8.37, 7.48, 6.9, 6.48, 5.74, 4.23, 3.73, 3.52, 2.04, 1.57, 1.94, 1.84, 2.0, 2.12, 2.29, 2.15, 2.02, 2.6, 3.19, 3.48, 3.07, 2.03, 1.28, 1.4, 1.23, 0.99, 0, 0.92, 1.4, 1.98, 2.55, 2.87, 3.68, 3.88, 4.14, 4.13, 4.507, 5.64, 6.524, 7.109, 6.642, 5.98, 5.699, 5.501, 5.0, 5.188, 5.418, 4.767, 4.336, 4.527, 4.398, 4.219], [3.23, 4.27, 4.97, 4.85, 4.47, 4.51, 4.78, 6.17, 7.12, 8.46, 9.257, 10.107, 10.981, 11.911, 12.574, 13.077, 13.557, 12.964, 12.437, 12.237, 12.221, 11.904, 10.63, 10.34, 10.15, 10.13, 10.1, 10.13, 10.17, 9.82, 9.053, 8.96, 8.73, 8.44, 7.79, 6.92, 6.36, 5.94, 5.22, 3.61, 3.07, 2.94, 1.52, 1.61, 2.2, 2.1, 2.16, 2.24, 2.31, 2.33, 2.26, 2.96, 3.67, 4.0, 3.55, 2.53, 1.34, 1.32, 1.19, 1.03, 0.92, 0, 0.8, 1.26, 1.89, 2.21, 3.02, 3.22, 3.46, 3.45, 3.83, 5.123, 5.984, 6.583, 6.157, 5.493, 5.205, 4.992, 4.51, 4.655, 4.847, 4.398, 3.819, 3.984, 3.838, 3.716], [2.65, 3.71, 4.43, 4.31, 3.91, 3.95, 4.26, 5.63, 6.6, 7.96, 8.72, 9.57, 10.444, 11.371, 12.034, 12.537, 13.017, 12.424, 11.897, 11.697, 11.681, 11.364, 10.09, 9.8, 9.61, 9.59, 9.56, 9.59, 9.63, 9.28, 8.55, 8.42, 8.21, 7.92, 7.27, 6.34, 5.84, 5.38, 4.7, 3.11, 2.83, 2.4, 1.28, 1.75, 2.4, 2.34, 2.42, 2.32, 2.39, 2.49, 2.6, 3.3, 4.15, 4.5, 4.03, 2.99, 1.62, 1.56, 1.45, 1.33, 1.4, 0.8, 0, 0.9, 1.53, 1.81, 2.5, 2.7, 2.98, 3.01, 3.33, 4.606, 5.47, 6.04, 5.762, 5.118, 4.821, 4.568, 4.265, 4.241, 4.353, 3.938, 3.49, 3.76, 3.547, 3.31], [1.99, 3.05, 3.79, 3.61, 3.23, 3.31, 3.7, 4.95, 5.98, 7.38, 8.04, 8.89, 9.77, 10.686, 11.337, 11.84, 12.32, 11.727, 11.2, 11.0, 10.984, 10.667, 9.41, 9.1, 8.91, 8.89, 8.86, 8.89, 8.95, 8.6, 7.844, 7.72, 7.59, 7.3, 6.65, 5.78, 5.2, 4.78, 4.1, 2.53, 2.23, 1.88, 0.88, 1.89, 2.54, 2.48, 2.5, 2.48, 2.57, 2.75, 3.04, 3.76, 4.65, 5.02, 4.61, 3.47, 2.0, 1.6, 1.65, 1.77, 1.98, 1.26, 0.9, 0, 0.93, 1.17, 1.78, 2.0, 2.36, 2.43, 2.77, 3.992, 4.862, 5.421, 5.115, 4.484, 4.161, 4.051, 3.715, 3.66, 3.725, 3.438, 2.89, 3.26, 3.059, 2.87], [1.8, 2.64, 3.28, 3.02, 2.66, 2.92, 3.25, 4.6, 5.55, 7.01, 7.53, 8.34, 9.209, 10.119, 10.719, 11.202, 11.702, 11.109, 10.582, 10.382, 10.366, 10.049, 8.86, 8.45, 8.26, 8.24, 8.21, 8.28, 8.4, 8.05, 7.34, 7.15, 7.08, 6.87, 6.26, 5.31, 4.81, 4.51, 3.97, 2.2, 2.24, 1.77, 1.03, 2.34, 2.93, 2.93, 2.79, 2.57, 2.66, 2.86, 3.31, 4.15, 5.2, 5.59, 5.18, 3.98, 2.57, 2.03, 1.96, 2.24, 2.55, 1.89, 1.53, 0.93, 0, 0.78, 1.29, 1.67, 2.07, 2.32, 2.34, 3.464, 4.352, 5.012, 4.74, 4.163, 3.685, 3.722, 3.637, 3.272, 3.302, 2.808, 2.66, 3.23, 3.063, 2.78], [1.66, 2.42, 3.04, 2.8, 2.38, 2.68, 2.97, 4.4, 5.39, 6.83, 7.29, 8.083, 8.954, 9.862, 10.442, 10.924, 11.424, 10.832, 10.304, 10.104, 10.089, 9.772, 8.62, 8.17, 7.98, 7.96, 7.93, 8.04, 8.146, 7.79, 7.035, 6.89, 6.84, 6.65, 6.0, 5.05, 4.53, 4.27, 3.73, 2.04, 1.98, 1.71, 1.07, 2.4, 3.11, 3.19, 3.09, 2.75, 2.78, 3.1, 3.61, 4.43, 5.5, 5.89, 5.5, 4.3, 2.85, 2.37, 2.18, 2.56, 2.87, 2.21, 1.81, 1.17, 0.78, 0, 1.13, 1.55, 2.03, 2.12, 2.24, 3.307, 4.172, 4.809, 4.506, 4.061, 3.617, 3.645, 3.487, 2.995, 3.119, 2.6, 2.52, 2.97, 2.803, 2.5], [1.75, 2.05, 2.61, 2.33, 2.05, 2.31, 2.46, 3.59, 4.5, 5.96, 6.44, 7.244, 8.124, 9.032, 9.594, 10.077, 10.577, 9.984, 9.457, 9.257, 9.242, 8.924, 7.784, 7.32, 7.15, 7.11, 7.08, 7.21, 7.313, 6.96, 6.23, 6.06, 5.99, 5.82, 5.23, 4.44, 4.12, 3.9, 3.56, 1.91, 1.65, 1.6, 1.76, 3.17, 3.94, 4.0, 3.9, 3.62, 3.63, 3.87, 4.42, 5.24, 6.29, 6.68, 6.29, 5.11, 3.64, 3.06, 3.03, 3.33, 3.68, 3.02, 2.5, 1.78, 1.29, 1.13, 0, 0.82, 1.5, 1.57, 1.39, 2.437, 3.358, 4.006, 3.719, 3.236, 2.999, 3.009, 2.879, 2.342, 2.288, 1.97, 1.89, 2.4, 2.199, 2.01], [1.85, 2.09, 2.51, 2.27, 2.01, 2.21, 2.44, 3.31, 4.16, 5.56, 6.154, 6.999, 7.876, 8.786, 9.389, 9.872, 10.372, 9.779, 9.252, 9.052, 9.036, 8.719, 7.536, 7.12, 6.93, 6.91, 6.88, 6.93, 7.062, 6.714, 5.984, 5.82, 5.71, 5.54, 5.13, 4.46, 4.12, 3.84, 3.4, 1.77, 1.45, 1.3, 2.02, 3.37, 4.14, 4.2, 4.1, 4.02, 4.09, 4.31, 4.72, 5.44, 6.47, 6.86, 6.49, 5.33, 3.84, 3.26, 3.15, 3.53, 3.88, 3.22, 2.7, 2.0, 1.67, 1.55, 0.82, 0, 1.14, 1.33, 1.51, 2.36, 3.065, 3.674, 3.311, 2.801, 2.545, 2.49, 2.571, 2.268, 2.11, 2.05, 1.87, 2.3, 2.06, 1.87], [2.19, 1.83, 2.03, 2.05, 1.75, 1.87, 1.86, 2.87, 3.78, 5.14, 5.826, 6.676, 7.573, 8.486, 9.157, 9.64, 10.14, 9.547, 9.003, 8.82, 8.804, 8.487, 7.233, 6.9, 6.69, 6.69, 6.64, 6.684, 6.739, 6.412, 5.677, 5.532, 5.41, 5.2, 4.65, 3.94, 3.56, 3.3, 2.98, 1.87, 1.41, 1.5, 2.6, 3.63, 4.44, 4.52, 4.5, 4.56, 4.63, 4.85, 5.26, 5.92, 6.85, 7.22, 6.77, 5.67, 4.18, 3.54, 3.49, 3.87, 4.14, 3.46, 2.98, 2.36, 2.07, 2.03, 1.5, 1.14, 0, 1.03, 1.55, 2.42, 2.762, 3.327, 3.23, 2.6, 2.21, 2.18, 2.4, 2.46, 2.37, 2.47, 1.99, 2.2, 2.0, 1.75], [1.9, 1.7, 2.14, 2.08, 1.8, 1.9, 1.97, 3.0, 3.91, 5.23, 5.97, 6.803, 7.68, 8.59, 9.253, 9.736, 10.236, 9.643, 9.096, 8.936, 8.9, 8.603, 7.36, 6.99, 6.76, 6.78, 6.73, 6.78, 6.886, 6.559, 5.809, 5.659, 5.54, 5.27, 4.62, 3.83, 3.43, 3.15, 2.85, 1.84, 1.28, 1.57, 2.71, 3.56, 4.41, 4.55, 4.65, 4.75, 4.84, 5.08, 5.35, 6.05, 6.88, 7.19, 6.8, 5.78, 4.17, 3.57, 3.62, 3.9, 4.13, 3.45, 3.01, 2.43, 2.32, 2.12, 1.57, 1.33, 1.03, 0, 1.3, 2.27, 2.849, 3.494, 3.24, 2.75, 2.66, 2.49, 2.45, 2.45, 2.28, 2.4, 2.0, 2.05, 1.87, 1.82], [1.78, 1.64, 2.14, 2.08, 1.84, 1.96, 2.25, 2.98, 3.53, 4.83, 5.49, 6.3, 7.16, 8.109, 8.79, 9.304, 9.784, 9.18, 8.644, 8.47, 8.42, 8.12, 6.82, 6.57, 6.36, 6.36, 6.33, 6.34, 6.4, 6.07, 5.32, 5.21, 5.0, 4.73, 4.34, 3.71, 3.49, 3.25, 2.95, 1.68, 1.9, 1.91, 2.83, 4.043, 4.902, 4.939, 4.907, 4.81, 4.82, 5.12, 5.59, 6.33, 7.28, 7.69, 7.16, 6.1, 4.57, 3.93, 3.94, 4.22, 4.507, 3.83, 3.33, 2.77, 2.34, 2.24, 1.39, 1.51, 1.55, 1.3, 0, 1.77, 2.46, 3.13, 2.84, 2.59, 2.46, 2.39, 2.59, 2.27, 1.78, 1.82, 1.94, 2.27, 2.17, 2.06], [2.602, 1.67, 2.01, 2.13, 2.13, 2.11, 2.7, 2.87, 3.18, 4.3, 4.98, 5.43, 6.15, 7.08, 7.736, 8.26, 8.733, 8.126, 7.613, 7.44, 7.39, 7.09, 5.83, 5.56, 5.33, 5.33, 5.34, 5.35, 5.51, 5.4, 5.05, 4.68, 4.31, 4.38, 3.99, 3.24, 2.96, 2.94, 2.84, 2.55, 2.95, 3.02, 3.966, 5.341, 6.16, 6.174, 6.117, 5.823, 5.745, 6.211, 6.732, 7.472, 8.49, 8.863, 8.427, 7.316, 5.643, 5.034, 4.99, 5.327, 5.64, 5.123, 4.606, 3.992, 3.464, 3.307, 2.437, 2.36, 2.42, 2.27, 1.77, 0, 1.89, 2.633, 2.67, 2.62, 2.41, 2.48, 2.5, 1.98, 1.41, 1.81, 2.17, 2.42, 2.44, 2.21], [3.807, 2.79, 2.58, 2.836, 2.645, 2.64, 2.53, 2.7, 2.89, 3.49, 3.97, 4.54, 5.24, 6.19, 6.85, 7.37, 7.83, 7.28, 6.73, 6.61, 6.66, 6.38, 5.14, 4.85, 4.7, 4.78, 4.79, 4.74, 4.8, 4.61, 4.12, 4.01, 4.04, 4.19, 3.94, 3.33, 3.37, 3.43, 3.569, 3.12, 3.426, 3.579, 4.848, 6.206, 7.03, 7.056, 6.999, 6.725, 6.573, 7.109, 7.634, 8.365, 9.343, 9.733, 9.28, 8.189, 6.553, 5.939, 5.843, 6.192, 6.524, 5.984, 5.47, 4.862, 4.352, 4.172, 3.358, 3.065, 2.762, 2.849, 2.46, 1.89, 0, 1.21, 1.86, 1.93, 1.88, 1.75, 2.25, 1.93, 1.7, 2.24, 2.52, 2.65, 2.71, 2.62], [4.317, 3.563, 3.341, 3.526, 3.555, 3.21, 3.18, 3.03, 3.22, 3.32, 3.52, 4.07, 4.85, 5.78, 6.48, 7.02, 7.44, 6.91, 6.42, 