[[0, 0.44, 0.76, 1.38, 1.93, 2.36, 2.43, 3.1, 3.4, 2.78, 2.73, 3.1, 3.63, 3.66, 3.66, 3.72, 4.03, 4.78, 5.09, 4.9, 4.84, 5.09, 5.49, 6.53, 6.65, 6.16, 7.11, 8.28, 8.95, 9.77, 9.87, 10.57, 11.032, 11.994, 13.382, 13.776, 14.639, 16.822, 17.169, 16.192, 15.708, 15.677, 15.809, 17.509, 17.975, 18.307, 18.626, 18.706, 18.289, 17.399, 16.776, 17.119, 17.042, 16.942, 16.579, 16.136, 16.123, 16.066, 16.103, 16.433, 16.856, 17.136, 15.816, 14.512, 14.153, 14.224, 13.522, 10.38, 7.479, 6.595, 7.369, 6.97, 6.36, 5.5, 5.77, 6.5, 7.12, 7.56, 7.4, 7.11, 6.554, 5.913, 6.128, 6.354, 6.057, 6.03], [0.44, 0, 0.8, 1.36, 1.93, 2.32, 2.39, 3.08, 3.3, 2.8, 2.69, 3.12, 3.63, 3.64, 3.68, 3.72, 4.05, 4.76, 5.07, 4.92, 4.82, 5.09, 5.51, 6.51, 6.63, 6.14, 7.11, 8.26, 8.91, 9.75, 9.87, 10.53, 11.02, 12.02, 13.396, 13.79, 14.653, 16.816, 17.203, 16.266, 15.745, 15.77, 15.863, 17.543, 17.986, 18.304, 18.66, 18.76, 18.323, 17.433, 16.81, 17.153, 17.076, 16.976, 16.613, 16.17, 16.117, 16.04, 16.097, 16.427, 16.847, 17.127, 15.807, 14.5, 14.147, 14.259, 13.556, 10.394, 7.43, 6.58, 7.32, 6.91, 6.34, 5.46, 5.79, 6.5, 7.06, 7.58, 7.38, 7.13, 6.58, 5.83, 6.131, 6.389, 6.092, 6.022], [0.76, 0.8, 0, 1.22, 1.97, 2.38, 2.45, 3.08, 3.44, 2.9, 2.77, 3.16, 3.69, 3.72, 3.7, 3.7, 4.15, 4.9, 5.13, 4.96, 4.84, 5.19, 5.67, 6.53, 6.65, 6.1, 7.07, 8.3, 8.97, 9.77, 9.85, 10.45, 10.96, 11.96, 13.33, 13.71, 14.59, 16.75, 17.14, 16.14, 15.52, 15.51, 15.63, 17.381, 17.87, 18.23, 18.6, 18.62, 18.26, 17.37, 16.75, 17.09, 17.01, 16.91, 16.55, 16.11, 16.12, 16.06, 16.1, 16.43, 16.85, 17.13, 15.81, 14.5, 14.15, 14.21, 13.49, 10.38, 7.45, 6.56, 7.34, 6.95, 6.36, 5.5, 5.77, 6.46, 7.06, 7.52, 7.32, 7.07, 6.5, 5.77, 6.0, 6.26, 6.02, 5.93], [1.38, 1.36, 1.22, 0, 1.09, 1.66, 1.93, 2.66, 3.0, 2.64, 2.71, 3.22, 3.73, 3.74, 3.76, 3.8, 3.99, 4.68, 4.91, 4.7, 4.7, 4.79, 5.15, 5.89, 5.91, 5.48, 6.43, 7.62, 8.23, 8.97, 9.05, 9.53, 10.1, 11.12, 12.49, 12.83, 13.73, 15.91, 16.28, 15.38, 14.785, 14.81, 14.884, 16.561, 16.975, 17.35, 17.717, 17.76, 17.4, 16.51, 15.87, 16.23, 16.17, 16.07, 15.69, 15.25, 15.34, 15.3, 15.32, 15.65, 16.09, 16.37, 15.05, 13.78, 13.37, 13.39, 12.65, 9.58, 6.69, 5.84, 6.6, 6.17, 5.6, 4.7, 5.03, 5.72, 6.3, 6.72, 6.58, 6.25, 5.78, 5.01, 5.16, 5.5, 5.3, 5.23], [1.93, 1.93, 1.97, 1.09, 0, 0.85, 1.36, 2.11, 2.41, 2.09, 2.28, 2.83, 3.34, 3.41, 3.43, 3.43, 3.36, 3.95, 4.18, 4.07, 4.13, 4.16, 4.38, 5.08, 5.08, 4.75, 5.62, 6.75, 7.36, 8.12, 8.22, 9.04, 9.49, 10.322, 11.746, 12.194, 13.069, 15.292, 15.544, 14.847, 14.319, 14.301, 14.43, 16.139, 16.507, 16.769, 17.081, 17.278, 16.724, 15.763, 15.177, 15.5, 15.366, 15.252, 14.912, 14.514, 14.53, 14.49, 14.507, 14.837, 15.28, 15.56, 14.24, 12.97, 12.657, 12.637, 11.894, 8.79, 5.88, 5.11, 5.81, 5.38, 4.77, 3.83, 4.32, 4.95, 5.49, 5.91, 5.77, 5.5, 5.13, 4.56, 4.79, 5.03, 4.75, 4.76], [2.36, 2.32, 2.38, 1.66, 0.85, 0, 0.93, 1.5, 1.76, 1.78, 2.13, 2.54, 3.11, 3.32, 3.24, 3.14, 3.07, 3.36, 3.57, 3.56, 3.58, 3.55, 3.71, 4.47, 4.49, 4.06, 5.03, 6.24, 6.89, 7.65, 7.89, 8.803, 9.254, 10.009, 11.53, 11.981, 12.844, 15.023, 15.32, 14.579, 14.077, 14.082, 14.182, 15.873, 16.271, 16.523, 16.868, 17.041, 16.514, 15.552, 14.961, 15.287, 15.11, 15.013, 14.692, 14.247, 14.037, 13.98, 14.017, 14.347, 14.79, 15.09, 13.77, 12.5, 12.207, 12.35, 11.624, 8.374, 5.39, 4.54, 5.28, 4.85, 4.26, 3.32, 3.67, 4.36, 4.96, 5.48, 5.48, 5.23, 4.84, 4.25, 4.491, 4.705, 4.42, 4.398], [2.43, 2.39, 2.45, 1.93, 1.36, 0.93, 0, 0.97, 1.33, 1.27, 1.96, 2.25, 2.96, 3.05, 2.95, 2.65, 2.62, 3.01, 3.26, 3.25, 3.09, 3.26, 3.48, 4.34, 4.42, 3.97, 5.02, 6.19, 6.82, 7.82, 8.02, 8.896, 9.312, 10.159, 11.66, 12.096, 12.942, 15.125, 15.39, 14.632, 14.162, 14.082, 14.251, 15.939, 16.338, 16.616, 16.929, 17.091, 16.555, 15.603, 15.005, 15.297, 15.22, 15.083, 14.763, 14.317, 14.144, 14.047, 14.107, 14.454, 14.892, 15.154, 13.852, 12.51, 12.274, 12.406, 11.734, 8.484, 5.42, 4.51, 5.31, 4.934, 4.33, 3.39, 3.6, 4.31, 4.99, 5.65, 5.55, 5.36, 4.93, 4.32, 4.561, 4.775, 4.478, 4.468], [3.1, 3.08, 3.08, 2.66, 2.11, 1.5, 0.97, 0, 0.8, 1.48, 2.33, 2.54, 3.19, 3.18, 3.06, 2.62, 2.53, 2.68, 2.97, 2.98, 2.88, 2.91, 2.85, 3.61, 3.71, 3.24, 4.37, 5.66, 6.33, 7.33, 7.532, 8.449, 8.89, 9.665, 11.194, 11.646, 12.491, 14.666, 14.936, 14.198, 13.749, 13.664, 13.835, 15.52, 15.922, 16.171, 16.504, 16.661, 16.133, 15.152, 14.566, 14.838, 14.755, 14.621, 14.295, 13.858, 13.54, 13.38, 13.46, 13.81, 14.29, 14.55, 13.327, 12.0, 11.769, 11.949, 11.289, 7.94, 4.83, 3.84, 4.72, 4.33, 3.72, 2.86, 2.89, 3.62, 4.42, 5.06, 5.06, 4.85, 4.48, 3.91, 4.147, 4.321, 4.005, 3.995], [3.4, 3.3, 3.44, 3.0, 2.41, 1.76, 1.33, 0.8, 0, 1.56, 2.33, 2.6, 3.23, 3.26, 3.0, 2.64, 2.33, 2.46, 2.69, 2.72, 2.66, 2.63, 2.69, 3.49, 3.63, 3.3, 4.37, 5.62, 6.29, 7.235, 7.455, 8.389, 8.822, 9.582, 11.123, 11.577, 12.423, 14.583, 14.865, 14.113, 13.669, 13.575, 13.758, 15.446, 15.846, 16.109, 16.419, 16.573, 16.045, 15.058, 14.498, 14.767, 14.684, 14.547, 14.221, 13.787, 13.468, 13.283, 13.377, 13.727, 14.221, 14.484, 13.253, 11.96, 11.652, 11.878, 11.221, 7.851, 4.77, 3.74, 4.68, 4.31, 3.66, 2.84, 2.83, 3.58, 4.374, 5.04, 5.014, 4.775, 4.42, 3.91, 4.12, 4.267, 4.02, 3.998], [2.78, 2.8, 2.9, 2.64, 2.09, 1.78, 1.27, 1.48, 1.56, 0, 1.07, 1.28, 1.97, 2.0, 1.96, 1.56, 1.77, 2.46, 2.89, 2.94, 2.84, 2.93, 3.29, 4.53, 4.742, 4.32, 5.465, 6.706, 7.379, 8.358, 8.578, 9.477, 9.959, 10.705, 12.243, 12.688, 13.537, 15.714, 15.985, 15.244, 14.771, 14.703, 14.843, 16.528, 16.947, 17.205, 17.544, 17.703, 17.178, 16.2, 15.608, 15.883, 15.803, 15.669, 15.343, 14.903, 14.594, 14.414, 14.509, 14.856, 15.344, 15.607, 14.376, 13.071, 12.807, 12.998, 12.335, 8.983, 5.893, 4.9, 5.783, 5.393, 4.763, 3.92, 3.87, 4.635, 5.497, 6.083, 6.091, 5.852, 5.496, 4.838, 5.141, 5.352, 5.013, 4.997], [2.73, 2.69, 2.77, 2.71, 2.28, 2.13, 1.96, 2.33, 2.33, 1.07, 0, 0.71, 1.34, 1.51, 1.47, 1.43, 2.14, 3.05, 3.58, 3.53, 3.33, 3.58, 4.12, 5.432, 5.581, 5.203, 6.371, 7.616, 8.263, 9.257, 9.462, 10.389, 10.897, 11.624, 13.127, 13.57, 14.439, 16.642, 16.906, 16.168, 15.675, 15.625, 15.756, 17.45, 17.866, 18.127, 18.466, 18.622, 18.1, 17.122, 16.53, 16.805, 16.688, 16.554, 16.245, 15.782, 15.513, 15.336, 15.425, 15.769, 16.266, 16.526, 15.294, 13.981, 13.745, 13.928, 13.219, 9.913, 6.808, 5.796, 6.701, 6.311, 5.679, 4.824, 4.76, 5.557, 6.41, 6.984, 6.975, 6.733, 6.423, 5.767, 6.033, 6.268, 5.943, 5.924], [3.1, 3.12, 3.16, 3.22, 2.83, 2.54, 2.25, 2.54, 2.6, 1.28, 0.71, 0, 0.85, 1.06, 1.12, 1.22, 2.17, 3.111, 3.53, 3.48, 3.28, 3.563, 4.15, 5.471, 5.626, 5.216, 6.4, 7.638, 8.325, 9.27, 9.473, 10.391, 10.913, 11.66, 13.146, 13.571, 14.446, 16.652, 16.937, 16.201, 15.674, 15.624, 15.746, 17.458, 17.868, 18.14, 18.444, 18.618, 18.09, 17.124, 16.526, 16.801, 16.67, 16.544, 16.264, 15.787, 15.529, 15.352, 15.439, 15.786, 16.279, 16.568, 15.307, 14.003, 13.782, 13.961, 13.227, 9.952, 6.833, 5.84, 6.72, 6.35, 5.712, 4.837, 4.785, 5.587, 6.418, 7.003, 6.962, 6.723, 6.444, 5.748, 6.069, 6.292, 5.97, 5.957], [3.63, 3.63, 3.69, 3.73, 3.34, 3.11, 2.96, 3.19, 3.23, 1.97, 1.34, 0.85, 0, 0.73, 1.01, 1.41, 2.388, 3.341, 3.753, 3.726, 3.486, 3.807, 4.437, 5.65, 5.819, 5.489, 6.647, 7.865, 8.589, 9.574, 9.768, 10.692, 11.217, 11.955, 13.436, 13.875, 14.742, 16.957, 17.221, 16.482, 15.972, 15.899, 16.048, 17.748, 18.163, 18.43, 18.743, 18.917, 18.371, 17.408, 16.81, 17.088, 16.911, 16.84, 16.554, 16.086, 15.76, 15.545, 15.632, 15.979, 16.592, 16.858, 15.603, 14.296, 14.077, 14.248, 13.505, 10.241, 7.12, 6.096, 6.979, 6.612, 5.979, 5.09, 5.005, 5.824, 6.682, 7.293, 7.252, 7.028, 6.723, 6.027, 6.393, 6.591, 6.268, 6.255], [3.66, 3.64, 3.72, 3.74, 3.41, 3.32, 3.05, 3.18, 3.26, 2.0, 1.51, 1.06, 0.73, 0, 0.66, 1.38, 2.459, 3.407, 3.793, 3.757, 3.531, 3.84, 4.504, 5.851, 5.992, 5.636, 6.808, 8.018, 8.659, 9.673, 9.881, 10.768, 11.311, 12.031, 13.541, 13.966, 14.815, 17.027, 17.297, 16.565, 16.06, 15.995, 16.13, 17.821, 18.233, 18.506, 18.827, 18.999, 18.462, 17.495, 16.898, 17.173, 17.075, 16.953, 16.627, 16.193, 15.933, 15.755, 15.842, 16.189, 16.682, 16.945, 15.711, 14.38, 14.154, 14.322, 13.63, 10.315, 7.228, 6.256, 7.138, 6.77, 6.101, 5.223, 5.215, 5.999, 6.815, 7.398, 7.36, 7.124, 6.814, 6.106, 6.452, 6.687, 6.393, 6.377], [3.66, 3.68, 3.7, 3.76, 3.43, 3.24, 2.95, 3.06, 3.0, 1.96, 1.47, 1.12, 1.01, 0.66, 0, 1.02, 2.153, 3.154, 3.587, 3.54, 3.28, 3.669, 4.307, 5.716, 5.842, 5.464, 6.644, 7.88, 8.518, 9.538, 9.747, 10.617, 11.119, 11.908, 13.42, 13.82, 14.68, 16.852, 17.142, 16.316, 15.771, 15.701, 15.841, 17.564, 18.065, 18.352, 18.653, 18.79, 18.267, 17.321, 16.743, 17.018, 16.941, 16.818, 16.493, 16.058, 15.798, 15.621, 15.707, 16.054, 16.548, 16.811, 15.576, 14.245, 13.979, 14.167, 13.495, 10.18, 7.096, 6.063, 6.994, 6.604, 5.972, 5.091, 5.027, 5.852, 6.68, 7.266, 7.225, 7.001, 6.539, 5.911, 6.361, 6.507, 6.25, 6.22], [3.72, 3.72, 3.7, 3.8, 3.43, 3.14, 2.65, 2.62, 2.64, 1.56, 1.43, 1.22, 1.41, 1.38, 1.02, 0, 1.43, 2.36, 2.75, 2.72, 2.48, 2.89, 3.49, 4.899, 5.071, 4.635, 5.822, 7.066, 7.733, 8.727, 8.918, 9.802, 10.296, 11.065, 12.577, 13.02, 13.869, 16.032, 16.316, 15.496, 14.92, 14.835, 15.001, 16.758, 17.262, 17.537, 17.856, 17.981, 17.47, 16.512, 15.94, 16.215, 16.138, 16.004, 15.675, 15.244, 14.972, 14.795, 14.884, 15.231, 15.725, 15.988, 14.756, 13.434, 13.162, 13.347, 12.669, 9.354, 6.273, 5.263, 6.163, 5.79, 5.14, 4.294, 4.222, 5.007, 5.86, 6.446, 6.425, 6.183, 5.713, 5.12, 5.519, 5.664, 5.393, 5.377], [4.03, 4.05, 4.15, 3.99, 3.36, 3.07, 2.62, 2.53, 2.33, 1.77, 2.14, 2.17, 2.388, 2.459, 2.153, 1.43, 0, 1.11, 1.6, 1.61, 1.55, 1.7, 2.22, 3.68, 3.852, 3.41, 4.549, 5.779, 6.434, 7.434, 7.654, 8.532, 9.055, 9.798, 11.316, 11.75, 12.599, 14.768, 15.049, 14.217, 13.73, 13.666, 13.803, 15.491, 15.992, 16.267, 16.589, 16.708, 16.2, 15.251, 14.67, 14.945, 14.871, 14.734, 14.411, 13.962, 13.708, 13.582, 13.674, 14.001, 14.495, 14.72, 13.489, 12.141, 11.889, 12.068, 11.399, 8.082, 5.006, 4.01, 4.899, 4.529, 3.882, 3.07, 3.08, 3.787, 4.582, 5.23, 5.187, 4.983, 4.501, 3.96, 4.383, 4.443, 4.25, 4.22], [4.78, 4.76, 4.9, 4.68, 3.95, 3.36, 3.01, 2.68, 2.46, 2.46, 3.05, 3.111, 3.341, 3.407, 3.154, 2.36, 1.11, 0, 0.87, 1.2, 1.24, 1.01, 1.27, 2.747, 3.03, 2.64, 3.63, 4.809, 5.424, 6.433, 6.638, 7.54, 8.057, 8.797, 10.286, 10.732, 11.578, 13.741, 14.042, 13.236, 12.731, 12.708, 12.816, 14.507, 14.971, 15.246, 15.567, 15.693, 15.179, 14.221, 13.666, 13.975, 13.881, 13.764, 13.401, 13.004, 12.744, 12.635, 12.707, 13.054, 13.528, 13.759, 12.525, 11.134, 10.874, 11.067, 10.427, 7.074, 4.23, 3.32, 4.04, 3.71, 2.98, 2.36, 2.45, 3.1, 3.592, 4.28, 4.24, 3.973, 3.557, 3.03, 3.46, 3.54, 3.42, 3.39], [5.09, 5.07, 5.13, 4.91, 4.18, 3.57, 3.26, 2.97, 2.69, 2.89, 3.58, 3.53, 3.753, 3.793, 3.587, 2.75, 1.6, 0.87, 0, 0.77, 0.97, 0.82, 1.24, 2.64, 2.98, 2.47, 3.34, 4.556, 5.13, 6.087, 6.298, 7.122, 7.707, 8.453, 9.903, 10.322, 11.183, 13.355, 13.65, 12.838, 12.316, 12.28, 12.398, 14.1, 14.558, 14.854, 15.149, 15.292, 14.761, 13.829, 13.231, 13.557, 13.466, 13.36, 13.009, 12.612, 12.451, 12.36, 12.411, 12.758, 13.204, 13.467, 12.161, 10.817, 10.538, 10.666, 10.014, 6.785, 3.98, 3.25, 3.77, 3.5, 2.79, 2.23, 2.48, 2.89, 3.39, 4.07, 3.873, 3.66, 3.25, 2.88, 3.23, 3.23, 3.09, 3.06], [4.9, 4.92, 4.96, 4.7, 4.07, 3.56, 3.25, 2.98, 2.72, 2.94, 3.53, 3.48, 3.726, 3.757, 3.54, 2.72, 1.61, 1.2, 0.77, 0, 0.62, 0.95, 1.67, 2.99, 3.03, 2.56, 3.562, 4.77, 5.355, 6.249, 6.425, 7.19, 7.723, 8.54, 9.991, 10.399, 11.259, 13.42, 13.755, 12.944, 12.404, 12.403, 12.503, 14.197, 14.641, 14.905, 15.206, 15.389, 14.846, 13.953, 13.336, 13.688, 13.596, 13.511, 13.159, 12.745, 12.653, 12.576, 12.627, 12.957, 13.392, 13.669, 12.346, 11.022, 10.717, 10.797, 10.122, 6.941, 4.09, 3.38, 4.04, 3.81, 3.2, 2.4, 2.59, 3.12, 3.78, 4.5, 4.22, 4.01, 3.6, 3.21, 3.5, 3.42, 3.14, 3.19], [4.84, 4.82, 4.84, 4.7, 4.13, 3.58, 3.09, 2.88, 2.66, 2.84, 3.33, 3.28, 3.486, 3.531, 3.28, 2.48, 1.55, 1.24, 0.97, 0.62, 0, 0.89, 1.93, 3.15, 3.19, 2.68, 3.768, 4.931, 5.518, 6.44, 6.634, 7.427, 7.94, 8.772, 10.216, 10.635, 11.51, 13.694, 14.02, 13.183, 12.661, 12.666, 12.745, 14.451, 14.883, 15.201, 15.5, 15.617, 15.145, 14.216, 13.638, 13.964, 13.87, 13.765, 13.405, 13.008, 12.864, 12.773, 12.824, 13.171, 13.62, 13.88, 12.574, 11.199, 10.891, 11.065, 10.408, 7.147, 4.27, 3.52, 4.22, 3.99, 3.42, 2.58, 2.61, 3.26, 3.96, 4.8, 4.5, 4.29, 3.96, 3.47, 3.7, 3.68, 3.44, 3.43], [5.09, 5.09, 5.19, 4.79, 4.16, 3.55, 3.26, 2.91, 2.63, 2.93, 3.58, 3.563, 3.807, 3.84, 3.669, 2.89, 1.7, 1.01, 0.82, 0.95, 0.89, 0, 1.32, 2.62, 2.98, 2.49, 3.355, 4.571, 5.136, 6.033, 6.292, 7.028, 7.65, 8.436, 9.849, 10.24, 11.131, 13.297, 13.659, 12.836, 12.3, 12.283, 12.355, 14.038, 14.453, 14.834, 15.144, 15.233, 14.81, 13.857, 13.283, 13.605, 13.514, 13.403, 13.04, 12.64, 12.451, 12.34, 12.408, 12.755, 13.224, 13.45, 12.195, 10.795, 10.475, 10.7, 10.046, 6.785, 4.0, 3.21, 3.81, 3.52, 2.83, 2.09, 2.52, 2.93, 3.47, 4.25, 4.03, 3.82, 3.51, 2.98, 3.17, 3.13, 2.99, 2.98], [5.49, 5.51, 5.67, 5.15, 4.38, 3.71, 3.48, 2.85, 2.69, 3.29, 4.12, 4.15, 4.437, 4.504, 4.307, 3.49, 2.22, 1.27, 1.24, 1.67, 1.93, 1.32, 0, 1.72, 2.16, 1.79, 2.518, 3.664, 4.292, 5.292, 5.529, 6.413, 6.978, 7.704, 9.142, 9.576, 10.425, 12.608, 12.875, 12.1, 11.627, 11.554, 11.718, 13.411, 13.824, 14.102, 14.418, 14.557, 14.026, 13.077, 12.496, 12.771, 12.697, 12.56, 12.237, 11.791, 11.565, 11.454, 11.528, 11.875, 12.329, 12.558, 11.306, 9.98, 9.715, 9.897, 9.248, 5.987, 3.32, 2.79, 3.11, 2.9, 2.23, 1.91, 1.9, 2.23, 2.524, 3.23, 3.17, 2.9, 2.53, 2.22, 2.87, 2.91, 2.85, 2.78], [6.53, 6.51, 6.53, 5.89, 5.08, 4.47, 4.34, 3.61, 3.49, 4.53, 5.432, 5.471, 5.65, 5.851, 5.716, 4.899, 3.68, 2.747, 2.64, 2.99, 3.15, 2.62, 1.72, 0, 0.92, 1.07, 1.46, 2.49, 3.12, 4.08, 4.28, 5.259, 5.93, 6.49, 7.925, 8.367, 9.193, 11.375, 11.648, 10.901, 10.464, 10.364, 10.548, 12.242, 12.634, 12.884, 13.214, 13.37, 12.84, 11.861, 11.278, 11.55, 11.365, 11.282, 10.99, 10.519, 10.141, 9.904, 9.999, 10.366, 10.954, 11.24, 9.988, 8.735, 8.479, 8.664, 7.965, 4.73, 2.36, 2.27, 2.25, 2.14, 1.67, 1.67, 1.26, 1.17, 1.23, 2.27, 2.15, 2.08, 1.91, 2.1, 2.75, 2.43, 2.29, 2.22], [6.65, 6.63, 6.65, 5.91, 5.08, 4.49, 4.42, 3.71, 3.63, 4.742, 5.581, 5.626, 5.819, 5.992, 5.842, 5.071, 3.852, 3.03, 2.98, 3.03, 3.19, 2.98, 2.16, 0.92, 0, 0.97, 1.4, 2.23, 2.92, 3.88, 4.1, 5.073, 5.67, 6.27, 7.779, 8.239, 9.079, 11.273, 11.532, 10.794, 10.352, 10.258, 10.454, 12.148, 12.537, 12.779, 13.103, 13.265, 12.723, 11.736, 11.162, 11.427, 11.242, 11.156, 10.865, 10.396, 10.004, 9.79, 9.89, 10.24, 10.84, 11.119, 9.862, 8.569, 8.35, 8.542, 7.816, 4.53, 1.82, 1.95, 1.95, 1.92, 1.75, 1.67, 1.22, 0.99, 1.57, 2.57, 2.43, 2.38, 2.23, 2.52, 3.05, 2.57, 2.47, 2.52], [6.16, 6.14, 6.1, 5.48, 4.75, 4.06, 3.97, 3.24, 3.3, 4.32, 5.203, 5.216, 5.489, 5.636, 5.464, 4.635, 3.41, 2.64, 2.47, 2.56, 2.68, 2.49, 1.79, 1.07, 0.97, 0, 1.37, 2.56, 3.27, 4.25, 4.45, 5.45, 5.88, 6.62, 8.129, 8.586, 9.446, 11.641, 11.893, 11.161, 10.719, 10.647, 10.821, 12.515, 12.905, 13.143, 13.471, 13.632, 13.088, 12.101, 11.523, 11.804, 11.621, 11.524, 11.226, 10.764, 10.44, 10.32, 10.4, 10.75, 11.25, 11.49, 10.23, 8.92, 8.73, 8.903, 8.181, 4.88, 2.05, 1.84, 2.12, 1.97, 1.68, 1.52, 1.03, 1.0, 1.68, 2.72, 2.5, 2.45, 2.26, 2.41, 2.86, 2.48, 2.22, 2.25], [7.11, 7.11, 7.07, 6.43, 5.62, 5.03, 5.02, 4.37, 4.37, 5.465, 6.371, 6.4, 6.647, 6.808, 6.644, 5.822, 4.549, 3.63, 3.34, 3.562, 3.768, 3.355, 2.518, 1.46, 1.4, 1.37, 0, 1.37, 2.14, 3.06, 3.26, 4.251, 4.75, 5.41, 6.936, 7.393, 8.253, 10.447, 10.701, 9.968, 9.53, 9.454, 9.657, 11.341, 11.718, 11.951, 12.277, 12.439, 11.895, 10.908, 10.331, 10.6, 10.4, 10.32, 10.033, 9.56, 9.19, 9.07, 9.15, 9.5, 10.02, 10.26, 9.02, 7.73, 7.52, 7.711, 6.98, 3.69, 1.78, 2.03, 1.81, 1.72, 1.67, 2.11, 1.88, 1.23, 1.31, 2.01, 1.97, 1.98, 2.11, 2.7, 3.25, 2.57, 2.41, 2.36], [8.28, 8.26, 8.3, 7.62, 6.75, 6.24, 6.19, 5.66, 5.62, 6.706, 7.616, 7.638, 7.865, 8.018, 7.88, 7.066, 5.779, 4.809, 4.556, 4.77, 4.931, 4.571, 3.664, 2.49, 2.23, 2.56, 1.37, 0, 1.05, 1.91, 2.05, 3.03, 3.58, 4.22, 5.69, 6.15, 7.01, 9.21, 9.46, 8.752, 8.314, 8.238, 8.445, 10.12, 10.49, 10.71, 11.04, 11.219, 10.66, 9.67, 9.09, 9.35, 9.15, 9.07, 8.79, 8.31, 7.98, 7.88, 7.94, 8.29, 8.79, 9.07, 7.79, 6.48, 6.29, 6.47, 5.73, 2.52, 2.25, 2.8, 2.24, 2.25, 2.5, 3.18, 3.11, 2.26, 1.76, 2.42, 2.5, 2.63, 2.98, 3.71, 4.16, 3.34, 3.28, 3.21], [8.95, 8.91, 8.97, 8.23, 7.36, 6.89, 6.82, 6.33, 6.29, 7.379, 8.263, 8.325, 8.589, 8.659, 8.518, 7.733, 6.434, 5.424, 5.13, 5.355, 5.518, 5.136, 4.292, 3.12, 2.92, 3.27, 2.14, 1.05, 0, 1.08, 1.5, 2.32, 3.03, 3.79, 4.98, 5.402, 6.245, 8.445, 8.71, 7.972, 7.537, 7.48, 7.626, 9.317, 9.704, 9.948, 10.284, 10.438, 9.907, 8.943, 8.337, 8.66, 8.52, 8.403, 8.063, 7.64, 7.404, 7.307, 7.367, 7.714, 8.169, 8.414, 7.146, 5.75, 5.554, 5.72, 5.08, 2.23, 2.76, 3.45, 2.79, 2.88, 3.23, 3.81, 3.84, 2.97, 2.23, 2.83, 2.89, 3.02, 3.41, 4.14, 4.59, 3.79, 3.71, 3.68], [9.77, 9.75, 9.77, 8.97, 8.12, 7.65, 7.82, 7.33, 7.235, 8.358, 9.257, 9.27, 9.574, 9.673, 9.538, 8.727, 7.434, 6.433, 6.087, 6.249, 6.44, 6.033, 5.292, 4.08, 3.88, 4.25, 3.06, 1.91, 1.08, 0, 1.0, 1.74, 2.55, 3.35, 4.1, 4.48, 5.257, 7.428, 7.73, 6.981, 6.517, 6.481, 6.606, 8.297, 8.693, 8.951, 9.264, 9.438, 8.927, 7.963, 7.377, 7.7, 7.54, 7.423, 7.103, 6.66, 6.447, 6.39, 6.427, 6.757, 7.22, 7.48, 6.2, 4.97, 4.58, 4.78, 4.26, 2.21, 3.48, 4.27, 3.47, 3.6, 3.99, 4.65, 4.808, 3.91, 3.05, 3.37, 3.51, 3.66, 3.95, 4.78, 5.07, 4.37, 4.31, 4.34], [9.87, 9.87, 9.85, 9.05, 8.22, 7.89, 8.02, 7.532, 7.455, 8.578, 9.462, 9.473, 9.768, 9.881, 9.747, 8.918, 7.654, 6.638, 6.298, 6.425, 6.634, 6.292, 5.529, 4.28, 4.1, 4.45, 3.26, 2.05, 1.5, 1.0, 0, 1.08, 1.85, 2.75, 3.8, 4.22, 5.008, 7.226, 7.524, 6.79, 6.297, 6.241, 6.42, 8.099, 8.473, 8.731, 9.044, 9.198, 8.687, 7.7, 7.137, 7.44, 7.28, 7.16, 6.84, 6.4, 6.37, 6.31, 6.31, 6.64, 7.16, 7.44, 6.08, 4.97, 4.48, 4.54, 3.817, 1.89, 3.62, 4.41, 3.57, 3.74, 4.19, 4.89, 5.0, 4.15, 3.29, 3.65, 3.69, 3.82, 4.15, 4.88, 5.31, 4.51, 4.47, 4.4], [10.57, 10.53, 10.45, 9.53, 9.04, 8.803, 8.896, 8.449, 8.389, 9.477, 10.389, 10.391, 10.692, 10.768, 10.617, 9.802, 8.532, 7.54, 7.122, 7.19, 7.427, 7.028, 6.413, 5.259, 5.073, 5.45, 4.251, 3.03, 2.32, 1.74, 1.08, 0, 1.25, 2.35, 3.12, 3.44, 4.22, 6.417, 6.79, 5.99, 5.337, 5.366, 5.437, 7.119, 7.488, 7.834, 8.21, 8.324, 7.913, 7.006, 6.343, 6.703, 6.646, 6.554, 6.18, 5.757, 5.95, 5.89, 5.85, 6.2, 6.74, 6.98, 5.68, 4.55, 3.94, 3.94, 3.16, 2.31, 4.44, 5.25, 4.39, 4.64, 5.11, 5.829, 5.979, 5.11, 4.23, 4.41, 4.29, 4.4, 4.59, 5.2, 5.51, 4.89, 4.93, 4.82], [11.032, 11.02, 10.96, 10.1, 9.49, 9.254, 9.312, 8.89, 8.822, 9.959, 10.897, 10.913, 11.217, 11.311, 11.119, 10.296, 9.055, 8.057, 7.707, 7.723, 7.94, 7.65, 6.978, 5.93, 5.67, 5.88, 4.75, 3.58, 3.03, 2.55, 1.85, 1.25, 0, 1.46, 2.49, 2.87, 3.69, 5.89, 6.26, 5.46, 4.884, 4.868, 5.024, 6.706, 7.063, 7.35, 7.657, 7.86, 7.34, 6.43, 5.807, 6.15, 6.07, 5.99, 5.63, 5.23, 5.36, 5.3, 5.3, 5.63, 6.15, 6.41, 5.07, 3.9, 3.35, 3.39, 2.75, 2.54, 4.71, 5.52, 4.64, 4.93, 5.5, 6.24, 6.366, 5.58, 4.86, 5.22, 5.06, 5.21, 5.34, 5.95, 6.24, 5.66, 5.72, 5.69], [11.994, 12.02, 11.96, 11.12, 10.322, 10.009, 10.159, 9.665, 9.582, 10.705, 11.624, 11.66, 11.955, 12.031, 11.908, 11.065, 9.798, 8.797, 8.453, 8.54, 8.772, 8.436, 7.704, 6.49, 6.27, 6.62, 5.41, 4.22, 3.79, 3.35, 2.75, 2.35, 1.46, 0, 1.59, 2.09, 2.91, 5.09, 5.4, 4.72, 4.161, 4.105, 4.301, 5.983, 6.33, 6.57, 6.88, 7.08, 6.52, 5.55, 4.97, 5.29, 5.17, 5.07, 4.73, 4.37, 4.4, 4.34, 4.3, 4.65, 5.19, 5.43, 4.13, 3.0, 2.67, 2.75, 2.47, 2.84, 5.15, 6.1, 5.18, 5.49, 6.019, 6.912, 7.08, 6.236, 5.44, 5.82, 5.76, 5.85, 6.1, 6.67, 7.02, 6.4, 6.46, 6.41], [13.382, 13.396, 13.33, 12.49, 11.746, 11.53, 11.66, 11.194, 11.123, 12.243, 13.127, 13.146, 13.436, 13.541, 13.42, 12.577, 11.316, 10.286, 9.903, 9.991, 10.216, 9.849, 9.142, 7.925, 7.779, 8.129, 6.936, 5.69, 4.98, 4.1, 3.8, 3.12, 2.49, 1.59, 0, 0.74, 1.54, 3.62, 3.99, 3.27, 2.65, 2.66, 2.79, 4.44, 4.8, 5.1, 5.39, 5.57, 5.05, 4.12, 3.56, 3.82, 3.68, 3.62, 3.32, 2.92, 3.09, 3.05, 3.01, 3.34, 3.88, 4.12, 2.82, 2.07, 2.04, 2.18, 2.32, 4.11, 6.56, 7.53, 6.61, 6.959, 7.532, 8.433, 8.61, 7.752, 6.866, 6.89, 6.71, 6.9, 7.17, 7.76, 7.91, 7.47, 7.55, 7.56], [13.776, 13.79, 13.71, 12.83, 12.194, 11.981, 12.096, 11.646, 11.577, 12.688, 13.57, 13.571, 13.875, 13.966, 13.82, 13.02, 11.75, 10.732, 10.322, 10.399, 10.635, 10.24, 9.576, 8.367, 8.239, 8.586, 7.393, 6.15, 5.402, 4.48, 4.22, 3.44, 2.87, 2.09, 0.74, 0, 1.22, 3.38, 3.77, 3.03, 2.35, 2.26, 2.41, 4.06, 4.42, 4.78, 4.99, 5.19, 4.67, 3.82, 3.28, 3.48, 3.4, 3.38, 3.14, 2.66, 2.95, 2.93, 2.83, 3.16, 3.72, 3.96, 2.7, 2.21, 2.36, 2.5, 2.7, 4.61, 7.08, 7.99, 7.07, 7.46, 8.05, 8.89, 9.067, 8.229, 7.326, 7.17, 6.99, 7.16, 7.49, 8.14, 8.09, 7.79, 7.93, 7.88], [14.639, 14.653, 14.59, 13.73, 13.069, 12.844, 12.942, 12.491, 12.423, 13.537, 14.439, 14.446, 14.742, 14.815, 14.68, 13.869, 12.599, 11.578, 11.183, 11.259, 11.51, 11.131, 10.425, 9.193, 9.079, 9.446, 8.253, 7.01, 6.245, 5.257, 5.008, 4.22, 3.69, 2.91, 1.54, 1.22, 0, 2.36, 2.73, 1.99, 1.95, 2.0, 2.11, 3.16, 3.52, 3.78, 4.07, 4.27, 3.73, 2.9, 2.72, 2.56, 2.5, 2.4, 2.16, 1.76, 1.99, 1.95, 1.91, 2.12, 2.68, 2.92, 1.8, 2.09, 2.26, 2.28, 2.7, 5.25, 7.88, 8.85, 7.91, 8.32, 8.91, 9.75, 9.927, 9.069, 8.183, 8.03, 7.89, 8.04, 8.33, 8.94, 9.03, 8.61, 8.73, 8.74], [16.822, 16.816, 16.75, 15.91, 15.292, 15.023, 15.125, 14.666, 14.583, 15.714, 16.642, 16.652, 16.957, 17.027, 16.852, 16.032, 14.768, 13.741, 13.355, 13.42, 13.694, 13.297, 12.608, 11.375, 11.273, 11.641, 10.447, 9.21, 8.445, 7.428, 7.226, 6.417, 5.89, 5.09, 3.62, 3.38, 2.36, 0, 0.93, 1.33, 2.23, 2.86, 2.65, 1.6, 1.58, 1.68, 1.97, 2.15, 2.13, 2.36, 2.38, 1.68, 1.64, 1.74, 1.76, 1.84, 2.01, 2.25, 2.23, 2.06, 1.7, 1.8, 2.22, 3.39, 3.56, 3.52, 4.22, 7.15, 9.96, 11.018, 10.078, 10.471, 11.043, 11.926, 12.122, 11.263, 10.377, 10.05, 10.05, 10.22, 10.45, 11.08, 11.09, 10.61, 10.85, 10.88], [17.169, 17.203, 17.14, 16.28, 15.544, 15.32, 15.39, 14.936, 14.865, 15.985, 16.906, 16.937, 17.221, 17.297, 17.142, 16.316, 15.049, 14.042, 13.65, 13.755, 14.02, 13.659, 12.875, 11.648, 11.532, 11.893, 10.701, 9.46, 8.71, 7.73, 7.524, 6.79, 6.26, 5.4, 3.99, 3.77, 2.73, 0.93, 0, 1.2, 2.4, 2.83, 2.74, 1.65, 1.47, 1.53, 1.72, 1.82, 1.9, 2.13, 2.09, 1.45, 1.33, 1.43, 1.51, 1.71, 2.1, 2.24, 2.14, 1.95, 1.75, 1.63, 2.15, 3.42, 3.65, 3.57, 4.23, 7.24, 10.19, 11.271, 10.331, 10.703, 11.311, 12.202, 12.38, 11.522, 10.631, 10.14, 10.28, 10.47, 10.74, 11.49, 11.52, 11.0, 11.24, 11.31], [16.192, 16.266, 16.14, 15.38, 14.847, 14.579, 14.632, 14.198, 14.113, 15.244, 16.168, 16.201, 16.482, 16.565, 16.316, 15.496, 14.217, 13.236, 12.838, 12.944, 13.183, 12.836, 12.1, 10.901, 10.794, 11.161, 9.968, 8.752, 7.972, 6.981, 6.79, 5.99, 5.46, 4.72, 3.27, 3.03, 1.99, 1.33, 1.2, 0, 1.5, 1.97, 1.94, 1.61, 1.95, 2.27, 2.54, 2.56, 2.24, 2.03, 1.87, 1.43, 1.29, 1.41, 1.33, 1.11, 1.38, 1.64, 1.52, 1.49, 1.79, 1.75, 1.47, 2.66, 2.79, 2.77, 3.47, 6.44, 9.466, 10.538, 9.616, 9.988, 10.582, 11.462, 11.642, 10.784, 9.898, 9.56, 9.68, 9.83, 9.98, 10.67, 10.64, 10.06, 10.3, 10.39], [15.708, 15.745, 15.52, 14.785, 14.319, 14.077, 14.162, 13.749, 13.669, 14.771, 15.675, 15.674, 15.972, 16.06, 15.771, 14.92, 13.73, 12.731, 12.316, 12.404, 12.661, 12.3, 11.627, 10.464, 10.352, 10.719, 9.53, 8.314, 7.537, 6.517, 6.297, 5.337, 4.884, 4.161, 2.65, 2.35, 1.95, 2.23, 2.4, 1.5, 0, 1.39, 1.38, 2.11, 2.53, 3.05, 3.32, 3.36, 3.02, 2.17, 1.93, 1.85, 1.81, 1.79, 1.69, 1.39, 1.66, 2.0, 1.98, 2.33, 2.61, 2.49, 1.59, 2.14, 2.31, 2.21, 2.79, 5.96, 9.03, 10.1, 9.181, 9.55, 10.126, 10.971, 11.201, 10.342, 9.456, 9.24, 9.08, 9.23, 9.38, 10.05, 9.76, 9.58, 9.86, 9.83], [15.677, 15.77, 15.51, 14.81, 14.301, 14.082, 14.082, 13.664, 13.575, 14.703, 15.625, 15.624, 15.899, 15.995, 15.701, 14.835, 13.666, 12.708, 12.28, 12.403, 12.666, 12.283, 11.554, 10.364, 10.258, 10.647, 9.454, 8.238, 7.48, 6.481, 6.241, 5.366, 4.868, 4.105, 2.66, 2.26, 2.0, 2.86, 2.83, 1.97, 1.39, 0, 0.99, 2.58, 3.12, 3.44, 3.51, 3.61, 3.15, 2.28, 1.86, 2.16, 2.24, 2.1, 2.0, 1.94, 2.23, 2.23, 2.09, 2.3, 2.86, 2.88, 2.2, 2.47, 2.52, 2.64, 3.12, 5.99, 9.015, 10.024, 9.118, 9.474, 10.05, 10.972, 11.107, 10.248, 9.404, 8.825, 8.845, 9.015, 9.285, 10.04, 9.81, 9.49, 9.79, 9.82], [15.809, 15.863, 15.63, 14.884, 14.43, 14.182, 14.251, 13.835, 13.758, 14.843, 15.756, 15.746, 16.048, 16.13, 15.841, 15.001, 13.803, 12.816, 12.398, 12.503, 12.745, 12.355, 11.718, 10.548, 10.454, 10.821, 9.657, 8.445, 7.626, 6.606, 6.42, 5.437, 5.024, 4.301, 2.79, 2.41, 2.11, 2.65, 2.74, 1.94, 1.38, 0.99, 0, 2.09, 2.85, 3.37, 3.54, 3.66, 3.24, 2.45, 1.99, 2.17, 2.19, 2.13, 1.97, 1.95, 2.28, 2.34, 2.12, 2.33, 2.69, 2.79, 2.33, 2.86, 2.99, 3.03, 3.61, 6.2, 9.191, 10.251, 9.341, 9.681, 10.257, 11.085, 11.302, 10.456, 9.57, 9.08, 9.02, 9.21, 9.481, 10.151, 9.82, 9.595, 9.938, 9.948], [17.509, 17.543, 17.381, 16.561, 16.139, 15.873, 15.939, 15.52, 15.446, 16.528, 17.45, 17.458, 17.748, 17.821, 17.564, 16.758, 15.491, 14.507, 14.1, 14.197, 14.451, 14.038, 13.411, 12.242, 12.148, 12.515, 11.341, 10.12, 9.317, 8.297, 8.099, 7.119, 6.706, 5.983, 4.44, 4.06, 3.16, 1.6, 1.65, 1.61, 2.11, 2.58, 2.09, 0, 0.92, 1.42, 1.73, 1.73, 1.57, 1.8, 1.94, 1.46, 1.44, 1.56, 1.74, 2.02, 2.41, 2.67, 2.55, 2.26, 1.64, 1.66, 2.7, 3.79, 3.96, 3.88, 4.5, 7.71, 10.833, 11.911, 10.983, 11.356, 11.936, 12.776, 12.996, 12.147, 11.261, 10.71, 10.75, 10.9, 11.15, 11.84, 11.53, 11.27, 11.63, 11.62], [17.975, 17.986, 17.87, 16.975, 16.507, 16.271, 16.338, 15.922, 15.846, 16.947, 17.866, 17.868, 18.163, 18.233, 18.065, 17.262, 15.992, 14.971, 14.558, 14.641, 14.883, 14.453, 13.824, 12.634, 12.537, 12.905, 11.718, 10.49, 9.704, 8.693, 8.473, 7.488, 7.063, 6.33, 4.8, 4.42, 3.52, 1.58, 1.47, 1.95, 2.53, 3.12, 2.85, 0.92, 0, 0.74, 1.01, 1.19, 1.47, 1.96, 2.1, 1.54, 1.52, 1.66, 1.84, 2.24, 2.67, 2.95, 2.87, 2.56, 1.94, 1.74, 2.92, 4.07, 4.24, 4.14, 4.84, 8.07, 11.208, 12.288, 11.358, 11.731, 12.314, 13.174, 13.386, 12.527, 11.642, 11.07, 11.13, 11.26, 11.63, 12.22, 11.93, 11.73, 12.05, 12.04], [18.307, 18.304, 18.23, 17.35, 16.769, 16.523, 16.616, 16.171, 16.109, 17.205, 18.127, 18.14, 18.43, 18.506, 18.352, 17.537, 16.267, 15.246, 14.854, 14.905, 15.201, 14.834, 14.102, 12.884, 12.779, 13.143, 11.951, 10.71, 9.948, 8.951, 8.731, 7.834, 7.35, 6.57, 5.1, 4.78, 3.78, 1.68, 1.53, 2.27, 3.05, 3.44, 3.37, 1.42, 0.74, 0, 0.79, 0.95, 1.45, 1.96, 2.22, 1.68, 1.78, 1.82, 2.04, 2.48, 2.89, 3.19, 3.11, 2.8, 2.18, 1.9, 3.06, 4.29, 4.54, 4.38, 5.08, 8.31, 11.44, 12.521, 11.581, 11.953, 12.546, 13.408, 13.627, 12.769, 11.881, 11.29, 11.35, 11.52, 11.85, 12.5, 12.41, 12.13, 12.37, 12.38], [18.626, 18.66, 18.6, 17.717, 17.081, 16.868, 16.929, 16.504, 16.419, 17.544, 18.466, 18.444, 18.743, 18.827, 18.653, 17.856, 16.589, 15.567, 15.149, 15.206, 15.5, 15.144, 14.418, 13.214, 13.103, 13.471, 12.277, 11.04, 10.284, 9.264, 9.044, 8.21, 7.657, 6.88, 5.39, 4.99, 4.07, 1.97, 1.72, 2.54, 3.32, 3.51, 3.54, 1.73, 1.01, 0.79, 0, 0.84, 1.38, 2.13, 2.37, 1.77, 1.97, 2.03, 2.31, 2.81, 3.22, 3.52, 3.44, 3.07, 2.51, 2.27, 3.39, 4.62, 4.83, 4.71, 5.39, 8.62, 11.758, 12.848, 11.908, 12.281, 12.873, 13.77, 13.952, 13.093, 12.208, 11.58, 11.56, 11.77, 12.16, 12.85, 12.7, 12.46, 12.68, 12.71], [18.706, 18.76, 18.62, 17.76, 17.278, 17.041, 17.091, 16.661, 16.573, 17.703, 18.622, 18.618, 18.917, 18.999, 18.79, 17.981, 16.708, 15.693, 15.292, 15.389, 15.617, 15.233, 14.557, 13.37, 13.265, 13.632, 12.439, 11.219, 10.438, 9.438, 9.198, 8.324, 7.86, 7.08, 5.57, 5.19, 4.27, 2.15, 1.82, 2.56, 3.36, 3.61, 3.66, 1.73, 1.19, 0.95, 0.84, 0, 1.28, 2.01, 2.33, 1.99, 2.17, 2.19, 2.47, 2.97, 3.36, 3.66, 3.58, 3.23, 2.67, 2.35, 3.55, 4.8, 4.99, 4.91, 5.59, 8.8, 11.932, 13.009, 12.082, 12.455, 13.035, 13.944, 14.113, 13.255, 12.382, 11.742, 11.86, 12.01, 12.3, 12.99, 12.8, 12.48, 12.74, 12.75], [18.289, 18.323, 18.26, 17.4, 16.724, 16.514, 16.555, 16.133, 16.045, 17.178, 18.1, 18.09, 18.371, 18.462, 18.267, 17.47, 16.2, 15.179, 14.761, 14.846, 15.145, 14.81, 14.026, 12.84, 12.723, 13.088, 11.895, 10.66, 9.907, 8.927, 8.687, 7.913, 7.34, 6.52, 5.05, 4.67, 3.73, 2.13, 1.9, 2.24, 3.02, 3.15, 3.24, 1.57, 1.47, 1.45, 1.38, 1.28, 0, 1.13, 1.65, 1.47, 1.61, 1.81, 2.03, 2.47, 2.84, 3.14, 3.08, 2.77, 2.25, 2.15, 3.07, 4.3, 4.51, 4.43, 5.05, 8.26, 11.39, 12.465, 11.525, 11.898, 12.491, 13.417, 13.572, 12.713, 11.84, 11.2, 11.18, 11.41, 11.78, 12.53, 12.4, 12.12, 12.34, 12.37], [17.399, 17.433, 17.37, 16.51, 15.763, 15.552, 15.603, 15.152, 15.058, 16.2, 17.122, 17.124, 17.408, 17.495, 17.321, 16.512, 15.251, 14.221, 13.829, 13.953, 14.216, 13.857, 13.077, 11.861, 11.736, 12.101, 10.908, 9.67, 8.943, 7.963, 7.7, 7.006, 6.43, 5.55, 4.12, 3.82, 2.9, 2.36, 2.13, 2.03, 2.17, 2.28, 2.45, 1.8, 1.96, 1.96, 2.13, 2.01, 1.13, 0, 1.14, 1.24, 1.34, 1.3, 1.52, 1.78, 2.07, 2.43, 2.39, 2.34, 2.14, 1.74, 2.26, 3.35, 3.54, 3.5, 4.16, 7.29, 10.4, 11.478, 10.538, 10.911, 11.503, 12.455, 12.585, 11.737, 10.85, 10.21, 10.29, 10.48, 10.89, 11.64, 11.55, 11.21, 11.43, 11.48], [16.776, 16.81, 16.75, 15.87, 15.177, 14.961, 15.005, 14.566, 14.498, 15.608, 16.53, 16.526, 16.81, 16.898, 16.743, 15.94, 14.67, 13.666, 13.231, 13.336, 13.638, 13.283, 12.496, 11.278, 11.162, 11.523, 10.331, 9.09, 8.337, 7.377, 7.137, 6.343, 5.807, 4.97, 3.56, 3.28, 2.72, 2.38, 2.09, 1.87, 1.93, 1.86, 1.99, 1.94, 2.1, 2.22, 2.37, 2.33, 1.65, 1.14, 0, 1.02, 1.32, 1.34, 1.3, 1.6, 1.97, 2.35, 2.17, 2.32, 2.3, 1.94, 2.12, 2.75, 2.98, 2.9, 3.48, 6.71, 9.82, 10.901, 9.961, 10.333, 10.941, 11.844, 12.01, 11.152, 10.27, 9.63, 9.63, 9.86, 10.27, 11.0, 10.89, 10.61, 10.83, 10.86], [17.119, 17.153, 17.09, 16.23, 15.5, 15.287, 15.297, 14.838, 14.767, 15.883, 16.805, 16.801, 17.088, 17.173, 17.018, 16.215, 14.945, 13.975, 13.557, 13.688, 13.964, 13.605, 12.771, 11.55, 11.427, 11.804, 10.6, 9.35, 8.66, 7.7, 7.44, 6.703, 6.15, 5.29, 3.82, 3.48, 2.56, 1.68, 1.45, 1.43, 1.85, 2.16, 2.17, 1.46, 1.54, 1.68, 1.77, 1.99, 1.47, 1.24, 1.02, 0, 0.7, 0.78, 0.94, 1.2, 1.59, 1.89, 1.75, 1.72, 1.68, 1.36, 1.86, 3.05, 3.26, 3.16, 3.78, 6.99, 10.08, 11.17, 10.23, 10.614, 11.207, 12.169, 12.276, 11.42, 10.55, 9.93, 9.95, 10.18, 10.61, 11.36, 11.23, 10.95, 11.17, 11.2], [17.042, 17.076, 17.01, 16.17, 15.366, 15.11, 15.22, 14.755, 14.684, 15.803, 16.688, 16.67, 16.911, 17.075, 16.941, 16.138, 14.871, 13.881, 13.466, 13.596, 13.87, 13.514, 12.697, 11.365, 11.242, 11.621, 10.4, 9.15, 8.52, 7.54, 7.28, 6.646, 6.07, 5.17, 3.68, 3.4, 2.5, 1.64, 1.33, 1.29, 1.81, 2.24, 2.19, 1.44, 1.52, 1.78, 1.97, 2.17, 1.61, 1.34, 1.32, 0.7, 0, 0.6, 0.8, 1.02, 1.41, 1.63, 1.53, 1.36, 1.48, 1.26, 1.66, 2.89, 3.14, 3.02, 3.6, 6.87, 9.94, 10.99, 10.05, 10.431, 11.044, 11.973, 12.091, 11.238, 10.35, 9.79, 9.83, 10.04, 10.55, 11.3, 11.21, 10.85, 11.07, 11.12], [16.942, 16.976, 16.91, 16.07, 15.252, 15.013, 15.083, 14.621, 14.547, 15.669, 16.554, 16.544, 16.84, 16.953, 16.818, 16.004, 14.734, 13.764, 13.36, 13.511, 13.765, 13.403, 12.56, 11.282, 11.156, 11.524, 10.32, 9.07, 8.403, 7.423, 7.16, 6.554, 5.99, 5.07, 3.62, 3.38, 2.4, 1.74, 1.43, 1.41, 1.79, 2.1, 2.13, 1.56, 1.66, 1.82, 2.03, 2.19, 1.81, 1.3, 1.34, 0.78, 0.6, 0, 0.58, 0.94, 1.33, 1.55, 1.47, 1.34, 1.54, 1.24, 1.46, 2.73, 3.0, 2.88, 3.5, 6.75, 9.8, 10.89, 9.95, 10.334, 10.927, 11.896, 12.005, 11.149, 10.27, 9.67, 9.81, 10.0, 10.45, 11.2, 11.17, 10.75, 10.97, 11.02], [16.579, 16.613, 16.55, 15.69, 14.912, 14.692, 14.763, 14.295, 14.221, 15.343, 16.245, 16.264, 16.554, 16.627, 16.493, 15.675, 14.411, 13.401, 13.009, 13.159, 13.405, 13.04, 12.237, 10.99, 10.865, 11.226, 10.033, 8.79, 8.063, 7.103, 6.84, 6.18, 5.63, 4.73, 3.32, 3.14, 2.16, 1.76, 1.51, 1.33, 1.69, 2.0, 1.97, 1.74, 1.84, 2.04, 2.31, 2.47, 2.03, 1.52, 1.3, 0.94, 0.8, 0.58, 0, 0.86, 1.15, 1.39, 1.29, 1.24, 1.48, 1.26, 1.3, 2.39, 2.64, 2.52, 3.24, 6.39, 9.52, 10.603, 9.663, 10.036, 10.641, 11.575, 11.713, 10.863, 9.97, 9.45, 9.63, 9.8, 10.17, 10.86, 10.89, 10.41, 10.61, 10.72], [16.136, 16.17, 16.11, 15.25, 14.514, 14.247, 14.317, 13.858, 13.787, 14.903, 15.782, 15.787, 16.086, 16.193, 16.058, 15.244, 13.962, 13.004, 12.612, 12.745, 13.008, 12.64, 11.791, 10.519, 10.396, 10.764, 9.56, 8.31, 7.64, 6.66, 6.4, 5.757, 5.23, 4.37, 2.92, 2.66, 1.76, 1.84, 1.71, 1.11, 1.39, 1.94, 1.95, 2.02, 2.24, 2.48, 2.81, 2.97, 2.47, 1.78, 1.6, 1.2, 1.02, 0.94, 0.86, 0, 0.83, 1.05, 1.09, 1.2, 1.54, 1.52, 0.92, 2.03, 2.26, 2.16, 2.76, 5.99, 9.04, 10.13, 9.19, 9.574, 10.167, 11.127, 11.245, 10.389, 9.51, 9.17, 9.21, 9.4, 9.73, 10.4, 10.45, 10.01, 10.21, 10.24], [16.123, 16.117, 16.12, 15.34, 14.53, 14.037, 14.144, 13.54, 13.468, 14.594, 15.513, 15.529, 15.76, 15.933, 15.798, 14.972, 13.708, 12.744, 12.451, 12.653, 12.864, 12.451, 11.565, 10.141, 10.004, 10.44, 9.19, 7.98, 7.404, 6.447, 6.37, 5.95, 5.36, 4.4, 3.09, 2.95, 1.99, 2.01, 2.1, 1.38, 1.66, 2.23, 2.28, 2.41, 2.67, 2.89, 3.22, 3.36, 2.84, 2.07, 1.97, 1.59, 1.41, 1.33, 1.15, 0.83, 0, 0.76, 0.94, 1.03, 1.37, 1.37, 0.73, 1.84, 2.17, 2.31, 3.07, 5.78, 8.75, 9.76, 8.84, 9.23, 9.837, 10.854, 10.867, 9.997, 9.18, 9.16, 9.5, 9.69, 9.98, 10.67, 10.74, 10.22, 10.3, 10.41], [16.066, 16.04, 16.06, 15.3, 14.49, 13.98, 14.047, 13.38, 13.283, 14.414, 15.336, 15.352, 15.545, 15.755, 15.621, 14.795, 13.582, 12.635, 12.36, 12.576, 12.773, 12.34, 11.454, 9.904, 9.79, 10.32, 9.07, 7.88, 7.307, 6.39, 6.31, 5.89, 5.3, 4.34, 3.05, 2.93, 1.95, 2.25, 2.24, 1.64, 2.0, 2.23, 2.34, 2.67, 2.95, 3.19, 3.52, 3.66, 3.14, 2.43, 2.35, 1.89, 1.63, 1.55, 1.39, 1.05, 0.76, 0, 0.54, 0.77, 1.41, 1.55, 0.99, 1.88, 2.19, 2.37, 3.07, 5.74, 8.63, 9.62, 8.74, 9.13, 9.76, 10.737, 10.61, 9.8, 9.08, 9.1, 9.44, 9.63, 9.92, 10.61, 10.68, 10.16, 10.24, 10.35], [16.103, 16.097, 16.1, 15.32, 14.507, 14.017, 14.107, 13.46, 13.377, 14.509, 15.425, 15.439, 15.632, 15.842, 15.707, 14.884, 13.674, 12.707, 12.411, 12.627, 12.824, 12.408, 11.528, 9.999, 9.89, 10.4, 9.15, 7.94, 7.367, 6.427, 6.31, 5.85, 5.3, 4.3, 3.01, 2.83, 1.91, 2.23, 2.14, 1.52, 1.98, 2.09, 2.12, 2.55, 2.87, 3.11, 3.44, 3.58, 3.08, 2.39, 2.17, 1.75, 1.53, 1.47, 1.29, 1.09, 0.94, 0.54, 0, 0.61, 1.37, 1.61, 1.07, 2.02, 2.23, 2.39, 3.05, 5.74, 8.71, 9.72, 8.8, 9.21, 9.817, 10.814, 10.708, 9.9, 9.14, 8.88, 9.3, 9.51, 9.82, 10.53, 10.6, 10.04, 10.22, 10.29], [16.433, 16.427, 16.43, 15.65, 14.837, 14.347, 14.454, 13.81, 13.727, 14.856, 15.769, 15.786, 15.979, 16.189, 16.054, 15.231, 14.001, 13.054, 12.758, 12.957, 13.171, 12.755, 11.875, 10.366, 10.24, 10.75, 9.5, 8.29, 7.714, 6.757, 6.64, 6.2, 5.63, 4.65, 3.34, 3.16, 2.12, 2.06, 1.95, 1.49, 2.33, 2.3, 2.33, 2.26, 2.56, 2.8, 3.07, 3.23, 2.77, 2.34, 2.32, 1.72, 1.36, 1.34, 1.24, 1.2, 1.03, 0.77, 0.61, 0, 1.06, 1.3, 1.18, 2.33, 2.52, 2.68, 3.42, 6.07, 9.06, 10.05, 9.15, 9.54, 10.147, 11.164, 11.083, 10.25, 9.49, 9.21, 9.67, 9.88, 10.19, 10.9, 10.97, 10.41, 10.55, 10.64], [16.856, 16.847, 16.85, 16.09, 15.28, 14.79, 14.892, 14.29, 14.221, 15.344, 16.266, 16.279, 16.592, 16.682, 16.548, 15.725, 14.495, 13.528, 13.204, 13.392, 13.62, 13.224, 12.329, 10.954, 10.84, 11.25, 10.02, 8.79, 8.169, 7.22, 7.16, 6.74, 6.15, 5.19, 3.88, 3.72, 2.68, 1.7, 1.75, 1.79, 2.61, 2.86, 2.69, 1.64, 1.94, 2.18, 2.51, 2.67, 2.25, 2.14, 2.3, 1.68, 1.48, 1.54, 1.48, 1.54, 1.37, 1.41, 1.37, 1.06, 0, 0.9, 1.54, 2.75, 3.08, 3.26, 3.96, 6.57, 9.52, 10.59, 9.65, 10.04, 10.65, 11.662, 11.686, 10.83, 9.99, 9.89, 10.27, 10.48, 10.79, 11.48, 11.55, 11.01, 11.11, 11.22], [17.136, 17.127, 17.13, 16.37, 15.56, 15.09, 15.154, 14.55, 14.484, 15.607, 16.526, 16.568, 16.858, 16.945, 16.811, 15.988, 14.72, 13.759, 13.467, 13.669, 13.88, 13.45, 12.558, 11.24, 11.119, 11.49, 10.26, 9.07, 8.414, 7.48, 7.44, 6.98, 6.41, 5.43, 4.12, 3.96, 2.92, 1.8, 1.63, 1.75, 2.49, 2.88, 2.79, 1.66, 1.74, 1.9, 2.27, 2.35, 2.15, 1.74, 1.94, 1.36, 1.26, 1.24, 1.26, 1.52, 1.37, 1.55, 1.61, 1.3, 0.9, 0, 1.58, 2.85, 3.16, 3.34, 4.12, 6.85, 9.76, 10.83, 9.91, 10.28, 10.89, 11.907, 11.983, 11.107, 10.27, 10.03, 10.47, 10.68, 10.99, 11.7, 11.77, 11.19, 11.33, 11.44], [15.816, 15.807, 15.81, 15.05, 14.24, 13.77, 13.852, 13.327, 13.253, 14.376, 15.294, 15.307, 15.603, 15.711, 15.576, 14.756, 13.489, 12.525, 12.161, 12.346, 12.574, 12.195, 11.306, 9.988, 9.862, 10.23, 9.02, 7.79, 7.146, 6.2, 6.08, 5.68, 5.07, 4.13, 2.82, 2.7, 1.8, 2.22, 2.15, 1.47, 1.59, 2.2, 2.33, 2.7, 2.92, 3.06, 3.39, 3.55, 3.07, 2.26, 2.12, 1.86, 1.66, 1.46, 1.3, 0.92, 0.73, 0.99, 1.07, 1.18, 1.54, 1.58, 0, 1.61, 1.98, 2.12, 2.84, 5.55, 8.5, 9.59, 8.65, 9.04, 9.65, 10.639, 10.726, 9.867, 8.99, 9.05, 9.29, 9.5, 9.75, 10.42, 10.53, 10.01, 10.09, 10.16], [14.512, 14.5, 14.5, 13.78, 12.97, 12.5, 12.51, 12.0, 11.96, 13.071, 13.981, 14.003, 14.296, 14.38, 14.245, 13.434, 12.141, 11.134, 10.817, 11.022, 11.199, 10.795, 9.98, 8.735, 8.569, 8.92, 7.73, 6.48, 5.75, 4.97, 4.97, 4.55, 3.9, 3.0, 2.07, 2.21, 2.09, 3.39, 3.42, 2.66, 2.14, 2.47, 2.86, 3.79, 4.07, 4.29, 4.62, 4.8, 4.3, 3.35, 2.75, 3.05, 2.89, 2.73, 2.39, 2.03, 1.84, 1.88, 2.02, 2.33, 2.75, 2.85, 1.61, 0, 0.95, 1.27, 1.79, 4.3, 7.25, 8.28, 7.38, 7.85, 8.44, 9.292, 9.453, 8.56, 7.7, 8.14, 8.34, 8.53, 8.66, 9.37, 9.52, 9.0, 9.06, 9.07], [14.153, 14.147, 14.15, 13.37, 12.657, 12.207, 12.274, 11.769, 11.652, 12.807, 13.745, 13.782, 14.077, 14.154, 13.979, 13.162, 11.889, 10.874, 10.538, 10.717, 10.891, 10.475, 9.715, 8.479, 8.35, 8.73, 7.52, 6.29, 5.554, 4.58, 4.48, 3.94, 3.35, 2.67, 2.04, 2.36, 2.26, 3.56, 3.65, 2.79, 2.31, 2.52, 2.99, 3.96, 4.24, 4.54, 4.83, 4.99, 4.51, 3.54, 2.98, 3.26, 3.14, 3.0, 2.64, 2.26, 2.17, 2.19, 2.23, 2.52, 3.08, 3.16, 1.98, 0.95, 0, 0.78, 1.26, 3.89, 7.0, 8.078, 7.15, 7.54, 8.143, 9.064, 9.214, 8.341, 7.47, 7.45, 7.65, 7.8, 8.01, 8.68, 8.77, 8.21, 8.29, 8.4], [14.224, 14.259, 14.21, 13.39, 12.637, 12.35, 12.406, 11.949, 11.878, 12.998, 13.928, 13.961, 14.248, 14.322, 14.167, 13.347, 12.068, 11.067, 10.666, 10.797, 11.065, 10.7, 9.897, 8.664, 8.542, 8.903, 7.711, 6.47, 5.72, 4.78, 4.54, 3.94, 3.39, 2.75, 2.18, 2.5, 2.28, 3.52, 3.57, 2.77, 2.21, 2.64, 3.03, 3.88, 4.14, 4.38, 4.71, 4.91, 4.43, 3.5, 2.9, 3.16, 3.02, 2.88, 2.52, 2.16, 2.31, 2.37, 2.39, 2.68, 3.26, 3.34, 2.12, 1.27, 0.78, 0, 1.02, 4.07, 7.2, 8.281, 7.341, 7.713, 8.321, 9.233, 9.39, 8.532, 7.65, 7.47, 7.53, 7.74, 7.91, 8.62, 8.73, 8.17, 8.29, 8.4], [13.522, 13.556, 13.49, 12.65, 11.894, 11.624, 11.734, 11.289, 11.221, 12.335, 13.219, 13.227, 13.505, 13.63, 13.495, 12.669, 11.399, 10.427, 10.014, 10.122, 10.408, 10.046, 9.248, 7.965, 7.816, 8.181, 6.98, 5.73, 5.08, 4.26, 3.817, 3.16, 2.75, 2.47, 2.32, 2.7, 2.7, 4.22, 4.23, 3.47, 2.79, 3.12, 3.61, 4.5, 4.84, 5.08, 5.39, 5.59, 5.05, 4.16, 3.48, 3.78, 3.6, 3.5, 3.24, 2.76, 3.07, 3.07, 3.05, 3.42, 3.96, 4.12, 2.84, 1.79, 1.26, 1.02, 0, 3.41, 6.48, 7.55, 6.61, 6.991, 7.584, 8.507, 8.665, 7.806, 6.91, 6.91, 6.79, 7.0, 7.15, 7.88, 8.09, 7.55, 7.71, 7.64], [10.38, 10.394, 10.38, 9.58, 8.79, 8.374, 8.484, 7.94, 7.851, 8.983, 9.913, 9.952, 10.241, 10.315, 10.18, 9.354, 8.082, 7.074, 6.785, 6.941, 7.147, 6.785, 5.987, 4.73, 4.53, 4.88, 3.69, 2.52, 2.23, 2.21, 1.89, 2.31, 2.54, 2.84, 4.11, 4.61, 5.25, 7.15, 7.24, 6.44, 5.96, 5.99, 6.2, 7.71, 8.07, 8.31, 8.62, 8.8, 8.26, 7.29, 6.71, 6.99, 6.87, 6.75, 6.39, 5.99, 5.78, 5.74, 5.74, 6.07, 6.57, 6.85, 5.55, 4.3, 3.89, 4.07, 3.41, 0, 3.15, 4.24, 3.3, 3.69, 4.32, 5.252, 5.36, 4.496, 3.72, 4.34, 4.44, 4.47, 4.74, 5.27, 5.64, 4.96, 5.0, 4.97], [7.479, 7.43, 7.45, 6.69, 5.88, 5.39, 5.42, 4.83, 4.77, 5.893, 6.808, 6.833, 7.12, 7.228, 7.096, 6.273, 5.006, 4.23, 3.98, 4.09, 4.27, 4.0, 3.32, 2.36, 1.82, 2.05, 1.78, 2.25, 2.76, 3.48, 3.62, 4.44, 4.71, 5.15, 6.56, 7.08, 7.88, 9.96, 10.19, 9.466, 9.03, 9.015, 9.191, 10.833, 11.208, 11.44, 11.758, 11.932, 11.39, 10.4, 9.82, 10.08, 9.94, 9.8, 9.52, 9.04, 8.75, 8.63, 8.71, 9.06, 9.52, 9.76, 8.5, 7.25, 7.0, 7.2, 6.48, 3.15, 0, 1.11, 0.87, 1.1, 1.63, 2.29, 2.34, 1.93, 2.17, 2.85, 2.75, 2.72, 2.97, 3.06, 3.43, 2.75, 2.69, 2.86], [6.595, 6.58, 6.56, 5.84, 5.11, 4.54, 4.51, 3.84, 3.74, 4.9, 5.796, 5.84, 6.096, 6.256, 6.063, 5.263, 4.01, 3.32, 3.25, 3.38, 3.52, 3.21, 2.79, 2.27, 1.95, 1.84, 2.03, 2.8, 3.45, 4.27, 4.41, 5.25, 5.52, 6.1, 7.53, 7.99, 8.85, 11.018, 11.271, 10.538, 10.1, 10.024, 10.251, 11.911, 12.288, 12.521, 12.848, 13.009, 12.465, 11.478, 10.901, 11.17, 10.99, 10.89, 10.603, 10.13, 9.76, 9