[[0, 0.66, 0.8, 1.42, 1.32, 1.52, 2.42, 3.46, 3.75, 3.37, 3.93, 4.05, 3.64, 4.05, 4.01, 3.23, 2.95, 2.63, 2.08, 2.3, 2.28, 2.87, 3.81, 4.09, 4.29, 4.27, 4.3, 4.07, 4.06, 4.25, 4.53, 4.67, 3.94, 3.81, 3.87, 3.58, 3.05, 1.87, 1.82, 1.5, 1.64, 1.94, 2.47, 3.29, 2.611, 1.59, 1.77, 1.78, 2.988, 2.998, 3.238, 3.815, 3.968, 3.617, 3.56, 3.87, 4.45, 4.91, 4.85, 4.56, 4.7, 4.73, 4.38, 3.3, 3.18, 3.13, 5.47, 5.92, 5.21, 3.37, 3.4, 3.32, 3.26, 3.57, 4.0, 4.05, 4.11, 3.8, 3.11, 3.18, 3.16, 3.08, 3.12, 2.11, 1.5, 1.53], [0.66, 0, 0.92, 1.54, 1.58, 1.64, 2.7, 3.88, 4.03, 3.77, 4.27, 4.45, 4.04, 4.45, 4.41, 3.55, 3.21, 2.93, 2.2, 2.28, 2.16, 2.77, 3.67, 3.85, 4.05, 4.15, 4.18, 3.95, 3.94, 4.21, 4.57, 4.69, 3.98, 3.87, 3.81, 3.64, 3.01, 1.85, 1.96, 1.64, 1.42, 1.8, 2.47, 3.33, 2.68, 1.67, 1.95, 1.94, 3.251, 3.221, 3.478, 3.995, 4.188, 3.957, 3.88, 4.25, 4.69, 5.183, 5.07, 4.82, 4.76, 4.99, 4.62, 3.44, 3.34, 3.13, 5.31, 5.86, 5.11, 3.35, 3.4, 3.3, 3.28, 3.65, 4.16, 4.21, 4.19, 3.82, 3.27, 3.42, 3.38, 3.36, 3.32, 2.33, 1.76, 1.85], [0.8, 0.92, 0, 0.94, 1.12, 1.34, 2.3, 3.2, 3.49, 3.19, 3.61, 3.79, 3.34, 3.79, 3.77, 2.93, 2.57, 2.27, 1.76, 1.96, 2.02, 2.75, 3.81, 4.15, 4.41, 4.21, 4.24, 4.01, 3.9, 3.93, 4.21, 4.43, 3.72, 3.55, 3.49, 3.22, 2.61, 1.71, 1.7, 1.62, 1.72, 1.78, 2.01, 2.743, 2.16, 1.63, 1.81, 1.58, 2.63, 2.62, 2.88, 3.4, 3.63, 3.25, 3.16, 3.73, 4.23, 4.57, 4.59, 4.36, 4.4, 4.53, 4.18, 3.24, 3.2, 3.53, 6.05, 6.58, 5.85, 4.03, 4.04, 3.98, 3.92, 4.21, 4.44, 4.27, 4.53, 4.28, 3.33, 3.14, 3.28, 3.2, 3.52, 2.53, 1.8, 1.69], [1.42, 1.54, 0.94, 0, 0.88, 1.2, 2.12, 2.88, 3.15, 2.85, 3.17, 3.29, 2.88, 3.27, 3.29, 2.57, 2.17, 1.95, 1.5, 1.8, 2.08, 2.95, 4.17, 4.65, 4.89, 4.49, 4.36, 4.19, 4.06, 3.97, 4.23, 4.45, 3.76, 3.59, 3.43, 3.22, 2.63, 1.91, 1.78, 1.88, 2.02, 1.8, 1.95, 2.47, 1.96, 1.51, 1.71, 1.46, 2.29, 2.26, 2.5, 3.02, 3.29, 2.93, 2.72, 3.39, 3.91, 4.23, 4.27, 4.16, 4.22, 4.31, 3.9, 3.12, 3.1, 4.01, 6.61, 7.191, 6.45, 4.641, 4.636, 4.594, 4.54, 4.83, 5.06, 4.73, 5.07, 4.88, 3.71, 3.0, 3.3, 3.36, 3.82, 2.91, 2.14, 1.99], [1.32, 1.58, 1.12, 0.88, 0, 1.12, 1.8, 2.62, 3.03, 2.81, 3.19, 3.49, 3.06, 3.35, 3.27, 2.65, 2.41, 2.13, 1.7, 2.04, 2.38, 3.27, 4.39, 4.79, 5.05, 4.71, 4.58, 4.39, 4.4, 4.41, 4.69, 4.91, 4.2, 4.05, 3.97, 3.74, 3.05, 2.23, 2.06, 2.12, 2.18, 2.2, 2.43, 2.99, 2.4, 1.73, 1.71, 1.58, 2.35, 2.48, 2.64, 3.24, 3.49, 3.19, 2.94, 3.23, 3.81, 4.15, 4.27, 4.14, 4.38, 4.11, 3.72, 2.86, 2.86, 3.57, 6.09, 6.597, 5.91, 4.03, 4.06, 4.02, 4.0, 4.37, 4.56, 4.31, 4.57, 4.4, 3.23, 2.76, 2.92, 2.94, 3.1, 2.39, 1.8, 1.65], [1.52, 1.64, 1.34, 1.2, 1.12, 0, 1.64, 2.64, 2.93, 2.79, 3.43, 3.71, 3.26, 3.45, 3.35, 2.83, 2.77, 2.49, 2.06, 2.46, 2.66, 3.57, 4.75, 5.09, 5.33, 5.15, 5.08, 4.89, 4.74, 4.79, 5.09, 5.31, 4.6, 4.45, 4.39, 4.12, 3.47, 2.43, 2.28, 2.14, 2.44, 2.54, 2.81, 3.39, 2.82, 2.07, 1.95, 1.98, 2.75, 2.8, 3.08, 3.68, 3.85, 3.45, 3.098, 3.55, 3.95, 4.609, 4.49, 3.86, 4.08, 3.79, 3.6, 2.7, 2.68, 3.29, 5.83, 6.154, 5.424, 3.644, 3.608, 3.552, 3.62, 3.87, 4.08, 3.77, 4.05, 3.92, 2.71, 2.28, 2.4, 2.42, 2.72, 1.91, 1.24, 1.39], [2.42, 2.7, 2.3, 2.12, 1.8, 1.64, 0, 1.62, 1.89, 2.09, 2.87, 3.353, 2.9, 3.05, 2.79, 2.51, 2.63, 2.51, 2.34, 2.98, 3.4, 4.35, 5.41, 6.17, 6.51, 5.69, 5.4, 5.31, 5.18, 4.81, 4.99, 5.13, 4.6, 4.53, 4.31, 4.2, 3.89, 3.53, 3.24, 3.3, 3.72, 3.5, 2.97, 3.31, 3.12, 2.67, 2.43, 2.38, 2.65, 2.82, 2.96, 3.44, 3.53, 3.19, 2.8, 2.91, 3.09, 3.807, 3.718, 3.04, 3.44, 2.83, 2.64, 2.64, 2.64, 3.71, 6.173, 6.449, 5.799, 3.887, 3.851, 3.86, 4.08, 4.21, 4.42, 4.01, 4.37, 4.28, 2.99, 2.48, 2.58, 2.52, 3.04, 2.39, 1.86, 1.67], [3.46, 3.88, 3.2, 2.88, 2.62, 2.64, 1.62, 0, 1.03, 1.19, 1.81, 2.31, 1.92, 2.01, 1.87, 2.03, 2.47, 2.55, 2.8, 3.56, 4.36, 5.17, 6.19, 7.13, 7.39, 6.47, 6.14, 6.09, 5.9, 5.47, 5.41, 5.15, 4.88, 5.05, 4.67, 4.54, 4.49, 4.35, 3.96, 4.1, 4.66, 4.24, 3.57, 3.29, 3.42, 3.45, 3.29, 3.2, 2.55, 2.72, 2.94, 3.12, 3.03, 2.67, 2.26, 2.39, 2.71, 3.01, 2.93, 2.86, 3.12, 2.45, 2.44, 2.96, 3.44, 4.942, 7.479, 7.678, 7.057, 5.165, 5.037, 5.052, 5.301, 5.385, 5.289, 4.925, 5.445, 5.521, 4.03, 3.24, 3.36, 3.3, 4.1, 3.47, 2.96, 2.57], [3.75, 4.03, 3.49, 3.15, 3.03, 2.93, 1.89, 1.03, 0, 0.98, 1.62, 1.96, 1.73, 1.7, 1.8, 2.02, 2.56, 2.8, 3.15, 3.93, 4.77, 5.44, 6.48, 7.46, 7.68, 6.58, 6.23, 6.2, 5.95, 5.62, 5.56, 5.2, 4.97, 5.12, 4.74, 4.61, 4.62, 4.72, 4.35, 4.49, 4.99, 4.61, 3.84, 3.54, 3.71, 3.8, 3.68, 3.55, 2.72, 2.95, 3.23, 3.27, 3.0, 2.7, 2.47, 2.44, 2.52, 2.86, 2.82, 2.51, 2.89, 2.36, 2.41, 2.81, 3.69, 5.1, 7.697, 7.976, 7.326, 5.434, 5.338, 5.362, 5.43, 5.666, 5.596, 5.254, 5.771, 5.782, 4.34, 3.47, 3.67, 3.63, 4.35, 3.8, 3.17, 2.94], [3.37, 3.77, 3.19, 2.85, 2.81, 2.79, 2.09, 1.19, 0.98, 0, 1.34, 1.56, 1.45, 1.66, 1.74, 1.78, 2.12, 2.42, 2.79, 3.59, 4.41, 5.06, 6.12, 7.1, 7.32, 6.16, 5.73, 5.74, 5.43, 5.2, 5.1, 4.68, 4.47, 4.58, 4.2, 4.03, 4.2, 4.36, 3.99, 4.13, 4.65, 4.19, 3.48, 3.12, 3.35, 3.44, 3.32, 3.21, 2.36, 2.63, 2.85, 2.95, 2.84, 2.58, 2.31, 2.52, 2.7, 2.92, 2.88, 2.75, 3.01, 2.74, 2.81, 3.03, 3.71, 5.3, 7.92, 8.247, 7.566, 5.712, 5.715, 5.641, 5.687, 5.909, 5.936, 5.605, 6.122, 6.005, 4.652, 3.87, 3.99, 3.99, 4.69, 3.88, 3.13, 2.94], [3.93, 4.27, 3.61, 3.17, 3.19, 3.43, 2.87, 1.81, 1.62, 1.34, 0, 0.82, 1.11, 1.22, 1.52, 1.54, 2.08, 2.5, 2.93, 3.85, 4.61, 5.1, 6.2, 7.14, 7.36, 6.18, 5.71, 5.72, 5.41, 5.24, 5.08, 4.68, 4.49, 4.5, 4.16, 3.99, 4.28, 4.46, 4.11, 4.37, 4.79, 4.41, 3.56, 3.18, 3.39, 3.56, 3.46, 3.31, 2.28, 2.43, 2.65, 2.75, 2.52, 2.36, 2.13, 2.5, 2.8, 2.58, 2.72, 3.05, 3.39, 3.1, 3.23, 3.69, 4.59, 6.123, 8.744, 9.184, 8.503, 6.646, 6.638, 6.581, 6.574, 6.823, 6.864, 6.511, 7.025, 6.911, 5.574, 4.778, 4.93, 4.87, 5.598, 4.82, 4.09, 3.826], [4.05, 4.45, 3.79, 3.29, 3.49, 3.71, 3.353, 2.31, 1.96, 1.56, 0.82, 0, 0.87, 1.22, 1.66, 1.68, 2.12, 2.58, 3.05, 3.89, 4.67, 5.12, 6.24, 7.14, 7.36, 6.14, 5.69, 5.7, 5.37, 5.2, 5.06, 4.64, 4.45, 4.48, 4.18, 4.01, 4.28, 4.5, 4.19, 4.47, 4.87, 4.49, 3.6, 3.22, 3.41, 3.62, 3.66, 3.49, 2.52, 2.65, 2.77, 2.81, 2.48, 2.3, 2.01, 2.54, 2.9, 2.58, 2.78, 3.01, 3.25, 3.3, 3.45, 4.09, 5.05, 6.62, 9.255, 9.661, 8.994, 7.114, 7.129, 7.073, 7.024, 7.32, 7.376, 7.016, 7.553, 7.413, 6.109, 5.295, 5.45, 5.39, 6.129, 5.26, 4.53, 4.32], [3.64, 4.04, 3.34, 2.88, 3.06, 3.26, 2.9, 1.92, 1.73, 1.45, 1.11, 0.87, 0, 0.87, 1.29, 1.31, 1.79, 2.13, 2.58, 3.4, 4.18, 4.59, 5.67, 6.63, 6.85, 5.77, 5.36, 5.37, 5.04, 4.81, 4.73, 4.31, 4.1, 4.21, 3.87, 3.7, 3.85, 3.93, 3.6, 3.88, 4.36, 4.02, 3.03, 2.67, 2.9, 3.11, 3.15, 2.98, 2.09, 2.16, 2.32, 2.5, 2.25, 1.83, 1.58, 2.25, 2.69, 2.45, 2.67, 2.82, 3.06, 3.03, 3.12, 3.66, 4.6, 6.17, 8.787, 9.206, 8.536, 6.673, 6.673, 6.617, 6.554, 6.839, 6.92, 6.563, 7.086, 6.929, 5.63, 4.86, 5.04, 4.98, 5.662, 4.83, 4.08, 3.87], [4.05, 4.45, 3.79, 3.27, 3.35, 3.45, 3.05, 2.01, 1.7, 1.66, 1.22, 1.22, 0.87, 0, 0.8, 1.34, 1.88, 2.14, 2.65, 3.77, 4.55, 4.78, 5.86, 6.82, 7.02, 5.88, 5.51, 5.5, 5.19, 4.92, 4.86, 4.46, 4.25, 4.36, 3.98, 3.83, 3.96, 4.08, 3.77, 4.07, 4.73, 4.39, 3.26, 2.84, 3.09, 3.32, 3.24, 3.11, 2.02, 2.25, 2.45, 2.57, 2.14, 1.86, 1.77, 2.3, 2.64, 2.44, 2.64, 2.77, 3.15, 2.96, 3.09, 3.91, 4.89, 6.46, 9.04, 9.39, 8.74, 6.84, 6.815, 6.79, 6.79, 7.06, 7.05, 6.702, 7.228, 7.15, 5.76, 4.892, 5.07, 5.03, 5.775, 5.04, 4.31, 4.1], [4.01, 4.41, 3.77, 3.29, 3.27, 3.35, 2.79, 1.87, 1.8, 1.74, 1.52, 1.66, 1.29, 0.8, 0, 1.12, 1.74, 1.98, 2.53, 3.69, 4.43, 4.6, 5.7, 6.64, 6.84, 5.64, 5.31, 5.26, 5.05, 4.68, 4.6, 4.3, 4.05, 4.22, 3.9, 3.71, 3.7, 3.94, 3.61, 3.87, 4.61, 4.29, 3.14, 2.7, 2.91, 3.24, 3.06, 2.95, 1.92, 2.13, 2.27, 2.35, 2.06, 1.8, 1.83, 2.26, 2.54, 2.62, 2.76, 3.01, 3.35, 2.8, 2.91, 3.61, 4.49, 6.04, 8.6, 8.984, 8.28, 6.44, 6.455, 6.384, 6.39, 6.6, 6.675, 6.345, 6.865, 6.69, 5.4, 4.65, 4.89, 4.79, 5.51, 4.68, 3.99, 3.68], [3.23, 3.55, 2.93, 2.57, 2.65, 2.83, 2.51, 2.03, 2.02, 1.78, 1.54, 1.68, 1.31, 1.34, 1.12, 0, 1.02, 1.42, 1.97, 2.99, 3.73, 4.04, 5.18, 6.06, 6.18, 5.04, 4.67, 4.66, 4.41, 4.08, 4.04, 3.82, 3.47, 3.6, 3.24, 3.03, 3.12, 3.4, 3.09, 3.33, 3.83, 3.53, 2.54, 2.34, 2.45, 2.66, 2.6, 2.57, 1.6, 1.81, 1.83, 2.15, 2.06, 1.78, 1.85, 2.6, 2.88, 2.96, 3.14, 3.21, 3.47, 3.2, 3.19, 3.37, 4.07, 5.6, 8.12, 8.57, 7.86, 6.02, 6.05, 5.97, 5.93, 6.18, 6.27, 5.98, 6.46, 6.25, 4.98, 4.41, 4.65, 4.53, 5.23, 4.34, 3.65, 3.36], [2.95, 3.21, 2.57, 2.17, 2.41, 2.77, 2.63, 2.47, 2.56, 2.12, 2.08, 2.12, 1.79, 1.88, 1.74, 1.02, 0, 0.8, 1.49, 2.55, 3.19, 3.46, 4.58, 5.48, 5.6, 4.34, 4.09, 3.98, 3.85, 3.48, 3.48, 3.44, 2.95, 3.06, 2.7, 2.61, 2.46, 2.84, 2.55, 2.83, 3.29, 2.97, 2.02, 1.8, 1.91, 2.3, 2.42, 2.21, 1.38, 1.59, 1.57, 1.79, 1.84, 1.84, 2.25, 3.18, 3.54, 3.56, 3.8, 3.75, 4.01, 3.9, 3.69, 3.55, 4.09, 5.56, 8.06, 8.49, 7.78, 5.96, 5.95, 5.91, 5.85, 6.12, 6.21, 5.9, 6.34, 6.17, 4.94, 4.41, 4.71, 4.61, 5.21, 4.4, 3.63, 3.4], [2.63, 2.93, 2.27, 1.95, 2.13, 2.49, 2.51, 2.55, 2.8, 2.42, 2.5, 2.58, 2.13, 2.14, 1.98, 1.42, 0.8, 0, 1.01, 2.17, 2.75, 3.02, 4.24, 4.98, 5.1, 4.32, 4.11, 4.0, 3.87, 3.5, 3.44, 3.48, 3.03, 3.06, 2.8, 2.61, 2.3, 2.28, 2.03, 2.31, 2.95, 2.57, 1.84, 1.64, 1.41, 1.82, 1.92, 1.63, 1.04, 1.27, 1.23, 1.75, 1.9, 1.74, 2.39, 3.2, 3.6, 3.82, 4.02, 4.01, 4.29, 4.12, 3.75, 3.37, 3.69, 5.16, 7.7, 8.13, 7.46, 5.58, 5.57, 5.55, 5.49, 5.76, 5.81, 5.5, 5.965, 5.85, 4.58, 4.11, 4.43, 4.33, 4.85, 4.0, 3.23, 3.02], [2.08, 2.2, 1.76, 1.5, 1.7, 2.06, 2.34, 2.8, 3.15, 2.79, 2.93, 3.05, 2.58, 2.65, 2.53, 1.97, 1.49, 1.01, 0, 1.5, 1.96, 2.79, 3.95, 4.53, 4.77, 4.25, 4.02, 3.93, 3.8, 3.41, 3.39, 3.49, 3.04, 3.05, 2.97, 2.76, 2.33, 1.63, 1.34, 1.64, 2.28, 2.16, 1.43, 1.65, 1.4, 1.25, 1.41, 1.26, 1.25, 1.32, 1.5, 2.02, 2.13, 1.87, 2.32, 3.05, 3.73, 3.89, 4.01, 3.96, 4.1, 4.09, 3.78, 3.08, 3.2, 4.57, 7.13, 7.654, 6.91, 5.15, 5.182, 5.12, 5.04, 5.29, 5.42, 5.11, 5.609, 5.36, 4.23, 3.86, 4.18, 4.02, 4.52, 3.55, 2.7, 2.47], [2.3, 2.28, 1.96, 1.8, 2.04, 2.46, 2.98, 3.56, 3.93, 3.59, 3.85, 3.89, 3.4, 3.77, 3.69, 2.99, 2.55, 2.17, 1.5, 0, 1.16, 2.27, 3.59, 3.95, 4.35, 3.91, 3.64, 3.59, 3.48, 3.15, 3.47, 3.67, 3.28, 3.19, 3.27, 2.98, 2.27, 1.67, 1.64, 1.98, 2.24, 2.0, 1.71, 1.69, 1.4, 1.63, 1.77, 1.72, 2.25, 2.1, 2.12, 2.416, 2.85, 2.53, 2.84, 3.77, 4.35, 4.53, 4.53, 4.52, 4.3, 4.45, 3.98, 2.92, 3.1, 4.43, 6.91, 7.805, 7.035, 5.315, 5.402, 5.322, 5.185, 5.509, 5.8, 5.41, 5.849, 5.613, 4.53, 4.2, 4.48, 4.34, 4.66, 3.67, 2.82, 2.67], [2.28, 2.16, 2.02, 2.08, 2.38, 2.66, 3.4, 4.36, 4.77, 4.41, 4.61, 4.67, 4.18, 4.55, 4.43, 3.73, 3.19, 2.75, 1.96, 1.16, 0, 1.49, 2.67, 3.13, 3.51, 3.05, 2.78, 2.71, 2.54, 2.37, 3.01, 3.27, 2.7, 2.43, 2.75, 2.6, 1.79, 1.55, 1.8, 1.8, 1.92, 1.6, 1.53, 2.11, 1.76, 1.53, 1.79, 1.76, 2.929, 2.74, 2.799, 3.159, 3.549, 3.25, 3.62, 4.57, 5.19, 5.33, 5.31, 5.34, 5.14, 5.35, 4.88, 3.76, 3.8, 4.45, 6.77, 7.594, 6.824, 5.13, 5.185, 5.105, 5.0, 5.37, 5.88, 5.77, 5.91, 5.62, 4.91, 4.68, 4.96, 4.84, 5.0, 3.91, 3.06, 2.93], [2.87, 2.77, 2.75, 2.95, 3.27, 3.57, 4.35, 5.17, 5.44, 5.06, 5.1, 5.12, 4.59, 4.78, 4.6, 4.04, 3.46, 3.02, 2.79, 2.27, 1.49, 0, 1.48, 2.36, 2.56, 1.84, 1.67, 1.54, 1.45, 1.86, 2.58, 2.78, 2.25, 1.98, 2.34, 2.25, 1.42, 1.82, 2.21, 2.21, 2.15, 1.69, 1.68, 2.04, 1.89, 2.16, 2.36, 2.35, 2.94, 2.91, 2.87, 3.03, 3.38, 3.24, 4.31, 5.5, 5.98, 5.9, 6.0, 6.25, 6.05, 6.22, 5.63, 5.01, 4.95, 4.98, 7.06, 7.958, 7.188, 5.54, 5.61, 5.55, 5.49, 6.04, 6.69, 6.68, 6.64, 6.31, 5.8, 5.69, 5.85, 5.75, 5.73, 4.68, 3.87, 3.78], [3.81, 3.67, 3.81, 4.17, 4.39, 4.75, 5.41, 6.19, 6.48, 6.12, 6.2, 6.24, 5.67, 5.86, 5.7, 5.18, 4.58, 4.24, 3.95, 3.59, 2.67, 1.48, 0, 1.6, 1.68, 1.18, 1.49, 1.6, 1.97, 2.58, 3.16, 3.38, 2.79, 2.52, 3.02, 2.95, 2.42, 3.0, 3.41, 3.35, 2.95, 2.57, 2.7, 3.12, 3.21, 3.34, 3.56, 3.53, 4.08, 4.03, 4.05, 4.19, 4.44, 4.38, 5.39, 6.62, 7.08, 6.92, 7.02, 7.27, 7.07, 7.24, 6.79, 6.29, 6.17, 5.88, 6.76, 7.51, 6.92, 5.92, 6.13, 6.03, 6.05, 6.78, 7.57, 7.72, 7.56, 7.25, 6.82, 6.91, 6.93, 6.83, 6.35, 5.54, 4.89, 4.86], [4.09, 3.85, 4.15, 4.65, 4.79, 5.09, 6.17, 7.13, 7.46, 7.1, 7.14, 7.14, 6.63, 6.82, 6.64, 6.06, 5.48, 4.98, 4.53, 3.95, 3.13, 2.36, 1.6, 0, 0.9, 1.88, 2.41, 2.56, 3.11, 3.76, 4.4, 4.6, 3.97, 3.72, 4.22, 4.15, 3.42, 3.34, 3.73, 3.51, 3.07, 2.95, 3.7, 4.24, 3.87, 3.78, 3.98, 4.03, 5.12, 5.01, 4.95, 5.23, 5.56, 5.34, 6.25, 7.28, 7.92, 7.88, 8.0, 8.19, 7.97, 8.12, 7.61, 6.61, 6.61, 6.18, 6.44, 7.05, 6.7, 5.9, 6.13, 6.01, 6.01, 6.72, 7.55, 7.76, 7.6, 7.25, 6.9, 7.21, 7.17, 7.13, 6.57, 5.82, 5.29, 5.26], [4.29, 4.05, 4.41, 4.89, 5.05, 5.33, 6.51, 7.39, 7.68, 7.32, 7.36, 7.36, 6.85, 7.02, 6.84, 6.18, 5.6, 5.1, 4.77, 4.35, 3.51, 2.56, 1.68, 0.9, 0, 1.92, 2.47, 2.56, 3.09, 3.74, 4.3, 4.42, 3.89, 3.54, 4.06, 3.95, 3.36, 3.42, 3.79, 3.65, 3.29, 3.25, 3.9, 4.36, 4.07, 4.08, 4.3, 4.27, 5.2, 5.11, 4.99, 5.21, 5.44, 5.46, 6.57, 7.52, 8.14, 8.12, 8.28, 8.47, 8.27, 8.48, 7.97, 6.95, 6.97, 6.42, 6.56, 7.13, 6.7, 5.94, 6.19, 6.03, 6.01, 6.78, 7.61, 7.82, 7.7, 7.35, 7.02, 7.37, 7.31, 7.27, 6.75, 6.0, 5.53, 5.5], [4.27, 4.15, 4.21, 4.49, 4.71, 5.15, 5.69, 6.47, 6.58, 6.16, 6.18, 6.14, 5.77, 5.88, 5.64, 5.04, 4.34, 4.32, 4.25, 3.91, 3.05, 1.84, 1.18, 1.88, 1.92, 0, 0.95, 0.96, 1.45, 2.1, 2.6, 2.8, 2.53, 2.14, 2.5, 2.45, 2.3, 3.32, 3.75, 3.73, 3.33, 2.89, 2.9, 3.34, 3.39, 3.68, 3.92, 3.87, 4.3, 4.37, 4.09, 3.91, 4.12, 4.54, 5.67, 6.9, 7.32, 7.16, 7.28, 7.49, 7.33, 7.52, 7.09, 6.67, 6.55, 6.3, 7.32, 7.99, 7.38, 6.44, 6.61, 6.51, 6.53, 7.28, 8.03, 8.16, 8.0, 7.69, 7.3, 7.27, 7.33, 7.23, 6.81, 6.04, 5.33, 5.28], [4.3, 4.18, 4.24, 4.36, 4.58, 5.08, 5.4, 6.14, 6.23, 5.73, 5.71, 5.69, 5.36, 5.51, 5.31, 4.67, 4.09, 4.11, 4.02, 3.64, 2.78, 1.67, 1.49, 2.41, 2.47, 0.95, 0, 0.73, 1.16, 1.71, 2.29, 2.39, 1.96, 1.61, 2.01, 1.96, 2.03, 3.25, 3.66, 3.7, 3.4, 2.84, 2.69, 2.95, 3.14, 3.47, 3.71, 3.72, 4.09, 4.16, 3.88, 3.68, 3.85, 4.27, 5.38, 6.61, 7.01, 6.81, 6.93, 7.16, 6.98, 7.15, 6.88, 6.46, 6.34, 6.33, 7.79, 8.58, 7.85, 6.65, 6.72, 6.6, 6.6, 7.35, 8.1, 8.19, 8.03, 7.68, 7.33, 7.22, 7.36, 7.26, 7.0, 6.13, 5.36, 5.31], [4.07, 3.95, 4.01, 4.19, 4.39, 4.89, 5.31, 6.09, 6.2, 5.74, 5.72, 5.7, 5.37, 5.5, 5.26, 4.66, 3.98, 4.0, 3.93, 3.59, 2.71, 1.54, 1.6, 2.56, 2.56, 0.96, 0.73, 0, 0.85, 1.54, 2.08, 2.38, 2.13, 1.78, 2.08, 2.05, 1.92, 3.06, 3.45, 3.47, 3.19, 2.61, 2.58, 2.88, 3.07, 3.34, 3.56, 3.55, 3.94, 4.03, 3.75, 3.49, 3.74, 4.22, 5.31, 6.54, 6.94, 6.78, 6.9, 7.11, 6.95, 7.18, 6.79, 6.31, 6.25, 6.18, 7.8, 8.49, 7.72, 6.38, 6.39, 6.39, 6.37, 7.12, 7.85, 7.96, 7.78, 7.45, 7.1, 7.01, 7.13, 7.03, 6.77, 5.88, 5.13, 5.08], [4.06, 3.94, 3.9, 4.06, 4.4, 4.74, 5.18, 5.9, 5.95, 5.43, 5.41, 5.37, 5.04, 5.19, 5.05, 4.41, 3.85, 3.87, 3.8, 3.48, 2.54, 1.45, 1.97, 3.11, 3.09, 1.45, 1.16, 0.85, 0, 1.09, 1.77, 2.01, 1.92, 1.49, 1.75, 1.7, 1.79, 2.91, 3.36, 3.42, 3.24, 2.66, 2.45, 2.73, 2.9, 3.25, 3.47, 3.44, 3.83, 3.92, 3.62, 3.38, 3.63, 4.11, 5.18, 6.41, 6.79, 6.57, 6.69, 6.88, 6.78, 7.03, 6.7, 6.16, 6.16, 6.17, 8.25, 8.96, 8.17, 6.67, 6.7, 6.68, 6.62, 7.25, 7.86, 7.85, 7.77, 7.44, 6.99, 6.88, 7.02, 6.92, 6.92, 5.89, 5.1, 5.01], [4.25, 4.21, 3.93, 3.97, 4.41, 4.79, 4.81, 5.47, 5.62, 5.2, 5.24, 5.2, 4.81, 4.92, 4.68, 4.08, 3.48, 3.5, 3.41, 3.15, 2.37, 1.86, 2.58, 3.76, 3.74, 2.1, 1.71, 1.54, 1.09, 0, 1.08, 1.5, 1.59, 1.38, 1.6, 1.55, 1.56, 2.86, 3.25, 3.49, 3.63, 3.01, 2.08, 2.32, 2.59, 3.04, 3.26, 3.17, 3.46, 3.57, 3.23, 2.97, 3.2, 3.68, 4.73, 5.96, 6.34, 6.2, 6.28, 6.53, 6.35, 6.6, 6.33, 5.85, 5.85, 6.52, 8.74, 9.51, 8.74, 7.08, 7.15, 7.09, 6.97, 7.46, 7.97, 7.9, 7.92, 7.59, 7.06, 6.85, 7.11, 6.99, 7.13, 6.06, 5.19, 5.04], [4.53, 4.57, 4.21, 4.23, 4.69, 5.09, 4.99, 5.41, 5.56, 5.1, 5.08, 5.06, 4.73, 4.86, 4.6, 4.04, 3.48, 3.44, 3.39, 3.47, 3.01, 2.58, 3.16, 4.4, 4.3, 2.6, 2.29, 2.08, 1.77, 1.08, 0, 1.04, 1.31, 1.4, 1.5, 1.67, 1.88, 3.2, 3.35, 3.67, 4.07, 3.49, 2.46, 2.6, 2.93, 3.48, 3.64, 3.43, 3.42, 3.55, 3.23, 3.03, 3.1, 3.54, 4.65, 5.84, 6.26, 6.16, 6.38, 6.53, 6.33, 6.52, 6.33, 5.99, 5.93, 6.9, 9.2, 9.93, 9.18, 7.5, 7.57, 7.49, 7.37, 7.72, 8.19, 8.08, 8.26, 7.97, 7.28, 7.03, 7.35, 7.21, 7.45, 6.36, 5.49, 5.32], [4.67, 4.69, 4.43, 4.45, 4.91, 5.31, 5.13, 5.15, 5.2, 4.68, 4.68, 4.64, 4.31, 4.46, 4.3, 3.82, 3.44, 3.48, 3.49, 3.67, 3.27, 2.78, 3.38, 4.6, 4.42, 2.8, 2.39, 2.38, 2.01, 1.5, 1.04, 0, 1.01, 1.32, 1.42, 1.55, 2.14, 3.46, 3.55, 3.73, 4.17, 3.63, 2.66, 2.66, 3.07, 3.62, 3.84, 3.65, 3.42, 3.55, 3.35, 3.11, 3.08, 3.48, 4.65, 5.66, 6.1, 5.84, 6.14, 6.33, 6.25, 6.5, 6.43, 6.13, 6.17, 7.14, 9.38, 9.99, 9.22, 7.54, 7.61, 7.53, 7.41, 7.78, 8.35, 8.3, 8.5, 8.19, 7.5, 7.25, 7.57, 7.43, 7.67, 6.58, 5.71, 5.58], [3.94, 3.98, 3.72, 3.76, 4.2, 4.6, 4.6, 4.88, 4.97, 4.47, 4.49, 4.45, 4.1, 4.25, 4.05, 3.47, 2.95, 3.03, 3.04, 3.28, 2.7, 2.25, 2.79, 3.97, 3.89, 2.53, 1.96, 2.13, 1.92, 1.59, 1.31, 1.01, 0, 0.73, 1.11, 1.24, 1.53, 2.73, 3.0, 3.12, 3.56, 3.04, 1.97, 2.15, 2.5, 2.99, 3.37, 3.14, 3.01, 3.22, 3.18, 3.12, 3.03, 3.21, 4.38, 5.49, 5.91, 5.75, 5.87, 6.04, 5.96, 6.23, 6.16, 5.86, 5.8, 6.63, 8.91, 9.46, 8.69, 6.95, 7.0, 6.94, 6.82, 7.11, 7.64, 7.63, 7.83, 7.5, 6.81, 6.56, 6.86, 6.72, 7.02, 5.93, 5.1, 5.01], [3.81, 3.87, 3.55, 3.59, 4.05, 4.45, 4.53, 5.05, 5.12, 4.58, 4.5, 4.48, 4.21, 4.36, 4.22, 3.6, 3.06, 3.06, 3.05, 3.19, 2.43, 1.98, 2.52, 3.72, 3.54, 2.14, 1.61, 1.78, 1.49, 1.38, 1.4, 1.32, 0.73, 0, 0.84, 0.85, 1.3, 2.54, 2.93, 3.05, 3.37, 2.77, 1.82, 2.2, 2.41, 2.88, 3.24, 2.97, 3.06, 3.23, 3.13, 3.17, 3.18, 3.42, 4.53, 5.7, 6.06, 5.9, 6.04, 6.11, 6.17, 6.42, 6.23, 5.87, 5.75, 6.46, 8.7, 9.27, 8.5, 6.78, 6.79, 6.73, 6.65, 7.02, 7.55, 7.52, 7.64, 7.33, 6.66, 6.43, 6.73, 6.59, 6.85, 5.78, 4.97, 4.88], [3.87, 3.81, 3.49, 3.43, 3.97, 4.39, 4.31, 4.67, 4.74, 4.2, 4.16, 4.18, 3.87, 3.98, 3.9, 3.24, 2.7, 2.8, 2.97, 3.27, 2.75, 2.34, 3.02, 4.22, 4.06, 2.5, 2.01, 2.08, 1.75, 1.6, 1.5, 1.42, 1.11, 0.84, 0, 0.63, 1.38, 2.7, 3.01, 3.07, 3.45, 2.85, 1.94, 2.12, 2.39, 2.92, 3.24, 3.05, 3.0, 3.19, 3.07, 2.97, 2.96, 3.3, 4.45, 5.6, 5.94, 5.78, 5.98, 5.97, 6.07, 6.32, 6.19, 5.85, 5.77, 6.54, 8.94, 9.49, 8.72, 6.96, 6.95, 6.91, 6.87, 7.18, 7.57, 7.6, 7.72, 7.43, 6.66, 6.25, 6.63, 6.59, 6.85, 5.88, 5.07, 5.0], [3.58, 3.64, 3.22, 3.22, 3.74, 4.12, 4.2, 4.54, 4.61, 4.03, 3.99, 4.01, 3.7, 3.83, 3.71, 3.03, 2.61, 2.61, 2.76, 2.98, 2.6, 2.25, 2.95, 4.15, 3.95, 2.45, 1.96, 2.05, 1.7, 1.55, 1.67, 1.55, 1.24, 0.85, 0.63, 0, 1.21, 2.51, 2.78, 2.96, 3.44, 2.68, 1.71, 1.89, 2.12, 2.73, 2.99, 2.82, 2.75, 2.94, 2.84, 2.76, 2.77, 3.09, 4.26, 5.41, 5.75, 5.63, 5.81, 5.76, 5.86, 6.11, 5.98, 5.62, 5.52, 6.37, 8.85, 9.38, 8.65, 6.83, 6.86, 6.78, 6.72, 7.03, 7.34, 7.33, 7.51, 7.22, 6.37, 6.04, 6.34, 6.28, 6.58, 5.55, 4.74, 4.65], [3.05, 3.01, 2.61, 2.63, 3.05, 3.47, 3.89, 4.49, 4.62, 4.2, 4.28, 4.28, 3.85, 3.96, 3.7, 3.12, 2.46, 2.3, 2.33, 2.27, 1.79, 1.42, 2.42, 3.42, 3.36, 2.3, 2.03, 1.92, 1.79, 1.56, 1.88, 2.14, 1.53, 1.3, 1.38, 1.21, 0, 1.78, 2.11, 2.41, 2.65, 2.03, 1.28, 1.54, 1.57, 2.04, 2.3, 2.17, 2.36, 2.47, 2.33, 2.41, 2.58, 2.74, 3.83, 5.08, 5.4, 5.42, 5.48, 5.67, 5.59, 5.86, 5.33, 4.87, 4.81, 5.58, 8.02, 8.73, 7.96, 6.24, 6.25, 6.19, 6.15, 6.46, 6.83, 6.7, 6.8, 6.47, 5.74, 5.53, 5.77, 5.67, 5.87, 4.86, 4.01, 3.94], [1.87, 1.85, 1.71, 1.91, 2.23, 2.43, 3.53, 4.35, 4.72, 4.36, 4.46, 4.5, 3.93, 4.08, 3.94, 3.4, 2.84, 2.28, 1.63, 1.67, 1.55, 1.82, 3.0, 3.34, 3.42, 3.32, 3.25, 3.06, 2.91, 2.86, 3.2, 3.46, 2.73, 2.54, 2.7, 2.51, 1.78, 0, 0.81, 1.03, 1.37, 1.49, 1.28, 1.92, 1.57, 1.42, 1.68, 1.53, 2.42, 2.37, 2.45, 2.87, 3.08, 2.84, 3.65, 4.6, 5.26, 5.36, 5.38, 5.55, 5.47, 5.66, 5.19, 3.99, 3.83, 4.2, 6.62, 7.27, 6.5, 4.78, 4.81, 4.75, 4.65, 4.94, 5.25, 5.18, 5.36, 5.03, 4.3, 4.05, 4.31, 4.25, 4.51, 3.48, 2.85, 2.82], [1.82, 1.96, 1.7, 1.78, 2.06, 2.28, 3.24, 3.96, 4.35, 3.99, 4.11, 4.19, 3.6, 3.77, 3.61, 3.09, 2.55, 2.03, 1.34, 1.64, 1.8, 2.21, 3.41, 3.73, 3.79, 3.75, 3.66, 3.45, 3.36, 3.25, 3.35, 3.55, 3.0, 2.93, 3.01, 2.78, 2.11, 0.81, 0, 0.84, 1.66, 1.78, 1.57, 2.13, 1.78, 1.59, 1.63, 1.46, 2.07, 2.02, 2.2, 2.66, 2.87, 2.55, 3.26, 4.17, 4.85, 5.03, 5.17, 5.16, 5.18, 5.21, 4.84, 3.64, 3.56, 4.17, 6.57, 7.14, 6.37, 4.63, 4.66, 4.58, 4.5, 4.75, 5.02, 4.79, 5.15, 4.86, 4.05, 3.82, 4.1, 3.98, 4.28, 3.35, 2.66, 2.59], [1.5, 1.64, 1.62, 1.88, 2.12, 2.14, 3.3, 4.1, 4.49, 4.13, 4.37, 4.47, 3.88, 4.07, 3.87, 3.33, 2.83, 2.31, 1.64, 1.98, 1.8, 2.21, 3.35, 3.51, 3.65, 3.73, 3.7, 3.47, 3.42, 3.49, 3.67, 3.73, 3.12, 3.05, 3.07, 2.96, 2.41, 1.03, 0.84, 0, 1.12, 1.62, 1.85, 2.57, 2.0, 1.61, 1.67, 1.64, 2.59, 2.56, 2.76, 3.26, 3.457, 2.93, 3.5, 4.49, 5.11, 5.39, 5.53, 5.44, 5.52, 5.41, 5.16, 4.0, 3.84, 4.07, 6.15, 6.6, 5.85, 4.11, 4.12, 4.06, 4.02, 4.21, 4.7, 4.69, 4.93, 4.62, 3.81, 3.8, 3.98, 3.9, 4.22, 3.23, 2.58, 2.53], [1.64, 1.42, 1.72, 2.02, 2.18, 2.44, 3.72, 4.66, 4.99, 4.65, 4.79, 4.87, 4.36, 4.73, 4.61, 3.83, 3.29, 2.95, 2.28, 2.24, 1.92, 2.15, 2.95, 3.07, 3.29, 3.33, 3.4, 3.19, 3.24, 3.63, 4.07, 4.17, 3.56, 3.37, 3.45, 3.44, 2.65, 1.37, 1.66, 1.12, 0, 1.24, 2.19, 3.01, 2.48, 1.69, 1.89, 1.98, 3.31, 3.28, 3.387, 3.847, 4.157, 3.81, 4.02, 4.97, 5.57, 5.69, 5.77, 5.9, 5.84, 5.97, 5.52, 4.28, 4.06, 3.67, 5.55, 6.18, 5.43, 3.87, 3.88, 3.8, 3.78, 4.33, 5.0, 5.03, 4.99, 4.62, 4.11, 4.18, 4.16, 4.18, 4.2, 3.29, 2.86, 2.89], [1.94, 1.8, 1.78, 1.8, 2.2, 2.54, 3.5, 4.24, 4.61, 4.19, 4.41, 4.49, 4.02, 4.39, 4.29, 3.53, 2.97, 2.57, 2.16, 2.0, 1.6, 1.69, 2.57, 2.95, 3.25, 2.89, 2.84, 2.61, 2.66, 3.01, 3.49, 3.63, 3.04, 2.77, 2.85, 2.68, 2.03, 1.49, 1.78, 1.62, 1.24, 0, 1.63, 2.45, 2.08, 1.59, 1.85, 1.88, 3.009, 2.88, 3.059, 3.519, 3.746, 3.41, 3.8, 4.77, 5.19, 5.43, 5.41, 5.56, 5.46, 5.69, 5.2, 4.3, 4.26, 4.25, 6.31, 6.9, 6.11, 4.67, 4.64, 4.6, 4.6, 5.13, 5.72, 5.75, 5.71, 5.36, 4.83, 4.58, 4.74, 4.72, 4.78, 3.85, 3.16, 3.11], [2.47, 2.47, 2.01, 1.95, 2.43, 2.81, 2.97, 3.57, 3.84, 3.48, 3.56, 3.6, 3.03, 3.26, 3.14, 2.54, 2.02, 1.84, 1.43, 1.71, 1.53, 1.68, 2.7, 3.7, 3.9, 2.9, 2.69, 2.58, 2.45, 2.08, 2.46, 2.66, 1.97, 1.82, 1.94, 1.71, 1.28, 1.28, 1.57, 1.85, 2.19, 1.63, 0, 1.06, 1.17, 1.4, 1.74, 1.43, 1.82, 1.85, 1.99, 2.29, 2.38, 2.1, 2.95, 4.16, 4.62, 4.5, 4.54, 4.73, 4.63, 4.9, 4.61, 4.23, 4.13, 5.0, 7.48, 8.144, 7.38, 5.64, 5.71, 5.63, 5.51, 5.84, 6.17, 5.96, 6.18, 5.87, 5.1, 4.81, 5.09, 5.01, 5.25, 4.22, 3.37, 3.22], [3.29, 3.33, 2.743, 2.47, 2.99, 3.39, 3.31, 3.29, 3.54, 3.12, 3.18, 3.22, 2.67, 2.84, 2.7, 2.34, 1.8, 1.64, 1.65, 1.69, 2.11, 2.04, 3.12, 4.24, 4.36, 3.34, 2.95, 2.88, 2.73, 2.32, 2.6, 2.66, 2.15, 2.2, 2.12, 1.89, 1.54, 1.92, 2.13, 2.57, 3.01, 2.45, 1.06, 0, 0.85, 1.96, 2.38, 2.09, 1.48, 1.65, 1.65, 1.65, 1.82, 1.7, 2.73, 3.98, 4.32, 4.26, 4.26, 4.53, 4.45, 4.72, 4.35, 4.07, 4.39, 5.8, 8.332, 9.058, 8.3, 6.542, 6.58, 6.515, 6.418, 6.714, 6.89, 6.54, 7.022, 6.767, 5.66, 5.17, 5.49, 5.41, 5.85, 4.92, 4.03, 3.82], [2.611, 2.68, 2.16, 1.96, 2.4, 2.82, 3.12, 3.42, 3.71, 3.35, 3.39, 3.41, 2.9, 3.09, 2.91, 2.45, 1.91, 1.41, 1.4, 1.4, 1.76, 1.89, 3.21, 3.87, 4.07, 3.39, 3.14, 3.07, 2.9, 2.59, 2.93, 3.07, 2.5, 2.41, 2.39, 2.12, 1.57, 1.57, 1.78, 2.0, 2.48, 2.08, 1.17, 0.85, 0, 1.37, 1.73, 1.46, 1.51, 1.66, 1.52, 1.78, 2.23, 1.97, 2.76, 3.87, 4.29, 4.41, 4.39, 4.68, 4.58, 4.83, 4.24, 3.76, 3.84, 5.15, 7.722, 8.434, 7.676, 5.915, 5.936, 5.868, 5.791, 6.084, 6.3, 6.03, 6.478, 6.157, 5.11, 4.68, 4.98, 4.9, 5.26, 4.25, 3.38, 3.23], [1.59, 1.67, 1.63, 1.51, 1.73, 2.07, 2.67, 3.45, 3.8, 3.44, 3.56, 3.62, 3.11, 3.32, 3.24, 2.66, 2.3, 1.82, 1.25, 1.63, 1.53, 2.16, 3.34, 3.78, 4.08, 3.68, 3.47, 3.34, 3.25, 3.04, 3.48, 3.62, 2.99, 2.88, 2.92, 2.73, 2.04, 1.42, 1.59, 1.61, 1.69, 1.59, 1.4, 1.96, 1.37, 0, 0.72, 0.79, 2.0, 2.01, 2.088, 2.525, 2.878, 2.704, 2.87, 3.68, 4.32, 4.46, 4.36, 4.65, 4.63, 4.74, 4.19, 3.31, 3.23, 3.92, 6.374, 7.101, 6.34, 4.611, 4.655, 4.575, 4.49, 4.92, 5.31, 5.26, 5.44, 5.07, 4.36, 4.07, 4.31, 4.21, 4.41, 3.36, 2.51, 2.48], [1.77, 1.95, 1.81, 1.71, 1.71, 1.95, 2.43, 3.29, 3.68, 3.32, 3.46, 3.66, 3.15, 3.24, 3.06, 2.6, 2.42, 1.92, 1.41, 1.77, 1.79, 2.36, 3.56, 3.98, 4.3, 3.92, 3.71, 3.56, 3.47, 3.26, 3.64, 3.84, 3.37, 3.24, 3.24, 2.99, 2.3, 1.68, 1.63, 1.67, 1.89, 1.85, 1.74, 2.38, 1.73, 0.72, 0, 0.81, 1.96, 1.93, 1.903, 2.503, 2.833, 2.66, 2.77, 3.5, 4.12, 4.36, 4.46, 4.59, 4.61, 4.4, 3.93, 3.11, 2.93, 3.64, 6.12, 6.841, 6.074, 4.414, 4.478, 4.398, 4.37, 4.78, 5.21, 5.08, 5.26, 4.91, 4.18, 3.83, 4.11, 3.99, 4.09, 3.02, 2.27, 2.14], [1.78, 1.94, 1.58, 1.46, 1.58, 1.98, 2.38, 3.2, 3.55, 3.21, 3.31, 3.49, 2.98, 3.11, 2.95, 2.57, 2.21, 1.63, 1.26, 1.72, 1.76, 2.35, 3.53, 4.03, 4.27, 3.87, 3.72, 3.55, 3.44, 3.17, 3.43, 3.65, 3.14, 2.97, 3.05, 2.82, 2.17, 1.53, 1.46, 1.64, 1.98, 1.88, 1.43, 2.09, 1.46, 0.79, 0.81, 0, 1.61, 1.56, 1.72, 2.2, 2.51, 2.41, 2.6, 3.39, 3.99, 4.05, 4.19, 4.46, 4.46, 4.37, 3.92, 3.16, 3.02, 3.89, 6.49, 7.154, 6.402, 4.655, 4.731, 4.639, 4.557, 4.941, 5.32, 5.13, 5.35, 5.02, 4.21, 3.82, 4.08, 3.98, 4.16, 3.09, 2.3, 2.17], [2.988, 3.251, 2.63, 2.29, 2.35, 2.75, 2.65, 2.55, 2.72, 2.36, 2.28, 2.52, 2.09, 2.02, 1.92, 1.6, 1.38, 1.04, 1.25, 2.25, 2.929, 2.94, 4.08, 5.12, 5.2, 4.3, 4.09, 3.94, 3.83, 3.46, 3.42, 3.42, 3.01, 3.06, 3.0, 2.75, 2.36, 2.42, 2.07, 2.59, 3.31, 3.009, 1.82, 1.48, 1.51, 2.0, 1.96, 1.61, 0, 0.65, 0.91, 1.21, 1.3, 1.26, 2.03, 2.9, 3.28, 3.28, 3.48, 3.59, 3.79, 3.68, 3.33, 3.21, 3.71, 5.223, 7.85, 8.336, 7.655, 5.832, 5.841, 5.784, 5.731, 6.018, 6.153, 5.834, 6.271, 6.073, 4.948, 4.45, 4.67, 4.47, 5.03, 4.08, 3.27, 3.054], [2.998, 3.221, 2.62, 2.26, 2.48, 2.8, 2.82, 2.72, 2.95, 2.63, 2.43, 2.65, 2.16, 2.25, 2.13, 1.81, 1.59, 1.27, 1.32, 2.1, 2.74, 2.91, 4.03, 5.01, 5.11, 4.37, 4.16, 4.03, 3.92, 3.57, 3.55, 3.55, 3.22, 3.23, 3.19, 2.94, 2.47, 2.37, 2.02, 2.56, 3.28, 2.88, 1.85, 1.65, 1.66, 2.01, 1.93, 1.56, 0.65, 0, 0.78, 1.22, 1.35, 1.21, 1.9, 2.73, 3.19, 3.17, 3.41, 3.54, 3.68, 3.61, 3.22, 3.14, 3.66, 5.173, 7.8, 8.332, 7.596, 5.827, 5.859, 5.803, 5.747, 5.996, 6.202, 5.875, 6.286, 6.143, 4.995, 4.551, 4.74, 4.54, 5.011, 4.079, 3.24, 3.042], [3.238, 3.478, 2.88, 2.5, 2.64, 3.08, 2.96, 2.94, 3.23, 2.85, 2.65, 2.77, 2.32, 2.45, 2.27, 1.83, 1.57, 1.23, 1.5, 2.12, 2.799, 2.87, 4.05, 4.95, 4.99, 4.09, 3.88, 3.75, 3.62, 3.23, 3.23, 3.35, 3.18, 3.13, 3.07, 2.84, 2.33, 2.45, 2.2, 2.76, 3.387, 3.059, 1.99, 1.65, 1.52, 2.088, 1.903, 1.72, 0.91, 0.78, 0, 0.8, 1.19, 1.29, 1.88, 2.91, 3.35, 3.37, 3.61, 3.84, 3.82, 3.73, 3.32, 3.3, 3.76, 5.293, 7.88, 8.58, 7.827, 6.09, 6.124, 6.065, 6.035, 6.275, 6.484, 6.169, 6.606, 6.402, 5.275, 4.811, 5.0, 4.82, 5.251, 4.35, 3.518, 3.236], [3.815, 3.995, 3.4, 3.02, 3.24, 3.68, 3.44, 3.12, 3.27, 2.95, 2.75, 2.81, 2.5, 2.57, 2.35, 2.15, 1.79, 1.75, 2.02, 2.416, 3.159, 3.03, 4.19, 5.23, 5.21, 3.91, 3.68, 3.49, 3.38, 2.97, 3.03, 3.11, 3.12, 3.17, 2.97, 2.76, 2.41, 2.87, 2.66, 3.26, 3.847, 3.519, 2.29, 1.65, 1.78, 2.525, 2.503, 2.2, 1.21, 1.22, 0.8, 0, 0.81, 1.33, 2.08, 3.19, 3.63, 3.51, 3.69, 4.06, 3.98, 3.93, 3.58, 3.64, 4.28, 5.816, 8.368, 9.142, 8.393, 6.649, 6.698, 6.642, 6.571, 6.863, 7.098, 6.766, 7.197, 6.988, 5.875, 5.411, 5.571, 5.4, 5.831, 4.921, 4.091, 3.836], [3.968, 4.188, 3.63, 3.29, 3.49, 3.85, 3.53, 3.03, 3.0, 2.84, 2.52, 2.48, 2.25, 2.14, 2.06, 2.06, 1.84, 1.9, 2.13, 2.85, 3.549, 3.38, 4.44, 5.56, 5.44, 4.12, 3.85, 3.74, 3.63, 3.2, 3.1, 3.08, 3.03, 3.18, 2.96, 2.77, 2.58, 3.08, 2.87, 3.457, 4.157, 3.746, 2.38, 1.82, 2.23, 2.878, 2.833, 2.51, 1.3, 1.35, 1.19, 0.81, 0, 1.1, 2.03, 2.98, 3.42, 3.18, 3.48, 3.65, 3.65, 3.58, 3.61, 3.89, 4.61, 6.107, 8.716, 9.33, 8.587, 6.837, 6.869, 6.835, 6.768, 7.072, 7.26, 6.956, 7.401, 7.224, 6.065, 5.601, 5.761, 5.552, 6.041, 5.091, 4.221, 4.032], [3.617, 3.957, 3.25, 2.93, 3.19, 3.45, 3.19, 2.67, 2.7, 2.58, 2.36, 2.3, 1.83, 1.86, 1.8, 1.78, 1.84, 1.74, 1.87, 2.53, 3.25, 3.24, 4.38, 5.34, 5.46, 4.54, 4.27, 4.22, 4.11, 3.68, 3.54, 3.48, 3.21, 3.42, 3.3, 3.09, 2.74, 2.84, 2.55, 2.93, 3.81, 3.41, 2.1, 1.7, 1.97, 2.704, 2.66, 2.41, 1.26, 1.21, 1.29, 1.33, 1.1, 0, 1.51, 2.6, 3.12, 3.06, 3.4, 3.35, 3.43, 3.36, 3.33, 3.73, 4.51, 6.043, 8.667, 9.02, 8.327, 6.567, 6.587, 6.533, 6.537, 6.784, 6.889, 6.543, 7.04, 6.948, 5.674, 5.138, 5.33, 5.13, 5.647, 4.8, 3.95, 3.76], [3.56, 3.88, 3.16, 2.72, 2.94, 3.098, 2.8, 2.26, 2.47, 2.31, 2.13, 2.01, 1.58, 1.77, 1.83, 1.85, 2.25, 2.39, 2.32, 2.84, 3.62, 4.31, 5.39, 6.25, 6.57, 5.67, 5.38, 5.31, 5.18, 4.73, 4.65, 4.65, 4.38, 4.53, 4.45, 4.26, 3.83, 3.65, 3.26, 3.5, 4.02, 3.8, 2.95, 2.73, 2.76, 2.87, 2.77, 2.6, 2.03, 1.9, 1.88, 2.08, 2.03, 1.51, 0, 1.55, 2.01, 2.11, 2.23, 2.4, 2.34, 2.13, 2.32, 3.36, 4.155, 5.779, 8.363, 8.92, 8.148, 6.439, 6.471, 6.368, 6.384, 6.573, 6.674, 6.355, 6.904, 6.721, 5.372, 4.635, 4.848, 4.699, 5.455, 4.571, 3.715, 3.513], [3.87, 4.25, 3.73, 3.39, 3.23, 3.55, 2.91, 2.39, 2.44, 2.52, 2.5, 2.54, 2.25, 2.3, 2.26, 2.6, 3.18, 3.2, 3.05, 3.77, 4.57, 5.5, 6.62, 7.28, 7.52, 6.9, 6.61, 6.54, 6.41, 5.96, 5.84, 5.66, 5.49, 5.7, 5.6, 5.41, 5.08, 4.6, 4.17, 4.49, 4.97, 4.77, 4.16, 3.98, 3.87, 3.68, 3.5, 3.39, 2.9, 2.73, 2.91, 3.19, 2.98, 2.6, 1.55, 0, 1.06, 1.34, 1.52, 1.77, 1.77, 1.64, 2.13, 3.31, 4.19, 5.696, 8.279, 8.753, 8.024, 6.266, 6.32, 6.287, 6.235, 6.475, 6.623, 6.219, 6.745, 6.594, 5.317, 4.638, 4.697, 4.589, 5.42, 4.544, 3.831, 3.5], [4.45, 4.69, 4.23, 3.91, 3.81, 3.95, 3.09, 2.71, 2.52, 2.7, 2.8, 2.9, 2.69, 2.64, 2.54, 2.88, 3.54, 3.6, 3.73, 4.35, 5.19, 5.98, 7.08, 7.92, 8.14, 7.32, 7.01, 6.94, 6.79, 6.34, 6.26, 6.1, 5.91, 6.06, 5.94, 5.75, 5.4, 5.26, 4.85, 5.11, 5.57, 5.19, 4.62, 4.32, 4.29, 4.32, 4.12, 3.99, 3.28, 3.19, 3.35, 3.63, 3.42, 3.12, 2.01, 1.06, 0, 1.14, 1.06, 1.45, 1.61, 1.64, 2.21, 3.71, 4.58, 6.045, 8.6, 9.161, 8.41, 6.657, 6.702, 6.608, 6.644, 6.789, 6.935, 6.535, 7.064, 6.901, 5.62, 5.018, 5.042, 4.879, 5.743, 4.95, 4.27, 3.92], [4.91, 5.183, 4.57, 4.23, 4.15, 4.609, 3.807, 3.01, 2.86, 2.92, 2.58, 2.58, 2.45, 2.44, 2.62, 2.96, 3.56, 3.82, 3.89, 4.53, 5.33, 5.9, 6.92, 7.88, 8.12, 7.16, 6.81, 6.78, 6.57, 6.2, 6.16, 5.84, 5.75, 5.9, 5.78, 5.63, 5.42, 5.36, 5.03, 5.39, 5.69, 5.43, 4.5, 4.26, 4.41, 4.46, 4.36, 4.05, 3.28, 3.17, 3.37, 3.51, 3.18, 3.06, 2.11, 1.34, 1.14, 0, 0.78, 1.63, 1.81, 2.0, 2.833, 4.243, 5.174, 6.674, 9.271, 9.86, 9.139, 7.401, 7.438, 7.396, 7.324, 7.592, 7.767, 7.311, 7.857, 7.706, 6.454, 5.791, 5.812, 5.686, 6.532, 5.677, 4.936, 4.625], [4.85, 5.07, 4.59, 4.27, 4.27, 4.49, 3.718, 2.93, 2.82, 2.88, 2.72, 2.78, 2.67, 2.64, 2.76, 3.14, 3.8, 4.02, 4.01, 4.53, 5.31, 6.0, 7.02, 8.0, 8.28, 7.28, 6.93, 6.9, 6.69, 6.28, 6.38, 6.14, 5.87, 6.04, 5.98, 5.81, 5.48, 5.38, 5.17, 5.53, 5.77, 5.41, 4.54, 4.26, 4.39, 4.36, 4.46, 4.19, 3.48, 3.41, 3.61, 3.69, 3.48, 3.4, 2.23, 1.52, 1.06, 0.78, 0, 1.41, 1.55, 1.84, 2.61, 3.958, 5.03, 6.504, 9.057, 9.743, 8.995, 7.3, 7.352, 7.275, 7.182, 7.466, 7.589, 7.122, 7.679, 7.488, 6.291, 5.668, 5.66, 5.523, 6.303, 5.587, 4.746, 4.489], [4.56, 4.82, 4.36, 4.16, 4.14, 3.86, 3.04, 2.86, 2.51, 2.75, 3.05, 3.01, 2.82, 2.77, 3.01, 3.21, 3.75, 4.01, 3.96, 4.52, 5.34, 6.25, 7.27, 8.19, 8.47, 7.49, 7.16, 7.11, 6.88, 6.53, 6.53, 6.33, 6.04, 6.11, 5.97, 5.76, 5.67, 5.55, 5.16, 5.44, 5.9, 5.56, 4.73, 4.53, 4.68, 4.65, 4.59, 4.46, 3.59, 3.54, 3.84, 4.06, 3.65, 3.35, 2.4, 1.77, 1.45, 1.63, 1.41, 0, 0.82, 1.13, 2.04, 3.366, 4.283, 5.819, 8.426, 8.807, 8.114, 6.328, 6.308, 6.32, 6.281, 6.565, 6.617, 6.21, 6.708, 6.602, 5.419, 4.84, 4.788, 4.639, 5.316, 4.51, 3.88, 3.91], [4.7, 4.76, 4.4, 4.22, 4.38, 4.08, 3.44, 3.12, 2.89, 3.01, 3.39, 3.25, 3.06, 3.15, 3.35, 3.47, 4.01, 4.29, 4.1, 4.3, 5.14, 6.05, 7.07, 7.97, 8.27, 7.33, 6.98, 6.95, 6.78, 6.35, 6.33, 6.25, 5.96, 6.17, 6.07, 5.86, 5.59, 5.47, 5.18, 5.52, 5.84, 5.46, 4.63, 4.45, 4.58, 4.63, 4.61, 4.46, 3.79, 3.68, 3.82, 3.98, 3.65, 3.43, 2.34, 1.77, 1.61, 1.81, 1.55, 0.82, 0, 1.05, 2.0, 3.22, 4.104, 5.66, 8.3, 8.869, 8.122, 6.464, 6.502, 6.508, 6.4, 6.738, 6.781, 6.4, 6.872, 6.74, 5.592, 5.18, 5.04, 4.879, 5.576, 4.67, 3.98, 4.05], [4.73, 4.99, 4.53, 4.31, 4.11, 3.79, 2.83, 2.45, 2.36, 2.74, 3.1, 3.3, 3.03, 2.96, 2.8, 3.2, 3.9, 4.12, 4.09, 4.45, 5.35, 6.22, 7.24, 8.12, 8.48, 7.52, 7.15, 7.18, 7.03, 6.6, 6.52, 6.5, 6.23, 6.42, 6.32, 6.11, 5.86, 5.66, 5.21, 5.41, 5.97, 5.69, 4.9, 4.72, 4.83, 4.74, 4.4, 4.37, 3.68, 3.61, 3.73, 3.93, 3.58, 3.36, 2.13, 1.64, 1.64, 2.0, 1.84, 1.13, 1.05, 0, 1.37, 2.71, 3.55, 5.12, 7.673, 8.228, 7.481, 5.811, 5.881, 5.761, 5.759, 5.988, 6.063, 5.773, 6.251, 6.094, 4.9, 4.49, 4.27, 4.11, 4.91, 4.02, 3.55, 3.48], [4.38, 4.62, 4.18, 3.9, 3.72, 3.6, 2.64, 2.44, 2.41, 2.81, 3.23, 3.45, 3.12, 3.09, 2.91, 3.19, 3.69, 3.75, 3.78, 3.98, 4.88, 5.63, 6.79, 7.61, 7.97, 7.09, 6.88, 6.79, 6.7, 6.33, 6.33, 6.43, 6.16, 6.23, 6.19, 5.98, 5.33, 5.19, 4.84, 5.16, 5.52, 5.2, 4.61, 4.35, 4.24, 4.19, 3.93, 3.92, 3.33, 3.22, 3.32, 3.58, 3.61, 3.33, 2.32, 2.13, 2.21, 2.833, 2.61, 2.04, 2.0, 1.37, 0, 1.9, 2.86, 4.25, 6.659, 7.466, 6.71, 5.03, 5.108, 5.06, 5.04, 5.215, 5.362, 4.96, 5.468, 5.247, 4.17, 4.0, 3.64, 3.52, 4.28, 3.57, 3.2, 3.03], [3.3, 3.44, 3.24, 3.12, 2.86, 2.7, 2.64, 2.96, 2.81, 3.03, 3.69, 4.09, 3.66, 3.91, 3.61, 3.37, 3.55, 3.37, 3.08, 2.92, 3.76, 5.01, 6.29, 6.61, 6.95, 6.67, 6.46, 6.31, 6.16, 5.85, 5.99, 6.13, 5.86, 5.87, 5.85, 5.62, 4.87, 3.99, 3.64, 4.0, 4.28, 4.3, 4.23, 4.07, 3.76, 3.31, 3.11, 3.16, 3.21, 3.14, 3.3, 3.64, 3.89, 3.73, 3.36, 3.31, 3.71, 4.243, 3.958, 3.366, 3.22, 2.71, 1.9, 0, 1.64, 2.83, 5.279, 6.142, 5.378, 3.73, 3.8, 3.8, 3.56, 3.93, 4.111, 3.709, 4.157, 3.95, 2.93, 3.06, 2.82, 2.7, 2.96, 2.43, 2.3, 2.25], [3.18, 3.34, 3.2, 3.1, 2.86, 2.68, 2.64, 3.44, 3.69, 3.71, 4.59, 5.05, 4.6, 4.89, 4.49, 4.07, 4.09, 3.69, 3.2, 3.1, 3.8, 4.95, 6.17, 6.61, 6.97, 6.55, 6.34, 6.25, 6.16, 5.85, 5.93, 6.17, 5.8, 5.75, 5.77, 5.52, 4.81, 3.83, 3.56, 3.84, 4.06, 4.26, 4.13, 4.39, 3.84, 3.23, 2.93, 3.02, 3.71, 3.66, 3.76, 4.28, 4.61, 4.51, 4.155, 4.19, 4.58, 5.174, 5.03, 4.283, 4.104, 3.55, 2.86, 1.64, 0, 1.71, 4.219, 5.051, 4.307, 2.89, 2.94, 3.3, 3.1, 3.27, 3.18, 2.85, 3.221, 3.0, 2.55, 2.78, 2.58, 2.46, 2.38, 1.83, 2.06, 2.15], [3.13, 3.13, 3.53, 4.01, 3.57, 3.29, 3.71, 4.942, 5.1, 5.3, 6.123, 6.62, 6.17, 6.46, 6.04, 5.6, 5.56, 5.16, 4.57, 4.43, 4.45, 4.98, 5.88, 6.18, 6.42, 6.3, 6.33, 6.18, 6.17, 6.52, 6.9, 7.14, 6.63, 6.46, 6.54, 6.37, 5.58, 4.2, 4.17, 4.07, 3.67, 4.25, 5.0, 5.8, 5.15, 3.92, 3.64, 3.89, 5.223, 5.173, 5.293, 5.816, 6.107, 6.043, 5.779, 5.696, 6.045, 6.674, 6.504, 5.819, 5.66, 5.12, 4.25, 2.83, 1.71, 0, 2.79, 3.527, 2.79, 1.72, 1.89, 2.25, 2.07, 2.34, 2.37, 2.2, 2.24, 1.91, 2.14, 2.85, 2.25, 2.23, 1.73, 1.84, 2.39, 2.52], [5.47, 5.31, 6.05, 6.61, 6.09, 5.83, 6.173, 7.479, 7.697, 7.92, 8.744, 9.255, 8.787, 9.04, 8.6, 8.12, 8.06, 7.7, 7.13, 6.91, 6.77, 7.06, 6.76, 6.44, 6.56, 7.32, 7.79, 7.8, 8.25, 8.74, 9.2, 9.38, 8.91, 8.7, 8.94, 8.85, 8.02, 6.62, 6.57, 6.15, 5.55, 6.31, 7.48, 8.332, 7.722, 6.374, 6.12, 6.49, 7.85, 7.8, 7.88, 8.368, 8.716, 8.667, 8.363, 8.279, 8.6, 9.271, 9.057, 8.426, 8.3, 7.673, 6.659, 5.279, 4.219, 2.79, 0, 1.43, 1.26, 2.5, 2.81, 2.57, 2.37, 2.34, 2.79, 2.96, 2.46, 2.19, 3.68, 4.996, 4.339, 4.459, 3.653, 4.127, 4.893, 5.047], [5.92, 5.86, 6.58, 7.191, 6.597, 6.154, 6.449, 7.678, 7.976, 8.247, 9.184, 9.661, 9.206, 9.39, 8.984, 8.57, 8.49, 8.13, 7.654, 7.805, 7.594, 7.958, 7.51, 7.05, 7.13, 7.99, 8.58, 8.49, 8.96, 9.51, 9.93, 9.99, 9.46, 9.27, 9.49, 9.38, 8.73, 7.27, 7.14, 6.6, 6.18, 6.9, 8.144, 9.058, 8.434, 7.101, 6.841, 7.154, 8.336, 8.332, 8.58, 9.142, 9.33, 9.02, 8.92, 8.753, 9.161, 9.86, 9.743, 8.807, 8.869, 8.228, 7.466, 6.142, 5.051, 3.527, 1.43, 0, 1.03, 2.67, 2.86, 2.76, 2.72, 2.53, 2.72, 3.23, 2.57, 2.48, 3.85, 5.129, 4.572, 4.656, 3.877, 4.442, 5.232, 5.467], [5.21, 5.11, 5.85, 6.45, 5.91, 5.424, 5.799, 7.057, 7.326, 7.566, 8.503, 8.994, 8.536, 8.74, 8.28, 7.86, 7.78, 7.46, 6.91, 7.035, 6.824, 7.188, 6.92, 6.7, 6.7, 7.38, 7.85, 7.72, 8.17, 8.74, 9.18, 9.22, 8.69, 8.5, 8.72, 8.65, 7.96, 6.5, 6.37, 5.85, 5.43, 6.11, 7.38, 8.3, 7.676, 6.34, 6.074, 6.402, 7.655, 7.596, 7.827, 8.393, 8.587, 8.327, 8.148, 8.024, 8.41, 9.139, 8.995, 8.114, 8.122, 7.481, 6.71, 5.378, 4.307, 2.79, 1.26, 1.03, 0, 2.04, 2.25, 2.17, 2.05, 1.9, 2.17, 2.72, 2.06, 1.85, 3.24, 4.519, 3.939, 4.014, 3.29, 3.789, 4.502, 4.729], [3.37, 3.35, 4.03, 4.641, 4.03, 3.644, 3.887, 5.165, 5.434, 5.712, 6.646, 7.114, 6.673, 6.84, 6.44, 6.02, 5.96, 5.58, 5.15, 5.315, 5.13, 5.54, 5.92, 5.9, 5.94, 6.44, 6.65, 6.38, 6.67, 7.08, 7.5, 7.54, 6.95, 6.78, 6.96, 6.83, 6.24, 4.78, 4.63, 4.11, 3.87, 4.67, 5.64, 6.542, 5.915, 4.611, 4.414, 4.655, 5.832, 5.827, 6.09, 6.649, 6.837, 6.567, 6.439, 6.266, 6.657, 7.401, 7.3, 6.328, 6.464, 5.811, 5.03, 3.73, 2.89, 1.72, 2.5, 2.67, 2.04, 0, 0.71, 1.07, 1.29, 1.52, 1.79, 1.94, 1.82, 1.71, 1.9, 3.13, 2.67, 2.53, 2.01, 1.96, 2.787, 3.034], [3.4, 3.4, 4.04, 4.636, 4.06, 3.608, 3.851, 5.037, 5.338, 5.715, 6.638, 7.129, 6.673, 6.815, 6.455, 6.05, 5.95, 5.57, 5.182, 5.402, 5.185, 5.61, 6.13, 6.13, 6.19, 6.61, 6.72, 6.39, 6.7, 7.15, 7.57, 7.61, 7.0, 6.79, 6.95, 6.86, 6.25, 4.81, 4.66, 4.12, 3.88, 4.64, 5.71, 6.58, 5.936, 4.655, 4.478, 4.731, 5.841, 5.859, 6.124, 6.698, 6.869, 6.587, 6.471, 6.32, 6.702, 7.438, 7.352, 6.308, 6.502, 5.881, 5.108, 3.8, 2.94, 1.89, 2.81, 2.86, 2.25, 0.71, 0, 1.02, 1.3, 1.53, 1.74, 1.69, 1.59, 1.74, 1.75, 2.76, 2.4, 2.28, 1.84, 2.07, 2.808, 3.058], [3.32, 3.3, 3.98, 4.594, 4.02, 3.552, 3.86, 5.052, 5.362, 5.641, 6.581, 7.073, 6.617, 6.79, 6.384, 5.97, 5.91, 5.55, 5.12, 5.322, 5.105, 5.55, 6.03, 6.01, 6.03, 6.51, 6.6, 6.39, 6.68, 7.09, 7.49, 7.53, 6.94, 6.73, 6.91, 6.78, 6.19, 4.75, 4.58, 4.06, 3.8, 4.6, 5.63, 6.515, 5.868, 4.575, 4.398, 4.639, 5.784, 5.803, 6.065, 6.642, 6.835, 6.533, 6.368, 6.287, 6.608, 7.396, 7.275, 6.32, 6.508, 5.761, 5.06, 3.8, 3.3, 2.25, 2.57, 2.76, 2.17, 1.07, 1.02, 0, 0.8, 1.21, 1.78, 1.83, 1.79, 1.72, 1.69, 2.88, 2.42, 2.3, 2.1, 2.03, 2.78, 2.978], [3.26, 3.28, 3.92, 4.54, 4.0, 3.62, 4.08, 5.301, 5.43, 5.687, 6.574, 7.024, 6.554, 6.79, 6.39, 5.93, 5.85, 5.49, 5.04, 5.185, 5.0, 5.49, 6.05, 6.01, 6.01, 6.53, 6.6, 6.37, 6.62, 6.97, 7.37, 7.41, 6.82, 6.65, 6.87, 6.72, 6.15, 4.65, 4.5, 4.02, 3.78, 4.6, 5.51, 6.418, 5.791, 4.49, 4.37, 4.557, 5.731, 5.747, 6.035, 6.571, 6.768, 6.537, 6.384, 6.235, 6.644, 7.324, 7.182, 6.281, 6.4, 5.759, 5.04, 3.56, 3.1, 2.07, 2.37, 2.72, 2.05, 1.29, 1.3, 0.8, 0, 1.01, 1.84, 2.03, 1.89, 1.62, 1.95, 3.06, 2.48, 2.56, 2.02, 2.05, 2.74, 3.03], [3.57, 3.65, 4.21, 4.83, 4.37, 3.87, 4.21, 5.385, 5.666, 5.909, 6.823, 7.32, 6.839, 7.06, 6.6, 6.18, 6.12, 5.76, 5.29, 5.509, 5.37, 6.04, 6.78, 6.72, 6.78, 7.28, 7.35, 7.12, 7.25, 7.46, 7.72, 7.78, 7.11, 7.02, 7.18, 7.03, 6.46, 4.94, 4.75, 4.21, 4.33, 5.13, 5.84, 6.714, 6.084, 4.92, 4.78, 4.941, 6.018, 5.996, 6.275, 6.863, 7.072, 6.784, 6.573, 6.475, 6.789, 7.592, 7.466, 6.565, 6.738, 5.988, 5.215, 3.93, 3.27, 2.34, 2.34, 2.53, 1.9, 1.52, 1.53, 1.21, 1.01, 0, 1.11, 1.56, 1.4, 1.05, 1.6, 2.79, 2.27, 2.37, 2.21, 2.3, 3.01, 3.26], [4.0, 4.16, 4.44, 5.06, 4.56, 4.08, 4.42, 5.289, 5.596, 5.936, 6.864, 7.376, 6.92, 7.05, 6.675, 6.27, 6.21, 5.81, 5.42, 5.8, 5.88, 6.69, 7.57, 7.55, 7.61, 8.03, 8.1, 7.85, 7.86, 7.97, 8.19, 8.35, 7.64, 7.55, 7.57, 7.34, 6.83, 5.25, 5.02, 4.7, 5.0, 5.72, 6.17, 6.89, 6.3, 5.31, 5.21, 5.32, 6.153, 6.202, 6.484, 7.098, 7.26, 6.889, 6.674, 6.623, 6.935, 7.767, 7.589, 6.617, 6.781, 6.063, 5.362, 4.111, 3.18, 2.37, 2.79, 2.72, 2.17, 1.79, 1.74, 1.78, 1.84, 1.11, 0, 1.31, 1.21, 1.08, 1.61, 2.68, 2.38, 2.38, 2.32, 2.63, 3.34, 3.57], [4.05, 4.21, 4.27, 4.73, 4.31, 3.77, 4.01, 4.925, 5.254, 5.605, 6.511, 7.016, 6.563, 6.702, 6.345, 5.98, 5.9, 5.5, 5.11, 5.41, 5.77, 6.68, 7.72, 7.76, 7.82, 8.16, 8.19, 7.96, 7.85, 7.9, 8.08, 8.3, 7.63, 7.52, 7.6, 7.33, 6.7, 5.18, 4.79, 4.69, 5.03, 5.75, 5.96, 6.54, 6.03, 5.26, 5.08, 5.13, 5.834, 5.875, 6.169, 6.766, 6.956, 6.543, 6.355, 6.219, 6.535, 7.311, 7.122, 6.21, 6.4, 5.773, 4.96, 3.709, 2.85, 2.2, 2.96, 3.23, 2.72, 1.94, 1.69, 1.83, 2.03, 1.56, 1.31, 0, 1.04, 1.27, 1.34, 2.35, 2.05, 1.95, 1.95, 2.56, 3.15, 3.28], [4.11, 4.19, 4.53, 5.07, 4.57, 4.05, 4.37, 5.445, 5.771, 6.122, 7.025, 7.553, 7.086, 7.228, 6.865, 6.46, 6.34, 5.965, 5.609, 5.849, 5.91, 6.64, 7.56, 7.6, 7.7, 8.0, 8.03, 7.78, 7.77, 7.92, 8.26, 8.5, 7.83, 7.64, 7.72, 7.51, 6.8, 5.36, 5.15, 4.93, 4.99, 5.71, 6.18, 7.022, 6.478, 5.44, 5.26, 5.35, 6.271, 6.286, 6.606, 7.197, 7.401, 7.04, 6.904, 6.745, 7.064, 7.857, 7.679, 6.708, 6.872, 6.251, 5.468, 4.157, 3.221, 2.24, 2.46, 2.57, 2.06, 1.82, 1.59, 1.79, 1.89, 1.4, 1.21, 1.04, 0, 0.93, 1.7, 2.81, 2.35, 2.39, 1.99, 2.64, 3.35, 3.56], [3.8, 3.82, 4.28, 4.88, 4.4, 3.92, 4.28, 5.521, 5.782, 6.005, 6.911, 7.413, 6.929, 7.15, 6.69, 6.25, 6.17, 5.85, 5.36, 5.613, 5.62, 6.31, 7.2