[[0, 0.86, 1.35, 1.89, 1.91, 1.78, 1.68, 1.86, 2.05, 2.51, 2.4, 2.58, 2.85, 3.21, 3.76, 4.34, 5.09, 6.11, 5.7, 6.01, 6.55, 6.88, 7.15, 7.34, 7.51, 7.56, 8.09, 8.04, 7.56, 10.665, 13.934, 14.102, 14.293, 14.635, 14.048, 13.536, 12.512, 12.519, 12.959, 13.442, 13.619, 12.268, 11.757, 12.333, 13.142, 11.688, 11.061, 11.458, 11.025, 10.19, 9.845, 10.073, 9.03, 7.62, 6.833, 6.17, 6.46, 6.62, 6.53, 5.93, 5.68, 5.76, 5.96, 6.04, 5.87, 5.54, 5.61, 5.76, 5.91, 5.85, 5.729, 5.796, 6.21, 5.22, 4.43, 4.21, 4.22, 3.86, 4.6, 6.122, 7.059, 7.33, 8.023, 8.204, 8.083, 8.257], [0.86, 0, 1.07, 1.63, 1.71, 1.6, 1.6, 1.68, 1.79, 2.35, 2.42, 2.7, 2.99, 3.15, 3.6, 4.14, 4.93, 5.93, 5.52, 5.81, 6.39, 6.72, 6.99, 7.16, 7.29, 7.4, 7.87, 7.76, 7.36, 10.345, 13.634, 13.782, 13.973, 14.315, 13.722, 13.216, 12.212, 12.199, 12.619, 13.102, 13.299, 11.977, 11.437, 12.033, 12.782, 11.388, 10.761, 11.158, 10.688, 9.87, 9.525, 9.713, 8.67, 7.28, 6.473, 5.89, 6.2, 6.44, 6.33, 5.73, 5.48, 5.58, 5.68, 5.9, 5.73, 5.42, 5.37, 5.52, 5.69, 5.65, 5.546, 5.616, 6.01, 5.24, 4.61, 4.31, 4.2, 3.92, 4.3, 5.742, 6.679, 6.95, 7.683, 7.867, 7.785, 7.968], [1.35, 1.07, 0, 0.92, 1.02, 1.07, 1.49, 1.37, 1.32, 2.0, 2.41, 2.77, 3.18, 3.34, 3.47, 3.85, 4.46, 5.5, 5.33, 5.6, 6.04, 6.41, 6.92, 7.23, 7.36, 7.35, 7.48, 7.31, 6.89, 9.495, 12.835, 13.0, 13.226, 13.547, 12.972, 12.44, 11.409, 11.286, 11.669, 12.178, 12.389, 11.107, 10.733, 11.197, 11.972, 10.518, 9.971, 10.368, 9.901, 9.103, 8.755, 8.954, 7.868, 6.486, 5.73, 5.5, 5.79, 6.09, 6.12, 5.48, 5.27, 5.43, 5.81, 6.07, 5.92, 5.61, 5.52, 5.55, 5.64, 5.34, 5.16, 5.25, 5.78, 5.43, 4.78, 4.42, 3.95, 3.67, 3.73, 4.98, 5.821, 6.305, 7.093, 7.08, 7.044, 7.267], [1.89, 1.63, 0.92, 0, 0.82, 1.09, 1.35, 1.27, 1.32, 1.98, 2.45, 2.87, 3.42, 3.58, 3.73, 4.11, 4.54, 5.64, 5.59, 5.84, 6.22, 6.63, 7.36, 7.63, 7.74, 7.83, 7.76, 7.55, 7.21, 9.457, 12.892, 13.026, 13.263, 13.573, 13.001, 12.437, 11.366, 11.208, 11.601, 12.026, 12.323, 11.127, 10.85, 11.243, 12.032, 10.484, 10.037, 10.354, 10.001, 9.283, 8.818, 8.868, 7.83, 6.39, 5.67, 5.7, 5.93, 6.35, 6.36, 5.7, 5.49, 5.65, 6.05, 6.25, 6.12, 5.81, 5.74, 5.87, 5.92, 5.62, 5.48, 5.45, 6.02, 5.57, 4.92, 4.58, 4.15, 3.81, 3.81, 5.24, 5.998, 6.545, 7.338, 7.097, 7.12, 7.32], [1.91, 1.71, 1.02, 0.82, 0, 0.97, 1.55, 1.55, 1.42, 1.82, 2.35, 2.61, 3.12, 3.36, 3.53, 3.91, 4.32, 5.38, 5.39, 5.64, 6.04, 6.47, 7.1, 7.37, 7.54, 7.57, 7.42, 7.19, 6.79, 9.12, 12.529, 12.712, 12.941, 13.259, 12.652, 12.114, 11.023, 10.885, 11.278, 11.726, 12.043, 10.74, 10.48, 10.86, 11.629, 10.14, 9.648, 10.03, 9.598, 8.85, 8.44, 8.51, 7.43, 6.11, 5.51, 5.46, 5.63, 6.09, 6.12, 5.44, 5.21, 5.39, 5.75, 5.95, 5.8, 5.45, 5.44, 5.61, 5.66, 5.36, 5.16, 5.19, 5.76, 5.27, 4.66, 4.24, 4.01, 3.51, 3.61, 4.72, 5.56, 6.09, 6.86, 6.81, 6.76, 6.98], [1.78, 1.6, 1.07, 1.09, 0.97, 0, 0.86, 1.0, 0.99, 1.63, 2.08, 2.5, 2.91, 3.07, 3.38, 3.82, 4.43, 5.53, 5.38, 5.59, 6.09, 6.54, 6.99, 7.22, 7.47, 7.58, 7.73, 7.48, 7.08, 9.49, 12.893, 13.064, 13.29, 13.611, 13.036, 12.483, 11.413, 11.289, 11.63, 12.116, 12.381, 10.999, 10.635, 11.247, 11.967, 10.462, 9.925, 10.339, 9.898, 8.96, 8.43, 8.54, 7.54, 6.44, 5.32, 5.33, 5.52, 6.04, 6.09, 5.41, 5.14, 5.36, 5.68, 5.84, 5.71, 5.4, 5.35, 5.46, 5.53, 5.29, 5.07, 5.12, 5.71, 5.16, 4.45, 4.17, 3.82, 3.42, 3.5, 4.95, 5.839, 6.223, 6.99, 6.9, 6.77, 7.03], [1.68, 1.6, 1.49, 1.35, 1.55, 0.86, 0, 0.88, 1.13, 1.87, 2.18, 2.72, 3.09, 3.25, 3.64, 4.1, 4.73, 5.83, 5.64, 5.91, 6.35, 6.86, 7.27, 7.42, 7.77, 7.98, 8.29, 8.02, 7.56, 10.082, 13.502, 13.667, 13.893, 14.215, 13.639, 13.101, 12.016, 11.892, 12.253, 12.707, 12.996, 11.584, 11.258, 11.85, 12.63, 11.018, 10.514, 10.945, 10.484, 9.549, 8.97, 9.2, 8.14, 6.98, 5.8, 5.63, 5.84, 6.36, 6.41, 5.71, 5.46, 5.66, 5.94, 6.08, 5.93, 5.62, 5.59, 5.72, 5.81, 5.61, 5.43, 5.44, 6.03, 5.34, 4.59, 4.33, 4.06, 3.84, 4.0, 5.73, 6.562, 6.826, 7.544, 7.5, 7.33, 7.61], [1.86, 1.68, 1.37, 1.27, 1.55, 1.0, 0.88, 0, 0.67, 1.67, 2.14, 2.74, 3.09, 3.21, 3.42, 3.82, 4.39, 5.49, 5.38, 5.57, 6.11, 6.56, 7.01, 7.22, 7.59, 7.76, 7.97, 7.7, 7.26, 10.056, 13.473, 13.662, 13.87, 14.192, 13.605, 13.066, 11.993, 11.885, 12.27, 12.744, 12.973, 11.579, 11.203, 11.83, 12.57, 11.013, 10.497, 10.937, 10.484, 9.498, 8.893, 9.04, 7.96, 6.78, 5.74, 5.33, 5.56, 6.04, 6.09, 5.39, 5.16, 5.34, 5.7, 5.88, 5.75, 5.44, 5.35, 5.44, 5.53, 5.25, 5.01, 5.14, 5.73, 5.2, 4.47, 4.23, 3.84, 3.76, 3.78, 5.51, 6.416, 6.743, 7.449, 7.385, 7.01, 7.33], [2.05, 1.79, 1.32, 1.32, 1.42, 0.99, 1.13, 0.67, 0, 1.22, 1.83, 2.43, 2.8, 2.92, 2.99, 3.35, 3.88, 4.98, 4.87, 5.08, 5.54, 6.11, 6.52, 6.81, 7.14, 7.29, 7.5, 7.25, 6.79, 9.666, 13.08, 13.269, 13.497, 13.819, 13.247, 12.696, 11.601, 11.48, 11.877, 12.332, 12.6, 11.16, 10.82, 11.454, 12.214, 10.606, 10.098, 10.536, 10.083, 9.11, 8.52, 8.57, 7.47, 6.23, 5.23, 4.86, 5.11, 5.49, 5.56, 4.88, 4.69, 4.91, 5.23, 5.49, 5.36, 5.03, 4.94, 4.97, 5.06, 4.74, 4.56, 4.71, 5.26, 4.85, 4.24, 3.88, 3.47, 3.37, 3.35, 5.1, 6.066, 6.41, 7.077, 6.952, 6.6, 6.88], [2.51, 2.35, 2.0, 1.98, 1.82, 1.63, 1.87, 1.67, 1.22, 0, 0.93, 1.57, 2.0, 2.04, 1.95, 2.33, 2.98, 4.16, 4.01, 4.24, 4.88, 5.53, 5.86, 6.11, 6.46, 6.67, 7.02, 6.77, 6.35, 9.336, 12.777, 12.966, 13.191, 13.513, 12.926, 12.373, 11.285, 11.122, 11.439, 11.948, 12.202, 10.822, 10.47, 11.099, 11.763, 10.267, 9.757, 10.189, 9.75, 8.764, 8.117, 7.95, 6.81, 5.51, 4.71, 3.98, 4.07, 4.57, 4.62, 3.9, 3.69, 3.85, 4.19, 4.39, 4.26, 3.95, 3.9, 4.01, 4.18, 3.88, 3.9, 3.91, 4.32, 3.81, 3.18, 2.9, 2.73, 2.65, 2.65, 4.652, 5.657, 6.027, 6.768, 6.62, 6.2, 6.502], [2.4, 2.42, 2.41, 2.45, 2.35, 2.08, 2.18, 2.14, 1.83, 0.93, 0, 0.96, 1.45, 1.57, 1.88, 2.36, 3.15, 4.21, 3.92, 4.19, 4.91, 5.56, 5.87, 6.0, 6.35, 6.66, 7.23, 7.06, 6.742, 9.849, 13.29, 13.478, 13.707, 14.028, 13.439, 12.886, 11.797, 11.608, 11.955, 12.449, 12.735, 11.341, 11.003, 11.612, 12.278, 10.78, 10.27, 10.702, 10.263, 9.291, 8.647, 8.46, 7.32, 5.96, 5.2, 4.21, 4.48, 4.62, 4.61, 3.89, 3.64, 3.8, 3.98, 4.04, 3.87, 3.52, 3.51, 3.82, 4.09, 3.91, 4.05, 4.04, 4.25, 3.34, 2.53, 2.45, 2.66, 2.58, 3.12, 5.17, 6.17, 6.537, 7.298, 7.133, 6.73, 7.032], [2.58, 2.7, 2.77, 2.87, 2.61, 2.5, 2.72, 2.74, 2.43, 1.57, 0.96, 0, 0.99, 1.21, 1.74, 2.32, 3.01, 4.09, 3.66, 4.11, 4.69, 5.08, 5.37, 5.46, 5.69, 6.04, 6.878, 6.78, 6.48, 9.581, 13.039, 13.213, 13.439, 13.755, 13.168, 12.624, 11.533, 11.36, 11.704, 12.204, 12.49, 11.087, 10.784, 11.376, 12.144, 10.561, 10.031, 10.468, 10.021, 9.1, 8.49, 8.42, 7.378, 5.975, 5.18, 4.37, 4.64, 4.6, 4.43, 3.75, 3.5, 3.6, 3.7, 3.74, 3.57, 3.18, 3.21, 3.64, 3.81, 3.77, 3.75, 3.7, 4.03, 2.94, 2.19, 1.89, 2.36, 2.22, 3.1, 5.016, 6.001, 6.383, 7.09, 6.958, 6.67, 6.868], [2.85, 2.99, 3.18, 3.42, 3.12, 2.91, 3.09, 3.09, 2.8, 2.0, 1.45, 0.99, 0, 0.98, 1.57, 2.21, 2.9, 3.9, 3.47, 3.8, 4.38, 4.81, 5.0, 5.11, 5.4, 5.81, 6.745, 6.623, 6.329, 9.494, 12.906, 13.094, 13.32, 13.641, 13.058, 12.505, 11.429, 11.291, 11.634, 12.1, 12.372, 10.977, 10.607, 11.254, 12.014, 10.411, 9.921, 10.355, 9.894, 8.922, 8.295, 8.365, 7.291, 5.931, 5.071, 4.195, 4.49, 4.47, 4.18, 3.56, 3.31, 3.39, 3.41, 3.45, 3.24, 2.85, 2.98, 3.403, 3.599, 3.539, 3.593, 3.566, 3.84, 2.49, 1.76, 1.66, 2.21, 2.19, 2.87, 4.86, 5.854, 6.179, 6.877, 6.801, 6.447, 6.738], [3.21, 3.15, 3.34, 3.58, 3.36, 3.07, 3.25, 3.21, 2.92, 2.04, 1.57, 1.21, 0.98, 0, 1.07, 1.69, 2.36, 3.44, 3.17, 3.58, 4.28, 4.67, 4.8, 4.77, 5.16, 5.69, 6.715, 6.635, 6.344, 9.471, 12.909, 13.097, 13.323, 13.645, 13.06, 12.508, 11.42, 11.253, 11.597, 12.099, 12.359, 10.974, 10.602, 11.237, 11.917, 10.399, 9.904, 10.338, 9.882, 8.896, 8.269, 8.248, 7.151, 5.791, 4.931, 3.927, 4.2, 4.154, 3.8, 3.02, 2.675, 2.758, 2.81, 2.93, 2.78, 2.47, 2.5, 2.88, 2.962, 3.022, 3.096, 3.123, 3.22, 2.19, 1.66, 1.4, 1.81, 2.19, 2.79, 4.783, 5.794, 6.136, 6.865, 6.764, 6.327, 6.681], [3.76, 3.6, 3.47, 3.73, 3.53, 3.38, 3.64, 3.42, 2.99, 1.95, 1.88, 1.74, 1.57, 1.07, 0, 0.74, 1.45, 2.61, 2.48, 2.89, 3.57, 4.16, 4.43, 4.48, 4.91, 5.24, 6.03, 5.908, 5.594, 8.721, 12.159, 12.347, 12.573, 12.895, 12.31, 11.758, 10.67, 10.477, 10.821, 11.309, 11.583, 10.195, 9.852, 10.481, 11.144, 9.649, 9.139, 9.57, 9.132, 8.14, 7.479, 7.338, 6.221, 4.861, 4.038, 3.05, 3.28, 3.24, 3.19, 2.29, 2.0, 2.12, 2.42, 2.64, 2.49, 2.18, 2.13, 2.26, 2.41, 2.33, 2.449, 2.44, 2.57, 2.04, 1.61, 1.49, 1.5, 1.82, 2.04, 4.022, 5.038, 5.389, 6.115, 6.014, 5.537, 5.924], [4.34, 4.14, 3.85, 4.11, 3.91, 3.82, 4.1, 3.82, 3.35, 2.33, 2.36, 2.32, 2.21, 1.69, 0.74, 0, 1.13, 2.37, 2.28, 2.61, 3.37, 4.0, 4.37, 4.54, 4.95, 5.14, 5.83, 5.68, 5.354, 8.461, 11.899, 12.087, 12.313, 12.635, 12.05, 11.498, 10.41, 10.217, 10.561, 11.046, 11.323, 9.935, 9.592, 10.221, 10.884, 9.389, 8.879, 9.31, 8.872, 7.88, 7.216, 6.918, 5.801, 4.538, 3.743, 2.73, 2.86, 2.9, 2.97, 2.03, 1.74, 1.86, 2.18, 2.5, 2.33, 2.06, 2.09, 2.06, 2.39, 2.19, 2.31, 2.32, 2.45, 2.16, 1.87, 1.67, 1.78, 2.08, 2.16, 3.802, 4.799, 5.149, 5.87, 5.754, 5.224, 5.623], [5.09, 4.93, 4.46, 4.54, 4.32, 4.43, 4.73, 4.39, 3.88, 2.98, 3.15, 3.01, 2.9, 2.36, 1.45, 1.13, 0, 1.44, 1.73, 2.06, 2.56, 3.11, 3.74, 3.93, 4.34, 4.51, 4.82, 4.69, 4.41, 7.468, 10.924, 11.112, 11.326, 11.645, 11.058, 10.505, 9.429, 9.244, 9.568, 10.053, 10.33, 8.942, 8.599, 9.228, 9.892, 8.396, 7.886, 8.317, 7.879, 6.887, 6.226, 6.025, 4.908, 3.568, 2.93, 2.2, 2.37, 2.35, 2.32, 1.64, 1.57, 1.79, 2.03, 2.41, 2.26, 2.01, 1.8, 1.77, 1.86, 1.58, 1.64, 1.65, 1.94, 2.05, 2.32, 2.08, 1.75, 2.03, 1.91, 3.16, 3.96, 4.33, 4.977, 4.761, 4.34, 4.631], [6.11, 5.93, 5.5, 5.64, 5.38, 5.53, 5.83, 5.49, 4.98, 4.16, 4.21, 4.09, 3.9, 3.44, 2.61, 2.37, 1.44, 0, 0.91, 0.98, 1.32, 1.81, 2.42, 2.69, 3.08, 3.17, 3.54, 3.41, 3.13, 6.208, 9.664, 9.852, 10.066, 10.385, 9.798, 9.245, 8.169, 7.991, 8.308, 8.796, 9.096, 7.682, 7.351, 7.974, 8.632, 7.136, 6.626, 7.057, 6.634, 5.633, 5.006, 4.865, 3.748, 2.45, 2.07, 1.32, 1.57, 1.49, 1.52, 1.42, 2.05, 2.03, 2.31, 2.51, 2.54, 2.45, 1.94, 1.45, 1.2, 1.08, 1.32, 1.05, 1.38, 2.49, 3.527, 3.02, 2.45, 2.47, 2.13, 2.4, 3.26, 3.65, 4.1, 3.81, 3.2, 3.54], [5.7, 5.52, 5.33, 5.59, 5.39, 5.38, 5.64, 5.38, 4.87, 4.01, 3.92, 3.66, 3.47, 3.17, 2.48, 2.28, 1.73, 0.91, 0, 0.63, 1.41, 1.96, 2.33, 2.58, 2.95, 3.08, 3.895, 3.793, 3.519, 6.65, 10.094, 10.282, 10.49, 10.812, 10.228, 9.69, 8.599, 8.421, 8.764, 9.259, 9.536, 8.133, 7.801, 8.416, 9.164, 7.581, 7.071, 7.505, 7.084, 6.126, 5.459, 5.272, 4.118, 2.94, 2.52, 1.47, 1.78, 1.76, 1.63, 1.33, 1.8, 1.78, 1.96, 2.3, 2.21, 2.08, 1.81, 1.48, 1.27, 1.29, 1.55, 1.32, 1.61, 2.2, 3.154, 2.55, 2.22, 2.22, 2.14, 2.87, 3.85, 4.24, 4.63, 4.26, 3.63, 4.03], [6.01, 5.81, 5.6, 5.84, 5.64, 5.59, 5.91, 5.57, 5.08, 4.24, 4.19, 4.11, 3.8, 3.58, 2.89, 2.61, 2.06, 0.98, 0.63, 0, 1.18, 1.81, 2.14, 2.53, 2.82, 2.83, 3.52, 3.403, 3.11, 6.225, 9.681, 9.869, 10.083, 10.399, 9.815, 9.262, 8.186, 8.008, 8.412, 8.813, 9.093, 7.708, 7.448, 8.051, 8.692, 7.248, 6.678, 7.112, 6.711, 5.73, 5.003, 4.779, 3.625, 2.63, 2.33, 1.26, 1.55, 1.53, 1.5, 1.54, 2.17, 2.09, 2.31, 2.59, 2.56, 2.45, 2.14, 1.75, 1.56, 1.44, 1.82, 1.47, 1.58, 2.51, 3.561, 3.06, 2.67, 2.49, 2.29, 2.7, 3.56, 3.97, 4.38, 4.07, 3.38, 3.7], [6.55, 6.39, 6.04, 6.22, 6.04, 6.09, 6.35, 6.11, 5.54, 4.88, 4.91, 4.69, 4.38, 4.28, 3.57, 3.37, 2.56, 1.32, 1.41, 1.18, 0, 0.97, 1.54, 1.97, 2.26, 2.17, 2.58, 2.47, 2.27, 5.32, 8.801, 8.961, 9.183, 9.508, 8.921, 8.377, 7.33, 7.18, 7.52, 7.957, 8.209, 6.834, 6.497, 7.132, 7.912, 6.274, 5.759, 6.179, 5.774, 4.859, 4.3, 4.202, 3.15, 2.25, 2.15, 1.74, 1.77, 1.39, 1.54, 2.18, 2.93, 2.89, 3.19, 3.35, 3.4, 3.343, 2.7, 2.15, 1.94, 1.82, 2.0, 1.79, 1.7, 3.369, 4.405, 3.729, 3.09, 2.99, 2.85, 2.72, 3.26, 3.47, 3.72, 3.35, 2.7, 2.84], [6.88, 6.72, 6.41, 6.63, 6.47, 6.54, 6.86, 6.56, 6.11, 5.53, 5.56, 5.08, 4.81, 4.67, 4.16, 4.0, 3.11, 1.81, 1.96, 1.81, 0.97, 0, 0.89, 1.32, 1.49, 1.6, 2.21, 2.08, 1.94, 4.97, 8.474, 8.594, 8.828, 9.141, 8.56, 7.99, 6.96, 6.85, 7.19, 7.65, 7.85, 6.53, 6.13, 6.787, 7.547, 5.904, 5.434, 5.792, 5.387, 4.54, 4.15, 4.021, 3.06, 2.44, 2.34, 2.19, 2.12, 1.44, 1.61, 2.53, 3.36, 3.3, 3.6, 3.7, 3.81, 3.76, 3.09, 2.48, 2.09, 2.07, 2.21, 2.18, 2.01, 3.776, 4.852, 4.23, 3.5, 3.46, 3.38, 2.75, 3.05, 3.3, 3.51, 3.14, 2.61, 2.69], [7.15, 6.99, 6.92, 7.36, 7.1, 6.99, 7.27, 7.01, 6.52, 5.86, 5.87, 5.37, 5.0, 4.8, 4.43, 4.37, 3.74, 2.42, 2.33, 2.14, 1.54, 0.89, 0, 0.73, 0.98, 1.25, 2.26, 2.09, 1.97, 4.98, 8.407, 8.575, 8.809, 9.128, 8.53, 7.98, 6.97, 6.9, 7.3, 7.76, 7.94, 6.58, 6.18, 6.82, 7.56, 5.857, 5.467, 5.864, 5.354, 4.57, 4.3, 4.05, 3.13, 2.73, 2.65, 2.5, 2.49, 1.73, 1.68, 2.78, 3.59, 3.49, 3.63, 3.73, 3.84, 3.79, 3.26, 2.69, 2.28, 2.46, 2.54, 2.57, 2.36, 3.83, 4.98, 4.42, 3.81, 3.95, 3.83, 3.1, 3.46, 3.63, 3.7, 3.35, 2.76, 2.78], [7.34, 7.16, 7.23, 7.63, 7.37, 7.22, 7.42, 7.22, 6.81, 6.11, 6.0, 5.46, 5.11, 4.77, 4.48, 4.54, 3.93, 2.69, 2.58, 2.53, 1.97, 1.32, 0.73, 0, 0.65, 1.52, 2.49, 2.32, 2.2, 5.19, 8.6, 8.8, 8.999, 9.33, 8.72, 8.19, 7.18, 7.09, 7.49, 7.95, 8.13, 6.83, 6.41, 7.09, 7.83, 6.09, 5.737, 6.1, 5.624, 4.84, 4.51, 4.3, 3.38, 3.22, 3.14, 2.81, 2.76, 2.02, 2.05, 2.93, 3.62, 3.58, 3.52, 3.54, 3.67, 3.68, 3.25, 2.7, 2.31, 2.59, 2.73, 2.68, 2.45, 3.78, 4.93, 4.37, 3.94, 4.12, 4.04, 3.53, 3.75, 3.96, 4.03, 3.72, 3.13, 3.13], [7.51, 7.29, 7.36, 7.74, 7.54, 7.47, 7.77, 7.59, 7.14, 6.46, 6.35, 5.69, 5.4, 5.16, 4.91, 4.95, 4.34, 3.08, 2.95, 2.82, 2.26, 1.49, 0.98, 0.65, 0, 1.09, 2.04, 1.95, 1.95, 4.86, 8.23, 8.37, 8.553, 8.86, 8.35, 7.82, 6.73, 6.76, 7.26, 7.64, 7.8, 6.56, 6.12, 6.86, 7.563, 5.84, 5.41, 5.71, 5.34, 4.67, 4.4, 4.19, 3.37, 3.49, 3.45, 3.2, 3.13, 2.41, 2.38, 3.32, 4.03, 3.95, 3.91, 4.01, 4.14, 4.09, 3.64, 3.13, 2.72, 3.0, 3.06, 3.05, 2.86, 4.15, 5.34, 4.76, 4.19, 4.37, 4.37, 3.68, 3.7, 3.77, 3.78, 3.45, 3.0, 2.98], [7.56, 7.4, 7.35, 7.83, 7.57, 7.58, 7.98, 7.76, 7.29, 6.67, 6.66, 6.04, 5.81, 5.69, 5.24, 5.14, 4.51, 3.17, 3.08, 2.83, 2.17, 1.6, 1.25, 1.52, 1.09, 0, 1.21, 1.4, 1.42, 4.29, 7.62, 7.68, 7.86, 8.193, 7.74, 7.21, 5.98, 6.01, 6.65, 7.01, 7.202, 5.97, 5.39, 6.23, 6.99, 5.27, 4.8, 5.12, 4.73, 4.02, 3.83, 3.76, 2.94, 3.04, 3.12, 3.31, 3.3, 2.6, 2.49, 3.77, 4.62, 4.48, 4.696, 4.796, 4.906, 4.839, 4.17, 3.48, 3.19, 3.27, 3.41, 3.36, 3.27, 4.825, 5.881, 5.29, 4.38, 4.54, 4.54, 3.47, 3.35, 3.22, 3.21, 2.88, 2.51, 2.49], [8.09, 7.87, 7.48, 7.76, 7.42, 7.73, 8.29, 7.97, 7.5, 7.02, 7.23, 6.878, 6.745, 6.715, 6.03, 5.83, 4.82, 3.54, 3.895, 3.52, 2.58, 2.21, 2.26, 2.49, 2.04, 1.21, 0, 0.63, 1.01, 3.3, 6.567, 6.616, 6.77, 7.106, 6.704, 6.2, 4.99, 5.06, 5.76, 6.06, 6.232, 5.14, 4.58, 5.4, 6.04, 4.44, 3.95, 4.27, 3.82, 3.25, 3.14, 2.87, 2.07, 2.51, 3.13, 3.78, 3.65, 3.15, 3.382, 4.64, 5.49, 5.47, 5.769, 5.869, 5.979, 5.912, 5.2, 4.41, 4.18, 4.02, 3.96, 3.97, 4.105, 5.888, 6.917, 6.241, 5.129, 4.93, 4.67, 3.38, 3.18, 2.81, 2.46, 2.23, 1.98, 1.76], [8.04, 7.76, 7.31, 7.55, 7.19, 7.48, 8.02, 7.7, 7.25, 6.77, 7.06, 6.78, 6.623, 6.635, 5.908, 5.68, 4.69, 3.41, 3.793, 3.403, 2.47, 2.08, 2.09, 2.32, 1.95, 1.4, 0.63, 0, 0.74, 3.23, 6.52, 6.58, 6.8, 7.11, 6.66, 6.15, 5.02, 5.09, 5.63, 6.03, 6.19, 5.07, 4.57, 5.35, 6.01, 4.31, 3.9, 4.2, 3.77, 3.12, 3.03, 2.7, 1.86, 2.24, 2.8, 3.51, 3.44, 2.96, 3.281, 4.53, 5.38, 5.36, 5.66, 5.76, 5.87, 5.811, 5.09, 4.3, 4.07, 3.91, 3.83, 3.86, 4.003, 5.793, 6.831, 6.146, 5.12, 4.82, 4.4, 3.17, 2.89, 2.64, 2.29, 2.02, 1.69, 1.59], [7.56, 7.36, 6.89, 7.21, 6.79, 7.08, 7.56, 7.26, 6.79, 6.35, 6.742, 6.48, 6.329, 6.344, 5.594, 5.354, 4.41, 3.13, 3.519, 3.11, 2.27, 1.94, 1.97, 2.2, 1.95, 1.42, 1.01, 0.74, 0, 3.39, 6.68, 6.86, 7.1, 7.39, 6.84, 6.33, 5.34, 5.43, 5.91, 6.29, 6.47, 5.21, 4.77, 5.47, 6.15, 4.47, 4.0, 4.36, 3.91, 3.22, 2.95, 2.9, 1.88, 2.04, 2.38, 2.99, 2.98, 2.66, 2.99, 4.23, 5.08, 5.06, 5.36, 5.46, 5.57, 5.516, 4.79, 4.0, 3.77, 3.61, 3.53, 3.56, 3.729, 5.502, 6.543, 5.861, 4.874, 4.54, 4.02, 2.75, 2.59, 2.24, 2.23, 2.04, 1.69, 1.65], [10.665, 10.345, 9.495, 9.457, 9.12, 9.49, 10.082, 10.056, 9.666, 9.336, 9.849, 9.581, 9.494, 9.471, 8.721, 8.461, 7.468, 6.208, 6.65, 6.225, 5.32, 4.97, 4.98, 5.19, 4.86, 4.29, 3.3, 3.23, 3.39, 0, 3.61, 3.75, 3.95, 4.26, 3.67, 3.12, 2.23, 2.3, 2.82, 3.08, 3.26, 2.58, 2.3, 2.5, 3.0, 1.64, 1.53, 1.53, 1.3, 1.59, 1.88, 1.87, 2.75, 4.01, 4.75, 6.02, 6.003, 5.77, 6.113, 7.36, 8.21, 8.19, 8.49, 8.59, 8.7, 8.643, 7.92, 7.13, 6.9, 6.74, 6.66, 6.69, 6.836, 8.635, 9.682, 8.997, 8.022, 7.584, 6.835, 4.82, 3.88, 3.61, 2.96, 2.89, 3.42, 3.0], [13.934, 13.634, 12.835, 12.892, 12.529, 12.893, 13.502, 13.473, 13.08, 12.777, 13.29, 13.039, 12.906, 12.909, 12.159, 11.899, 10.924, 9.664, 10.094, 9.681, 8.801, 8.474, 8.407, 8.6, 8.23, 7.62, 6.567, 6.52, 6.68, 3.61, 0, 0.92, 1.14, 1.25, 0.86, 1.23, 2.34, 2.33, 1.73, 1.37, 1.21, 2.21, 2.57, 1.89, 1.51, 2.75, 3.24, 2.92, 3.17, 4.14, 4.89, 5.2, 6.24, 7.48, 8.2, 9.49, 9.448, 9.225, 9.555, 10.815, 11.64, 11.62, 11.92, 12.02, 12.15, 12.079, 11.37, 10.58, 10.33, 10.17, 10.09, 10.14, 10.298, 12.076, 13.12, 12.435, 11.454, 11.013, 10.273, 8.152, 7.15, 6.84, 6.09, 6.2, 6.73, 6.35], [14.102, 13.782, 13.0, 13.026, 12.712, 13.064, 13.667, 13.662, 13.269, 12.966, 13.478, 13.213, 13.094, 13.097, 12.347, 12.087, 11.112, 9.852, 10.282, 9.869, 8.961, 8.594, 8.575, 8.8, 8.37, 7.68, 6.616, 6.58, 6.86, 3.75, 0.92, 0, 0.92, 1.03, 0.94, 1.45, 2.48, 2.51, 1.83, 1.61, 1.49, 2.51, 2.63, 1.99, 1.65, 2.97, 3.44, 3.1, 3.35, 4.32, 5.07, 5.38, 6.42, 7.68, 8.4, 9.69, 9.636, 9.413, 9.743, 11.003, 11.84, 11.82, 12.12, 12.22, 12.341, 12.268, 11.561, 10.771, 10.53, 10.37, 10.29, 10.331, 10.486, 12.265, 13.303, 12.617, 11.562, 11.181, 10.461, 8.341, 7.35, 7.0, 6.27, 6.38, 6.91, 6.53], [14.293, 13.973, 13.226, 13.263, 12.941, 13.29, 13.893, 13.87, 13.497, 13.191, 13.707, 13.439, 13.32, 13.323, 12.573, 12.313, 11.326, 10.066, 10.49, 10.083, 9.183, 8.828, 8.809, 8.999, 8.553, 7.86, 6.77, 6.8, 7.1, 3.95, 1.14, 0.92, 0, 0.85, 1.06, 1.53, 2.52, 2.61, 2.27, 1.99, 1.69, 2.73, 2.93, 2.39, 2.07, 3.13, 3.6, 3.26, 3.57, 4.56, 5.27, 5.58, 6.64, 7.9, 8.62, 9.91, 9.871, 9.648, 9.978, 11.238, 12.079, 12.059, 12.359, 12.459, 12.569, 12.502, 11.789, 10.999, 10.769, 10.609, 10.529, 10.559, 10.701, 12.493, 13.529, 12.855, 11.745, 11.402, 10.687, 8.572, 7.59, 7.24, 6.51, 6.62, 7.15, 6.75], [14.635, 14.315, 13.547, 13.573, 13.259, 13.611, 14.215, 14.192, 13.819, 13.513, 14.028, 13.755, 13.641, 13.645, 12.895, 12.635, 11.645, 10.385, 10.812, 10.399, 9.508, 9.141, 9.128, 9.33, 8.86, 8.193, 7.106, 7.11, 7.39, 4.26, 1.25, 1.03, 0.85, 0, 1.17, 1.74, 2.79, 2.86, 2.38, 2.1, 1.86, 2.92, 3.22, 2.62, 2.16, 3.44, 3.91, 3.53, 3.9, 4.87, 5.6, 5.89, 6.95, 8.21, 8.93, 10.22, 10.189, 9.966, 10.296, 11.556, 12.39, 12.37, 12.67, 12.77, 12.88, 12.821, 12.1, 11.31, 11.08, 10.92, 10.84, 10.87, 11.019, 12.815, 13.85, 13.167, 12.115, 11.717, 11.008, 8.891, 7.9, 7.55, 6.82, 6.93, 7.46, 7.06], [14.048, 13.722, 12.972, 13.001, 12.652, 13.036, 13.639, 13.605, 13.247, 12.926, 13.439, 13.168, 13.058, 13.06, 12.31, 12.05, 11.058, 9.798, 10.228, 9.815, 8.921, 8.56, 8.53, 8.72, 8.35, 7.74, 6.704, 6.66, 6.84, 3.67, 0.86, 0.94, 1.06, 1.17, 0, 1.07, 2.24, 2.23, 1.87, 1.47, 1.41, 2.33, 2.63, 1.99, 1.59, 2.85, 3.36, 2.98, 3.33, 4.3, 5.03, 5.32, 6.36, 7.6, 8.34, 9.61, 9.602, 9.36, 9.703, 10.95, 11.8, 11.78, 12.08, 12.18, 12.29, 12.233, 11.51, 10.72, 10.49, 10.33, 10.25, 10.28, 10.432, 12.225, 13.266, 12.595, 11.583, 11.148, 10.425, 8.303, 7.31, 6.98, 6.23, 6.36, 6.91, 6.49], [13.536, 13.216, 12.44, 12.437, 12.114, 12.483, 13.101, 13.066, 12.696, 12.373, 12.886, 12.624, 12.505, 12.508, 11.758, 11.498, 10.505, 9.245, 9.69, 9.262, 8.377, 7.99, 7.98, 8.19, 7.82, 7.21, 6.2, 6.15, 6.33, 3.12, 1.23, 1.45, 1.53, 1.74, 1.07, 0, 1.43, 1.64, 1.42, 1.42, 1.6, 1.76, 2.24, 1.66, 1.68, 2.3, 2.81, 2.45, 2.78, 3.73, 4.48, 4.79, 5.79, 7.05, 7.79, 9.06, 9.049, 8.81, 9.151, 10.4, 11.25, 11.23, 11.53, 11.63, 11.74, 11.681, 10.96, 10.17, 9.94, 9.78, 9.7, 9.73, 9.879, 11.672, 12.719, 12.057, 11.053, 10.604, 9.872, 7.76, 6.76, 6.43, 5.74, 5.81, 6.38, 5.98], [12.512, 12.212, 11.409, 11.366, 11.023, 11.413, 12.016, 11.993, 11.601, 11.285, 11.797, 11.533, 11.429, 11.42, 10.67, 10.41, 9.429, 8.169, 8.599, 8.186, 7.33, 6.96, 6.97, 7.18, 6.73, 5.98, 4.99, 5.02, 5.34, 2.23, 2.34, 2.48, 2.52, 2.79, 2.24, 1.43, 0, 0.77, 1.67, 2.03, 2.39, 1.69, 1.77, 1.87, 2.07, 1.45, 1.88, 1.56, 1.89, 2.76, 3.53, 3.82, 4.82, 6.04, 6.78, 8.03, 8.013, 7.74, 8.075, 9.33, 10.18, 10.16, 10.46, 10.56, 10.67, 10.605, 9.89, 9.1, 8.87, 8.71, 8.63, 8.66, 8.803, 10.584, 11.625, 10.943, 9.811, 9.502, 8.783, 6.73, 5.77, 5.46, 4.75, 4.76, 5.25, 4.85], [12.519, 12.199, 11.286, 11.208, 10.885, 11.289, 11.892, 11.885, 11.48, 11.122, 11.608, 11.36, 11.291, 11.253, 10.477, 10.217, 9.244, 7.991, 8.421, 8.008, 7.18, 6.85, 6.9, 7.09, 6.76, 6.01, 5.06, 5.09, 5.43, 2.3, 2.33, 2.51, 2.61, 2.86, 2.23, 1.64, 0.77, 0, 1.28, 1.72, 2.06, 1.54, 1.5, 1.56, 1.86, 1.42, 1.81, 1.45, 1.8, 2.63, 3.36, 3.65, 4.69, 5.91, 6.63, 7.9, 7.835, 7.552, 7.882, 9.142, 9.983, 9.963, 10.263, 10.363, 10.479, 10.406, 9.699, 8.909, 8.673, 8.513, 8.46, 8.469, 8.618, 10.394, 11.45, 10.785, 9.731, 9.352, 8.618, 6.58, 5.58, 5.41, 4.78, 4.71, 5.18, 4.72], [12.959, 12.619, 11.669, 11.601, 11.278, 11.63, 12.253, 12.27, 11.877, 11.439, 11.955, 11.704, 11.634, 11.597, 10.821, 10.561, 9.568, 8.308, 8.764, 8.412, 7.52, 7.19, 7.3, 7.49, 7.26, 6.65, 5.76, 5.63, 5.91, 2.82, 1.73, 1.83, 2.27, 2.38, 1.87, 1.42, 1.67, 1.28, 0, 1.0, 1.34, 1.26, 1.52, 1.06, 1.12, 1.7, 2.25, 1.99, 2.24, 2.99, 3.7, 3.97, 5.05, 6.17, 6.89, 8.179, 8.132, 7.849, 8.199, 9.439, 10.283, 10.263, 10.563, 10.663, 10.776, 10.723, 9.996, 9.226, 8.98, 8.82, 8.78, 8.79, 8.942, 10.741, 11.797, 11.132, 10.317, 9.702, 8.955, 6.96, 5.98, 5.83, 5.26, 5.11, 5.6, 5.18], [13.442, 13.102, 12.178, 12.026, 11.726, 12.116, 12.707, 12.744, 12.332, 11.948, 12.449, 12.204, 12.1, 12.099, 11.309, 11.046, 10.053, 8.796, 9.259, 8.813, 7.957, 7.65, 7.76, 7.95, 7.64, 7.01, 6.06, 6.03, 6.29, 3.08, 1.37, 1.61, 1.99, 2.1, 1.47, 1.42, 2.03, 1.72, 1.0, 0, 0.7, 1.44, 1.92, 1.36, 1.04, 2.06, 2.65, 2.33, 2.7, 3.47, 4.08, 4.35, 5.45, 6.67, 7.39, 8.68, 8.621, 8.338, 8.688, 9.928, 10.772, 10.752, 11.052, 11.152, 11.265, 11.212, 10.485, 9.73, 9.48, 9.32, 9.24, 9.275, 9.431, 11.235, 12.279, 11.632, 10.694, 10.196, 9.443, 7.44, 6.52, 6.31, 5.74, 5.57, 6.06, 5.66], [13.619, 13.299, 12.389, 12.323, 12.043, 12.381, 12.996, 12.973, 12.6, 12.202, 12.735, 12.49, 12.372, 12.359, 11.583, 11.323, 10.33, 9.096, 9.536, 9.093, 8.209, 7.85, 7.94, 8.13, 7.8, 7.202, 6.232, 6.19, 6.47, 3.26, 1.21, 1.49, 1.69, 1.86, 1.41, 1.6, 2.39, 2.06, 1.34, 0.7, 0, 1.9, 2.18, 1.62, 1.28, 2.36, 2.87, 2.61, 2.86, 3.61, 4.3, 4.59, 5.69, 6.93, 7.65, 8.94, 8.881, 8.618, 8.968, 10.208, 11.052, 11.032, 11.332, 11.432, 11.545, 11.492, 10.765, 9.975, 9.76, 9.582, 9.5, 9.535, 9.705, 11.5, 12.556, 11.888, 10.919, 10.493, 9.703, 7.72, 6.72, 6.51, 5.92, 5.77, 6.26, 5.86], [12.268, 11.977, 11.107, 11.127, 10.74, 10.999, 11.584, 11.579, 11.16, 10.822, 11.341, 11.087, 10.977, 10.974, 10.195, 9.935, 8.942, 7.682, 8.133, 7.708, 6.834, 6.53, 6.58, 6.83, 6.56, 5.97, 5.14, 5.07, 5.21, 2.58, 2.21, 2.51, 2.73, 2.92, 2.33, 1.76, 1.69, 1.54, 1.26, 1.44, 1.9, 0, 1.3, 1.4, 1.52, 1.32, 1.65, 1.49, 1.84, 2.47, 3.04, 3.33, 4.45, 5.53, 6.25, 7.54, 7.495, 7.232, 7.582, 8.822, 9.666, 9.646, 9.946, 10.046, 10.159, 10.106, 9.379, 8.609, 8.356, 8.2, 8.1, 8.149, 8.316, 10.112, 11.168, 10.494, 9.588, 9.114, 8.318, 6.4, 5.48, 5.21, 4.56, 4.41, 4.88, 4.48], [11.757, 11.437, 10.733, 10.85, 10.48, 10.635, 11.258, 11.203, 10.82, 10.47, 11.003, 10.784, 10.607, 10.602, 9.852, 9.592, 8.599, 7.351, 7.801, 7.448, 6.497, 6.13, 6.18, 6.41, 6.12, 5.39, 4.58, 4.57, 4.77, 2.3, 2.57, 2.63, 2.93, 3.22, 2.63, 2.24, 1.77, 1.5, 1.52, 1.92, 2.18, 1.3, 0, 1.12, 1.8, 1.26, 1.39, 1.29, 1.4, 2.01, 2.82, 3.11, 4.23, 5.25, 5.93, 7.2, 7.135, 6.892, 7.242, 8.482, 9.326, 9.306, 9.606, 9.706, 9.819, 9.766, 9.039, 8.249, 8.016, 7.856, 7.773, 7.809, 7.973, 9.769, 10.821, 10.16, 9.133, 8.762, 7.998, 6.08, 5.14, 4.63, 3.94, 3.97, 4.48, 4.08], [12.333, 12.033, 11.197, 11.243, 10.86, 11.247, 11.85, 11.83, 11.454, 11.099, 11.612, 11.376, 11.254, 11.237, 10.481, 10.221, 9.228, 7.974, 8.416, 8.051, 7.132, 6.787, 6.82, 7.09, 6.86, 6.23, 5.4, 5.35, 5.47, 2.5, 1.89, 1.99, 2.39, 2.62, 1.99, 1.66, 1.87, 1.56, 1.06, 1.36, 1.62, 1.4, 1.12, 0, 1.06, 1.44, 1.75, 1.55, 1.76, 2.55, 3.32, 3.65, 4.77, 5.79, 6.51, 7.8, 7.758, 7.515, 7.865, 9.105, 9.949, 9.929, 10.229, 10.329, 10.442, 10.389, 9.662, 8.872, 8.639, 8.479, 8.38, 8.432, 8.602, 10.398, 11.454, 10.771, 9.876, 9.358, 8.595, 6.48, 5.48, 5.27, 4.64, 4.67, 5.18, 4.78], [13.142, 12.782, 11.972, 12.032, 11.629, 11.967, 12.63, 12.57, 12.214, 11.763, 12.278, 12.144, 12.014, 11.917, 11.144, 10.884, 9.892, 8.632, 9.164, 8.692, 7.912, 7.547, 7.56, 7.83, 7.563, 6.99, 6.04, 6.01, 6.15, 3.0, 1.51, 1.65, 2.07, 2.16, 1.59, 1.68, 2.07, 1.86, 1.12, 1.04, 1.28, 1.52, 1.8, 1.06, 0, 1.84, 2.35, 2.01, 2.36, 3.15, 3.82, 4.07, 5.19, 6.413, 7.15, 8.423, 8.416, 8.173, 8.523, 9.763, 10.59, 10.57, 10.87, 10.97, 11.1, 11.03, 10.32, 9.53, 9.32, 9.12, 9.1, 9.13, 9.266, 11.064, 12.12, 11.54, 10.696, 10.127, 9.259, 7.16, 6.2, 5.99, 5.44, 5.49, 6.0, 5.6], [11.688, 11.388, 10.518, 10.484, 10.14, 10.462, 11.018, 11.013, 10.606, 10.267, 10.78, 10.561, 10.411, 10.399, 9.649, 9.389, 8.396, 7.136, 7.581, 7.248, 6.274, 5.904, 5.857, 6.09, 5.84, 5.27, 4.44, 4.31, 4.47, 1.64, 2.75, 2.97, 3.13, 3.44, 2.85, 2.3, 1.45, 1.42, 1.7, 2.06, 2.36, 1.32, 1.26, 1.44, 1.84, 0, 0.75, 0.61, 1.02, 1.73, 2.3, 2.71, 3.87, 4.932, 5.669, 6.942, 6.935, 6.692, 7.042, 8.282, 9.126, 9.106, 9.406, 9.506, 9.619, 9.566, 8.839, 8.049, 7.816, 7.656, 7.56, 7.609, 7.77, 9.566, 10.619, 9.937, 8.991, 8.593, 7.778, 5.86, 4.88, 4.59, 3.92, 3.73, 4.24, 3.84], [11.061, 10.761, 9.971, 10.037, 9.648, 9.925, 10.514, 10.497, 10.098, 9.757, 10.27, 10.031, 9.921, 9.904, 9.139, 8.879, 7.886, 6.626, 7.071, 6.678, 5.759, 5.434, 5.467, 5.737, 5.41, 4.8, 3.95, 3.9, 4.0, 1.53, 3.24, 3.44, 3.6, 3.91, 3.36, 2.81, 1.88, 1.81, 2.25, 2.65, 2.87, 1.65, 1.39, 1.75, 2.35, 0.75, 0, 0.68, 0.89, 1.44, 1.91, 2.26, 3.36, 4.422, 5.159, 6.432, 6.445, 6.182, 6.532, 7.772, 8.616, 8.596, 8.896, 8.996, 9.109, 9.056, 8.329, 7.539, 7.306, 7.146, 7.05, 7.099, 7.275, 9.056, 10.112, 9.43, 8.472, 8.066, 7.253, 5.27, 4.31, 4.04, 3.31, 3.24, 3.75, 3.37], [11.458, 11.158, 10.368, 10.354, 10.03, 10.339, 10.945, 10.937, 10.536, 10.189, 10.702, 10.468, 10.355, 10.338, 9.57, 9.31, 8.317, 7.057, 7.505, 7.112, 6.179, 5.792, 5.864, 6.1, 5.71, 5.12, 4.27, 4.2, 4.36, 1.53, 2.92, 3.1, 3.26, 3.53, 2.98, 2.45, 1.56, 1.45, 1.99, 2.33, 2.61, 1.49, 1.29, 1.55, 2.01, 0.61, 0.68, 0, 0.93, 1.66, 2.27, 2.64, 3.8, 4.856, 5.593, 6.866, 6.859, 6.616, 6.966, 8.206, 9.051, 9.031, 9.331, 9.431, 9.543, 9.49, 8.763, 7.973, 7.741, 7.581, 7.49, 7.533, 7.692, 9.487, 10.543, 9.858, 8.855, 8.48, 7.685, 5.67, 4.69, 4.38, 3.69, 3.66, 4.19, 3.77], [11.025, 10.688, 9.901, 10.001, 9.598, 9.898, 10.484, 10.484, 10.083, 9.75, 10.263, 10.021, 9.894, 9.882, 9.132, 8.872, 7.879, 6.634, 7.084, 6.711, 5.774, 5.387, 5.354, 5.624, 5.34, 4.73, 3.82, 3.77, 3.91, 1.3, 3.17, 3.35, 3.57, 3.9, 3.33, 2.78, 1.89, 1.8, 2.24, 2.7, 2.86, 1.84, 1.4, 1.76, 2.36, 1.02, 0.89, 0.93, 0, 1.57, 1.96, 2.19, 3.31, 4.415, 5.152, 6.425, 6.418, 6.175, 6.525, 7.765, 8.609, 8.589, 8.889, 8.989, 9.102, 9.049, 8.322, 7.532, 7.299, 7.139, 7.04, 7.092, 7.253, 9.049, 10.102, 9.417, 8.482, 8.033, 7.246, 5.2, 4.24, 3.93, 3.22, 3.21, 3.74, 3.34], [10.19, 9.87, 9.103, 9.283, 8.85, 8.96, 9.549, 9.498, 9.11, 8.764, 9.291, 9.1, 8.922, 8.896, 8.14, 7.88, 6.887, 5.633, 6.126, 5.73, 4.859, 4.54, 4.57, 4.84, 4.67, 4.02, 3.25, 3.12, 3.22, 1.59, 4.14, 4.32, 4.56, 4.87, 4.3, 3.73, 2.76, 2.63, 2.99, 3.47, 3.61, 2.47, 2.01, 2.55, 3.15, 1.73, 1.44, 1.66, 1.57, 0, 1.03, 1.64, 2.58, 3.48, 4.151, 5.424, 5.417, 5.194, 5.524, 6.764, 7.6, 7.58, 7.88, 7.98, 8.101, 8.04, 7.321, 6.531, 6.29, 6.13, 6.03, 6.091, 6.261, 8.057, 9.112, 8.478, 7.604, 7.13, 6.3, 4.45, 3.51, 3.14, 2.67, 2.88, 3.19, 2.75], [9.845, 9.525, 8.755, 8.818, 8.44, 8.43, 8.97, 8.893, 8.52, 8.117, 8.647, 8.49, 8.295, 8.269, 7.479, 7.216, 6.226, 5.006, 5.459, 5.003, 4.3, 4.15, 4.3, 4.51, 4.4, 3.83, 3.14, 3.03, 2.95, 1.88, 4.89, 5.07, 5.27, 5.6, 5.03, 4.48, 3.53, 3.36, 3.7, 4.08, 4.3, 3.04, 2.82, 3.32, 3.82, 2.3, 1.91, 2.27, 1.96, 1.03, 0, 1.31, 2.13, 3.05, 3.57, 4.757, 4.75, 4.69, 4.9, 6.097, 6.93, 6.91, 7.21, 7.31, 7.434, 7.37, 6.66, 5.87, 5.64, 5.46, 5.44, 5.43, 5.6, 7.393, 8.448, 7.849, 7.062, 6.55, 5.743, 4.06, 3.24, 2.91, 2.56, 2.81, 2.88, 2.48], [10.073, 9.713, 8.954, 8.868, 8.51, 8.54, 9.2, 9.04, 8.57, 7.95, 8.46, 8.42, 8.365, 8.248, 7.338, 6.918, 6.025, 4.865, 5.272, 4.779, 4.202, 4.021, 4.05, 4.3, 4.19, 3.76, 2.87, 2.7, 2.9, 1.87, 5.2, 5.38, 5.58, 5.89, 5.32, 4.79, 3.82, 3.65, 3.97, 4.35, 4.59, 3.33, 3.11, 3.65, 4.07, 2.71, 2.26, 2.64, 2.19, 1.64, 1.31, 0, 1.3, 2.74, 3.44, 4.45, 4.42, 4.22, 4.63, 5.767, 6.58, 6.56, 6.86, 6.96, 7.09, 7.06, 6.49, 5.78, 5.63, 5.37, 5.51, 5.44, 5.399, 7.172, 8.214, 7.771, 7.161, 6.558, 5.63, 4.19, 3.47, 3.28, 2.69, 2.64, 2.65, 2.19], [9.03, 8.67, 7.868, 7.83, 7.43, 7.54, 8.14, 7.96, 7.47, 6.81, 7.32, 7.378, 7.291, 7.151, 6.221, 5.801, 4.908, 3.748, 4.118, 3.625, 3.15, 3.06, 3.13, 3.38, 3.37, 2.94, 2.07, 1.86, 1.88, 2.75, 6.24, 6.42, 6.64, 6.95, 6.36, 5.79, 4.82, 4.69, 5.05, 5.45, 5.69, 4.45, 4.23, 4.77, 5.19, 3.87, 3.36, 3.8, 3.31, 2.58, 2.13, 1.3, 0, 1.58, 2.44, 3.27, 3.28, 3.02, 3.45, 4.61, 5.46, 5.44, 5.74, 5.84, 5.95, 5.92, 5.35, 4.64, 4.53, 4.27, 4.45, 4.36, 4.29, 6.035, 7.08, 6.625, 6.035, 5.518, 4.54, 3.17, 2.75, 2.48, 2.19, 2.0, 1.83, 1.65], [7.62, 7.28, 6.486, 6.39, 6.11, 6.44, 6.98, 6.78, 6.23, 5.51, 5.96, 5.975, 5.931, 5.791, 4.861, 4.538, 3.568, 2.45, 2.94, 2.63, 2.25, 2.44, 2.73, 3.22, 3.49, 3.04, 2.51, 2.24, 2.04, 4.01, 7.48, 7.68, 7.9, 8.21, 7.6, 7.05, 6.04, 5.91, 6.17, 6.67, 6.93, 5.53, 5.25, 5.79, 6.413, 4.932, 4.422, 4.856, 4.415, 3.48, 3.05, 2.74, 1.58, 0, 1.32, 2.19, 2.26, 2.3, 2.31, 3.35, 4.2, 4.18, 4.48, 4.58, 4.69, 4.64, 4.01, 3.3, 3.17, 2.91, 3.09, 3.02, 3.09, 4.695, 5.777, 5.282, 4.675, 4.135, 3.18, 2.19, 2.31, 2.22, 2.47, 2.1, 1.99, 1.95], [6.833, 6.473, 5.73, 5.67, 5.51, 5.32, 5.8, 5.74, 5.23, 4.71, 5.2, 5.18, 5.071, 4.931, 4.038, 3.743, 2.93, 2.07, 2.52, 2.33, 2.15, 2.34, 2.65, 3.14, 3.45, 3.12, 3.13, 2.8, 2.38, 4.75, 8.2, 8.4, 8.62, 8.93, 8.34, 7.79, 6.78, 6.63, 6.89, 7.39, 7.65, 6.25, 5.93, 6.51, 7.15, 5.669, 5.159, 5.593, 5.152, 4.151, 3.57, 3.44, 2.44, 1.32, 0, 1.61, 1.82, 2.02, 1.91, 2.69, 3.48, 3.46, 3.8, 3.84, 3.97, 3.9, 3.21, 2.48, 2.43, 2.21, 2.31, 2.32, 2.63, 4.04, 5.002, 4.53, 3.832, 3.3, 2.38, 1.41, 1.91, 2.04, 2.55, 2.24, 2.05, 2.33], [6.17, 5.89, 5.5, 5.7, 5.46, 5.33, 5.63, 5.33, 4.86, 3.98, 4.21, 4.37, 4.195, 3.927, 3.05, 2.73, 2.2, 1.32, 1.47, 1.26, 1.74, 2.19, 2.5, 2.81, 3.2, 3.31, 3.78, 3.51, 2.99, 6.02, 9.49, 9.69, 9.91, 10.22, 9.61, 9.06, 8.03, 7.9, 8.179, 8.68, 8.94, 7.54, 7.2, 7.8, 8.423, 6.942, 6.432, 6.866, 6.425, 5.424, 4.757, 4.45, 3.27, 2.19, 1.61, 0, 0.77, 1.29, 1.52, 1.5, 2.31, 2.33, 2.49, 2.61, 2.68, 2.69, 2.14, 1.59, 1.54, 1.38, 1.8, 1.53, 1.68, 2.83, 3.861, 3.395, 2.99, 2.63, 2.13, 2.1, 2.92, 3.31, 3.84, 3.59, 2.96, 3.32], [6.46, 6.2, 5.79, 5.93, 5.63, 5.52, 5.84, 5.56, 5.11, 4.07, 4.48, 4.64, 4.49, 4.2, 3.28, 2.86, 2.37, 1.57, 1.78, 1.55, 1.77, 2.12, 2.49, 2.76, 3.13, 3.3, 3.65, 3.44, 2.98, 6.003, 9.448, 9.636, 9.871, 10.189, 9.602, 9.049, 8.013, 7.835, 8.132, 8.621, 8.881, 7.495, 7.135, 7.758, 8.416, 6.935, 6.445, 6.859, 6.418, 5.417, 4.75, 4.42, 3.28, 2.26, 1.82, 0.77, 0, 1.16, 1.51, 1.57, 2.3, 2.3, 2.54, 2.68, 2.75, 2.8, 2.33, 1.72, 1.69, 1.55, 1.93, 1.66, 1.53, 3.08, 4.094, 3.594, 3.18, 2.92, 2.32, 2.29, 2.93, 3.3, 3.83, 3.62, 2.97, 3.31], [6.62, 6.44, 6.09, 6.35, 6.09, 6.04, 6.36, 6.04, 5.49, 4.57, 4.62, 4.6, 4.47, 4.154, 3.24, 2.9, 2.35, 1.49, 1.76, 1.53, 1.39, 1.44, 1.73, 2.02, 2.41, 2.6, 3.15, 2.96, 2.66, 5.77, 9.225, 9.413, 9.648, 9.966, 9.36, 8.81, 7.74, 7.552, 7.849, 8.338, 8.618, 7.232, 6.892, 7.515, 8.173, 6.692, 6.182, 6.616, 6.175, 5.194, 4.69, 4.22, 3.02, 2.3, 2.02, 1.29, 1.16, 0, 0.97, 1.65, 2.44, 2.46, 2.72, 2.84, 2.93, 2.9, 2.33, 1.72, 1.63, 1.47, 1.77, 1.64, 1.35, 3.018, 4.065, 3.605, 3.16, 3.12, 2.8, 2.39, 2.89, 3.2, 3.59, 3.36, 2.77, 3.03], [6.53, 6.33, 6.12, 6.36, 6.12, 6.09, 6.41, 6.09, 5.56, 4.62, 4.61, 4.43, 4.18, 3.8, 3.19, 2.97, 2.32, 1.52, 1.63, 1.5, 1.54, 1.61, 1.68, 2.05, 2.38, 2.49, 3.382, 3.281, 2.99, 6.113, 9.555, 9.743, 9.978, 10.296, 9.703, 9.151, 8.075, 7.882, 8.199, 8.688, 8.968, 7.582, 7.242, 7.865, 8.523, 7.042, 6.532, 6.966, 6.525, 5.524, 4.9, 4.63, 3.45, 2.31, 1.91, 1.52, 1.51, 0.97, 0, 1.42, 2.25, 2.17, 2.43, 2.53, 2.6, 2.55, 2.06, 1.59, 1.34, 1.34, 1.7, 1.63, 1.22, 2.628, 3.72, 3.3, 3.03, 3.07, 2.89, 2.34, 2.92, 3.21, 3.76, 3.51, 3.02, 3.32], [5.93, 5.73, 5.48, 5.7, 5.44, 5.41, 5.71, 5.39, 4.88, 3.9, 3.89, 3.75, 3.56, 3.02, 2.29, 2.03, 1.64, 1.42, 1.33, 1.54, 2.18, 2.53, 2.78, 2.93, 3.32, 3.77, 4.64, 4.53, 4.23, 7.36, 10.815, 11.003, 11.238, 11.556, 10.95, 10.4, 9.33, 9.142, 9.439, 9.928, 10.208, 8.822, 8.482, 9.105, 9.763, 8.282, 7.772, 8.206, 7.765, 6.764, 6.097, 5.767, 4.61, 3.35, 2.69, 1.5, 1.57, 1.65, 1.42, 0, 0.95, 0.99, 1.25, 1.43, 1.38, 1.41, 1.14, 1.25, 0.98, 0.92, 1.26, 1.13, 1.16, 1.77, 2.8, 2.44, 2.29, 2.49, 2.29, 2.88, 3.78, 4.15, 4.8, 4.632, 4.122, 4.502], [5.68, 5.48, 5.27, 5.49, 5.21, 5.14, 5.46, 5.16, 4.69, 3.69, 3.64, 3.5, 3.31, 2.675, 2.0, 1.74, 1.57, 2.05, 1.8, 2.17, 2.93, 3.36, 3.59, 3.62, 4.03, 4.62, 5.49, 5.38, 5.08, 8.21, 11.64, 11.84, 12.079, 12.39, 11.8, 11.25, 10.18, 9.983, 10.283, 10.772, 11.052, 9.666, 9.326, 9.949, 10.59, 9.126, 8.616, 9.051, 8.609, 7.6, 6.93, 6.58, 5.46, 4.2, 3.48, 2.31, 2.3, 2.44, 2.25, 0.95, 0, 0.52, 0.72, 1.26, 1.17, 1.04, 1.29, 1.66, 1.55, 1.51, 1.69, 1.64, 1.51, 1.4, 2.31, 2.13, 2.06, 2.3, 2.22, 3.57, 4.53, 4.9, 5.63, 5.476, 4.946, 5.346], [5.76, 5.58, 5.43, 5.65, 5.39, 5.36, 5.66, 5.34, 4.91, 3.85, 3.8, 3.6, 3.39, 2.758, 2.12, 1.86, 1.79, 2.03, 1.78, 2.09, 2.89, 3.3, 3.49, 3.58, 3.95, 4.48, 5.47, 5.36, 5.06, 8.19, 11.62, 11.82, 12.059, 12.37, 11.78, 11.23, 10.16, 9.963, 10.263, 10.752, 11.032, 9.646, 9.306, 9.929, 10.57, 9.106, 8.596, 9.031, 8.589, 7.58, 6.91, 6.56, 5.44, 4.18, 3.46, 2.33, 2.3, 2.46, 2.17, 0.99, 0.52, 0, 0.72, 1.18, 1.05, 0.96, 1.11, 1.44, 1.47, 1.51, 1.73, 1.6, 1.53, 1.52, 2.37, 2.23, 2.26, 2.46, 2.32, 3.61, 4.57, 4.96, 5.65, 5.48, 4.926, 5.326], [5.96, 5.68, 5.81, 6.05, 5.75, 5.68, 5.94, 5.7, 5.23, 4.19, 3.98, 3.7, 3.41, 2.81, 2.42, 2.18, 2.03, 2.31, 1.96, 2.31, 3.19, 3.6, 3.63, 3.52, 3.91, 4.696, 5.769, 5.66, 5.36, 8.49, 11.92, 12.12, 12.359, 12.67, 12.08, 11.53, 10.46, 10.263, 10.563, 11.052, 11.332, 9.946, 9.606, 10.229, 10.87, 9.406, 8.896, 9.331, 8.889, 7.88, 7.21, 6.86, 5.74, 4.48, 3.8, 2.49, 2.54, 2.72, 2.43, 1.25, 0.72, 0.72, 0, 0.86, 0.71, 0.78, 1.19, 1.64, 1.65, 1.77, 1.95, 1.88, 1.75, 1.3, 2.39, 2.21, 2.52, 2.7, 2.58, 3.83, 4.81, 5.2, 5.89, 5.756, 5.226, 5.626], [6.04, 5.9, 6.07, 6.25, 5.95, 5.84, 6.08, 5.88, 5.49, 4.39, 4.04, 3.74, 3.45, 2.93, 2.64, 2.5, 2.41, 2.51, 2.3, 2.59, 3.35, 3.7, 3.73, 3.54, 4.01, 4.796, 5.869, 5.76, 5.46, 8.59, 12.02, 12.22, 12.459, 12.77, 12.18, 11.63, 10.56, 10.363, 10.663, 11.152, 11.432, 10.046, 9.706, 10.329, 10.97, 9.506, 8.996, 9.431, 8.989, 7.98, 7.31, 6.96, 5.84, 4.58, 3.84, 2.61, 2.68, 2.84, 2.53, 1.43, 1.26, 1.18, 0.86, 0, 0.59, 0.76, 0.99, 1.6, 1.69, 1.87, 2.09, 2.06, 1.81, 1.36, 2.41, 2.23, 2.64, 2.76, 2.74, 3.93, 4.89, 5.26, 5.99, 5.856, 5.326, 5.726], [5.87, 5.73, 5.92, 6.12, 5.8, 5.71, 5.93, 5.75, 5.36, 4.26, 3.87, 3.57, 3.24, 2.78, 2.49, 2.33, 2.26, 2.54, 2.21, 2.56, 3.4, 3.81, 3.84, 3.67, 4.14, 4.906, 5.979, 5.87, 5.57, 8.7, 12.15, 12.341, 12.569, 12.88, 12.29, 11.74, 10.67, 10.479, 10.776, 11.265, 11.545, 10.159, 9.819, 10.442, 11.1, 9.619, 9.109, 9.543, 9.102, 8.101, 7.434, 7.09, 5.95, 4.69, 3.97, 2.68, 2.75, 2.93, 2.6, 1.38, 1.17, 1.05, 0.71, 0.59, 0, 0.57, 1.04, 1.69, 1.82, 1.98, 2.16, 2.09, 1.9, 1.17, 2.22, 2.12, 2.63, 2.71, 2.75, 4.02, 5.02, 5.39, 6.1, 5.969, 5.439, 5.839], [5.54, 5.42, 5.61, 5.81, 5.45, 5.4, 5.62, 5.44, 5.03, 3.95, 3.52, 3.18, 2.85, 2.47, 2.18, 2.06, 2.01, 2.45, 2.08, 2.45, 3.343, 3.76, 3.79, 3.68, 4.09, 4.839, 5.912, 5.811, 5.516, 8.643, 12.079, 12.268, 12.502, 12.821, 12.233, 11.681, 10.605, 10.406, 10.723, 11.212, 11.492, 10.106, 9.766, 10.389, 11.03, 9.566, 9.056, 9.49, 9.049, 8.04, 7.37, 7.06, 5.92, 4.64, 3.9, 2.69, 2.8, 2.9, 2.55, 1.41, 1.04, 0.96, 0.78, 0.76, 0.57, 0, 0.81, 1.56, 1.75, 1.91, 2.09, 2.0, 1.85, 0.92, 1.83, 1.69, 2.28, 2.38, 2.5, 3.95, 4.95, 5.32, 6.03, 5.916, 5.386, 5.783], [5.61, 5.37, 5.52, 5.74, 5.44, 5.35, 5.59, 5.35, 4.94, 3.9, 3.51, 3.21, 2.98, 2.5, 2.13, 2.09, 1.8, 1.94, 1.81, 2.14, 2.7, 3.09, 3.26, 3.25, 3.64, 4.17, 5.2, 5.09, 4.79, 7.92, 11.37, 11.561, 11.789, 12.1, 11.51, 10.96, 9.89, 9.699, 9.996, 10.485, 10.765, 9.379, 9.039, 9.662, 10.32, 8.839, 8.329, 8.763, 8.322, 7.321, 6.66, 6.49, 5.35, 4.01, 3.21, 2.14, 2.33, 2.33, 2.06, 1.14, 1.29, 1.11, 1.19, 0.99, 1.04, 0.81, 0, 0.91, 1.06, 1.24, 1.52, 1.41, 1.32, 1.25, 2.16, 1.82, 2.19, 2.37, 2.31, 3.36, 4.3, 4.69, 5.36, 5.189, 4.659, 5.059], [5.76, 5.52, 5.55, 5.87, 5.61, 5.46, 5.72, 5.44, 4.97, 4.01, 3.82, 3.64, 3.403, 2.88, 2.26, 2.06, 1.77, 1.45, 1.48, 1.75, 2.15, 2.48, 2.69, 2.7, 3.13, 3.48, 4.41, 4.3, 4.0, 7.13, 10.58, 10.771, 10.999, 11.31, 10.72, 10.17, 9.1, 8.909, 9.226, 9.73, 9.975, 8.609, 8.249, 8.872, 9.53, 8.049, 7.539, 7.973, 7.532, 6.531, 5.87, 5.78, 4.64, 3.3, 2.48, 1.59, 1.72, 1.72, 1.59, 1.25, 1.66, 1.44, 1.64, 1.6, 1.69, 1.56, 0.91, 0, 0.69, 0.79, 1.21, 1.1, 1.31, 1.96, 2.788, 2.27, 2.4, 2.5, 2.36, 2.63, 3.63, 4.02, 4.67, 4.42, 3.869, 4.269], [5.91, 5.69, 5.64, 5.92, 5.66, 5.53, 5.81, 5.53, 5.06, 4.18, 4.09, 3.81, 3.599, 2.962, 2.41, 2.39, 1.86, 1.2, 1.27, 1.56, 1.94, 2.09, 2.28, 2.31, 2.72, 3.19, 4.18, 4.07, 3.77, 6.9, 10.33, 10.53, 10.769, 11.08, 10.49, 9.94, 8.87, 8.673, 8.98, 9.48, 9.76, 8.356, 8.016, 8.639, 9.32, 7.816, 7.306, 7.741, 7.299, 6.29, 5.64, 5.63, 4.53, 3.17, 2.43, 1.54, 1.69, 1.63, 1.34, 0.98, 1.55, 1.47, 1.65, 1.69, 1.82, 1.75, 1.06, 0.69, 0, 0.64, 0.88, 0.73, 0.94, 1.97, 2.98, 2.46, 2.31, 2.53, 2.43, 2.56, 3.46, 3.85, 4.46, 4.17, 3.64, 4.04], [5.85, 5.65, 5.34, 5.62, 5.36, 5.29, 5.61, 5.25, 4.74, 3.88, 3.91, 3.77, 3.539, 3.022, 2.33, 2.19, 1.58, 1.08, 1.29, 1.44, 1.82, 2.07, 2.46, 2.59, 3.0, 3.27, 4.02, 3.91, 3.61, 6.74, 10.17, 10.37, 10.609, 10.92, 10.33, 9.78, 8.71, 8.513, 8.82, 9.32, 9.582, 8.2, 7.856, 8.479, 9.12, 7.656, 7.146, 7.581, 7.139, 6.13, 5.46, 5.37, 4.27, 2.91, 2.21, 1.38, 1.55, 1.47, 1.34, 0.92, 1.51, 1.51, 1.77, 1.87, 1.98, 1.91, 1.24, 0.79, 0.64, 0, 0.82, 0.77, 1.1, 2.09, 3.12, 2.58, 2.23, 2.37, 2.13, 2.24, 3.18, 3.57, 4.22, 4.01, 3.48, 3.876], [5.729, 5.546, 5.16, 5.48, 5.16, 5.07, 5.43, 5.01, 4.56, 3.9, 4.05, 3.75, 3.593, 3.096, 2.449, 2.31, 1.64, 1.32, 1.55, 1.82, 2.0, 2.21, 2.54, 2.73, 3.06, 3.41, 3.96, 3.83, 3.53, 6.66, 10.09, 10.29, 10.529, 10.84, 10.25, 9.7, 8.63, 8.46, 8.78, 9.24, 9.5, 8.1, 7.773, 8.38, 9.1, 7.56, 7.05, 7.49, 7.04, 6.03, 5.44, 5.51, 4.45, 3.09, 2.31, 1.8, 1.93, 1.77, 1.7, 1.26, 1.69, 1.73, 1.95, 2.09, 2.16, 2.09, 1.52, 1.21, 0.88, 0.82, 0, 0.81, 1.36, 2.35, 3.24, 2.7, 2.01, 2.31, 1.99, 2.12, 3.14, 3.55, 4.1, 3.91, 3.42, 3.8], [5.796, 5.616, 5.25, 5.45, 5.19, 5.12, 5.44, 5.14, 4.71, 3.91, 4.04, 3.7, 3.566, 3.123, 2.44, 2.32, 1.65, 1.05, 1.32, 1.47, 1.79, 2.18, 2.57, 2.68, 3.05, 3.36, 3.97, 3.86, 3.56, 6.69, 10.14, 10.331, 10.559, 10.87, 10.28, 9.73, 8.66, 8.469, 8.79, 9.275, 9.535, 8.149, 7.809, 8.432, 9.13, 7.609, 7.099, 7.533, 7.092, 6.091, 5.43, 5.44, 4.36, 3.02, 2.32, 1.53, 1.66, 1.64, 1.63, 1.13, 1.64, 1.6, 1.88, 2.06, 2.09, 2.0, 1.41, 1.1, 0.73, 0.77, 0.81, 0, 1.05, 2.14, 3.21, 2.75, 2.24, 2.32, 2.08, 2.39, 3.31, 3.68, 4.29, 4.04, 3.59, 3.91], [6.21, 6.01, 5.78, 6.02, 5.76, 5.71, 6.03, 5.73, 5.26, 4.32, 4.25, 4.03, 3.84, 3.22, 2.57, 2.45, 1.94, 1.38, 1.61, 1.58, 1.7, 2.01, 2.36, 2.45, 2.86, 3.27, 4.105, 4.003, 3.729, 6.836, 10.298, 10.486, 10.701, 11.019, 10.432, 9.879, 8.803, 8.618, 8.942, 9.431, 9.705, 8.316, 7.973, 8.602, 9.266, 7.77, 7.275, 7.692, 7.253, 6.261, 5.6, 5.399, 4.29, 3.09, 2.63, 1.68, 1.53, 1.35, 1.22, 1.16, 1.51, 1.53, 1.75, 1.81, 1.9, 1.85, 1.32, 1.31, 0.94, 1.1, 1.36, 1.05, 0, 1.89, 3.02, 2.76, 2.59, 2.73, 2.53, 2.82, 3.56, 3.95, 4.52, 4.33, 3.76, 4.06], [5.22, 5.24, 5.43, 5.57, 5.27, 5.16, 5.34, 5.2, 4.85, 3.81, 3.