[[0, 0.91, 1.54, 1.25, 1.81, 2.13, 1.89, 1.77, 1.67, 1.81, 1.78, 1.57, 1.52, 1.63, 1.6, 1.6, 2.17, 2.91, 3.41, 3.41, 4.06, 4.02, 3.17, 3.57, 4.67, 3.95, 2.49, 1.65, 1.85, 1.42, 1.68, 2.32, 2.0, 1.87, 1.65, 1.5, 1.45, 1.45, 1.73, 1.97, 2.13, 2.19, 1.85, 2.53, 2.73, 5.0, 6.44, 6.67, 6.3, 6.13, 6.07, 7.69, 8.68, 9.18, 9.4, 9.52, 9.58, 10.31, 10.65, 9.88, 9.63, 9.71, 9.62, 9.04, 7.81, 6.59, 6.64, 7.57, 8.46, 8.69, 8.07, 8.01, 8.06, 8.15, 8.16, 8.0, 7.66, 7.07, 7.11, 7.1, 6.21, 5.97, 5.87, 6.0, 6.47, 6.44], [0.91, 0, 1.03, 0.98, 1.56, 1.78, 1.68, 1.62, 1.7, 1.7, 1.53, 1.38, 1.23, 1.4, 1.43, 1.45, 1.9, 2.46, 2.86, 2.92, 3.59, 3.69, 2.94, 3.26, 4.3, 3.64, 2.28, 1.52, 1.6, 1.37, 1.79, 2.51, 2.37, 2.14, 2.08, 1.73, 1.78, 1.78, 1.96, 2.26, 2.56, 2.68, 2.1, 2.48, 2.66, 5.25, 6.75, 6.94, 6.41, 6.24, 6.24, 7.78, 8.77, 9.27, 9.51, 9.63, 9.67, 10.36, 10.74, 9.93, 9.68, 9.88, 9.73, 9.13, 7.96, 6.7, 6.81, 7.78, 8.61, 8.8, 8.14, 8.08, 8.13, 8.254, 8.25, 8.07, 7.73, 7.22, 7.2, 7.19, 6.36, 6.1, 5.98, 6.11, 6.56, 6.53], [1.54, 1.03, 0, 0.89, 1.45, 1.51, 1.45, 1.45, 1.63, 1.57, 1.66, 1.37, 1.2, 1.01, 1.24, 1.34, 1.61, 1.89, 2.15, 2.15, 2.86, 2.9, 2.23, 2.57, 3.59, 2.97, 1.79, 1.45, 1.47, 1.28, 2.0, 3.08, 2.88, 2.61, 2.43, 1.72, 1.95, 1.99, 2.09, 2.45, 2.83, 2.93, 2.21, 2.57, 2.69, 5.98, 7.5, 7.69, 7.18, 6.97, 6.99, 8.45, 9.46, 9.92, 10.18, 10.24, 10.36, 11.03, 11.39, 10.62, 10.39, 10.63, 10.48, 9.86, 8.71, 7.45, 7.6, 8.59, 9.4, 9.51, 8.85, 8.79, 8.84, 8.961, 8.94, 8.76, 8.42, 7.95, 7.91, 7.9, 7.11, 6.85, 6.73, 6.82, 7.25, 7.22], [1.25, 0.98, 0.89, 0, 0.96, 1.38, 1.26, 1.3, 1.36, 1.16, 1.15, 0.92, 0.93, 0.9, 1.01, 1.13, 1.52, 2.08, 2.36, 2.54, 3.19, 3.37, 2.7, 3.08, 4.08, 3.48, 2.06, 1.28, 1.42, 1.05, 1.53, 2.57, 2.31, 2.16, 2.22, 1.59, 1.74, 1.76, 1.94, 2.2, 2.54, 2.58, 1.88, 2.3, 2.26, 5.51, 7.07, 7.18, 6.71, 6.44, 6.46, 7.94, 8.93, 9.43, 9.65, 9.73, 9.83, 10.5, 10.82, 10.15, 9.9, 10.16, 9.99, 9.37, 8.22, 6.98, 7.13, 8.12, 8.93, 9.02, 8.34, 8.24, 8.29, 8.42, 8.39, 8.23, 7.91, 7.44, 7.4, 7.39, 6.6, 6.36, 6.24, 6.33, 6.72, 6.69], [1.81, 1.56, 1.45, 0.96, 0, 0.92, 1.18, 0.98, 0.84, 1.2, 1.35, 1.2, 1.37, 1.36, 1.03, 1.13, 1.52, 1.9, 2.08, 2.26, 2.83, 3.17, 2.46, 2.78, 3.78, 3.32, 2.18, 1.26, 1.34, 1.43, 1.85, 3.07, 2.83, 2.64, 2.66, 1.83, 2.16, 2.14, 2.2, 2.44, 2.92, 2.96, 2.02, 1.8, 2.16, 5.95, 7.51, 7.58, 7.05, 6.8, 6.82, 8.24, 9.25, 9.75, 9.97, 10.03, 10.15, 10.82, 11.14, 10.47, 10.24, 10.5, 10.33, 9.73, 8.62, 7.36, 7.55, 8.52, 9.27, 9.36, 8.68, 8.56, 8.61, 8.72, 8.71, 8.53, 8.25, 7.78, 7.74, 7.73, 6.92, 6.7, 6.58, 6.67, 7.04, 7.01], [2.13, 1.78, 1.51, 1.38, 0.92, 0, 0.82, 0.96, 1.08, 1.72, 1.95, 1.8, 1.57, 1.34, 1.23, 1.27, 1.32, 1.76, 1.82, 1.86, 2.45, 2.81, 1.9, 2.12, 3.1, 2.62, 1.76, 1.32, 1.4, 1.63, 2.39, 3.73, 3.43, 3.16, 3.02, 1.97, 2.62, 2.58, 2.64, 3.04, 3.56, 3.58, 2.58, 2.06, 2.68, 6.65, 8.23, 8.28, 7.79, 7.54, 7.56, 9.02, 9.99, 10.49, 10.71, 10.77, 10.89, 11.6, 11.94, 11.23, 11.0, 11.2, 11.03, 10.43, 9.28, 8.04, 8.17, 9.16, 9.97, 10.06, 9.38, 9.28, 9.33, 9.44, 9.43, 9.27, 8.97, 8.48, 8.46, 8.45, 7.64, 7.42, 7.3, 7.39, 7.78, 7.75], [1.89, 1.68, 1.45, 1.26, 1.18, 0.82, 0, 0.74, 1.12, 1.64, 1.91, 1.66, 1.49, 1.24, 1.19, 1.27, 1.42, 1.88, 2.08, 2.12, 2.69, 3.09, 2.08, 2.3, 3.3, 2.8, 1.84, 1.46, 1.66, 1.65, 2.25, 3.51, 3.19, 2.94, 2.74, 1.89, 2.48, 2.5, 2.58, 2.96, 3.3, 3.32, 2.42, 2.14, 2.68, 6.41, 7.99, 8.06, 7.57, 7.32, 7.34, 8.78, 9.73, 10.21, 10.45, 10.51, 10.63, 11.34, 11.72, 10.99, 10.76, 10.94, 10.79, 10.19, 9.06, 7.78, 7.91, 8.92, 9.71, 9.8, 9.1, 9.02, 9.07, 9.2, 9.19, 9.05, 8.73, 8.24, 8.22, 8.21, 7.4, 7.18, 7.06, 7.15, 7.52, 7.51], [1.77, 1.62, 1.45, 1.3, 0.98, 0.96, 0.74, 0, 0.96, 1.66, 1.87, 1.62, 1.63, 1.28, 1.31, 1.31, 1.56, 1.96, 2.22, 2.18, 2.69, 3.09, 2.16, 2.4, 3.34, 2.84, 1.9, 1.5, 1.7, 1.69, 2.19, 3.43, 3.15, 2.84, 2.82, 1.97, 2.44, 2.44, 2.52, 2.86, 3.2, 3.22, 2.38, 2.04, 2.68, 6.27, 7.83, 7.94, 7.43, 7.2, 7.22, 8.68, 9.69, 10.15, 10.41, 10.45, 10.59, 11.26, 11.62, 10.87, 10.64, 10.86, 10.71, 10.11, 8.96, 7.7, 7.83, 8.82, 9.63, 9.72, 9.04, 8.98, 9.03, 9.16, 9.15, 8.97, 8.65, 8.18, 8.16, 8.15, 7.34, 7.1, 6.98, 7.07, 7.48, 7.45], [1.67, 1.7, 1.63, 1.36, 0.84, 1.08, 1.12, 0.96, 0, 1.16, 1.47, 1.3, 1.47, 1.22, 1.21, 1.21, 1.78, 2.14, 2.36, 2.42, 3.07, 3.37, 2.58, 2.9, 3.98, 3.4, 2.14, 1.32, 1.52, 1.43, 1.75, 2.95, 2.69, 2.68, 2.78, 1.87, 2.06, 2.02, 2.2, 2.4, 2.82, 2.86, 2.28, 2.18, 2.4, 5.95, 7.51, 7.54, 6.91, 6.74, 6.78, 8.2, 9.11, 9.57, 9.87, 9.87, 10.03, 10.72, 11.14, 10.31, 10.08, 10.18, 10.09, 9.51, 8.42, 7.12, 7.25, 8.22, 8.95, 9.1, 8.44, 8.38, 8.43, 8.56, 8.57, 8.39, 8.07, 7.54, 7.56, 7.55, 6.66, 6.5, 6.38, 6.47, 6.9, 6.87], [1.81, 1.7, 1.57, 1.16, 1.2, 1.72, 1.64, 1.66, 1.16, 0, 0.73, 0.78, 1.07, 1.2, 1.31, 1.43, 2.1, 2.5, 2.66, 2.9, 3.59, 3.85, 3.26, 3.64, 4.62, 4.06, 2.72, 1.84, 1.88, 1.51, 1.47, 2.27, 2.15, 2.1, 2.4, 1.79, 1.72, 1.74, 2.04, 2.1, 2.42, 2.28, 2.08, 2.3, 2.08, 5.19, 6.77, 6.8, 6.23, 6.04, 6.08, 7.4, 8.33, 8.81, 9.05, 9.09, 9.23, 9.98, 10.32, 9.63, 9.4, 9.58, 9.41, 8.79, 7.72, 6.42, 6.63, 7.64, 8.37, 8.4, 7.74, 7.66, 7.71, 7.84, 7.79, 7.61, 7.29, 6.84, 6.8, 6.79, 6.02, 5.76, 5.64, 5.69, 6.16, 6.13], [1.78, 1.53, 1.66, 1.15, 1.35, 1.95, 1.91, 1.87, 1.47, 0.73, 0, 0.69, 0.88, 1.27, 1.5, 1.52, 2.19, 2.57, 2.79, 3.03, 3.7, 3.98, 3.45, 3.85, 4.83, 4.25, 2.79, 1.91, 1.89, 1.42, 1.62, 2.14, 2.18, 2.01, 2.33, 1.8, 1.69, 1.85, 2.25, 2.33, 2.53, 2.37, 2.25, 2.63, 2.27, 4.96, 6.5, 6.55, 5.98, 5.79, 5.83, 7.15, 8.12, 8.6, 8.84, 8.88, 9.02, 9.73, 10.07, 9.38, 9.15, 9.39, 9.22, 8.6, 7.53, 6.23, 6.44, 7.45, 8.16, 8.21, 7.53, 7.45, 7.5, 7.63, 7.58, 7.4, 7.08, 6.65, 6.61, 6.6, 5.83, 5.57, 5.45, 5.5, 5.95, 5.9], [1.57, 1.38, 1.37, 0.92, 1.2, 1.8, 1.66, 1.62, 1.3, 0.78, 0.69, 0, 0.71, 1.14, 1.25, 1.33, 1.9, 2.42, 2.74, 2.96, 3.63, 3.85, 3.3, 3.68, 4.62, 4.08, 2.64, 1.8, 1.94, 1.43, 1.55, 2.23, 2.21, 1.94, 2.24, 1.83, 1.72, 1.88, 2.3, 2.3, 2.58, 2.48, 2.16, 2.58, 2.44, 5.05, 6.61, 6.68, 6.13, 5.92, 5.98, 7.3, 8.31, 8.81, 9.03, 9.11, 9.21, 9.88, 10.2, 9.53, 9.3, 9.56, 9.39, 8.77, 7.7, 6.42, 6.63, 7.64, 8.35, 8.42, 7.76, 7.66, 7.71, 7.84, 7.77, 7.61, 7.29, 6.84, 6.76, 6.77, 5.98, 5.72, 5.6, 5.67, 6.12, 6.09], [1.52, 1.23, 1.2, 0.93, 1.37, 1.57, 1.49, 1.63, 1.47, 1.07, 0.88, 0.71, 0, 0.79, 1.12, 1.1, 1.53, 2.25, 2.81, 2.95, 3.62, 3.82, 3.07, 3.41, 4.39, 3.81, 2.35, 1.73, 1.85, 1.3, 1.76, 2.44, 2.28, 2.15, 2.05, 1.66, 1.73, 1.87, 2.31, 2.57, 2.79, 2.75, 2.39, 2.85, 2.73, 5.34, 6.92, 6.95, 6.38, 6.21, 6.23, 7.57, 8.56, 9.06, 9.28, 9.38, 9.46, 10.15, 10.47, 9.8, 9.55, 9.77, 9.62, 9.04, 7.97, 6.63, 6.84, 7.85, 8.56, 8.63, 7.97, 7.87, 7.92, 8.05, 8.02, 7.86, 7.54, 7.03, 7.01, 7.0, 6.21, 5.99, 5.87, 5.94, 6.37, 6.34], [1.63, 1.4, 1.01, 0.9, 1.36, 1.34, 1.24, 1.28, 1.22, 1.2, 1.27, 1.14, 0.79, 0, 1.01, 1.11, 1.32, 1.9, 2.46, 2.5, 3.13, 3.39, 2.56, 2.9, 3.86, 3.26, 1.78, 1.48, 1.68, 1.15, 1.87, 3.03, 2.67, 2.68, 2.48, 1.57, 1.96, 1.98, 2.22, 2.66, 3.02, 3.0, 2.42, 2.8, 2.74, 5.95, 7.53, 7.56, 6.97, 6.8, 6.82, 8.2, 9.09, 9.59, 9.81, 9.87, 9.99, 10.74, 11.1, 10.41, 10.16, 10.32, 10.17, 9.55, 8.48, 7.14, 7.35, 8.36, 9.09, 9.18, 8.5, 8.4, 8.45, 8.58, 8.55, 8.39, 8.07, 7.58, 7.56, 7.53, 6.74, 6.52, 6.4, 6.47, 6.94, 6.91], [1.6, 1.43, 1.24, 1.01, 1.03, 1.23, 1.19, 1.31, 1.21, 1.31, 1.5, 1.25, 1.12, 1.01, 0, 0.52, 1.03, 1.73, 2.41, 2.49, 3.1, 3.36, 2.57, 2.93, 3.941, 3.319, 1.87, 1.25, 1.55, 1.14, 1.72, 2.94, 2.62, 2.57, 2.41, 1.78, 2.19, 2.17, 2.35, 2.63, 2.99, 3.05, 2.13, 2.53, 2.45, 5.92, 7.5, 7.53, 6.96, 6.75, 6.79, 8.11, 9.06, 9.56, 9.78, 9.84, 9.96, 10.69, 10.99, 10.36, 10.11, 10.29, 10.1, 9.52, 8.45, 7.15, 7.34, 8.37, 9.08, 9.11, 8.45, 8.35, 8.4, 8.49, 8.48, 8.32, 8.02, 7.51, 7.51, 7.48, 6.71, 6.51, 6.39, 6.42, 6.89, 6.86], [1.6, 1.45, 1.34, 1.13, 1.13, 1.27, 1.27, 1.31, 1.21, 1.43, 1.52, 1.33, 1.1, 1.11, 0.52, 0, 1.03, 1.87, 2.57, 2.65, 3.24, 3.52, 2.67, 2.99, 3.978, 3.353, 1.91, 1.27, 1.51, 1.08, 1.7, 2.9, 2.6, 2.51, 2.31, 1.7, 2.11, 2.09, 2.35, 2.71, 2.97, 3.05, 2.13, 2.57, 2.43, 5.86, 7.44, 7.47, 6.88, 6.67, 6.71, 8.05, 9.02, 9.52, 9.74, 9.82, 9.9, 10.61, 10.89, 10.26, 10.05, 10.21, 10.04, 9.5, 8.43, 7.15, 7.32, 8.33, 9.02, 9.07, 8.41, 8.29, 8.34, 8.45, 8.48, 8.3, 8.0, 7.47, 7.49, 7.46, 6.65, 6.45, 6.33, 6.4, 6.81, 6.82], [2.17, 1.9, 1.61, 1.52, 1.52, 1.32, 1.42, 1.56, 1.78, 2.1, 2.19, 1.9, 1.53, 1.32, 1.03, 1.03, 0, 1.32, 2.16, 2.26, 2.75, 3.03, 2.26, 2.44, 3.3, 2.78, 1.48, 1.46, 1.8, 1.59, 2.31, 3.63, 3.35, 3.2, 2.78, 2.17, 2.82, 2.74, 2.94, 3.28, 3.74, 3.78, 2.72, 2.92, 2.72, 6.35, 7.91, 8.02, 7.53, 7.26, 7.32, 8.64, 9.71, 10.19, 10.43, 10.53, 10.61, 11.26, 11.58, 10.95, 10.76, 11.02, 10.87, 10.23, 9.12, 7.86, 8.07, 9.08, 9.81, 9.88, 9.22, 9.12, 9.17, 9.3, 9.25, 9.01, 8.73, 8.32, 8.24, 8.25, 7.44, 7.2, 7.04, 7.11, 7.52, 7.49], [2.91, 2.46, 1.89, 2.08, 1.9, 1.76, 1.88, 1.96, 2.14, 2.5, 2.57, 2.42, 2.25, 1.9, 1.73, 1.87, 1.32, 0, 1.22, 1.28, 1.89, 2.19, 2.08, 2.06, 2.64, 2.3, 1.7, 1.92, 2.2, 2.35, 3.13, 4.35, 4.13, 4.0, 3.7, 2.87, 3.52, 3.42, 3.46, 3.8, 4.28, 4.46, 3.42, 3.1, 3.1, 6.99, 8.53, 8.7, 8.23, 7.94, 7.96, 9.38, 10.43, 10.93, 11.15, 11.23, 11.33, 12.0, 12.3, 11.61, 11.44, 11.7, 11.53, 10.87, 9.76, 8.52, 8.71, 9.72, 10.47, 10.58, 9.92, 9.8, 9.85, 9.98, 9.93, 9.73, 9.43, 9.0, 8.92, 8.93, 8.12, 7.86, 7.72, 7.81, 8.22, 8.19], [3.41, 2.86, 2.15, 2.36, 2.08, 1.82, 2.08, 2.22, 2.36, 2.66, 2.79, 2.74, 2.81, 2.46, 2.41, 2.57, 2.16, 1.22, 0, 0.94, 1.59, 1.81, 1.96, 1.88, 2.36, 2.06, 2.24, 2.36, 2.46, 2.67, 3.41, 4.61, 4.43, 4.12, 4.16, 3.17, 3.8, 3.76, 3.72, 3.96, 4.42, 4.5, 3.56, 2.82, 3.12, 7.19, 8.77, 8.88, 8.41, 8.1, 8.08, 9.64, 10.71, 11.21, 11.43, 11.49, 11.61, 12.28, 12.56, 11.89, 11.66, 11.92, 11.71, 11.07, 9.88, 8.72, 8.85, 9.84, 10.67, 10.82, 10.16, 10.06, 10.11, 10.22, 10.17, 10.01, 9.67, 9.2, 9.12, 9.13, 8.34, 8.06, 7.94, 8.05, 8.5, 8.47], [3.41, 2.92, 2.15, 2.54, 2.26, 1.86, 2.12, 2.18, 2.42, 2.9, 3.03, 2.96, 2.95, 2.5, 2.49, 2.65, 2.26, 1.28, 0.94, 0, 1.11, 1.71, 1.6, 1.58, 2.04, 1.94, 2.1, 2.38, 2.54, 2.71, 3.61, 4.81, 4.63, 4.2, 4.18, 3.23, 3.9, 3.86, 3.82, 4.06, 4.56, 4.62, 3.66, 2.78, 3.34, 7.43, 8.93, 9.14, 8.71, 8.42, 8.42, 9.94, 11.01, 11.51, 11.73, 11.79, 11.91, 12.58, 12.86, 12.19, 11.94, 12.2, 11.99, 11.37, 10.2, 9.0, 9.13, 10.12, 10.97, 11.12, 10.46, 10.36, 10.41, 10.52, 10.49, 10.33, 9.99, 9.48, 9.42, 9.41, 8.62, 8.36, 8.24, 8.35, 8.8, 8.77], [4.06, 3.59, 2.86, 3.19, 2.83, 2.45, 2.69, 2.69, 3.07, 3.59, 3.7, 3.63, 3.62, 3.13, 3.1, 3.24, 2.75, 1.89, 1.59, 1.11, 0, 1.1, 1.57, 1.53, 1.73, 2.19, 2.57, 2.95, 3.21, 3.34, 4.26, 5.46, 5.28, 4.91, 4.87, 3.9, 4.61, 4.57, 4.53, 4.79, 5.27, 5.33, 4.37, 3.61, 3.99, 8.14, 9.62, 9.83, 9.4, 9.11, 9.11, 10.63, 11.68, 12.18, 12.4, 12.46, 12.58, 13.25, 13.53, 12.86, 12.63, 12.89, 12.68, 12.06, 10.87, 9.69, 9.8, 10.79, 11.66, 11.81, 11.15, 11.03, 11.08, 11.19, 11.18, 11.0, 10.68, 10.17, 10.11, 10.1, 9.29, 9.03, 8.93, 9.04, 9.47, 9.44], [4.02, 3.69, 2.9, 3.37, 3.17, 2.81, 3.09, 3.09, 3.37, 3.85, 3.98, 3.85, 3.82, 3.39, 3.36, 3.52, 3.03, 2.19, 1.81, 1.71, 1.1, 0, 1.53, 1.53, 1.91, 2.13, 2.57, 3.09, 3.23, 3.42, 4.32, 5.58, 5.34, 4.79, 4.73, 3.8, 4.45, 4.41, 4.39, 4.65, 5.13, 5.19, 4.23, 3.77, 4.27, 8.32, 9.78, 10.05, 9.66, 9.35, 9.33, 10.89, 11.96, 12.46, 12.68, 12.74, 12.86, 13.55, 13.85, 13.16, 12.91, 13.19, 13.0, 12.38, 11.15, 9.95, 10.08, 11.09, 11.96, 12.11, 11.45, 11.35, 11.4, 11.492, 11.482, 11.322, 11.0, 10.47, 10.41, 10.38, 9.57, 9.31, 9.19, 9.32, 9.75, 9.72], [3.17, 2.94, 2.23, 2.7, 2.46, 1.9, 2.08, 2.16, 2.58, 3.26, 3.45, 3.3, 3.07, 2.56, 2.57, 2.67, 2.26, 2.08, 1.96, 1.6, 1.57, 1.53, 0, 0.68, 1.8, 1.66, 1.66, 2.14, 2.26, 2.57, 3.53, 4.93, 4.53, 4.1, 3.98, 2.83, 3.52, 3.46, 3.46, 3.8, 4.48, 4.46, 3.44, 3.16, 3.96, 7.93, 9.43, 9.62, 9.15, 8.94, 8.92, 10.46, 11.45, 11.93, 12.17, 12.23, 12.33, 13.1, 13.42, 12.69, 12.46, 12.64, 12.47, 11.89, 10.66, 9.42, 9.51, 10.54, 11.41, 11.58, 10.92, 10.811, 10.861, 10.974, 11.004, 10.824, 10.51, 9.92, 9.92, 9.89, 9.04, 8.8, 8.68, 8.81, 9.24, 9.23], [3.57, 3.26, 2.57, 3.08, 2.78, 2.12, 2.3, 2.4, 2.9, 3.64, 3.85, 3.68, 3.41, 2.9, 2.93, 2.99, 2.44, 2.06, 1.88, 1.58, 1.53, 1.53, 0.68, 0, 1.36, 1.32, 1.82, 2.46, 2.6, 2.91, 3.93, 5.33, 4.93, 4.42, 4.26, 3.19, 3.9, 3.86, 3.84, 4.24, 4.9, 4.88, 3.78, 3.32, 4.22, 8.29, 9.81, 10.0, 9.53, 9.3, 9.26, 10.82, 11.85, 12.33, 12.57, 12.63, 12.75, 13.48, 13.82, 13.07, 12.84, 13.0, 12.87, 12.29, 11.04, 9.8, 9.85, 10.88, 11.77, 11.94, 11.3, 11.211, 11.261, 11.354, 11.384, 11.204, 10.91, 10.3, 10.32, 10.29, 9.42, 9.18, 9.08, 9.21, 9.64, 9.63], [4.67, 4.3, 3.59, 4.08, 3.78, 3.1, 3.3, 3.34, 3.98, 4.62, 4.83, 4.62, 4.39, 3.86, 3.941, 3.978, 3.3, 2.64, 2.36, 2.04, 1.73, 1.91, 1.8, 1.36, 0, 1.08, 2.68, 3.5, 3.62, 4.01, 4.97, 6.37, 5.99, 5.5, 5.16, 4.01, 4.96, 4.92, 4.84, 5.28, 5.98, 5.96, 4.84, 3.9, 5.18, 9.29, 10.79, 11.0, 10.51, 10.3, 10.28, 11.76, 12.81, 13.31, 13.53, 13.59, 13.71, 14.44, 14.759, 14.03, 13.84, 14.08, 13.91, 13.25, 12.04, 10.82, 10.93, 11.98, 12.85, 13.02, 12.36, 12.26, 12.31, 12.411, 12.361, 12.181, 11.87, 11.36, 11.3, 11.29, 10.48, 10.14, 10.04, 10.17, 10.6, 10.59], [3.95, 3.64, 2.97, 3.48, 3.32, 2.62, 2.8, 2.84, 3.4, 4.06, 4.25, 4.08, 3.81, 3.26, 3.319, 3.353, 2.78, 2.3, 2.06, 1.94, 2.19, 2.13, 1.66, 1.32, 1.08, 0, 1.96, 2.82, 2.94, 3.31, 4.33, 5.73, 5.33, 4.84, 4.6, 3.39, 4.22, 4.18, 4.1, 4.54, 5.26, 5.22, 4.16, 3.88, 4.66, 8.73, 10.25, 10.42, 9.93, 9.7, 9.68, 11.24, 12.25, 12.73, 12.97, 13.03, 13.15, 13.88, 14.22, 13.47, 13.24, 13.4, 13.27, 12.69, 11.46, 10.2, 10.27, 11.3, 12.17, 12.34, 11.7, 11.611, 11.661, 11.754, 11.784, 11.604, 11.31, 10.7, 10.72, 10.69, 9.82, 9.6, 9.48, 9.61, 10.04, 10.03], [2.49, 2.28, 1.79, 2.06, 2.18, 1.76, 1.84, 1.9, 2.14, 2.72, 2.79, 2.64, 2.35, 1.78, 1.87, 1.91, 1.48, 1.7, 2.24, 2.1, 2.57, 2.57, 1.66, 1.82, 2.68, 1.96, 0, 1.14, 1.4, 1.65, 2.73, 4.11, 3.75, 3.58, 3.32, 2.17, 2.54, 2.48, 2.64, 2.86, 3.78, 3.84, 2.92, 3.2, 3.42, 7.23, 8.69, 8.86, 8.35, 8.16, 8.18, 9.7, 10.57, 11.01, 11.31, 11.35, 11.47, 12.24, 12.62, 11.83, 11.58, 11.64, 11.47, 10.89, 9.7, 8.46, 8.51, 9.46, 10.37, 10.56, 9.92, 9.88, 9.93, 9.992, 10.01, 9.87, 9.51, 8.92, 8.92, 8.89, 7.96, 7.82, 7.74, 7.83, 8.34, 8.25], [1.65, 1.52, 1.45, 1.28, 1.26, 1.32, 1.46, 1.5, 1.32, 1.84, 1.91, 1.8, 1.73, 1.48, 1.25, 1.27, 1.46, 1.92, 2.36, 2.38, 2.95, 3.09, 2.14, 2.46, 3.5, 2.82, 1.14, 0, 0.68, 1.01, 1.85, 3.21, 2.89, 2.88, 2.7, 1.65, 1.8, 1.76, 1.86, 2.04, 2.96, 3.14, 2.22, 2.36, 2.7, 6.41, 7.87, 8.02, 7.47, 7.28, 7.3, 8.78, 9.67, 10.07, 10.39, 10.45, 10.53, 11.28, 11.66, 10.87, 10.66, 10.72, 10.59, 10.01, 8.86, 7.6, 7.69, 8.62, 9.49, 9.66, 9.02, 8.94, 8.99, 9.08, 9.11, 8.93, 8.61, 8.0, 8.02, 8.01, 7.08, 6.98, 6.88, 6.95, 7.4, 7.33], [1.85, 1.6, 1.47, 1.42, 1.34, 1.4, 1.66, 1.7, 1.52, 1.88, 1.89, 1.94, 1.85, 1.68, 1.55, 1.51, 1.8, 2.2, 2.46, 2.54, 3.21, 3.23, 2.26, 2.6, 3.62, 2.94, 1.4, 0.68, 0, 1.07, 1.77, 3.15, 2.77, 2.92, 2.68, 1.65, 1.66, 1.6, 1.58, 1.9, 2.8, 2.94, 2.02, 2.1, 2.56, 6.31, 7.79, 7.96, 7.41, 7.24, 7.24, 8.7, 9.53, 9.95, 10.27, 10.27, 10.41, 11.22, 11.62, 10.85, 10.64, 10.7, 10.57, 9.99, 8.82, 7.54, 7.63, 8.6, 9.47, 9.62, 8.96, 8.86, 8.91, 9.0, 9.05, 8.87, 8.55, 7.96, 8.0, 7.97, 7.04, 6.92, 6.82, 6.89, 7.3, 7.25], [1.42, 1.37, 1.28, 1.05, 1.43, 1.63, 1.65, 1.69, 1.43, 1.51, 1.42, 1.43, 1.3, 1.15, 1.14, 1.08, 1.59, 2.35, 2.67, 2.71, 3.34, 3.42, 2.57, 2.91, 4.01, 3.31, 1.65, 1.01, 1.07, 0, 1.3, 2.58, 2.18, 2.23, 2.07, 1.28, 1.53, 1.53, 1.75, 2.03, 2.47, 2.43, 1.85, 2.49, 2.39, 5.72, 7.2, 7.37, 6.8, 6.63, 6.63, 8.11, 9.02, 9.44, 9.74, 9.76, 9.88, 10.69, 11.07, 10.28, 10.07, 10.15, 10.04, 9.44, 8.25, 6.97, 7.06, 8.07, 8.92, 9.09, 8.45, 8.353, 8.403, 8.496, 8.546, 8.366, 8.06, 7.45, 7.47, 7.44, 6.53, 6.37, 6.25, 6.36, 6.79, 6.76], [1.68, 1.79, 2.0, 1.53, 1.85, 2.39, 2.25, 2.19, 1.75, 1.47, 1.62, 1.55, 1.76, 1.87, 1.72, 1.7, 2.31, 3.13, 3.41, 3.61, 4.26, 4.32, 3.53, 3.93, 4.97, 4.33, 2.73, 1.85, 1.77, 1.3, 0, 1.54, 1.34, 1.69, 1.77, 1.84, 1.53, 1.41, 1.71, 1.79, 1.99, 1.87, 1.67, 2.25, 2.13, 4.66, 6.16, 6.27, 5.72, 5.55, 5.53, 7.05, 7.96, 8.42, 8.72, 8.78, 8.86, 9.63, 10.03, 9.22, 9.01, 9.19, 9.04, 8.42, 7.19, 5.95, 6.08, 7.11, 7.98, 8.127, 7.467, 7.376, 7.426, 7.53, 7.5, 7.32, 7.02, 6.49, 6.43, 6.42, 5.63, 5.33, 5.21, 5.32, 5.75, 5.74], [2.32, 2.51, 3.08, 2.57, 3.07, 3.73, 3.51, 3.43, 2.95, 2.27, 2.14, 2.23, 2.44, 3.03, 2.94, 2.9, 3.63, 4.35, 4.61, 4.81, 5.46, 5.58, 4.93, 5.33, 6.37, 5.73, 4.11, 3.21, 3.15, 2.58, 1.54, 0, 0.84, 1.95, 2.35, 3.22, 2.33, 2.45, 2.65, 2.15, 1.63, 1.41, 2.15, 3.27, 2.37, 3.3, 4.78, 4.89, 4.3, 4.15, 4.15, 5.61, 6.6, 7.04, 7.34, 7.44, 7.46, 8.19, 8.57, 7.78, 7.55, 7.73, 7.58, 7.02, 5.85, 4.55, 4.64, 5.69, 6.52, 6.67, 6.03, 5.93, 5.98, 6.081, 6.111, 5.931, 5.62, 5.01, 5.03, 5.0, 4.15, 3.93, 3.81, 3.92, 4.35, 4.34], [2.0, 2.37, 2.88, 2.31, 2.83, 3.43, 3.19, 3.15, 2.69, 2.15, 2.18, 2.21, 2.28, 2.67, 2.62, 2.6, 3.35, 4.13, 4.43, 4.63, 5.28, 5.34, 4.53, 4.93, 5.99, 5.33, 3.75, 2.89, 2.77, 2.18, 1.34, 0.84, 0, 1.89, 2.05, 2.78, 2.13, 2.19, 2.41, 2.09, 1.71, 1.47, 2.01, 3.09, 2.41, 3.68, 5.2, 5.31, 4.72, 4.59, 4.57, 6.03, 6.94, 7.44, 7.68, 7.78, 7.82, 8.63, 8.99, 8.22, 7.99, 8.11, 7.98, 7.38, 6.23, 4.91, 5.02, 6.07, 6.88, 7.05, 6.41, 6.31, 6.36, 6.47, 6.5, 6.32, 6.0, 5.39, 5.41, 5.38, 4.51, 4.31, 4.19, 4.3, 4.73, 4.72], [1.87, 2.14, 2.61, 2.16, 2.64, 3.16, 2.94, 2.84, 2.68, 2.1, 2.01, 1.94, 2.15, 2.68, 2.57, 2.51, 3.2, 4.0, 4.12, 4.2, 4.91, 4.79, 4.1, 4.42, 5.5, 4.84, 3.58, 2.88, 2.92, 2.23, 1.69, 1.95, 1.89, 0, 1.44, 2.25, 2.1, 2.2, 2.64, 2.64, 2.74, 2.3, 2.26, 3.12, 3.18, 4.03, 5.51, 5.74, 5.39, 5.24, 5.12, 6.68, 7.81, 8.19, 8.45, 8.51, 8.59, 9.32, 9.66, 8.89, 8.66, 8.82, 8.69, 8.11, 6.86, 5.64, 5.67, 6.7, 7.59, 7.748, 7.108, 7.028, 7.078, 7.191, 7.201, 7.041, 6.73, 6.16, 6.179, 6.15, 5.28, 5.0, 4.96, 5.05, 5.5, 5.49], [1.65, 2.08, 2.43, 2.22, 2.66, 3.02, 2.74, 2.82, 2.78, 2.4, 2.33, 2.24, 2.05, 2.48, 2.41, 2.31, 2.78, 3.7, 4.16, 4.18, 4.87, 4.73, 3.98, 4.26, 5.16, 4.6, 3.32, 2.7, 2.68, 2.07, 1.77, 2.35, 2.05, 1.44, 0, 1.57, 1.7, 1.62, 2.04, 2.42, 2.64, 2.24, 2.12, 2.94, 3.2, 4.59, 6.01, 6.28, 6.01, 5.86, 5.76, 7.32, 8.49, 8.93, 9.19, 9.27, 9.35, 10.06, 10.399, 9.65, 9.42, 9.648, 9.498, 8.849, 7.62, 6.42, 6.53, 7.5, 8.401, 8.573, 7.933, 7.853, 7.903, 8.016, 7.958, 7.778, 7.452, 7.005, 6.956, 6.95, 6.14, 5.76, 5.66, 5.79, 6.26, 6.25], [1.5, 1.73, 1.72, 1.59, 1.83, 1.97, 1.89, 1.97, 1.87, 1.79, 1.8, 1.83, 1.66, 1.57, 1.78, 1.7, 2.17, 2.87, 3.17, 3.23, 3.9, 3.8, 2.83, 3.19, 4.01, 3.39, 2.17, 1.65, 1.65, 1.28, 1.84, 3.22, 2.78, 2.25, 1.57, 0, 1.17, 1.09, 1.37, 1.75, 2.39, 2.31, 1.73, 2.37, 2.77, 5.82, 7.24, 7.49, 7.2, 7.07, 7.03, 8.59, 9.6, 10.04, 10.32, 10.36, 10.48, 11.27, 11.61, 10.84, 10.65, 10.795, 10.671, 10.011, 8.75, 7.57, 7.68, 8.65, 9.528, 9.727, 9.087, 9.027, 9.077, 9.19, 9.12, 8.92, 8.594, 8.17, 8.11, 8.1, 7.289, 6.91, 6.79, 6.92, 7.39, 7.38], [1.45, 1.78, 1.95, 1.74, 2.16, 2.62, 2.48, 2.44, 2.06, 1.72, 1.69, 1.72, 1.73, 1.96, 2.19, 2.11, 2.82, 3.52, 3.8, 3.9, 4.61, 4.45, 3.52, 3.9, 4.96, 4.22, 2.54, 1.8, 1.66, 1.53, 1.53, 2.33, 2.13, 2.1, 1.7, 1.17, 0, 0.48, 0.9, 1.04, 1.74, 1.8, 1.48, 2.3, 2.6, 5.17, 6.53, 6.78, 6.45, 6.36, 6.28, 7.88, 8.83, 9.23, 9.57, 9.61, 9.71, 10.5, 10.9, 10.07, 9.8, 9.82, 9.747, 9.167, 7.92, 6.68, 6.73, 7.64, 8.55, 8.783, 8.163, 8.129, 8.179, 8.266, 8.276, 8.102, 7.77, 7.2, 7.24, 7.21, 6.28, 6.06, 5.96, 6.09, 6.6, 6.55], [1.45, 1.78, 1.99, 1.76, 2.14, 2.58, 2.5, 2.44, 2.02, 1.74, 1.85, 1.88, 1.87, 1.98, 2.17, 2.09, 2.74, 3.42, 3.76, 3.86, 4.57, 4.41, 3.46, 3.86, 4.92, 4.18, 2.48, 1.76, 1.6, 1.53, 1.41, 2.45, 2.19, 2.2, 1.62, 1.09, 0.48, 0, 0.72, 1.02, 1.8, 1.84, 1.4, 2.24, 2.58, 5.27, 6.65, 6.9, 6.57, 6.48, 6.4, 8.0, 8.97, 9.37, 9.71, 9.77, 9.83, 10.62, 11.02, 10.19, 9.94, 9.98, 9.904, 9.324, 8.08, 6.84, 6.89, 7.8, 8.707, 8.94, 8.32, 8.266, 8.316, 8.423, 8.433, 8.253, 7.927, 7.36, 7.4, 7.37, 6.44, 6.22, 6.12, 6.25, 6.72, 6.71], [1.73, 1.96, 2.09, 1.94, 2.2, 2.64, 2.58, 2.52, 2.2, 2.04, 2.25, 2.3, 2.31, 2.22, 2.35, 2.35, 2.94, 3.46, 3.72, 3.82, 4.53, 4.39, 3.46, 3.84, 4.84, 4.1, 2.64, 1.86, 1.58, 1.75, 1.71, 2.65, 2.41, 2.64, 2.04, 1.37, 0.9, 0.72, 0, 0.84, 1.64, 1.76, 1.26, 1.94, 2.24, 5.39, 6.77, 7.02, 6.69, 6.6, 6.52, 8.12, 9.07, 9.47, 9.81, 9.79, 9.95, 10.74, 11.14, 10.31, 10.06, 10.08, 10.007, 9.427, 8.18, 6.94, 6.99, 7.9, 8.81, 9.043, 8.423, 8.386, 8.436, 8.526, 8.536, 8.356, 8.03, 7.46, 7.5, 7.47, 6.54, 6.32, 6.22, 6.35, 6.84, 6.81], [1.97, 2.26, 2.45, 2.2, 2.44, 3.04, 2.96, 2.86, 2.4, 2.1, 2.33, 2.3, 2.57, 2.66, 2.63, 2.71, 3.28, 3.8, 3.96, 4.06, 4.79, 4.65, 3.8, 4.24, 5.28, 4.54, 2.86, 2.04, 1.9, 2.03, 1.79, 2.15, 2.09, 2.64, 2.42, 1.75, 1.04, 1.02, 0.84, 0, 1.34, 1.42, 1.28, 2.22, 2.12, 4.91, 6.27, 6.52, 6.19, 6.1, 6.02, 7.62, 8.59, 8.95, 9.33, 9.39, 9.45, 10.24, 10.64, 9.81, 9.54, 9.56, 9.47, 8.89, 7.66, 6.4, 6.45, 7.36, 8.273, 8.506, 7.886, 7.869, 7.919, 7.989, 7.999, 7.822, 7.493, 6.92, 6.96, 6.93, 6.0, 5.78, 5.7, 5.81, 6.34, 6.27], [2.13, 2.56, 2.83, 2.54, 2.92, 3.56, 3.3, 3.2, 2.82, 2.42, 2.53, 2.58, 2.79, 3.02, 2.99, 2.97, 3.74, 4.28, 4.42, 4.56, 5.27, 5.13, 4.48, 4.9, 5.98, 5.26, 3.78, 2.96, 2.8, 2.47, 1.99, 1.63, 1.71, 2.74, 2.64, 2.39, 1.74, 1.8, 1.64, 1.34, 0, 0.7, 1.36, 2.62, 1.86, 3.83, 5.23, 5.46, 5.11, 5.02, 4.94, 6.54, 7.57, 8.01, 8.31, 8.37, 8.45, 9.18, 9.56, 8.75, 8.5, 8.642, 8.532, 7.952, 6.72, 5.48, 5.53, 6.5, 7.375, 7.568, 6.948, 6.903, 6.953, 7.051, 7.061, 6.881, 6.555, 6.019, 6.039, 6.01, 5.14, 4.86, 4.76, 4.89, 5.36, 5.35], [2.19, 2.68, 2.93, 2.58, 2.96, 3.58, 3.32, 3.22, 2.86, 2.28, 2.37, 2.48, 2.75, 3.0, 3.05, 3.05, 3.78, 4.46, 4.5, 4.62, 5.33, 5.19, 4.46, 4.88, 5.96, 5.22, 3.84, 3.14, 2.94, 2.43, 1.87, 1.41, 1.47, 2.3, 2.24, 2.31, 1.8, 1.84, 1.76, 1.42, 0.7, 0, 1.24, 2.66, 2.08, 3.85, 5.33, 5.54, 5.15, 5.04, 4.96, 6.56, 7.59, 8.03, 8.31, 8.35, 8.47, 9.22, 9.58, 8.79, 8.54, 8.662, 8.555, 7.975, 6.74, 5.5, 5.55, 6.519, 7.395, 7.591, 6.971, 6.911, 6.961, 7.074, 7.084, 6.904, 6.578, 6.039, 6.06, 6.03, 5.16, 4.88, 4.78, 4.91, 5.38, 5.37], [1.85, 2.1, 2.21, 1.88, 2.02, 2.58, 2.42, 2.38, 2.28, 2.08, 2.25, 2.16, 2.39, 2.42, 2.13, 2.13, 2.72, 3.42, 3.56, 3.66, 4.37, 4.23, 3.44, 3.78, 4.84, 4.16, 2.92, 2.22, 2.02, 1.85, 1.67, 2.15, 2.01, 2.26, 2.12, 1.73, 1.48, 1.4, 1.26, 1.28, 1.36, 1.24, 0, 1.78, 1.82, 4.79, 6.27, 6.5, 6.13, 5.98, 5.88, 7.48, 8.59, 9.03, 9.31, 9.35, 9.47, 10.2, 10.54, 9.77, 9.52, 9.699, 9.552, 8.972, 7.74, 6.5, 6.57, 7.54, 8.432, 8.605, 7.968, 7.908, 7.958, 8.071, 8.081, 7.901, 7.575, 7.056, 7.059, 7.03, 6.18, 5.88, 5.78, 5.91, 6.38, 6.37], [2.53, 2.48, 2.57, 2.3, 1.8, 2.06, 2.14, 2.04, 2.18, 2.3, 2.63, 2.58, 2.85, 2.8, 2.53, 2.57, 2.92, 3.1, 2.82, 2.78, 3.61, 3.77, 3.16, 3.32, 3.9, 3.88, 3.2, 2.36, 2.1, 2.49, 2.25, 3.27, 3.09, 3.12, 2.94, 2.37, 2.3, 2.24, 1.94, 2.22, 2.62, 2.66, 1.78, 0, 2.12, 5.85, 7.31, 7.54, 7.17, 6.98, 6.9, 8.48, 9.63, 10.07, 10.35, 10.39, 10.51, 11.22, 11.536, 10.81, 10.58, 10.808, 10.678, 10.006, 8.82, 7.58, 7.71, 8.68, 9.561, 9.733, 9.093, 9.013, 9.063, 9.176, 9.115, 8.935, 8.609, 8.165, 8.113, 8.11, 7.3, 6.94, 6.82, 6.95, 7.42, 7.41], [2.73, 2.66, 2.69, 2.26, 2.16, 2.68, 2.68, 2.68, 2.4, 2.08, 2.27, 2.44, 2.73, 2.74, 2.45, 2.43, 2.72, 3.1, 3.12, 3.34, 3.99, 4.27, 3.96, 4.22, 5.18, 4.66, 3.42, 2.7, 2.56, 2.39, 2.13, 2.37, 2.41, 3.18, 3.2, 2.77, 2.6, 2.58, 2.24, 2.12, 1.86, 2.08, 1.82, 2.12, 0, 4.17, 5.67, 5.86, 5.43, 5.22, 5.18, 6.74, 7.85, 8.31, 8.57, 8.61, 8.75, 9.42, 9.74, 9.03, 8.84, 9.06, 8.93, 8.27, 7.02, 5.84, 5.95, 6.94, 7.83, 8.02, 7.38, 7.288, 7.338, 7.411, 7.352, 7.172, 6.85, 6.419, 6.351, 6.35, 5.54, 5.18, 5.04, 5.17, 5.64, 5.61], [5.0, 5.25, 5.98, 5.51, 5.95, 6.65, 6.41, 6.27, 5.95, 5.19, 4.96, 5.05, 5.34, 5.95, 5.92, 5.86, 6.35, 6.99, 7.19, 7.43, 8.14, 8.32, 7.93, 8.29, 9.29, 8.73, 7.23, 6.41, 6.31, 5.72, 4.66, 3.3, 3.68, 4.03, 4.59, 5.82, 5.17, 5.27, 5.39, 4.91, 3.83, 3.85, 4.79, 5.85, 4.17, 0, 1.86, 2.29, 2.3, 2.37, 2.21, 3.87, 4.9, 5.26, 5.5, 5.82, 5.38, 5.77, 6.09, 5.44, 5.21, 5.45, 5.36, 4.82, 3.63, 2.73, 2.76, 3.51, 4.2, 4.41, 3.731, 3.671, 3.76, 3.794, 3.704, 3.448, 3.32, 2.822, 2.762, 2.84, 2.23, 2.05, 2.11, 2.06, 2.41, 2.4], [6.44, 6.75, 7.5, 7.07, 7.51, 8.23, 7.99, 7.83, 7.51, 6.77, 6.5, 6.61, 6.92, 7.53, 7.5, 7.44, 7.91, 8.53, 8.77, 8.93, 9.62, 9.78, 9.43, 9.81, 10.79, 10.25, 8.69, 7.87, 7.79, 7.2, 6.16, 4.78, 5.2, 5.51, 6.01, 7.24, 6.53, 6.65, 6.77, 6.27, 5.23, 5.33, 6.27, 7.31, 5.67, 1.86, 0, 0.99, 1.76, 1.95, 1.99, 2.71, 3.78, 3.98, 4.22, 4.42, 4.04, 4.37, 4.67, 4.0, 3.79, 4.03, 3.9, 3.42, 2.35, 2.15, 2.0, 2.47, 2.94, 3.05, 2.51, 2.65, 2.56, 2.71, 2.54, 2.24, 2.24, 2.03, 2.15, 2.18, 2.39, 2.47, 2.43, 2.34, 1.97, 1.88], [6.67, 6.94, 7.69, 7.18, 7.58, 8.28, 8.06, 7.94, 7.54, 6.8, 6.55, 6.68, 6.95, 7.56, 7.53, 7.47, 8.02, 8.7, 8.88, 9.14, 9.83, 10.05, 9.62, 10.0, 11.0, 10.42, 8.86, 8.02, 7.96, 7.37, 6.27, 4.89, 5.31, 5.74, 6.28, 7.49, 6.78, 6.9, 7.02, 6.52, 5.46, 5.54, 6.5, 7.54, 5.86, 2.29, 0.99, 0, 1.19, 1.32, 1.42, 2.0, 2.91, 3.13, 3.39, 3.65, 3.37, 3.9, 4.2, 3.53, 3.32, 3.56, 3.377, 2.81, 1.66, 1.7, 1.55, 1.74, 2.43, 2.54, 2.18, 2.3, 2.19, 2.28, 2.11, 1.91, 1.75, 1.94, 2.06, 1.75, 1.98, 2.16, 2.24, 2.17, 1.76, 1.63], [6.3, 6.41, 7.18, 6.71, 7.05, 7.79, 7.57, 7.43, 6.91, 6.23, 5.98, 6.13, 6.38, 6.97, 6.96, 6.88, 7.53, 8.23, 8.41, 8.71, 9.4, 9.66, 9.15, 9.53, 10.51, 9.93, 8.35, 7.47, 7.41, 6.8, 5.72, 4.3, 4.72, 5.39, 6.01, 7.2, 6.45, 6.57, 6.69, 6.19, 5.11, 5.15, 6.13, 7.17, 5.43, 2.3, 1.76, 1.19, 0, 0.67, 0.79, 1.87, 2.78, 3.14, 3.46, 3.74, 3.56, 4.23, 4.55, 3.8, 3.61, 3.83, 3.7, 3.16, 1.87, 1.23, 1.36, 1.89, 2.6, 2.757, 2.15, 2.19, 2.16, 2.32, 2.191, 2.031, 1.74, 1.69, 1.83, 1.44, 1.33, 1.45, 1.43, 1.56, 1.31, 1.24], [6.13, 6.24, 6.97, 6.44, 6.8, 7.54, 7.32, 7.2, 6.74, 6.04, 5.79, 5.92, 6.21, 6.8, 6.75, 6.67, 7.26, 7.94, 8.1, 8.42, 9.11, 9.35, 8.94, 9.3, 10.3, 9.7, 8.16, 7.28, 7.24, 6.63, 5.55, 4.15, 4.59, 5.24, 5.86, 7.07, 6.36, 6.48, 6.6, 6.1, 5.02, 5.04, 5.98, 6.98, 5.22, 2.37, 1.95, 1.32, 0.67, 0, 0.6, 1.86, 2.91, 3.29, 3.59, 3.81, 3.65, 4.32, 4.58, 3.91, 3.7, 4.0, 3.83, 3.19, 1.96, 1.3, 1.55, 1.98, 2.77, 2.92, 2.28, 2.34, 2.33, 2.422, 2.35, 2.27, 1.91, 2.0, 2.0, 1.67, 1.52, 1.58, 1.54, 1.75, 1.52, 1.41], [6.07, 6.24, 6.99, 6.46, 6.82, 7.56, 7.34, 7.22, 6.78, 6.08, 5.83, 5.98, 6.23, 6.82, 6.79, 6.71, 7.32, 7.96, 8.08, 8.42, 9.11, 9.33, 8.92, 9.26, 10.28, 9.68, 8.18, 7.3, 7.24, 6.63, 5.53, 4.15, 4.57, 5.12, 5.76, 7.03, 6.28, 6.4, 6.52, 6.02, 4.94, 4.96, 5.88, 6.9, 5.18, 2.21, 1.99, 1.42, 0.79, 0.6, 0, 1.86, 3.05, 3.39, 3.71, 3.91, 3.73, 4.42, 4.7, 3.97, 3.72, 3.96, 3.83, 3.23, 2.0, 1.36, 1.45, 1.96, 2.75, 2.916, 2.28, 2.28, 2.31, 2.339, 2.349, 2.41, 1.91, 1.92, 1.92, 1.61, 1.4, 1.42, 1.44, 1.63, 1.54, 1.53], [7.69, 7.78, 8.45, 7.94, 8.24, 9.02, 8.78, 8.68, 8.2, 7.4, 7.15, 7.3, 7.57, 8.2, 8.11, 8.05, 8.64, 9.38, 9.64, 9.94, 10.63, 10.89, 10.46, 10.82, 11.76, 11.24, 9.7, 8.78, 8.7, 8.11, 7.05, 5.61, 6.03, 6.68, 7.32, 8.59, 7.88, 8.0, 8.12, 7.62, 6.54, 6.56, 7.48, 8.48, 6.74, 3.87, 2.71, 2.0, 1.87, 1.86, 1.86, 0, 1.43, 1.67, 1.97, 2.15, 2.17, 2.78, 3.12, 2.51, 2.3, 2.68, 2.75, 2.15, 1.3, 2.14, 2.11, 2.06, 1.97, 1.82, 1.92, 1.82, 1.83, 1.78, 1.95, 2.05, 1.77, 2.38, 2.46, 1.89, 2.5, 2.5, 2.42, 2.45, 2.12, 2.07], [8.68, 8.77, 9.46, 8.93, 9.25, 9.99, 9.73, 9.69, 9.11, 8.33, 8.12, 8.31, 8.56, 9.09, 9.06, 9.02, 9.71, 10.43, 10.71, 11.01, 11.68, 11.96, 11.45, 11.85, 12.81, 12.25, 10.57, 9.67, 9.53, 9.02, 7.96, 6.6, 6.94, 7.81, 8.49, 9.6, 8.83, 8.97, 9.07, 8.59, 7.57, 7.59, 8.59, 9.63, 7.85, 4.9, 3.78, 2.91, 2.78, 2.91, 3.05, 1.43, 0, 0.8, 1.0, 1.26, 1.42, 2.03, 2.67, 2.2, 2.19, 2.55, 2.64, 2.18, 1.99, 2.97, 3.02, 2.57, 2.26, 2.19, 2.57, 2.37, 2.32, 2.35, 2.58, 2.7, 2.5, 3.29, 3.41, 2.76, 3.33, 3.33, 3.21, 3.28, 2.79, 2.82], [9.18, 9.27, 9.92, 9.43, 9.75, 10.49, 10.21, 10.15, 9.57, 8.81, 8.6, 8.81, 9.06, 9.59, 9.56, 9.52, 10.19, 10.93, 11.21, 11.51, 12.18, 12.46, 11.93, 12.33, 13.31, 12.73, 11.01, 10.07, 9.95, 9.44, 8.42, 7.04, 7.44, 8.19, 8.93, 10.04, 9.23, 9.37, 9.47, 8.95, 8.01, 8.03, 9.03, 10.07, 8.31, 5.26, 3.98, 3.13, 3.14, 3.29, 3.39, 1.67, 0.8, 0, 0.82, 0.98, 1.4, 1.81, 2.23, 1.9, 1.87, 2.35, 2.4, 1.96, 2.09, 3.25, 3.3, 2.85, 2.48, 2.25, 2.71, 2.61, 2.52, 2.53, 2.8, 2.84, 2.7, 3.49, 3.67, 3.02, 3.61, 3.63, 3.55, 3.56, 3.09, 3.14], [9.4, 9.51, 10.18, 9.65, 9.97, 10.71, 10.45, 10.41, 9.87, 9.05, 8.84, 9.03, 9.28, 9.81, 9.78, 9.74, 10.43, 11.15, 11.43, 11.73, 12.4, 12.68, 12.17, 12.57, 13.53, 12.97, 11.31, 10.39, 10.27, 9.74, 8.72, 7.34, 7.68, 8.45, 9.19, 10.32, 9.57, 9.71, 9.81, 9.33, 8.31, 8.31, 9.31, 10.35, 8.57, 5.5, 4.22, 3.39, 3.46, 3.59, 3.71, 1.97, 1.0, 0.82, 0, 0.86, 1.16, 1.57, 2.07, 2.0, 2.13, 2.45, 2.72, 2.22, 2.43, 3.61, 3.66, 3.13, 2.72, 2.59, 3.05, 2.89, 2.8, 2.83, 3.1, 3.14, 3.02, 3.79, 3.97, 3.34, 3.91, 3.97, 3.91, 3.9, 3.37, 3.44], [9.52, 9.63, 10.24, 9.73, 10.03, 10.77, 10.51, 10.45, 9.87, 9.09, 8.88, 9.11, 9.38, 9.87, 9.84, 9.82, 10.53, 11.23, 11.49, 11.79, 12.46, 12.74, 12.23, 12.63, 13.59, 13.03, 11.35, 10.45, 10.27, 9.76, 8.78, 7.44, 7.78, 8.51, 9.27, 10.36, 9.61, 9.77, 9.79, 9.39, 8.37, 8.35, 9.35, 10.39, 8.61, 5.82, 4.42, 3.65, 3.74, 3.81, 3.91, 2.15, 1.26, 0.98, 0.86, 0, 0.92, 1.47, 2.19, 2.2, 2.33, 2.67, 2.9, 2.48, 2.53, 3.79, 3.84, 3.31, 2.86, 2.65, 3.17, 3.03, 2.9, 2.95, 3.2, 3.28, 3.14, 3.95, 4.09, 3.5, 4.11, 4.15, 4.07, 4.06, 3.59, 3.66], [9.58, 9.67, 10.36, 9.83, 10.15, 10.89, 10.63, 10.59, 10.03, 9.23, 9.02, 9.21, 9.46, 9.99, 9.96, 9.9, 10.61, 11.33, 11.61, 11.91, 12.58, 12.86, 12.33, 12.75, 13.71, 13.15, 11.47, 10.53, 10.41, 9.88, 8.86, 7.46, 7.82, 8.59, 9.35, 10.48, 9.71, 9.83, 9.95, 9.45, 8.45, 8.47, 9.47, 10.51, 8.75, 5.38, 4.04, 3.37, 3.56, 3.65, 3.73, 2.17, 1.42, 1.4, 1.16, 0.92, 0, 1.19, 2.09, 2.2, 2.41, 2.71, 2.92, 2.46, 2.33, 3.51, 3.56, 3.11, 2.64, 2.51, 2.81, 2.59, 2.48, 2.61, 2.86, 2.94, 2.76, 3.55, 3.65, 3.06, 3.77, 3.85, 3.87, 3.8, 3.25, 3.3], [10.31, 10.36, 11.03, 10.5, 10.82, 11.6, 11.34, 11.26, 10.72, 9.98, 9.73, 9.88, 10.15, 10.74, 10.69, 10.61, 11.26, 12.0, 12.28, 12.58, 13.25, 13.55, 13.1, 13.48, 14.44, 13.88, 12.24, 11.28, 11.22, 10.69, 9.63, 8.19, 8.63, 9.32, 10.06, 11.27, 10.5, 10.62, 10.74, 10.24, 9.18, 9.22, 10.2, 11.22, 9.42, 5.77, 4.37, 3.9, 4.23, 4.32, 4.42, 2.78, 2.03, 1.81, 1.57, 1.47, 1.19, 0, 1.18, 1.35, 1.7, 2.06, 2.43, 2.31, 2.76, 4.1, 4.15, 3.4, 2.69, 2.4, 2.88, 2.82, 2.69, 2.76, 2.77, 3.03, 3.17, 3.78, 3.8, 3.57, 4.44, 4.56, 4.64, 4.57, 3.98, 4.05], [10.65, 10.74, 11.39, 10.82, 11.14, 11.94, 11.72, 11.62, 11.14, 10.32, 10.07, 10.2, 10.47, 11.1, 10.99, 10.89, 11.58, 12.3, 12.56, 12.86, 13.53, 13.85, 13.42, 13.82, 14.759, 14.22, 12.62, 11.66, 11.62, 11.07, 10.03, 8.57, 8.99, 9.66, 10.399, 11.61, 10.9, 11.02, 11.14, 10.64, 9.56, 9.58, 10.54, 11.536, 9.74, 6.09, 4.67, 4.2, 4.55, 4.58, 4.7, 3.12, 2.67, 2.23, 2.07, 2.19, 2.09, 1.18, 0, 0.93, 1.48, 1.78, 1.97, 2.03, 3.06, 4.44, 4.49, 3.68, 2.91, 2.82, 3.4, 3.36, 3.21, 3.26, 3.29, 3.51, 3.53, 4.14, 4.14, 3.87, 4.76, 4.9, 4.98, 4.89, 4.34, 4.43], [9.88, 9.93, 10.62, 10.15, 10.47, 11.23, 10.99, 10.87, 10.31, 9.63, 9.38, 9.53, 9.8, 10.41, 10.36, 10.26, 10.95, 11.61, 11.89, 12.19, 12.86, 13.16, 12.69, 13.07, 14.03, 13.47, 11.83, 10.87, 10.85, 10.28, 9.22, 7.78, 8.22, 8.89, 9.65, 10.84, 10.07, 10.19, 10.31, 9.81, 8.75, 8.79, 9.77, 10.81, 9.03, 5.44, 4.0, 3.53, 3.8, 3.91, 3.97, 2.51, 2.2, 1.9, 2.0, 2.2, 2.2, 1.35, 0.93, 0, 0.81, 1.15, 1.28, 1.32, 2.27, 3.65, 3.66, 2.89, 2.12, 2.17, 2.75, 2.75, 2.6, 2.67, 2.72, 2.96, 2.9, 3.53, 3.49, 3.22, 4.01, 4.13, 4.25, 4.22, 3.71, 3.74], [9.63, 9.68, 10.39, 9.9, 10.24, 11.0, 10.76, 10.64, 10.08, 9.4, 9.15, 9.3, 9.55, 10.16, 10.11, 10.05, 10.76, 11.44, 11.66, 11.94, 12.63, 12.91, 12.46, 12.84, 13.84, 13.24, 11.58, 10.66, 10.64, 10.07, 9.01, 7.55, 7.99, 8.66, 9.42, 10.65, 9.8, 9.94, 10.06, 9.54, 8.5, 8.54, 9.52, 10.58, 8.84, 5.21, 3.79, 3.32, 3.61, 3.7, 3.72, 2.3, 2.19, 1.87, 2.13, 2.33, 2.41, 1.7, 1.48, 0.81, 0, 0.98, 1.09, 1.19, 2.08, 3.24, 3.31, 2.44, 1.67, 1.7, 2.26, 2.38, 2.25, 2.26, 2.27, 2.57, 2.59, 3.1, 3.02, 2.87, 3.7, 3.9, 4.06, 3.99, 3.6, 3.57], [9.71, 9.88, 10.63, 10.16, 10.5, 11.2, 10.94, 10.86, 10.18, 9.58, 9.39, 9.56, 9.77, 10.32, 10.29, 10.21, 11.02, 11.7, 11.92, 12.2, 12.89, 13.19, 12.64, 13.0, 14.08, 13.4, 11.64, 10.72, 10.7, 10.15, 9.19, 7.73, 8.11, 8.82, 9.648, 10.795, 9.82, 9.98, 10.08, 9.56, 8.642, 8.662, 9.699, 10.808, 9.06, 5.45, 4.03, 3.56, 3.83, 4.0, 3.96, 2.68, 2.55, 2.35, 2.45, 2.67, 2.71, 2.06, 1.78, 1.15, 0.98, 0, 1.03, 1.39, 2.24, 3.32, 3.29, 2.32, 1.47, 1.62, 2.16, 2.22, 2.17, 2.16, 2.19, 2.45, 2.55, 2.86, 3.02, 3.01, 3.76, 3.98, 4.14, 4.11, 3.72, 3.73], [9.62, 9.73, 10.48, 9.99, 10.33, 11.03, 10.79, 10.71, 10.09, 9.41, 9.22, 9.39, 9.62, 10.17, 10.1, 10.04, 10.87, 11.53, 11.71, 11.99, 12.68, 13.0, 12.47, 12.87, 13.91, 13.27, 11.47, 10.59, 10.57, 10.04, 9.04, 7.58, 7.98, 8.69, 9.498, 10.671, 9.747, 9.904, 10.007, 9.47, 8.532, 8.555, 9.552, 10.678, 8.93, 5.36, 3.9, 3.377, 3.7, 3.83, 3.83, 2.75, 2.64, 2.4, 2.72, 2.9, 2.92, 2.43, 1.97, 1.28, 1.09, 1.03, 0, 0.96, 2.03, 3.23, 3.12, 2.35, 1.76, 2.01, 2.37, 2.43, 2.36, 2.15, 2.38, 2.64, 2.42, 3.05, 3.05, 2.78, 3.57, 3.83, 3.99, 3.9, 3.59, 3.56], [9.04, 9.13, 9.86, 9.37, 9.73, 10.43, 10.19, 10.11, 9.51, 8.79, 8.6, 8.77, 9.04, 9.55, 9.52, 9.5, 10.23, 10.87, 11.07, 11.37, 12.06, 12.38, 11.89, 12.29, 13.25, 12.69, 10.89, 10.01, 9.99, 9.44, 8.42, 7.02, 7.38, 8.11, 8.849, 10.011, 9.167, 9.324, 9.427, 8.89, 7.952, 7.975, 8.972, 10.006, 8.27, 4.82, 3.42, 2.81, 3.16, 3.19, 3.23, 2.15, 2.18, 1.96, 2.22, 2.48, 2.46, 2.31, 2.03, 1.32, 1.19, 1.39, 0.96, 0, 1.59, 2.87, 2.84, 2.07, 1.66, 2.03, 2.43, 2.49, 2.36, 2.21, 2.28, 2.54, 2.32, 2.95, 2.93, 2.46, 3.29, 3.47, 3.59, 3.5, 3.23, 3.12], [7.81, 7.96, 8.71, 8.22, 8.62, 9.28, 9.06, 8.96, 8.42, 7.72, 7.53, 7.7, 7.97, 8.48, 8.45, 8.43, 9.12, 9.76, 9.88, 10.2, 10.87, 11.15, 10.66, 11.04, 12.04, 11.46, 9.7, 8.86, 8.82, 8.25, 7.19, 5.85, 6.23, 6.86, 7.62, 8.75, 7.92, 8.08, 8.18, 7.66, 6.72, 6.74, 7.74, 8.82, 7.02, 3.63, 2.35, 1.66, 1.87, 1.96, 2.0, 1.3, 1.99, 2.09, 2.43, 2.53, 2.33, 2.76, 3.06, 2.27, 2.08, 2.24, 2.03, 1.59, 0, 1.68, 1.59, 1.3, 1.57, 1.58, 1.52, 1.5, 1.39, 1.34, 1.35, 1.53, 1.19, 1.92, 1.92, 1.45, 2.08, 2.18, 2.34, 2.27, 1.96, 1.89], [6.59, 6.7, 7.45, 6.98, 7.36, 8.04, 7.78, 7.7, 7.12, 6.42, 6.23, 6.42, 6.63, 7.14, 7.15, 7.15, 7.86, 8.52, 8.72, 9.0, 9.69, 9.95, 9.42, 9.8, 10.82, 10.2, 8.46, 7.6, 7.54, 6.97, 5.95, 4.55, 4.91, 5.64, 6.42, 7.57, 6.68, 6.84, 6.94, 6.4, 5.48, 5.5, 6.5, 7.58, 5.84, 2.73, 2.15, 1.7, 1.23, 1.3, 1.36, 2.14, 2.97, 3.25, 3.61, 3.79, 3.51, 4.1, 4.44, 3.65, 3.24, 3.32, 3.23, 2.87, 1.68, 0, 0.67, 1.46, 2.13, 2.2, 1.74, 1.8, 1.85, 1.8, 1.73, 1.77, 1.41, 1.52, 1.36, 1.31, 1.34, 1.42, 1.48, 1.39, 1.26, 1.15], [6.64, 6.81, 7.6, 7.13, 7.55, 8.17, 7.91, 7.83, 7.25, 6.63, 6.44, 6.63, 6.84, 7.35, 7.34, 7.32, 8.07, 8.71, 8.85, 9.13, 9.8, 10.08, 9.51, 9.85, 10.93, 10.27, 8.51, 7.69, 7.63, 7.06, 6.08, 4.64, 5.02, 5.67, 6.53, 7.68, 6.73, 6.89, 6.99, 6.45, 5.53, 5.55, 6.57, 7.71, 5.95, 2.76, 2.0, 1.55, 1.36, 1.55, 1.45, 2.11, 3.02, 3.3, 3.66, 3.84, 3.56, 4.15, 4.49, 3.66, 3.31, 3.29, 3.12, 2.84, 1.59, 0.67, 0, 1.15, 1.94, 2.11, 1.67, 1.75, 1.84, 1.69, 1.74, 1.7, 1.28, 1.45, 1.35, 1.34, 1.39, 1.49, 1.59, 1.58, 1.39, 1.24], [7.57, 7.78, 8.59, 8.12, 8.52, 9.16, 8.92, 8.82, 8.22, 7.64, 7.45, 7.64, 7.85, 8.36, 8.37, 8.33, 9.08, 9.72, 9.84, 10.12, 10.79, 11.09, 10.54, 10.88, 11.98, 11.3, 9.46, 8.62, 8.6, 8.07, 7.11, 5.69, 6.07, 6.7, 7.5, 8.65, 7.64, 7.8, 7.9, 7.36, 6.5, 6.519, 7.54, 8.68, 6.94, 3.51, 2.47, 1.74, 1.89, 1.98, 1.96, 2.06, 2.57, 2.85, 3.13, 3.31, 3.11, 3.4, 3.68, 2.89, 2.44, 2.32, 2.35, 2.07, 1.3, 1.46, 1.15, 0, 1.01, 1.64, 1.58, 1.66, 1.67, 1.54, 1.51, 1.73, 1.39, 1.78, 1.9, 1.51, 2.06, 2.4, 2.58, 2.55, 2.28, 2.13], [8.46, 8.61, 9.4, 8.93, 9.27, 9.97, 9.71, 9.63, 8.95, 8.37, 8.16, 8.35, 8.56, 9.09, 9.08, 9.02, 9.81, 10.47, 10.67, 10.97, 11.66, 11.96, 11.41, 11.77, 12.85, 12.17, 10.37, 9.49, 9.47, 8.92, 7.98, 6.52, 6.88, 7.59, 8.401, 9.528, 8.55, 8.707, 8.81, 8.273, 7.375, 7.395, 8.432, 9.561, 7.83, 4.2, 2.94, 2.43, 2.6, 2.77, 2.75, 1.97, 2.26, 2.48, 2.72, 2.86, 2.64, 2.69, 2.91, 2.12, 1.67, 1.47, 1.76, 1.66, 1.57, 2.13, 1.94, 1.01, 0, 1.03, 1.31, 1.45, 1.46, 1.29, 1.42, 1.68, 1.6, 2.01, 2.03, 1.84, 2.59, 2.93, 3.11, 3.02, 2.79, 2.64], [8.69, 8.8, 9.51, 9.02, 9.36, 10.06, 9.8, 9.72, 9.1, 8.4, 8.21, 8.42, 8.63, 9.18, 9.11, 9.07, 9.88, 10.58, 10.82, 11.12, 11.81, 12.11, 11.58, 11.94, 13.02, 12.34, 10.56, 9.66, 9.62, 9.09, 8.127, 6.67, 7.05, 7.748, 8.573, 9.727, 8.783, 8.94, 9.043, 8.506, 7.568, 7.591, 8.605, 9.733, 8.02, 4.41, 3.05, 2.54, 2.757, 2.92, 2.916, 1.82, 2.19, 2.25, 2.59, 2.65, 2.51, 2.4, 2.82, 2.17, 1.7, 1.62, 2.01, 2.03, 1.58, 2.2, 2.11, 1.64, 1.03, 0, 0.82, 1.06, 1.03, 1.0, 1.07, 1.33, 1.43, 1.8, 1.86, 1.83, 2.62, 2.88, 3.08, 2.95, 2.64, 2.59], [8.07, 8.14, 8.85, 8.34, 8.68, 9.38, 9.1, 9.04, 8.44, 7.74, 7.53, 7.76, 7.97, 8.5, 8.45, 8.41, 9.22, 9.92, 10.16, 10.46, 11.15, 11.45, 10.92, 11.3, 12.36, 11.7, 9.92, 9.02, 8.96, 8.45, 7.467, 6.03, 6.41, 7.108, 7.933, 9.087, 8.163, 8.32, 8.423, 7.886, 6.948, 6.971, 7.968, 9.093, 7.38, 3.731, 2.51, 2.18, 2.15, 2.28, 2.28, 1.92, 2.57, 2.71, 3.05, 3.17, 2.81, 2.88, 3.4, 2.75, 2.26, 2.16, 2.37, 2.43, 1.52, 1.74, 1.67, 1.58, 1.31, 0.82, 0, 0.6, 0.67, 0.64, 0.73, 0.83, 0.89, 1.22, 1.18, 1.37, 2.0, 2.26, 2.42, 2.29, 1.94, 1.99], [8.01, 8.08, 8.79, 8.24, 8.56, 9.28, 9.02, 8.98, 8.38, 7.66, 7.45, 7.66, 7.87, 8.4, 8.35, 8.29, 9.12, 9.8, 10.06, 10.36, 11.03, 11.35, 10.811, 11.211, 12.26, 11.611, 9.88, 8.94, 8.86, 8.353, 7.376, 5.93, 6.31, 7.028, 7.853, 9.027, 8.129, 8.266, 8.386, 7.869, 6.903, 6.911, 7.908, 9.013, 7.288, 3.671, 2.65, 2.3, 2.19, 2.34, 2.28, 1.82, 2.37, 2.61, 2.89, 3.03, 2.59, 2.82, 3.36, 2.75, 2.38, 2.22, 2.43, 2.49, 1.5, 1.8, 1.75, 1.66, 1.45, 1.06, 0.6, 0, 0.41, 0.5, 0.75, 0.89, 0.87, 1.08, 1.28, 1.23, 1.96, 2.2, 2.34, 2.25, 1.88, 1.91], [8.06, 8.13, 8.84, 8.29, 8.61, 9.33, 9.07, 9.03, 8.43, 7.71, 7.5, 7.71, 7.92, 8.45, 8.4, 8.34, 9.17, 9.85, 10.11, 10.41, 11.08, 11.4, 10.861, 11.261, 12.31, 11.661, 9.93, 8.99, 8.91, 8.403, 7.426, 5.98, 6.36, 7.078, 7.903, 9.077, 8.179, 8.316, 8.436, 7.919, 6.953, 6.961, 7.958, 9.063, 7.338, 3.76, 2.56, 2.19, 2.16, 2.33, 2.31, 1.83, 2.32, 2.52, 2.8, 2.9, 2.48, 2.69, 3.21, 2.6, 2.25, 2.17, 2.36, 2.36, 1.39, 1.85, 1.84, 1.67, 1.46, 1.03, 0.67, 0.41, 0, 0.63, 0.74, 0.88, 0.9, 1.25, 1.39, 1.24, 2.01, 2.25, 2.41, 2.32, 1.87, 1.88], [8.15, 8.254, 8.961, 8.42, 8.72, 9.44, 9.2, 9.16, 8.56, 7.84, 7.63, 7.84, 8.05, 8.58, 8.49, 8.45, 9.3, 9.98, 10.22, 10.52, 11.19, 11.492, 10.974, 11.354, 12.411, 11.754, 9.992, 9.08, 9.0, 8.496, 7.53, 6.081, 6.47, 7.191, 8.016, 9.19, 8.266, 8.423, 8.526, 7.989, 7.051, 7.074, 8.071, 9.176, 7.411, 3.794, 2.71, 2.28, 2.32, 2.422, 2.339, 1.78, 2.35, 2.53, 2.83, 2.95, 2.61, 2.76, 3.26, 2.67, 2.26, 2.16, 2.15, 2.21, 1.34, 1.8, 1.69, 1.54, 1.29, 1.0, 0.64, 0.5, 0.63, 0, 0.67, 0.85, 0.81, 1.28, 1.36, 1.27, 2.06, 2.38, 2.54, 2.41, 2.0, 2.01], [8.16, 8.25, 8.94, 8.39, 8.71, 9.43, 9.19, 9.15, 8.57, 7.79, 7.58, 7.77, 8.02, 8.55, 8.48, 8.48, 9.25, 9.93, 10.17, 10.49, 11.18, 11.482, 11.004, 11.384, 12.361, 11.784, 10.01, 9.11, 9.05, 8.546, 7.5, 6.111, 6.5, 7.201, 7.958, 9.12, 8.276, 8.433, 8.536, 7.999, 7.061, 7.084, 8.081, 9.115, 7.352, 3.704, 2.54, 2.11, 2.191, 2.35, 2.349, 1.95, 2.58, 2.8, 3.1, 3.2, 2.86, 2.77, 3.29, 2.72, 2.27, 2.19, 2.38, 2.28, 1.35, 1.73, 1.74, 1.51, 1.42, 1.07, 0.73, 0.75, 0.74, 0.67, 0, 0.68, 0.82, 1.27, 1.21, 1.32, 2.15, 2.41, 2.57, 2.4, 2.07, 2.04], [8.0, 8.07, 8.76, 8.23, 8.53, 9.27, 9.05, 8.97, 8.39, 7.61, 7.4, 7.61, 7.86, 8.39, 8.32, 8.3, 9.01, 9.73, 10.01, 10.33, 11.0, 11.322, 10.824, 11.204, 12.181, 11.604, 9.87, 8.93, 8.87, 8.366, 7.32, 5.931, 6.32, 7.041, 7.778, 8.92, 8.102, 8.253, 8.356, 7.822, 6.881, 6.904, 7.901, 8.935, 7.172, 3.448, 2.24, 1.91, 2.031, 2.27, 2.41, 2.05, 2.7, 2.84, 3.14, 3.28, 2.94, 3.03, 3.51, 2.96, 2.57, 2.45, 2.64, 2.54, 1.53, 1.77, 1.7, 1.73, 1.68, 1.33, 0.83, 0.89, 0.88, 0.85, 0.68, 0, 0.74, 1.01, 1.15, 1.26, 1.99, 2.25, 2.31, 2.16, 1.79, 1.7], [7.66, 7.73, 8.42, 7.91, 8.25, 8.97, 8.73, 8.65, 8.07, 7.29, 7.08, 7.29, 7.54, 8.07, 8.02, 8.0, 8.73, 9.43, 9.67, 9.99, 10.68, 11.0, 10.51, 10.91, 11.87, 11.31, 9.51, 8.61, 8.55, 8.06, 7.02, 5.62, 6.0, 6.73, 7.452, 8.594, 7.77, 7.927, 8.03, 7.493, 6.555, 6.578, 7.575, 8.609, 6.85, 3.32, 2.24, 1.75, 1.74, 1.91, 1.91, 1.77, 2.5, 2.7, 3.02, 3.14, 2.76, 3.17, 3.53, 2.9, 2