[[0, 0.94, 1.46, 2.28, 2.91, 4.096, 5.033, 6.394, 7.108, 6.681, 6.979, 7.134, 7.926, 9.827, 12.744, 16.604, 19.13, 17.591, 16.84, 15.93, 15.789, 15.98, 16.264, 16.507, 15.33, 16.593, 17.045, 16.844, 17.264, 17.206, 16.602, 16.274, 16.814, 16.437, 16.033, 15.668, 15.599, 14.297, 12.699, 12.92, 13.454, 13.484, 14.448, 14.487, 14.122, 13.975, 13.593, 13.405, 13.151, 13.152, 12.463, 11.495, 11.496, 12.374, 13.093, 13.374, 13.335, 12.441, 12.687, 10.669, 7.002, 5.05, 5.64, 4.62, 4.49, 4.67, 4.75, 4.68, 4.78, 4.66, 4.25, 4.38, 4.76, 4.8, 4.63, 3.89, 3.16, 3.79, 3.64, 3.51, 3.98, 4.506, 4.656, 4.81, 4.676, 4.51], [0.94, 0, 0.74, 1.6, 2.41, 3.576, 4.517, 5.931, 6.659, 6.157, 6.433, 6.611, 7.403, 9.312, 12.259, 16.133, 18.679, 17.105, 16.389, 15.467, 15.337, 15.51, 15.775, 15.996, 14.812, 16.078, 16.536, 16.326, 16.749, 16.729, 16.122, 15.759, 16.299, 15.922, 15.518, 15.156, 15.068, 13.762, 12.19, 12.415, 12.949, 12.979, 13.993, 14.036, 13.658, 13.523, 13.085, 12.89, 12.628, 12.632, 11.943, 10.983, 10.988, 11.903, 12.555, 12.848, 12.835, 11.946, 12.204, 10.191, 6.55, 4.95, 5.44, 4.48, 4.57, 4.75, 4.87, 4.82, 4.88, 4.76, 4.33, 4.38, 4.76, 4.88, 4.75, 3.89, 3.56, 4.53, 4.274, 4.084, 4.634, 5.241, 5.336, 5.49, 5.374, 5.184], [1.46, 0.74, 0, 0.96, 1.77, 2.99, 3.846, 5.254, 5.979, 5.557, 5.844, 6.025, 6.819, 8.729, 11.616, 15.505, 18.033, 16.505, 15.778, 14.873, 14.701, 14.854, 15.175, 15.413, 14.229, 15.495, 15.953, 15.743, 16.166, 16.132, 15.462, 15.176, 15.716, 15.339, 14.935, 14.573, 14.485, 13.179, 11.608, 11.832, 12.366, 12.396, 13.342, 13.402, 13.01, 12.86, 12.502, 12.308, 12.045, 12.049, 11.36, 10.4, 10.405, 11.243, 11.972, 12.225, 12.175, 11.283, 11.573, 9.574, 5.87, 4.45, 4.98, 4.04, 4.39, 4.55, 4.59, 4.48, 4.54, 4.44, 4.03, 4.1, 4.42, 4.56, 4.45, 3.67, 3.76, 4.99, 4.727, 4.584, 5.094, 5.701, 5.796, 5.95, 5.834, 5.644], [2.28, 1.6, 0.96, 0, 1.17, 2.37, 3.209, 4.534, 5.282, 4.905, 5.167, 5.348, 6.142, 8.061, 10.933, 14.854, 17.322, 15.848, 15.084, 14.202, 14.027, 14.114, 14.515, 14.75, 13.555, 14.824, 15.288, 15.075, 15.495, 15.446, 14.796, 14.508, 15.048, 14.671, 14.264, 13.905, 13.839, 12.531, 10.942, 11.169, 11.703, 11.733, 12.637, 12.714, 12.307, 12.132, 11.836, 11.639, 11.368, 11.378, 10.695, 9.732, 9.739, 10.56, 11.318, 11.571, 11.526, 10.632, 10.89, 8.911, 5.184, 4.09, 4.58, 3.74, 4.37, 4.53, 4.47, 4.28, 4.26, 4.22, 3.85, 3.9, 4.18, 4.4, 4.41, 3.81, 4.34, 5.71, 5.518, 5.361, 5.771, 6.401, 6.491, 6.61, 6.511, 6.321], [2.91, 2.41, 1.77, 1.17, 0, 1.32, 2.25, 3.601, 4.34, 3.884, 4.168, 4.301, 5.092, 6.991, 9.9, 13.841, 16.344, 14.815, 14.085, 13.187, 13.014, 13.161, 13.482, 13.7, 12.485, 13.754, 14.218, 14.005, 14.425, 14.43, 13.763, 13.458, 13.978, 13.601, 13.194, 12.835, 12.769, 11.461, 9.872, 10.119, 10.633, 10.663, 11.658, 11.718, 11.306, 11.162, 10.783, 10.569, 10.298, 10.308, 9.625, 8.662, 8.669, 9.547, 10.248, 10.501, 10.493, 9.596, 9.891, 7.896, 4.314, 3.72, 3.99, 3.27, 4.2, 4.38, 4.4, 4.13, 4.07, 4.01, 3.64, 3.65, 3.89, 4.35, 4.38, 3.7, 4.49, 5.8, 5.885, 5.708, 6.098, 6.679, 6.741, 6.74, 6.678, 6.468], [4.096, 3.576, 2.99, 2.37, 1.32, 0, 1.13, 2.45, 3.22, 2.96, 3.15, 3.32, 3.909, 5.805, 8.737, 12.601, 15.161, 13.578, 12.871, 11.95, 11.811, 11.978, 12.246, 12.474, 11.288, 12.551, 13.012, 12.799, 13.225, 13.19, 12.58, 12.232, 12.772, 12.395, 11.994, 11.629, 11.543, 10.215, 8.666, 8.893, 9.427, 9.457, 10.472, 10.518, 10.131, 9.976, 9.56, 9.363, 9.104, 9.114, 8.419, 7.456, 7.463, 8.364, 9.008, 9.307, 9.27, 8.379, 8.654, 6.63, 3.38, 3.2, 3.39, 3.23, 4.28, 4.32, 4.32, 4.05, 3.99, 3.93, 3.68, 3.65, 3.75, 4.49, 4.6, 3.92, 5.11, 6.784, 6.913, 6.769, 7.038, 7.472, 7.516, 7.383, 7.254, 7.1], [5.033, 4.517, 3.846, 3.209, 2.25, 1.13, 0, 1.66, 2.51, 2.45, 2.74, 2.93, 3.25, 5.032, 7.867, 11.685, 14.237, 12.739, 11.981, 11.074, 10.901, 11.088, 11.393, 11.647, 10.515, 11.815, 12.256, 12.029, 12.452, 12.346, 11.696, 11.479, 12.019, 11.642, 11.238, 10.859, 10.753, 9.442, 7.893, 8.1, 8.617, 8.647, 9.542, 9.605, 9.224, 9.109, 8.753, 8.576, 8.33, 8.318, 7.646, 6.652, 6.673, 7.477, 8.218, 8.508, 8.369, 7.495, 7.747, 5.806, 2.87, 2.99, 3.28, 3.58, 4.89, 4.83, 4.59, 4.24, 4.12, 4.16, 3.93, 3.96, 4.06, 4.7, 5.01, 4.53, 6.04, 7.745, 7.885, 7.665, 8.015, 8.396, 8.377, 8.198, 8.021, 7.881], [6.394, 5.931, 5.254, 4.534, 3.601, 2.45, 1.66, 0, 1.23, 1.65, 1.86, 2.13, 2.15, 3.677, 6.484, 10.362, 12.851, 11.377, 10.612, 9.731, 9.555, 9.688, 10.052, 10.296, 9.149, 10.446, 10.882, 10.666, 11.083, 10.995, 10.35, 10.11, 10.65, 10.273, 9.869, 9.488, 9.382, 8.113, 6.519, 6.737, 7.254, 7.284, 8.165, 8.242, 7.847, 7.698, 7.39, 7.213, 6.976, 6.955, 6.294, 5.297, 5.31, 6.114, 6.895, 7.167, 7.066, 6.172, 6.424, 4.48, 1.77, 3.05, 3.22, 4.1, 5.609, 5.55, 5.283, 4.82, 4.6, 4.816, 4.646, 4.219, 4.2, 4.94, 5.41, 5.246, 7.198, 9.001, 9.149, 8.975, 9.24, 9.672, 9.635, 9.465, 9.219, 9.167], [7.108, 6.659, 5.979, 5.282, 4.34, 3.22, 2.51, 1.23, 0, 1.26, 1.47, 1.8, 1.84, 2.87, 5.703, 9.649, 12.095, 10.601, 9.836, 8.955, 8.782, 8.967, 9.268, 9.503, 8.347, 9.644, 10.089, 9.859, 10.284, 10.199, 9.549, 9.309, 9.849, 9.472, 9.084, 8.709, 8.646, 7.372, 5.746, 5.936, 6.453, 6.483, 7.392, 7.469, 7.057, 6.899, 6.586, 6.406, 6.16, 6.164, 5.479, 4.482, 4.506, 5.333, 6.147, 6.42, 6.319, 5.424, 5.683, 3.724, 1.8, 3.22, 3.15, 4.371, 5.787, 5.801, 5.578, 5.164, 5.004, 5.184, 5.008, 4.54, 4.323, 4.956, 5.433, 5.691, 7.829, 9.704, 9.854, 9.651, 9.855, 10.232, 10.194, 10.049, 9.786, 9.729], [6.681, 6.157, 5.557, 4.905, 3.884, 2.96, 2.45, 1.65, 1.26, 0, 0.77, 1.26, 1.8, 3.427, 6.528, 10.494, 12.932, 11.292, 10.593, 9.669, 9.533, 9.806, 10.082, 10.148, 9.038, 10.141, 10.623, 10.484, 10.844, 10.889, 10.31, 9.888, 10.306, 9.926, 9.667, 9.36, 9.337, 7.98, 6.363, 6.638, 7.067, 7.094, 8.229, 8.275, 7.847, 7.672, 7.211, 7.014, 6.68, 6.69, 6.01, 5.09, 5.12, 6.135, 6.814, 7.096, 7.143, 6.237, 6.515, 4.528, 2.1, 3.14, 2.81, 3.871, 5.35, 5.387, 5.221, 4.868, 4.787, 5.01, 4.78, 4.22, 4.203, 4.742, 5.293, 5.262, 7.246, 8.889, 9.047, 8.864, 9.066, 9.394, 9.31, 9.164, 8.953, 8.916], [6.979, 6.433, 5.844, 5.167, 4.168, 3.15, 2.74, 1.86, 1.47, 0.77, 0, 0.97, 1.47, 3.26, 6.355, 10.332, 12.767, 11.105, 10.415, 9.468, 9.372, 9.626, 9.895, 9.955, 8.848, 9.962, 10.45, 10.291, 10.674, 10.705, 10.143, 9.695, 10.07, 9.69, 9.485, 9.187, 9.166, 7.8, 6.19, 6.451, 6.897, 6.924, 8.073, 8.116, 7.686, 7.516, 7.044, 6.798, 6.447, 6.457, 5.777, 4.86, 4.947, 5.971, 6.601, 6.923, 6.97, 6.064, 6.356, 4.347, 2.25, 3.23, 2.82, 4.001, 5.497, 5.511, 5.351, 4.997, 4.937, 5.14, 5.006, 4.388, 4.287, 4.814, 5.397, 5.332, 7.37, 9.096, 9.21, 9.032, 9.234, 9.57, 9.48, 9.323, 9.111, 9.11], [7.134, 6.611, 6.025, 5.348, 4.301, 3.32, 2.93, 2.13, 1.8, 1.26, 0.97, 0, 1.22, 3.041, 6.145, 10.122, 12.557, 10.895, 10.205, 9.258, 9.162, 9.416, 9.685, 9.745, 8.638, 9.752, 10.24, 10.081, 10.452, 10.495, 9.933, 9.485, 9.84, 9.46, 9.255, 8.962, 8.936, 7.57, 5.98, 6.241, 6.687, 6.702, 7.863, 7.906, 7.479, 7.309, 6.84, 6.588, 6.217, 6.227, 5.547, 4.71, 4.74, 5.81, 6.391, 6.733, 6.76, 5.854, 6.146, 4.137, 2.12, 3.14, 2.528, 3.788, 5.293, 5.278, 5.128, 4.821, 4.761, 5.032, 5.064, 4.42, 4.263, 4.681, 5.358, 5.302, 7.358, 9.192, 9.372, 9.205, 9.4, 9.699, 9.619, 9.458, 9.216, 9.208], [7.926, 7.403, 6.819, 6.142, 5.092, 3.909, 3.25, 2.15, 1.84, 1.8, 1.47, 1.22, 0, 2.01, 5.105, 9.112, 11.523, 9.918, 9.225, 8.298, 8.162, 8.392, 8.668, 8.771, 7.618, 8.77, 9.22, 9.07, 9.464, 9.518, 8.899, 8.511, 8.96, 8.58, 8.25, 7.94, 7.917, 6.56, 5.0, 5.29, 5.69, 5.74, 6.829, 6.89, 6.479, 6.289, 5.84, 5.631, 5.3, 5.31, 4.67, 4.13, 3.82, 4.79, 5.41, 5.72, 5.74, 4.834, 5.142, 3.23, 2.16, 3.827, 3.29, 4.431, 5.93, 5.964, 5.77, 5.423, 5.412, 5.724, 5.79, 5.174, 5.005, 5.386, 6.02, 6.088, 8.199, 10.172, 10.354, 10.186, 10.368, 10.661, 10.58, 10.43, 10.172, 10.146], [9.827, 9.312, 8.729, 8.061, 6.991, 5.805, 5.032, 3.677, 2.87, 3.427, 3.26, 3.041, 2.01, 0, 3.13, 7.102, 9.516, 7.928, 7.235, 6.308, 6.172, 6.382, 6.658, 6.781, 5.74, 6.86, 7.25, 7.12, 7.5, 7.54, 6.97, 6.65, 7.09, 6.71, 6.36, 5.99, 5.97, 4.61, 3.17, 3.42, 3.88, 3.85, 4.96, 4.98, 4.61, 4.46, 4.09, 3.75, 3.61, 3.66, 3.26, 3.04, 2.47, 3.1, 3.62, 4.07, 3.92, 3.18, 3.39, 2.06, 3.23, 5.497, 4.944, 6.129, 7.491, 7.523, 7.514, 7.201, 7.061, 7.45, 7.614, 6.907, 6.636, 7.164, 7.732, 7.891, 10.079, 12.117, 12.293, 12.14, 12.314, 12.587, 12.502, 12.332, 12.086, 12.067], [12.744, 12.259, 11.616, 10.933, 9.9, 8.737, 7.867, 6.484, 5.703, 6.528, 6.355, 6.145, 5.105, 3.13, 0, 4.03, 6.47, 4.97, 4.26, 3.35, 3.18, 3.35, 3.98, 4.04, 3.71, 4.81, 5.1, 5.01, 5.33, 5.07, 4.64, 4.56, 5.1, 4.76, 4.39, 3.9, 3.94, 2.88, 2.04, 2.11, 2.19, 2.26, 3.09, 2.97, 2.68, 2.71, 2.48, 2.28, 2.26, 2.55, 2.75, 2.95, 2.44, 2.23, 2.05, 2.46, 2.13, 2.51, 2.18, 2.51, 5.94, 8.374, 7.856, 9.13, 10.391, 10.383, 10.352, 10.025, 9.874, 10.314, 10.518, 9.902, 9.508, 10.022, 10.567, 10.863, 13.069, 15.142, 15.322, 15.171, 15.347, 15.609, 15.517, 15.349, 15.105, 15.089], [16.604, 16.133, 15.505, 14.854, 13.841, 12.601, 11.685, 10.362, 9.649, 10.494, 10.332, 10.122, 9.112, 7.102, 4.03, 0, 3.02, 1.74, 1.13, 1.16, 1.25, 1.36, 1.57, 1.93, 2.68, 2.76, 2.65, 2.64, 2.88, 2.6, 2.51, 2.57, 2.85, 2.81, 2.64, 2.63, 2.71, 2.87, 4.19, 3.9, 3.48, 3.45, 2.48, 2.3, 2.71, 2.9, 3.35, 3.57, 3.95, 3.94, 4.607, 5.547, 5.43, 4.42, 3.8, 3.43, 3.5, 4.4, 4.03, 6.02, 9.838, 12.283, 11.738, 13.041, 14.304, 14.265, 14.219, 13.921, 13.733, 14.136, 14.38, 13.827, 13.384, 13.919, 14.44, 14.739, 16.968, 19.01, 19.201, 19.059, 19.238, 19.482, 19.387, 19.237, 18.969, 18.965], [19.13, 18.679, 18.033, 17.322, 16.344, 15.161, 14.237, 12.851, 12.095, 12.932, 12.767, 12.557, 11.523, 9.516, 6.47, 3.02, 0, 1.8, 2.67, 3.64, 3.59, 3.3, 2.95, 2.87, 3.98, 2.9, 2.41, 2.56, 2.28, 2.36, 2.69, 3.19, 2.87, 3.23, 3.38, 3.69, 3.83, 5.15, 6.69, 6.34, 5.92, 5.87, 4.76, 4.78, 5.09, 5.28, 5.75, 5.99, 6.37, 6.36, 7.04, 7.98, 7.85, 6.82, 6.36, 5.97, 5.94, 6.88, 6.57, 8.58, 12.338, 14.678, 14.184, 15.487, 16.746, 16.714, 16.663, 16.328, 16.131, 16.574, 16.806, 16.253, 15.822, 16.3, 16.87, 17.194, 19.424, 21.489, 21.676, 21.529, 21.708, 21.958, 21.865, 21.703, 21.445, 21.44], [17.591, 17.105, 16.505, 15.848, 14.815, 13.578, 12.739, 11.377, 10.601, 11.292, 11.105, 10.895, 9.918, 7.928, 4.97, 1.74, 1.8, 0, 1.21, 2.16, 2.15, 1.92, 1.71, 1.61, 2.84, 2.08, 1.87, 2.02, 1.8, 1.6, 1.79, 2.01, 2.01, 2.19, 2.26, 2.35, 2.35, 3.55, 5.09, 4.8, 4.34, 4.23, 3.32, 3.38, 3.57, 3.76, 4.09, 4.31, 4.69, 4.68, 5.36, 6.3, 6.25, 5.3, 4.78, 4.41, 4.4, 5.34, 5.05, 7.04, 10.864, 13.167, 12.528, 13.859, 15.149, 15.09, 15.056, 14.803, 14.7, 15.072, 15.255, 14.682, 14.269, 14.846, 15.367, 15.549, 17.793, 19.864, 20.049, 19.901, 20.074, 20.336, 20.244, 20.079, 19.815, 19.816], [16.84, 16.389, 15.778, 15.084, 14.085, 12.871, 11.981, 10.612, 9.836, 10.593, 10.415, 10.205, 9.225, 7.235, 4.26, 1.13, 2.67, 1.21, 0, 1.25, 1.32, 1.55, 1.58, 1.52, 2.65, 2.29, 2.42, 2.45, 2.55, 2.21, 2.2, 2.18, 2.48, 2.48, 2.33, 2.24, 2.32, 2.88, 4.4, 4.05, 3.59, 3.56, 2.57, 2.43, 2.86, 3.05, 3.44, 3.64, 4.02, 4.01, 4.67, 5.61, 5.56, 4.61, 4.11, 3.78, 3.69, 4.63, 4.3, 6.29, 10.105, 12.399, 11.82, 13.14, 14.416, 14.353, 14.291, 14.02, 13.878, 14.261, 14.496, 13.963, 13.523, 14.061, 14.579, 14.842, 17.06, 19.116, 19.303, 19.156, 19.335, 19.588, 19.495, 19.333, 19.072, 19.065], [15.93, 15.467, 14.873, 14.202, 13.187, 11.95, 11.074, 9.731, 8.955, 9.669, 9.468, 9.258, 8.298, 6.308, 3.35, 1.16, 3.64, 2.16, 1.25, 0, 0.95, 1.56, 1.89, 1.87, 2.38, 2.72, 3.01, 2.96, 3.28, 2.94, 2.83, 2.83, 3.11, 2.99, 2.86, 2.51, 2.73, 2.47, 3.47, 3.12, 2.68, 2.63, 2.06, 1.62, 1.93, 2.26, 2.71, 2.71, 3.09, 3.1, 3.72, 4.66, 4.63, 3.7, 3.26, 3.11, 3.08, 3.76, 3.47, 5.38, 9.221, 11.512, 10.879, 12.225, 13.488, 13.434, 13.383, 13.127, 12.979, 13.362, 13.586, 13.041, 12.61, 13.165, 13.689, 13.888, 16.118, 18.172, 18.359, 18.212, 18.39, 18.641, 18.548, 18.386, 18.122, 18.12], [15.789, 15.337, 14.701, 14.027, 13.014, 11.811, 10.901, 9.555, 8.782, 9.533, 9.372, 9.162, 8.162, 6.172, 3.18, 1.25, 3.59, 2.15, 1.32, 0.95, 0, 1.33, 1.86, 1.94, 2.45, 2.97, 3.18, 3.17, 3.45, 3.09, 3.0, 3.04, 3.28, 3.1, 2.99, 2.82, 2.96, 2.4, 3.34, 2.99, 2.59, 2.54, 1.89, 1.71, 2.06, 2.09, 2.42, 2.6, 2.98, 2.99, 3.63, 4.57, 4.5, 3.53, 3.07, 2.88, 2.85, 3.63, 3.32, 5.23, 9.048, 11.348, 10.789, 12.083, 13.359, 13.319, 13.262, 12.966, 12.829, 13.212, 13.451, 12.909, 12.472, 13.004, 13.528, 13.802, 16.028, 18.084, 18.272, 18.125, 18.303, 18.557, 18.467, 18.305, 18.041, 18.036], [15.98, 15.51, 14.854, 14.114, 13.161, 11.978, 11.088, 9.688, 8.967, 9.806, 9.626, 9.416, 8.392, 6.382, 3.35, 1.36, 3.3, 1.92, 1.55, 1.56, 1.33, 0, 1.25, 1.69, 2.26, 2.48, 2.37, 2.3, 2.64, 2.36, 2.07, 2.31, 2.57, 2.35, 2.14, 2.23, 2.23, 2.49, 3.51, 3.22, 2.9, 2.89, 2.16, 2.22, 2.41, 2.4, 2.63, 2.93, 3.25, 3.24, 3.94, 4.856, 4.73, 3.68, 3.18, 2.79, 2.8, 3.7, 3.41, 5.42, 9.184, 11.615, 11.084, 12.39, 13.634, 13.632, 13.59, 13.257, 13.077, 13.52, 13.738, 13.159, 12.723, 13.252, 13.804, 14.088, 16.307, 18.374, 18.556, 18.409, 18.588, 18.838, 18.745, 18.583, 18.319, 18.318], [16.264, 15.775, 15.175, 14.515, 13.482, 12.246, 11.393, 10.052, 9.268, 10.082, 9.895, 9.685, 8.668, 6.658, 3.98, 1.57, 2.95, 1.71, 1.58, 1.89, 1.86, 1.25, 0, 1.08, 1.45, 1.73, 1.68, 1.67, 1.99, 1.81, 1.52, 1.52, 1.86, 1.72, 1.55, 1.52, 1.76, 2.46, 3.76, 3.47, 3.09, 3.02, 2.15, 2.19, 2.44, 2.51, 2.92, 3.12, 3.5, 3.49, 4.17, 5.11, 4.98, 4.01, 3.47, 3.14, 3.07, 4.01, 3.72, 5.69, 9.531, 11.917, 11.332, 12.647, 13.919, 13.911, 13.874, 13.581, 13.401, 13.799, 14.011, 13.421, 12.993, 13.564, 14.097, 14.351, 16.606, 18.67, 18.841, 18.685, 18.864, 19.128, 19.03, 18.86, 18.604, 18.602], [16.507, 15.996, 15.413, 14.75, 13.7, 12.474, 11.647, 10.296, 9.503, 10.148, 9.955, 9.745, 8.771, 6.781, 4.04, 1.93, 2.87, 1.61, 1.52, 1.87, 1.94, 1.69, 1.08, 0, 1.45, 1.21, 1.64, 1.65, 1.99, 1.73, 1.58, 1.54, 1.82, 1.66, 1.45, 1.38, 1.68, 2.42, 3.96, 3.73, 3.33, 3.18, 2.45, 2.59, 2.6, 2.63, 2.98, 3.16, 3.54, 3.53, 4.21, 5.15, 5.12, 4.21, 3.65, 3.44, 3.29, 4.23, 3.94, 6.01, 9.76, 12.074, 11.442, 12.762, 14.038, 13.995, 13.981, 13.737, 13.628, 14.006, 14.187, 13.587, 13.203, 13.768, 14.298, 14.449, 16.698, 18.772, 18.951, 18.798, 18.974, 19.236, 19.143, 18.973, 18.717, 18.719], [15.33, 14.812, 14.229, 13.555, 12.485, 11.288, 10.515, 9.149, 8.347, 9.038, 8.848, 8.638, 7.618, 5.74, 3.71, 2.68, 3.98, 2.84, 2.65, 2.38, 2.45, 2.26, 1.45, 1.45, 0, 1.54, 2.05, 1.94, 2.42, 2.52, 2.11, 1.89, 2.21, 1.97, 1.6, 1.39, 1.79, 1.87, 3.15, 3.1, 2.76, 2.67, 2.02, 2.08, 2.07, 1.88, 2.19, 2.31, 2.53, 2.5, 3.22, 4.18, 4.11, 3.26, 2.62, 2.73, 2.4, 3.16, 3.45, 5.12, 8.73, 11.059, 10.529, 11.709, 13.035, 13.078, 13.014, 12.67, 12.627, 12.999, 13.143, 12.473, 12.199, 12.69, 13.264, 13.463, 15.667, 17.723, 17.902, 17.749, 17.919, 18.198, 18.1, 17.941, 17.677, 17.678], [16.593, 16.078, 15.495, 14.824, 13.754, 12.551, 11.815, 10.446, 9.644, 10.141, 9.962, 9.752, 8.77, 6.86, 4.81, 2.76, 2.9, 2.08, 2.29, 2.72, 2.97, 2.48, 1.73, 1.21, 1.54, 0, 1.05, 1.14, 1.46, 1.58, 1.53, 1.45, 1.63, 1.49, 1.16, 1.33, 1.53, 2.53, 4.17, 4.16, 3.76, 3.51, 2.8, 2.96, 2.99, 2.84, 3.25, 3.35, 3.63, 3.64, 4.38, 5.34, 5.31, 4.5, 3.66, 3.47, 3.5, 4.36, 4.43, 6.34, 10.01, 12.248, 11.718, 12.841, 14.186, 14.206, 14.194, 13.878, 13.844, 14.221, 14.368, 13.681, 13.427, 13.941, 14.497, 14.645, 16.785, 18.843, 19.022, 18.869, 19.042, 19.307, 19.214, 19.044, 18.783, 18.787], [17.045, 16.536, 15.953, 15.288, 14.218, 13.012, 12.256, 10.882, 10.089, 10.623, 10.45, 10.24, 9.22, 7.25, 5.1, 2.65, 2.41, 1.87, 2.42, 3.01, 3.18, 2.37, 1.68, 1.64, 2.05, 1.05, 0, 0.57, 0.95, 1.07, 1.2, 1.2, 1.08, 1.12, 1.11, 1.42, 1.7, 2.94, 4.56, 4.59, 4.17, 3.94, 3.17, 3.33, 3.38, 3.27, 3.6, 3.8, 4.06, 4.07, 4.73, 5.73, 5.62, 4.87, 4.13, 3.76, 3.89, 4.81, 4.64, 6.73, 10.38, 12.704, 12.105, 13.337, 14.636, 14.682, 14.664, 14.328, 14.266, 14.631, 14.812, 14.131, 13.823, 14.38, 14.933, 15.092, 17.266, 19.313, 19.489, 19.342, 19.509, 19.762, 19.684, 19.52, 19.253, 19.259], [16.844, 16.326, 15.743, 15.075, 14.005, 12.799, 12.029, 10.666, 9.859, 10.484, 10.291, 10.081, 9.07, 7.12, 5.01, 2.64, 2.56, 2.02, 2.45, 2.96, 3.17, 2.3, 1.67, 1.65, 1.94, 1.14, 0.57, 0, 0.92, 1.04, 0.99, 1.09, 0.97, 1.11, 1.06, 1.39, 1.65, 2.79, 4.47, 4.46, 4.12, 3.87, 3.1, 3.28, 3.31, 3.2, 3.53, 3.61, 3.91, 3.92, 4.64, 5.62, 5.55, 4.74, 3.9, 3.55, 3.66, 4.6, 4.49, 6.62, 10.21, 12.557, 11.969, 13.152, 14.497, 14.503, 14.489, 14.153, 14.076, 14.456, 14.637, 13.936, 13.659, 14.187, 14.732, 14.937, 17.148, 19.18, 19.35, 19.2, 19.371, 19.635, 19.542, 19.375, 19.111, 19.118], [17.264, 16.749, 16.166, 15.495, 14.425, 13.225, 12.452, 11.083, 10.284, 10.844, 10.674, 10.452, 9.464, 7.5, 5.33, 2.88, 2.28, 1.8, 2.55, 3.28, 3.45, 2.64, 1.99, 1.99, 2.42, 1.46, 0.95, 0.92, 0, 0.78, 0.95, 1.09, 0.99, 1.17, 1.36, 1.75, 1.97, 3.19, 4.81, 4.78, 4.36, 4.11, 3.46, 3.68, 3.73, 3.62, 3.83, 3.95, 4.27, 4.26, 4.98, 5.94, 5.93, 5.14, 4.34, 3.99, 4.12, 5.0, 4.89, 7.02, 10.63, 12.897, 12.304, 13.509, 14.809, 14.846, 14.823, 14.507, 14.473, 14.85, 15.017, 14.35, 14.056, 14.584, 15.126, 15.251, 17.47, 19.537, 19.71, 19.557, 19.731, 20.001, 19.905, 19.735, 19.497, 19.475], [17.206, 16.729, 16.132, 15.446, 14.43, 13.19, 12.346, 10.995, 10.199, 10.889, 10.705, 10.495, 9.518, 7.54, 5.07, 2.6, 2.36, 1.6, 2.21, 2.94, 3.09, 2.36, 1.81, 1.73, 2.52, 1.58, 1.07, 1.04, 0.78, 0, 0.77, 1.19, 1.05, 1.29, 1.48, 1.81, 1.81, 3.19, 4.79, 4.7, 4.3, 4.05, 3.26, 3.46, 3.53, 3.48, 3.77, 3.93, 4.29, 4.28, 4.96, 5.9, 5.91, 5.0, 4.36, 4.01, 4.0, 4.94, 4.73, 6.82, 10.49, 12.791, 12.238, 13.524, 14.831, 14.777, 14.731, 14.455, 14.347, 14.718, 14.9, 14.358, 13.93, 14.473, 15.034, 15.22, 17.472, 19.539, 19.718, 19.568, 19.739, 20.003, 19.91, 19.743, 19.485, 19.486], [16.602, 16.122, 15.462, 14.796, 13.763, 12.58, 11.696, 10.35, 9.549, 10.31, 10.143, 9.933, 8.899, 6.97, 4.64, 2.51, 2.69, 1.79, 2.2, 2.83, 3.0, 2.07, 1.52, 1.58, 2.11, 1.53, 1.2, 0.99, 0.95, 0.77, 0, 0.9, 0.96, 1.02, 1.11, 1.36, 1.52, 2.62, 4.24, 4.15, 3.77, 3.54, 2.67, 2.93, 3.0, 2.95, 3.28, 3.4, 3.74, 3.73, 4.45, 5.39, 5.34, 4.37, 3.77, 3.36, 3.35, 4.29, 4.18, 6.25, 9.88, 12.161, 11.694, 12.974, 14.259, 14.253, 14.19, 13.834, 13.717, 14.097, 14.298, 13.757, 13.32, 13.828, 14.413, 14.678, 16.916, 18.983, 19.159, 19.012, 19.18, 19.453, 19.351, 19.187, 18.923, 18.93], [16.274, 15.759, 15.176, 14.508, 13.458, 12.232, 11.479, 10.11, 9.309, 9.888, 9.695, 9.485, 8.511, 6.65, 4.56, 2.57, 3.19, 2.01, 2.18, 2.83, 3.04, 2.31, 1.52, 1.54, 1.89, 1.45, 1.2, 1.09, 1.09, 1.19, 0.9, 0, 0.74, 0.7, 0.83, 1.12, 1.44, 2.36, 4.04, 3.97, 3.59, 3.32, 2.67, 2.93, 2.96, 2.71, 2.88, 3.02, 3.36, 3.33, 4.01, 4.97, 4.96, 4.13, 3.41, 3.04, 3.17, 4.05, 3.9, 6.05, 9.64, 11.935, 11.328, 12.559, 13.902, 13.871, 13.847, 13.537, 13.503, 13.874, 14.041, 13.394, 13.071, 13.614, 14.171, 14.284, 16.518, 18.573, 18.752, 18.587, 18.767, 19.042, 18.938, 18.774, 18.527, 18.511], [16.814, 16.299, 15.716, 15.048, 13.978, 12.772, 12.019, 10.65, 9.849, 10.306, 10.07, 9.84, 8.96, 7.09, 5.1, 2.85, 2.87, 2.01, 2.48, 3.11, 3.28, 2.57, 1.86, 1.82, 2.21, 1.63, 1.08, 0.97, 0.99, 1.05, 0.96, 0.74, 0, 0.6, 1.07, 1.48, 1.8, 2.82, 4.48, 4.53, 4.09, 3.84, 3.13, 3.31, 3.38, 3.21, 3.4, 3.54, 3.72, 3.71, 4.41, 5.39, 5.42, 4.67, 3.87, 3.54, 3.69, 4.59, 4.44, 6.59, 10.18, 12.475, 11.788, 13.039, 14.425, 14.405, 14.384, 14.077, 14.046, 14.414, 14.581, 13.894, 13.611, 14.154, 14.714, 14.764, 16.918, 18.922, 19.101, 18.937, 19.116, 19.381, 19.308, 19.141, 18.899, 18.863], [16.437, 15.922, 15.339, 14.671, 13.601, 12.395, 11.642, 10.273, 9.472, 9.926, 9.69, 9.46, 8.58, 6.71, 4.76, 2.81, 3.23, 2.19, 2.48, 2.99, 3.1, 2.35, 1.72, 1.66, 1.97, 1.49, 1.12, 1.11, 1.17, 1.29, 1.02, 0.7, 0.6, 0, 0.79, 1.22, 1.58, 2.42, 4.1, 4.15, 3.71, 3.46, 2.75, 3.01, 3.06, 2.85, 3.06, 3.16, 3.36, 3.33, 4.05, 5.01, 5.08, 4.33, 3.53, 3.14, 3.37, 4.21, 4.08, 6.21, 9.82, 12.092, 11.425, 12.682, 14.025, 14.031, 14.019, 13.717, 13.674, 14.046, 14.201, 13.52, 13.251, 13.777, 14.342, 14.384, 16.52, 18.556, 18.741, 18.58, 18.759, 19.032, 18.931, 18.766, 18.534, 18.5], [16.033, 15.518, 14.935, 14.264, 13.194, 11.994, 11.238, 9.869, 9.084, 9.667, 9.485, 9.255, 8.25, 6.36, 4.39, 2.64, 3.38, 2.26, 2.33, 2.86, 2.99, 2.14, 1.55, 1.45, 1.6, 1.16, 1.11, 1.06, 1.36, 1.48, 1.11, 0.83, 1.07, 0.79, 0, 0.79, 1.13, 2.01, 3.73, 3.78, 3.42, 3.17, 2.44, 2.76, 2.81, 2.56, 2.77, 2.95, 3.17, 3.14, 3.9, 4.86, 4.79, 4.0, 3.1, 2.77, 2.96, 3.8, 3.75, 5.8, 9.45, 11.777, 11.247, 12.407, 13.735, 13.818, 13.769, 13.424, 13.367, 13.756, 13.891, 13.187, 12.936, 13.427, 14.018, 14.154, 16.319, 18.354, 18.536, 18.375, 18.554, 18.832, 18.725, 18.558, 18.32, 18.301], [15.668, 15.156, 14.573, 13.905, 12.835, 11.629, 10.859, 9.488, 8.709, 9.36, 9.187, 8.962, 7.94, 5.99, 3.9, 2.63, 3.69, 2.35, 2.24, 2.51, 2.82, 2.23, 1.52, 1.38, 1.39, 1.33, 1.42, 1.39, 1.75, 1.81, 1.36, 1.12, 1.48, 1.22, 0.79, 0, 0.72, 1.6, 3.24, 3.31, 2.93, 2.7, 2.01, 2.41, 2.48, 2.19, 2.36, 2.52, 2.78, 2.77, 3.45, 4.43, 4.32, 3.55, 2.75, 2.56, 2.55, 3.41, 3.36, 5.35, 9.0, 11.398, 10.834, 12.031, 13.336, 13.382, 13.361, 13.025, 12.94, 13.331, 13.512, 12.805, 12.52, 13.063, 13.61, 13.789, 15.989, 18.021, 18.197, 18.041, 18.217, 18.49, 18.409, 18.239, 17.993, 17.962], [15.599, 15.068, 14.485, 13.839, 12.769, 11.543, 10.753, 9.382, 8.646, 9.337, 9.166, 8.936, 7.917, 5.97, 3.94, 2.71, 3.83, 2.35, 2.32, 2.73, 2.96, 2.23, 1.76, 1.68, 1.79, 1.53, 1.7, 1.65, 1.97, 1.81, 1.52, 1.44, 1.8, 1.58, 1.13, 0.72, 0, 1.54, 3.12, 3.15, 2.85, 2.66, 1.97, 2.45, 2.52, 2.27, 2.34, 2.5, 2.92, 2.85, 3.41, 4.37, 4.24, 3.45, 2.81, 2.5, 2.63, 3.33, 3.32, 5.19, 8.86, 11.329, 10.725, 11.999, 13.276, 13.307, 13.29, 12.974, 12.865, 13.263, 13.444, 12.771, 12.434, 12.997, 13.518, 13.721, 15.924, 17.974, 18.154, 18.001, 18.174, 18.447, 18.366, 18.207, 17.98, 17.918], [14.297, 13.762, 13.179, 12.531, 11.461, 10.215, 9.442, 8.113, 7.372, 7.98, 7.8, 7.57, 6.56, 4.61, 2.88, 2.87, 5.15, 3.55, 2.88, 2.47, 2.4, 2.49, 2.46, 2.42, 1.87, 2.53, 2.94, 2.79, 3.19, 3.19, 2.62, 2.36, 2.82, 2.42, 2.01, 1.6, 1.54, 0, 1.88, 1.93, 1.71, 1.64, 1.39, 1.65, 1.64, 1.37, 1.46, 1.42, 1.74, 1.71, 2.19, 3.13, 3.08, 2.39, 1.57, 1.72, 1.69, 2.09, 2.4, 3.97, 7.62, 10.061, 9.511, 10.694, 12.001, 12.056, 12.044, 11.708, 11.617, 12.014, 12.176, 11.471, 11.197, 11.731, 12.284, 12.455, 14.597, 16.629, 16.811, 16.656, 16.832, 17.101, 17.024, 16.853, 16.626, 16.573], [12.699, 12.19, 11.608, 10.942, 9.872, 8.666, 7.893, 6.519, 5.746, 6.363, 6.19, 5.98, 5.0, 3.17, 2.04, 4.19, 6.69, 5.09, 4.4, 3.47, 3.34, 3.51, 3.76, 3.96, 3.15, 4.17, 4.56, 4.47, 4.81, 4.79, 4.24, 4.04, 4.48, 4.1, 3.73, 3.24, 3.12, 1.88, 0, 0.79, 1.05, 1.1, 2.17, 2.23, 1.8, 1.79, 1.52, 1.3, 1.38, 1.31, 1.27, 1.79, 1.5, 1.41, 1.51, 1.72, 2.11, 1.75, 2.18, 2.37, 6.0, 8.429, 7.839, 9.064, 10.41, 10.397, 10.456, 10.183, 9.985, 10.359, 10.538, 9.837, 9.528, 10.136, 10.615, 10.82, 12.991, 15.023, 15.202, 15.052, 15.223, 15.492, 15.452, 15.286, 14.998, 14.987], [12.92, 12.415, 11.832, 11.169, 10.119, 8.893, 8.1, 6.737, 5.936, 6.638, 6.451, 6.241, 5.29, 3.42, 2.11, 3.9, 6.34, 4.8, 4.05, 3.12, 2.99, 3.22, 3.47, 3.73, 3.1, 4.16, 4.59, 4.46, 4.78, 4.7, 4.15, 3.97, 4.53, 4.15, 3.78, 3.31, 3.15, 1.93, 0.79, 0, 0.74, 0.99, 1.96, 2.0, 1.53, 1.78, 1.53, 1.27, 1.59, 1.54, 1.14, 1.8, 1.65, 1.22, 1.84, 1.89, 2.22, 1.88, 2.21, 2.52, 6.21, 8.567, 8.032, 9.286, 10.6, 10.564, 10.606, 10.359, 10.123, 10.5, 10.668, 10.017, 9.666, 10.319, 10.765, 10.985, 13.197, 15.264, 15.438, 15.282, 15.461, 15.759, 15.686, 15.52, 15.238, 15.236], [13.454, 12.949, 12.366, 11.703, 10.633, 9.427, 8.617, 7.254, 6.453, 7.067, 6.897, 6.687, 5.69, 3.88, 2.19, 3.48, 5.92, 4.34, 3.59, 2.68, 2.59, 2.9, 3.09, 3.33, 2.76, 3.76, 4.17, 4.12, 4.36, 4.3, 3.77, 3.59, 4.09, 3.71, 3.42, 2.93, 2.85, 1.71, 1.05, 0.74, 0, 0.65, 1.54, 1.54, 1.21, 1.48, 1.29, 1.07, 1.41, 1.34, 1.26, 2.1, 2.01, 1.52, 1.76, 1.81, 2.06, 1.9, 2.29, 2.98, 6.71, 9.044, 8.42, 9.711, 11.042, 11.017, 11.031, 10.795, 10.609, 10.972, 11.133, 10.509, 10.137, 10.778, 11.23, 11.407, 13.652, 15.696, 15.86, 15.705, 15.875, 16.153, 16.101, 15.945, 15.667, 15.622], [13.484, 12.979, 12.396, 11.733, 10.663, 9.457, 8.647, 7.284, 6.483, 7.094, 6.924, 6.702, 5.74, 3.85, 2.26, 3.45, 5.87, 4.23, 3.56, 2.63, 2.54, 2.89, 3.02, 3.18, 2.67, 3.51, 3.94, 3.87, 4.11, 4.05, 3.54, 3.32, 3.84, 3.46, 3.17, 2.7, 2.66, 1.64, 1.1, 0.99, 0.65, 0, 1.37, 1.47, 1.12, 1.27, 1.16, 0.86, 1.3, 1.27, 1.29, 2.11, 2.04, 1.43, 1.45, 1.46, 1.73, 1.73, 1.96, 3.03, 6.74, 9.074, 8.41, 9.721, 11.072, 11.027, 11.041, 10.822, 10.648, 11.002, 11.18, 10.55, 10.193, 10.788, 11.278, 11.42, 13.682, 15.74, 15.908, 15.761, 15.928, 16.198, 16.122, 15.973, 15.697, 15.678], [14.448, 13.993, 13.342, 12.637, 11.658, 10.472, 9.542, 8.165, 7.392, 8.229, 8.073, 7.863, 6.829, 4.96, 3.09, 2.48, 4.76, 3.32, 2.57, 2.06, 1.89, 2.16, 2.15, 2.45, 2.02, 2.8, 3.17, 3.1, 3.46, 3.26, 2.67, 2.67, 3.13, 2.75, 2.44, 2.01, 1.97, 1.39, 2.17, 1.96, 1.54, 1.37, 0, 1.04, 1.17, 1.14, 1.47, 1.57, 1.95, 1.76, 2.34, 3.28, 3.17, 2.22, 2.04, 1.99, 1.86, 2.26, 2.57, 3.92, 7.658, 9.961, 9.49, 10.813, 12.197, 12.174, 12.016, 11.677, 11.515, 11.879, 12.124, 11.596, 11.165, 11.665, 12.233, 12.514, 14.79, 16.828, 17.007, 16.858, 17.028, 17.307, 17.199, 17.068, 16.785, 16.787], [14.487, 14.036, 13.402, 12.714, 11.718, 10.518, 9.605, 8.242, 7.469, 8.275, 8.116, 7.906, 6.89, 4.98, 2.97, 2.3, 4.78, 3.38, 2.43, 1.62, 1.71, 2.22, 2.19, 2.59, 2.08, 2.96, 3.33, 3.28, 3.68, 3.46, 2.93, 2.93, 3.31, 3.01, 2.76, 2.41, 2.45, 1.65, 2.23, 2.0, 1.54, 1.47, 1.04, 0, 0.73, 1.06, 1.61, 1.59, 2.01, 1.86, 2.4, 3.32, 3.21, 2.28, 2.22, 2.09, 2.22, 2.56, 2.65, 3.94, 7.75, 10.038, 9.533, 10.899, 12.257, 12.276, 12.118, 11.794, 11.592, 11.957, 12.149, 11.619, 11.165, 11.74, 12.259, 12.56, 14.856, 16.86, 17.039, 16.871, 17.05, 17.364, 17.253, 17.124, 16.88, 16.832], [14.122, 13.658, 13.01, 12.307, 11.306, 10.131, 9.224, 7.847, 7.057, 7.847, 7.686, 7.479, 6.479, 4.61, 2.68, 2.71, 5.09, 3.57, 2.86, 1.93, 2.06, 2.41, 2.44, 2.6, 2.07, 2.99, 3.38, 3.31, 3.73, 3.53, 3.0, 2.96, 3.38, 3.06, 2.81, 2.48, 2.52, 1.64, 1.8, 1.53, 1.21, 1.12, 1.17, 0.73, 0, 0.99, 1.54, 1.36, 1.8, 1.55, 2.03, 2.91, 2.8, 1.91, 2.11, 2.0, 2.15, 2.29, 2.46, 3.57, 7.32, 9.631, 9.153, 10.441, 11.812, 11.8, 11.689, 11.359, 11.225, 11.602, 11.792, 11.244, 10.816, 11.368, 11.881, 12.174, 14.4, 16.468, 16.658, 16.491, 16.667, 16.94, 16.848, 16.735, 16.469, 16.411], [13.975, 13.523, 12.86, 12.132, 11.162, 9.976, 9.109, 7.698, 6.899, 7.672, 7.516, 7.309, 6.289, 4.46, 2.71, 2.9, 5.28, 3.76, 3.05, 2.26, 2.09, 2.4, 2.51, 2.63, 1.88, 2.84, 3.27, 3.2, 3.62, 3.48, 2.95, 2.71, 3.21, 2.85, 2.56, 2.19, 2.27, 1.37, 1.79, 1.78, 1.48, 1.27, 1.14, 1.06, 0.99, 0, 0.89, 1.09, 1.43, 1.24, 1.88, 2.74, 2.73, 1.86, 1.56, 1.53, 1.52, 1.88, 2.29, 3.6, 7.21, 9.505, 9.092, 10.335, 11.697, 11.712, 11.574, 11.201, 11.096, 11.476, 11.699, 11.123, 10.741, 11.253, 11.792, 12.077, 14.329, 16.362, 16.544, 16.379, 16.553, 16.831, 16.741, 16.606, 16.345, 16.317], [13.593, 13.085, 12.502, 11.836, 10.783, 9.56, 8.753, 7.39, 6.586, 7.211, 7.044, 6.84, 5.84, 4.09, 2.48, 3.35, 5.75, 4.09, 3.44, 2.71, 2.42, 2.63, 2.92, 2.98, 2.19, 3.25, 3.6, 3.53, 3.83, 3.77, 3.28, 2.88, 3.4, 3.06, 2.77, 2.36, 2.34, 1.46, 1.52, 1.53, 1.29, 1.16, 1.47, 1.61, 1.54, 0.89, 0, 0.84, 1.22, 1.17, 1.51, 2.31, 2.3, 1.57, 1.35, 1.3, 1.27, 1.69, 2.12, 3.31, 6.86, 9.224, 8.571, 9.894, 11.327, 11.282, 11.188, 10.918, 10.81, 11.163, 11.312, 10.696, 10.326, 10.941, 11.442, 11.587, 13.869, 15.901, 16.075, 15.904, 16.083, 16.382, 16.272, 16.145, 15.876, 15.851], [13.405, 12.89, 12.308, 11.639, 10.569, 9.363, 8.576, 7.213, 6.406, 7.014, 6.798, 6.588, 5.631, 3.75, 2.28, 3.57, 5.99, 4.31, 3.64, 2.71, 2.6, 2.93, 3.12, 3.16, 2.31, 3.35, 3.8, 3.61, 3.95, 3.93, 3.4, 3.02, 3.54, 3.16, 2.95, 2.52, 2.5, 1.42, 1.3, 1.27, 1.07, 0.86, 1.57, 1.59, 1.36, 1.09, 0.84, 0, 0.94, 0.91, 1.23, 2.09, 2.12, 1.49, 1.19, 1.22, 1.39, 1.55, 1.94, 3.17, 6.72, 9.049, 8.382, 9.662, 11.022, 10.925, 10.933, 10.674, 10.606, 10.969, 11.144, 10.488, 10.171, 10.729, 11.254, 11.364, 13.635, 15.676, 15.846, 15.685, 15.861, 16.134, 16.038, 15.895, 15.624, 15.608], [13.151, 12.628, 12.045, 11.368, 10.298, 9.104, 8.33, 6.976, 6.16, 6.68, 6.447, 6.217, 5.3, 3.61, 2.26, 3.95, 6.37, 4.69, 4.02, 3.09, 2.98, 3.25, 3.5, 3.54, 2.53, 3.63, 4.06, 3.91, 4.27, 4.29, 3.74, 3.36, 3.72, 3.36, 3.17, 2.78, 2.92, 1.74, 1.38, 1.59, 1.41, 1.3, 1.95, 2.01, 1.8, 1.43, 1.22, 0.94, 0, 0.65, 1.23, 1.87, 2.02, 1.43, 0.93, 1.26, 1.59, 1.71, 2.16, 3.13, 6.62, 8.932, 8.245, 9.508, 10.891, 10.885, 10.793, 10.488, 10.483, 10.82, 10.927, 10.277, 10.077, 10.489, 11.122, 11.127, 13.336, 15.357, 15.519, 15.357, 15.531, 15.821, 15.705, 15.544, 15.302, 15.287], [13.152, 12.632, 12.049, 11.378, 10.308, 9.114, 8.318, 6.955, 6.164, 6.69, 6.457, 6.227, 5.31, 3.66, 2.55, 3.94, 6.36, 4.68, 4.01, 3.1, 2.99, 3.24, 3.49, 3.53, 2.5, 3.64, 4.07, 3.92, 4.26, 4.28, 3.73, 3.33, 3.71, 3.33, 3.14, 2.77, 2.85, 1.71, 1.31, 1.54, 1.34, 1.27, 1.76, 1.86, 1.55, 1.24, 1.17, 0.91, 0.65, 0, 1.14, 1.78, 1.93, 1.36, 1.18, 1.41, 1.84, 1.74, 2.37, 3.06, 6.55, 8.865, 8.178, 9.464, 10.912, 10.85, 10.741, 10.47, 10.431, 10.782, 10.909, 10.247, 10.01, 10.494, 11.058, 11.083, 13.291, 15.344, 15.523, 15.353, 15.535, 15.828, 15.712, 15.569, 15.321, 15.291], [12.463, 11.943, 11.36, 10.695, 9.625, 8.419, 7.646, 6.294, 5.479, 6.01, 5.777, 5.547, 4.67, 3.26, 2.75, 4.607, 7.04, 5.36, 4.67, 3.72, 3.63, 3.94, 4.17, 4.21, 3.22, 4.38, 4.73, 4.64, 4.98, 4.96, 4.45, 4.01, 4.41, 4.05, 3.9, 3.45, 3.41, 2.19, 1.27, 1.14, 1.26, 1.29, 2.34, 2.4, 2.03, 1.88, 1.51, 1.23, 1.23, 1.14, 0, 1.1, 1.39, 1.04, 1.62, 1.75, 2.12, 1.84, 2.35, 2.62, 5.77, 8.191, 7.472, 8.758, 10.22, 10.191, 10.083, 9.796, 9.73, 10.082, 10.226, 9.553, 9.259, 9.839, 10.384, 10.432, 12.623, 14.664, 14.849, 14.667, 14.855, 15.156, 15.049, 14.876, 14.635, 14.607], [11.495, 10.983, 10.4, 9.732, 8.662, 7.456, 6.652, 5.297, 4.482, 5.09, 4.86, 4.71, 4.13, 3.04, 2.95, 5.547, 7.98, 6.3, 5.61, 4.66, 4.57, 4.856, 5.11, 5.15, 4.18, 5.34, 5.73, 5.62, 5.94, 5.9, 5.39, 4.97, 5.39, 5.01, 4.86, 4.43, 4.37, 3.13, 1.79, 1.8, 2.1, 2.11, 3.28, 3.32, 2.91, 2.74, 2.31, 2.09, 1.87, 1.78, 1.1, 0, 1.03, 1.34, 2.2, 2.41, 2.68, 2.32, 2.75, 2.28, 4.89, 7.21, 6.595, 7.958, 9.443, 9.388, 9.295, 9.051, 8.851, 9.153, 9.237, 8.612, 8.302, 8.931, 9.44, 9.46, 11.701, 13.731, 13.911, 13.73, 13.919, 14.236, 14.17, 14.029, 13.765, 13.72], [11.496, 10.988, 10.405, 9.739, 8.669, 7.463, 6.673, 5.31, 4.506, 5.12, 4.947, 4.74, 3.82, 2.47, 2.44, 5.43, 7.85, 6.25, 5.56, 4.63, 4.5, 4.73, 4.98, 5.12, 4.11, 5.31, 5.62, 5.55, 5.93, 5.91, 5.34, 4.96, 5.42, 5.08, 4.79, 4.32, 4.24, 3.08, 1.5, 1.65, 2.01, 2.04, 3.17, 3.21, 2.8, 2.73, 2.3, 2.12, 2.02, 1.93, 1.39, 1.03, 0, 1.29, 2.17, 2.4, 2.59, 2.21, 2.52, 1.69, 4.78, 7.164, 6.579, 7.822, 9.207, 9.204, 9.156, 8.892, 8.732, 9.103, 9.252, 8.562, 8.243, 8.89, 9.359, 9.547, 11.787, 13.801, 13.972, 13.807, 13.986, 14.285, 14.209, 14.071, 13.81, 13.75], [12.374, 11.903, 11.243, 10.56, 9.547, 8.364, 7.477, 6.114, 5.333, 6.135, 5.971, 5.81, 4.79, 3.1, 2.23, 4.42, 6.82, 5.3, 4.61, 3.7, 3.53, 3.68, 4.01, 4.21, 3.26, 4.5, 4.87, 4.74, 5.14, 5.0, 4.37, 4.13, 4.67, 4.33, 4.0, 3.55, 3.45, 2.39, 1.41, 1.22, 1.52, 1.43, 2.22, 2.28, 1.91, 1.86, 1.57, 1.49, 1.43, 1.36, 1.04, 1.34, 1.29, 0, 1.52, 1.53, 1.78, 1.58, 1.91, 2.2, 5.61, 8.006, 7.51, 8.842, 10.277, 10.252, 10.078, 9.747, 9.58, 9.982, 10.116, 9.535, 9.113, 9.694, 10.249, 10.531, 12.798, 14.825, 15.004, 14.819, 15.007, 15.3, 15.189, 15.08, 14.826, 14.772], [13.093, 12.555, 11.972, 11.318, 10.248, 9.008, 8.218, 6.895, 6.147, 6.814, 6.601, 6.391, 5.41, 3.62, 2.05, 3.8, 6.36, 4.78, 4.11, 3.26, 3.07, 3.18, 3.47, 3.65, 2.62, 3.66, 4.13, 3.9, 4.34, 4.36, 3.77, 3.41, 3.87, 3.53, 3.1, 2.75, 2.81, 1.57, 1.51, 1.84, 1.76, 1.45, 2.04, 2.22, 2.11, 1.56, 1.35, 1.19, 0.93, 1.18, 1.62, 2.2, 2.17, 1.52, 0, 0.99, 1.26, 1.5, 1.73, 2.9, 6.41, 8.925, 8.398, 9.521, 10.935, 10.938, 10.863, 10.521, 10.476, 10.847, 10.969, 10.281, 10.05, 10.522, 11.112, 11.294, 13.489, 15.503, 15.685, 15.526, 15.702, 15.972, 15.874, 15.71, 15.451, 15.455], [13.374, 12.848, 12.225, 11.571, 10.501, 9.307, 8.508, 7.167, 6.42, 7.096, 6.923, 6.733, 5.72, 4.07, 2.46, 3.43, 5.97, 4.41, 3.78, 3.11, 2.88, 2.79, 3.14, 3.44, 2.73, 3.47, 3.76, 3.55, 3.99, 4.01, 3.36, 3.04, 3.54, 3.14, 2.77, 2.56, 2.5, 1.72, 1.72, 1.89, 1.81, 1.46, 1.99, 2.09, 2.0, 1.53, 1.3, 1.22, 1.26, 1.41, 1.75, 2.41, 2.4, 1.53, 0.99, 0, 1.21, 1.65, 1.58, 3.31, 6.78, 9.264, 8.768, 9.92, 11.367, 11.342, 11.228, 10.858, 10.81, 11.161, 11.267, 10.617, 10.4, 10.845, 11.431, 11.639, 13.857, 15.842, 16.024, 15.856, 16.035, 16.314, 16.218, 16.083, 15.805, 15.788], [13.335, 12.835, 12.175, 11.526, 10.493, 9.27, 8.369, 7.066, 6.319, 7.143, 6.97, 6.76, 5.74, 3.92, 2.13, 3.5, 5.94, 4.4, 3.69, 3.08, 2.85, 2.8, 3.07, 3.29, 2.4, 3.5, 3.89, 3.66, 4.12, 4.0, 3.35, 3.17, 3.69, 3.37, 2.96, 2.55, 2.63, 1.69, 2.11, 2.22, 2.06, 1.73, 1.86, 2.22, 2.15, 1.52, 1.27, 1.39, 1.59, 1.84, 2.12, 2.68, 2.59, 1.78, 1.26, 1.21, 0, 1.16, 1.43, 3.12, 6.57, 9.048, 8.581, 9.844, 11.215, 11.175, 11.069, 10.704, 10.596, 10.976, 11.157, 10.601, 10.19, 10.673, 11.278, 11.549, 13.8, 15.836, 16.012, 15.851, 16.027, 16.3, 16.199, 16.034, 15.77, 15.777], [12.441, 11.946, 11.283, 10.632, 9.596, 8.379, 7.495, 6.172, 5.424, 6.237, 6.064, 5.854, 4.834, 3.18, 2.51, 4.4, 6.88, 5.34, 4.63, 3.76, 3.63, 3.7, 4.01, 4.23, 3.16, 4.36, 4.81, 4.6, 5.0, 4.94, 4.29, 4.05, 4.59, 4.21, 3.8, 3.41, 3.33, 2.09, 1.75, 1.88, 1.9, 1.73, 2.26, 2.56, 2.29, 1.88, 1.69, 1.55, 1.71, 1.74, 1.84, 2.32, 2.21, 1.58, 1.5, 1.65, 1.16, 0, 1.19, 2.2, 5.65, 8.142, 7.715, 8.944, 10.332, 10.327, 10.195, 9.827, 9.725, 10.127, 10.283, 9.693, 9.324, 9.81, 10.395, 10.649, 12.912, 14.924, 15.109, 14.939, 15.118, 15.4, 15.299, 15.149, 14.908, 14.892], [12.687, 12.204, 11.573, 10.89, 9.891, 8.654, 7.747, 6.424, 5.683, 6.515, 6.356, 6.146, 5.142, 3.39, 2.18, 4.03, 6.57, 5.05, 4.3, 3.47, 3.32, 3.41, 3.72, 3.94, 3.45, 4.43, 4.64, 4.49, 4.89, 4.73, 4.18, 3.9, 4.44, 4.08, 3.75, 3.36, 3.32, 2.4, 2.18, 2.21, 2.29, 1.96, 2.57, 2.65, 2.46, 2.29, 2.12, 1.94, 2.16, 2.37, 2.35, 2.75, 2.52, 1.91, 1.73, 1.58, 1.43, 1.19, 0, 2.25, 5.82, 8.372, 7.905, 9.144, 10.534, 10.509, 10.387, 10.036, 9.903, 10.288, 10.506, 9.933, 9.526, 10.028, 10.579, 10.877, 13.167, 15.197, 15.367, 15.205, 15.379, 15.663, 15.55, 15.401, 15.166, 15.138], [10.669, 10.191, 9.574, 8.911, 7.896, 6.63, 5.806, 4.48, 3.724, 4.528, 4.347, 4.137, 3.23, 2.06, 2.51, 6.02, 8.58, 7.04, 6.29, 5.38, 5.23, 5.42, 5.69, 6.01, 5.12, 6.34, 6.73, 6.62, 7.02, 6.82, 6.25, 6.05, 6.59, 6.21, 5.8, 5.35, 5.19, 3.97, 2.37, 2.52, 2.98, 3.03, 3.92, 3.94, 3.57, 3.6, 3.31, 3.17, 3.13, 3.06, 2.62, 2.28, 1.69, 2.2, 2.9, 3.31, 3.12, 2.2, 2.25, 0, 3.85, 6.373, 5.914, 7.179, 8.56, 8.569, 8.426, 8.199, 7.932, 8.298, 8.473, 7.923, 7.48, 8.113, 8.622, 8.855, 11.117, 13.158, 13.343, 13.172, 13.354, 13.653, 13.56, 13.419, 13.169, 13.124], [7.002, 6.55, 5.87, 5.184, 4.314, 3.38, 2.87, 1.77, 1.8, 2.1, 2.25, 2.12, 2.16, 3.23, 5.94, 9.838, 12.338, 10.864, 10.105, 9.221, 9.048, 9.184, 9.531, 9.76, 8.73, 10.01, 10.38, 10.21, 10.63, 10.49, 9.88, 9.64, 10.18, 9.82, 9.45, 9.0, 8.86, 7.62, 6.0, 6.21, 6.71, 6.74, 7.658, 7.75, 7.32, 7.21, 6.86, 6.72, 6.62, 6.55, 5.77, 4.89, 4.78, 5.61, 6.41, 6.78, 6.57, 5.65, 5.82, 3.85, 0, 2.92, 2.87, 3.723, 5.279, 5.153, 4.933, 4.61, 4.29, 4.725, 4.912, 4.47, 4.33, 4.87, 5.34, 5.335, 7.55, 9.519, 9.696, 9.53, 9.78, 10.119, 10.049, 9.883, 9.654, 9.568], [5.05, 4.95, 4.45, 4.09, 3.72, 3.2, 2.99, 3.05, 3.22, 3.14, 3.23, 3.14, 3.827, 5.497, 8.374, 12.283, 14.678, 13.167, 12.399, 11.512, 11.348, 11.615, 11.917, 12.074, 11.059, 12.248, 12.704, 12.557, 12.897, 12.791, 12.161, 11.935, 12.475, 12.092, 11.777, 11.398, 11.329, 10.061, 8.429, 8.567, 9.044, 9.074, 9.961, 10.038, 9.631, 9.505, 9.224, 9.049, 8.932, 8.865, 8.191, 7.21, 7.164, 8.006, 8.925, 9.264, 9.048, 8.142, 8.372, 6.373, 2.92, 0, 1.11, 1.53, 2.662, 2.7, 2.54, 2.17, 1.93, 2.15, 2.36, 2.01, 1.77, 2.45, 2.72, 2.775, 4.928, 6.917, 7.108, 6.94, 7.15, 7.493, 7.458, 7.298, 7.11, 7.022], [5.64, 5.44, 4.98, 4.58, 3.99, 3.39, 3.28, 3.22, 3.15, 2.81, 2.82, 2.528, 3.29, 4.944, 7.856, 11.738, 14.184, 12.528, 11.82, 10.879, 10.789, 11.084, 11.332, 11.442, 10.529, 11.718, 12.105, 11.969, 12.304, 12.238, 11.694, 11.328, 11.788, 11.425, 11.247, 10.834, 10.725, 9.511, 7.839, 8.032, 8.42, 8.41, 9.49, 9.533, 9.153, 9.092, 8.571, 8.382, 8.245, 8.178, 7.472, 6.595, 6.579, 7.51, 8.398, 8.768, 8.581, 7.715, 7.905, 5.914, 2.87, 1.11, 0, 1.58, 3.063, 2.98, 2.84, 2.593, 2.444, 2.744, 2.879, 2.34, 2.0, 2.74, 3.11, 3.094, 5.379, 7.396, 7.564, 7.408, 7.575, 7.877, 7.796, 7.675, 7.472, 7.38], [4.62, 4.48, 4.04, 3.74, 3.27, 3.23, 3.58, 4.1, 4.371, 3.871, 4.001, 3.788, 4.431, 6.129, 9.13, 13.041, 15.487, 13.859, 13.14, 12.225, 12.083, 12.39, 12.647, 12.762, 11.709, 12.841, 13.337, 13.152, 13.509, 13.524, 12.974, 12.559, 13.039, 12.682, 12.407, 12.031, 11.999, 10.694, 9.064, 9.286, 9.711, 9.721, 10.813, 10.899, 10.441, 10.335, 9.894, 9.662, 9.508, 9.464, 8.758, 7.958, 7.822, 8.842, 9.521, 9.92, 9.844, 8.944, 9.144, 7.179, 3.723, 1.53, 1.58, 0, 1.71, 1.65, 1.63, 1.52, 1.38, 1.64, 1.69, 1.48, 1.64, 1.92, 2.13, 1.95, 4.044, 6.082, 6.259, 6.114, 6.327, 6.628, 6.555, 6.432, 6.185, 6.142], [4.49, 4.57, 4.39, 4.37, 4.2, 4.28, 4.89, 5.609, 5.787, 5.35, 5.497, 5.293, 5.93, 7.491, 10.391, 14.304, 16.746, 15.149, 14.416, 13.488, 13.359, 13.634, 13.919, 14.038, 13.035, 14.186, 14.636, 14.497, 14.809, 14.831, 14.259, 13.902, 14.425, 14.025, 13.735, 13.336, 13.276, 12.001, 10.41, 10.6, 11.042, 11.072, 12.197, 12.257, 11.812, 11.697, 11.327, 11.022, 10.891, 10.912, 10.22, 9.443, 9.207, 10.277, 10.935, 11.367, 11.215, 10.332, 10.534, 8.56, 5.279, 2.662, 3.063, 1.71, 0, 0.62, 0.98, 1.35, 1.39, 1.23, 1.36, 1.57, 1.83, 1.45, 1.22, 1.44, 2.818, 4.803, 5.042, 4.914, 5.099, 5.292, 5.273, 5.097, 4.853, 4.774], [4.67, 4.75, 4.55, 4.53, 4.38, 4.32, 4.83, 5.55, 5.801, 5.387, 5.511, 5.278, 5.964, 7.523, 10.383, 14.265, 16.714, 15.09, 14.353, 13.434, 13.319, 13.632, 13.911, 13.995, 13.078, 14.206, 14.682, 14.503, 14.846, 14.777, 14.253, 13.871, 14.405, 14.031, 13.818, 13.382, 13.307, 12.056, 10.397, 10.564, 11.017, 11.027, 12.174, 12.276, 11.8, 11.712, 11.282, 10.925, 10.885, 10.85, 10.191, 9.388, 9.204, 10.252, 10.938, 11.342, 11.175, 10.327, 10.509, 8.569, 5.153, 2.7, 2.98, 1.65, 0.62, 0, 0.66, 1.11, 1.21, 1.15, 1.4, 1.69, 1.99, 1.53, 1.3, 1.42, 2.93, 4.888, 5.122, 4.977, 5.187, 5.343, 5.353, 5.153, 4.955, 4.874], [4.75, 4.87, 4.59, 4.47, 4.4, 4.32, 4.59, 5.283, 5.578, 5.221, 5.351, 5.128, 5.77, 7.514, 10.352, 14.219, 16.663, 15.056, 14.291, 13.383, 13.262, 13.59, 13.874, 13.981, 13.014, 14.194, 14.664, 14.489, 14.823, 14.731, 14.19, 13.847, 14.384, 14.019, 13.769, 13.361, 13.29, 12.044, 10.456, 10.606, 11.031, 11.041, 12.016, 12.118, 11.689, 11.574, 11.188, 10.933, 10.793, 10.741, 10.083, 9.295, 9.156, 10.078, 10.863, 11.228, 11.069, 10.195, 10.387, 8.426, 4.933, 2.54, 2.84, 1.63, 0.98, 0.66, 0, 0.91, 1.09, 1.01, 1.18, 1.53, 1.95, 1.45, 1.28, 1.5, 3.03, 4.977, 5.207, 5.034, 5.244, 5.477, 5.439, 5.239, 5.002, 4.947], [4.68, 4.82, 4.48, 4.28, 4.13, 4.05, 4.24, 4.82, 5.164, 4.868, 4.997, 4.821, 5.423, 7.201, 10.025, 13.921, 16.328, 14.803, 14.02, 13.127, 12.966, 13.257, 13.581, 13.737, 12.67, 13.878, 14.328, 14.153, 14.507, 14.455, 13.834, 13.537, 14.077, 13.717, 13.424, 13.025, 12.974, 11.708, 10.183, 10.359, 10.795, 10.822, 11.677, 11.794, 11.359, 11.201, 10.918, 10.674, 10.488, 10.47, 9.796, 9.051, 8.892, 9.747, 10.521, 10.858, 10.704, 9.827, 10.036, 8.199, 4.61, 2.17, 2.593, 1.52, 1.35, 1.11, 0.91, 0, 0.78, 0.88, 1.13, 1.42, 1.84, 1.4, 1.41, 1.61, 3.3, 5.264, 5.426, 5.293, 5.483, 5.785, 5.746, 5.627, 5.428, 5.33], [4.78, 4.88, 4.54, 4.26, 4.07, 3.99, 4.12, 4.6, 5.004, 4.787, 4.937, 4.761, 5.412, 7.061, 9.874, 13.733, 16.131, 14.7, 13.878, 12.979, 12.829, 13.077, 13.401, 13.628, 12.627, 13.844, 14.266, 14.076, 14.473, 14.347, 13.717, 13.503, 14.046, 13.674, 13.367, 12.94, 12.865, 11.617, 9.985, 10.123, 10.609, 10.648, 11.515, 11.592, 11.225, 11.096, 10.81, 10.606, 10.483, 10.431, 9.73, 8.851, 8.732, 9.58, 10.476, 10.81, 10.596, 9.725, 9.903, 7.932, 4.29, 1.93, 2.444, 1.38, 1.39, 1.21, 1.09, 0.78, 0, 0.62, 1.