[[0, 0.62, 0.96, 1.46, 1.49, 1.86, 1.88, 1.85, 2.0, 2.07, 2.5, 3.38, 3.71, 4.09, 4.2, 3.52, 3.68, 3.61, 3.99, 3.94, 3.51, 3.45, 3.26, 3.05, 3.987, 6.184, 6.321, 6.428, 5.985, 4.287, 4.214, 4.168, 2.84, 1.6, 2.07, 1.84, 1.51, 1.73, 1.6, 1.84, 2.01, 2.65, 3.07, 2.76, 2.24, 1.54, 1.71, 2.13, 2.26, 2.22, 1.88, 2.05, 2.04, 2.44, 2.42, 2.53, 2.78, 3.6, 3.94, 4.08, 4.36, 5.3, 4.64, 2.64, 2.96, 3.03, 1.85, 2.1, 3.43, 3.82, 3.45, 3.31, 3.79, 4.37, 5.403, 3.96, 2.25, 1.63, 1.57, 1.7, 1.63, 2.04, 2.11, 2.55, 2.44, 2.2], [0.62, 0, 0.64, 1.32, 1.55, 1.84, 1.86, 1.67, 1.86, 1.91, 2.46, 3.6, 3.97, 4.31, 4.46, 3.8, 3.82, 3.81, 4.17, 3.9, 3.33, 3.13, 3.02, 2.83, 3.644, 5.841, 5.978, 6.086, 5.642, 3.924, 3.911, 3.826, 2.4, 1.48, 2.41, 2.14, 1.75, 1.91, 1.64, 2.02, 2.19, 2.83, 3.33, 3.08, 2.54, 1.48, 1.39, 1.77, 1.94, 2.14, 1.94, 2.01, 2.06, 2.68, 2.56, 2.47, 2.92, 3.86, 4.24, 4.42, 4.7, 5.64, 4.98, 2.86, 3.24, 3.31, 1.71, 1.94, 3.05, 3.44, 3.07, 2.97, 3.45, 4.01, 5.06, 3.6, 1.95, 1.31, 1.13, 1.18, 1.75, 2.34, 2.47, 2.89, 2.74, 2.42], [0.96, 0.64, 0, 1.08, 1.27, 1.62, 1.66, 1.55, 1.72, 1.79, 2.22, 3.4, 3.81, 4.11, 4.32, 3.66, 3.62, 3.63, 3.95, 3.72, 3.11, 2.91, 2.84, 2.65, 3.438, 5.624, 5.778, 5.868, 5.433, 3.75, 3.72, 3.64, 2.18, 1.42, 2.53, 2.28, 1.93, 2.15, 1.88, 1.98, 2.25, 2.97, 3.49, 3.22, 2.62, 1.64, 1.17, 1.65, 1.86, 2.0, 1.88, 1.97, 2.26, 2.76, 2.46, 2.49, 2.86, 3.8, 4.46, 4.58, 4.86, 5.8, 5.14, 3.06, 3.46, 3.57, 1.79, 1.76, 2.85, 3.2, 2.85, 2.77, 3.23, 3.75, 4.8, 3.4, 1.79, 1.19, 1.21, 1.48, 2.01, 2.64, 2.79, 3.23, 3.08, 2.74], [1.46, 1.32, 1.08, 0, 0.99, 1.36, 1.52, 1.33, 1.46, 1.69, 1.68, 2.9, 3.33, 3.71, 3.9, 3.3, 3.36, 3.37, 3.69, 3.26, 2.71, 2.95, 2.879, 2.67, 3.698, 5.904, 6.058, 6.148, 5.728, 3.978, 3.965, 3.908, 2.38, 1.24, 2.01, 1.84, 1.51, 1.77, 1.48, 1.66, 1.93, 2.59, 3.07, 2.78, 2.22, 1.28, 1.33, 1.55, 1.7, 1.66, 1.56, 1.59, 1.82, 2.4, 2.2, 2.13, 2.54, 3.52, 4.08, 4.04, 4.36, 5.32, 4.7, 2.7, 3.04, 3.17, 1.31, 1.78, 3.15, 3.52, 3.15, 3.17, 3.63, 4.05, 5.1, 3.8, 2.17, 1.47, 1.33, 1.8, 2.09, 2.28, 2.49, 2.93, 2.76, 2.54], [1.49, 1.55, 1.27, 0.99, 0, 0.81, 0.91, 1.22, 1.45, 1.74, 1.73, 2.69, 3.1, 3.44, 3.73, 2.95, 2.91, 2.9, 3.3, 2.95, 2.82, 3.291, 3.212, 3.002, 4.148, 6.351, 6.488, 6.598, 6.163, 4.408, 4.36, 4.338, 2.73, 1.53, 1.9, 1.63, 1.32, 1.62, 1.49, 1.33, 1.52, 2.2, 2.7, 2.45, 1.81, 1.31, 1.52, 1.64, 1.69, 1.45, 1.31, 1.5, 1.59, 2.05, 1.75, 1.76, 2.13, 3.09, 3.67, 3.77, 4.07, 5.03, 4.37, 2.25, 2.67, 2.84, 1.22, 1.99, 3.54, 3.93, 3.52, 3.4, 3.86, 4.48, 5.53, 4.09, 2.3, 1.56, 1.46, 2.05, 1.92, 2.15, 2.28, 2.64, 2.63, 2.49], [1.86, 1.84, 1.62, 1.36, 0.81, 0, 0.58, 1.09, 1.36, 1.69, 1.92, 2.68, 3.13, 3.49, 3.82, 3.02, 2.88, 2.89, 3.25, 2.82, 2.63, 3.244, 3.145, 2.99, 4.061, 6.267, 6.401, 6.511, 6.091, 4.321, 4.288, 4.251, 2.68, 1.72, 2.19, 1.92, 1.69, 1.89, 1.84, 1.7, 1.75, 2.37, 2.93, 2.62, 2.0, 1.58, 1.79, 1.67, 1.56, 1.52, 1.54, 1.67, 1.72, 2.2, 1.78, 1.79, 2.22, 3.18, 3.84, 3.92, 4.22, 5.18, 4.52, 2.44, 2.86, 3.01, 1.35, 1.98, 3.47, 3.86, 3.45, 3.25, 3.79, 4.45, 5.5, 4.08, 2.41, 1.77, 1.73, 2.32, 2.27, 2.5, 2.65, 2.93, 2.9, 2.8], [1.88, 1.86, 1.66, 1.52, 0.91, 0.58, 0, 0.89, 1.16, 1.51, 2.08, 2.86, 3.33, 3.73, 4.0, 3.14, 2.96, 3.03, 3.45, 2.88, 2.55, 3.01, 2.94, 2.77, 3.821, 6.027, 6.161, 6.271, 5.851, 4.101, 4.048, 4.011, 2.42, 1.72, 2.39, 2.18, 1.79, 2.09, 1.92, 1.94, 2.01, 2.65, 3.17, 2.88, 2.24, 1.7, 1.75, 1.57, 1.5, 1.4, 1.68, 1.81, 1.94, 2.46, 2.0, 2.03, 2.44, 3.44, 4.1, 4.22, 4.54, 5.48, 4.82, 2.62, 3.16, 3.27, 1.43, 1.86, 3.23, 3.6, 3.23, 3.01, 3.51, 4.19, 5.24, 3.82, 2.21, 1.59, 1.73, 2.38, 2.47, 2.64, 2.71, 3.03, 3.04, 2.96], [1.85, 1.67, 1.55, 1.33, 1.22, 1.09, 0.89, 0, 0.59, 0.96, 1.95, 2.95, 3.42, 3.78, 4.07, 3.31, 3.17, 3.2, 3.66, 3.05, 2.32, 2.56, 2.45, 2.22, 3.251, 5.437, 5.571, 5.681, 5.261, 3.491, 3.458, 3.421, 1.99, 1.51, 2.54, 2.31, 1.98, 2.44, 2.11, 2.25, 2.42, 3.14, 3.644, 3.394, 2.694, 1.85, 1.62, 1.48, 1.53, 1.61, 1.99, 2.02, 2.17, 2.83, 2.49, 2.42, 2.89, 3.83, 4.61, 4.75, 5.05, 6.03, 5.37, 3.17, 3.65, 3.74, 1.76, 1.51, 2.7, 3.03, 2.64, 2.7, 3.18, 3.64, 4.69, 3.49, 1.96, 1.48, 1.58, 2.19, 2.64, 2.89, 3.02, 3.32, 3.33, 3.19], [2.0, 1.86, 1.72, 1.46, 1.45, 1.36, 1.16, 0.59, 0, 0.63, 1.74, 2.82, 3.31, 3.77, 4.0, 3.2, 3.06, 3.05, 3.55, 2.98, 2.09, 2.25, 2.14, 1.89, 2.921, 5.087, 5.221, 5.331, 4.911, 3.141, 3.128, 3.14, 1.94, 1.78, 2.75, 2.54, 2.31, 2.63, 2.38, 2.54, 2.69, 3.423, 3.923, 3.693, 3.0, 2.14, 1.89, 1.65, 1.74, 1.78, 2.24, 2.25, 2.5, 3.14, 2.8, 2.73, 3.16, 4.12, 4.9, 5.04, 5.34, 6.32, 5.66, 3.44, 3.94, 3.989, 2.01, 1.5, 2.45, 2.74, 2.37, 2.63, 3.09, 3.33, 4.38, 3.34, 2.05, 1.63, 1.83, 2.52, 2.91, 3.2, 3.33, 3.69, 3.62, 3.44], [2.07, 1.91, 1.79, 1.69, 1.74, 1.69, 1.51, 0.96, 0.63, 0, 1.69, 2.81, 3.34, 3.82, 4.07, 3.17, 2.99, 3.02, 3.48, 2.95, 1.92, 2.0, 1.83, 1.58, 2.571, 4.757, 4.935, 5.021, 4.621, 2.88, 2.778, 2.89, 2.07, 2.01, 3.1, 2.89, 2.6, 2.96, 2.65, 2.79, 3.03, 3.75, 4.27, 4.04, 3.39, 2.37, 2.08, 1.96, 2.01, 2.05, 2.55, 2.58, 2.91, 3.53, 3.15, 3.12, 3.49, 4.49, 5.25, 5.39, 5.69, 6.67, 6.01, 3.83, 4.29, 4.316, 2.4, 1.59, 2.32, 2.55, 2.28, 2.58, 3.1, 3.18, 4.21, 3.25, 2.16, 1.74, 2.06, 2.69, 3.08, 3.39, 3.58, 4.02, 3.91, 3.67], [2.5, 2.46, 2.22, 1.68, 1.73, 1.92, 2.08, 1.95, 1.74, 1.69, 0, 1.42, 1.95, 2.43, 2.74, 1.88, 1.94, 2.01, 2.31, 1.86, 1.75, 2.41, 2.26, 2.31, 3.23, 5.41, 5.85, 5.86, 5.14, 3.61, 3.52, 3.7, 2.8, 1.78, 2.43, 2.42, 2.35, 2.59, 2.48, 2.46, 2.59, 3.27, 3.75, 3.531, 2.88, 2.34, 2.55, 2.57, 2.44, 2.28, 2.2, 2.15, 2.4, 2.98, 2.68, 2.63, 3.0, 3.96, 4.74, 4.86, 5.16, 6.14, 5.48, 3.32, 3.759, 3.829, 2.31, 2.68, 3.45, 3.64, 3.47, 3.79, 4.35, 4.27, 5.28, 4.52, 3.23, 2.63, 2.63, 2.96, 3.01, 3.04, 3.27, 3.61, 3.56, 3.38], [3.38, 3.6, 3.4, 2.9, 2.69, 2.68, 2.86, 2.95, 2.82, 2.81, 1.42, 0, 0.91, 1.47, 2.1, 1.16, 1.52, 1.57, 1.81, 1.56, 2.61, 3.35, 3.2, 3.41, 4.23, 6.41, 6.91, 6.92, 6.14, 4.73, 4.54, 4.96, 4.02, 2.62, 2.39, 2.58, 2.85, 3.07, 3.16, 2.76, 2.75, 3.07, 3.39, 3.22, 2.76, 3.24, 3.67, 3.69, 3.58, 3.32, 2.84, 2.83, 2.8, 3.04, 2.54, 2.81, 2.94, 3.54, 4.36, 4.5, 4.8, 5.779, 5.119, 3.08, 3.388, 3.438, 2.89, 3.9, 4.75, 4.96, 4.75, 5.01, 5.55, 5.49, 6.54, 5.78, 4.45, 3.89, 3.93, 4.1, 3.69, 3.62, 3.77, 3.71, 3.76, 3.78], [3.71, 3.97, 3.81, 3.33, 3.1, 3.13, 3.33, 3.42, 3.31, 3.34, 1.95, 0.91, 0, 1.0, 1.47, 0.97, 1.47, 1.48, 1.54, 1.31, 3.14, 3.88, 3.75, 3.94, 4.74, 6.88, 7.42, 7.41, 6.67, 5.22, 5.05, 5.45, 4.47, 3.03, 2.36, 2.75, 3.08, 3.22, 3.37, 3.01, 2.96, 2.92, 2.94, 2.83, 2.81, 3.61, 4.08, 4.12, 4.03, 3.77, 3.19, 3.04, 2.97, 3.05, 2.65, 2.86, 2.57, 2.87, 3.65, 3.83, 4.11, 5.07, 4.41, 2.83, 2.83, 2.86, 3.22, 4.39, 5.28, 5.43, 5.22, 5.56, 6.08, 6.02, 6.99, 6.31, 4.94, 4.4, 4.34, 4.49, 3.94, 3.81, 3.94, 3.8, 3.83, 3.93], [4.09, 4.31, 4.11, 3.71, 3.44, 3.49, 3.73, 3.78, 3.77, 3.82, 2.43, 1.47, 1.0, 0, 0.97, 1.13, 1.59, 1.32, 1.16, 1.41, 3.48, 4.28, 4.05, 4.28, 5.18, 7.4, 7.9, 7.89, 7.13, 5.76, 5.53, 6.03, 5.01, 3.53, 2.9, 3.21, 3.62, 3.74, 3.89, 3.29, 3.28, 3.08, 2.96, 3.01, 3.09, 4.05, 4.54, 4.64, 4.61, 4.31, 3.71, 3.56, 3.45, 3.49, 3.05, 3.06, 2.67, 2.53, 3.41, 3.65, 3.85, 4.66, 4.003, 2.93, 2.79, 2.86, 3.6, 4.85, 5.82, 5.99, 5.82, 6.14, 6.64, 6.56, 7.57, 6.87, 5.44, 4.8, 4.7, 4.89, 4.36, 4.33, 4.46, 4.24, 4.23, 4.43], [4.2, 4.46, 4.32, 3.9, 3.73, 3.82, 4.0, 4.07, 4.0, 4.07, 2.74, 2.1, 1.47, 0.97, 0, 1.4, 2.2, 1.77, 1.55, 1.96, 3.97, 4.79, 4.58, 4.67, 5.59, 7.81, 8.23, 8.24, 7.54, 6.05, 5.86, 6.3, 5.26, 3.68, 2.87, 3.2, 3.67, 3.73, 3.9, 3.4, 3.31, 2.87, 2.53, 2.94, 3.16, 4.18, 4.77, 4.89, 4.86, 4.56, 3.88, 3.67, 3.56, 3.5, 3.2, 3.03, 2.48, 1.98, 2.88, 3.2, 3.36, 3.84, 3.26, 2.86, 2.72, 2.59, 3.77, 5.18, 6.09, 6.28, 6.11, 6.41, 6.91, 6.83, 7.88, 7.14, 5.71, 5.05, 4.85, 5.0, 4.35, 4.3, 4.43, 4.21, 4.18, 4.44], [3.52, 3.8, 3.66, 3.3, 2.95, 3.02, 3.14, 3.31, 3.2, 3.17, 1.88, 1.16, 0.97, 1.13, 1.4, 0, 1.14, 1.17, 1.45, 1.54, 2.83, 3.65, 3.4, 3.59, 4.49, 6.67, 7.17, 7.18, 6.48, 4.97, 4.78, 5.2, 4.3, 2.94, 2.47, 2.68, 2.97, 3.27, 3.48, 2.98, 2.97, 2.79, 2.81, 2.72, 2.64, 3.58, 4.07, 4.03, 3.92, 3.66, 3.08, 3.15, 3.12, 3.2, 2.74, 2.89, 2.6, 2.86, 3.66, 3.92, 4.12, 5.033, 4.373, 2.6, 2.76, 2.85, 3.25, 4.32, 5.05, 5.16, 4.97, 5.31, 5.87, 5.75, 6.74, 6.0, 4.73, 4.19, 4.15, 4.42, 3.85, 3.7, 3.65, 3.41, 3.44, 3.62], [3.68, 3.82, 3.62, 3.36, 2.91, 2.88, 2.96, 3.17, 3.06, 2.99, 1.94, 1.52, 1.47, 1.59, 2.2, 1.14, 0, 0.87, 1.17, 1.06, 2.21, 3.19, 2.98, 3.13, 4.01, 6.21, 6.69, 6.698, 6.02, 4.67, 4.48, 4.96, 4.2, 3.14, 3.09, 3.44, 3.41, 3.77, 3.86, 3.4, 3.37, 3.63, 3.75, 3.62, 3.48, 3.84, 4.13, 4.01, 3.76, 3.5, 3.16, 3.31, 3.58, 3.8, 3.16, 3.19, 2.98, 3.68, 4.52, 4.76, 4.94, 5.867, 5.207, 3.48, 3.56, 3.61, 3.37, 4.24, 4.85, 4.92, 4.75, 5.11, 5.73, 5.61, 6.42, 5.84, 4.65, 4.13, 4.19, 4.58, 4.29, 4.3, 4.23, 4.07, 4.14, 4.2], [3.61, 3.81, 3.63, 3.37, 2.9, 2.89, 3.03, 3.2, 3.05, 3.02, 2.01, 1.57, 1.48, 1.32, 1.77, 1.17, 0.87, 0, 0.88, 1.27, 2.6, 3.46, 3.35, 3.353, 4.273, 6.587, 6.984, 6.974, 6.42, 4.973, 4.79, 5.228, 4.43, 3.23, 2.98, 3.27, 3.38, 3.64, 3.75, 3.13, 3.12, 3.28, 3.42, 3.31, 3.25, 3.79, 4.16, 4.14, 4.01, 3.75, 3.33, 3.4, 3.53, 3.65, 3.01, 2.96, 2.69, 3.19, 4.09, 4.41, 4.59, 5.3, 4.66, 3.15, 3.19, 3.18, 3.32, 4.25, 4.96, 5.13, 4.92, 5.32, 5.88, 5.74, 6.65, 6.05, 4.76, 4.16, 4.18, 4.55, 4.12, 4.15, 4.18, 4.06, 4.21, 4.21], [3.99, 4.17, 3.95, 3.69, 3.3, 3.25, 3.45, 3.66, 3.55, 3.48, 2.31, 1.81, 1.54, 1.16, 1.55, 1.45, 1.17, 0.88, 0, 1.09, 3.12, 4.04, 3.87, 4.02, 4.92, 7.14, 7.64, 7.63, 6.95, 5.54, 5.35, 5.85, 5.03, 3.73, 3.38, 3.79, 3.86, 3.96, 4.01, 3.49, 3.38, 3.46, 3.4, 3.43, 3.55, 4.29, 4.68, 4.74, 4.61, 4.35, 3.87, 3.76, 3.83, 3.91, 3.39, 3.32, 2.85, 2.97, 3.89, 4.09, 4.27, 4.894, 4.27, 3.29, 3.23, 3.26, 3.64, 4.73, 5.54, 5.69, 5.48, 5.92, 6.48, 6.34, 7.25, 6.57, 5.28, 4.66, 4.64, 4.97, 4.5, 4.57, 4.68, 4.62, 4.69, 4.77], [3.94, 3.9, 3.72, 3.26, 2.95, 2.82, 2.88, 3.05, 2.98, 2.95, 1.86, 1.56, 1.31, 1.41, 1.96, 1.54, 1.06, 1.27, 1.09, 0, 2.51, 3.47, 3.32, 3.43, 4.31, 6.47, 6.97, 6.96, 6.26, 4.83, 4.68, 5.18, 4.34, 3.28, 3.35, 3.66, 3.75, 3.97, 3.96, 3.58, 3.55, 3.77, 3.77, 3.7, 3.62, 3.84, 4.13, 4.05, 3.94, 3.68, 3.46, 3.33, 3.52, 3.82, 3.26, 3.23, 2.98, 3.46, 4.3, 4.42, 4.68, 5.618, 4.958, 3.48, 3.62, 3.65, 3.35, 4.2, 4.93, 5.02, 4.87, 5.29, 5.87, 5.73, 6.62, 6.02, 4.75, 4.13, 4.15, 4.64, 4.57, 4.64, 4.71, 4.59, 4.64, 4.74], [3.51, 3.33, 3.11, 2.71, 2.82, 2.63, 2.55, 2.32, 2.09, 1.92, 1.75, 2.61, 3.14, 3.48, 3.97, 2.83, 2.21, 2.6, 3.12, 2.51, 0, 1.14, 1.19, 1.38, 2.06, 4.16, 4.64, 4.63, 4.03, 2.74, 2.65, 2.99, 2.49, 2.41, 3.76, 3.75, 3.44, 3.899, 3.81, 3.89, 4.099, 4.799, 5.259, 5.049, 4.363, 3.29, 3.18, 2.64, 2.37, 2.51, 2.97, 3.26, 3.75, 4.45, 4.08, 4.04, 4.47, 5.42, 6.24, 6.38, 6.689, 7.649, 6.989, 4.763, 5.225, 5.298, 3.545, 2.75, 3.1, 3.09, 2.98, 3.3, 3.88, 3.8, 4.53, 4.01, 3.14, 2.94, 3.18, 3.83, 4.22, 4.39, 4.38, 4.6, 4.31, 4.19], [3.45, 3.13, 2.91, 2.95, 3.291, 3.244, 3.01, 2.56, 2.25, 2.0, 2.41, 3.35, 3.88, 4.28, 4.79, 3.65, 3.19, 3.46, 4.04, 3.47, 1.14, 0, 0.69, 0.9, 1.28, 3.36, 3.76, 3.77, 3.37, 2.04, 1.97, 2.17, 1.85, 2.75, 4.32, 4.33, 3.94, 4.413, 4.183, 4.363, 4.613, 5.353, 5.853, 5.643, 4.918, 3.57, 3.0, 2.58, 2.51, 2.79, 3.49, 3.82, 4.33, 5.03, 4.67, 4.62, 5.05, 6.01, 6.83, 6.97, 7.283, 8.261, 7.601, 5.37, 5.846, 5.907, 3.879, 2.25, 2.32, 2.33, 2.22, 2.52, 3.08, 3.0, 3.77, 3.21, 2.66, 2.66, 3.08, 3.53, 4.36, 4.804, 4.796, 5.099, 4.809, 4.586], [3.26, 3.02, 2.84, 2.879, 3.212, 3.145, 2.94, 2.45, 2.14, 1.83, 2.26, 3.2, 3.75, 4.05, 4.58, 3.4, 2.98, 3.35, 3.87, 3.32, 1.19, 0.69, 0, 0.75, 1.27, 3.39, 3.85, 3.84, 3.34, 1.97, 1.84, 2.2, 1.94, 2.6, 4.21, 4.2, 3.83, 4.349, 4.079, 4.236, 4.486, 5.229, 5.729, 5.519, 4.796, 3.52, 2.97, 2.71, 2.52, 2.78, 3.44, 3.77, 4.2, 4.9, 4.54, 4.49, 4.94, 5.9, 6.7, 6.856, 7.159, 8.119, 7.459, 5.259, 5.722, 5.775, 3.775, 2.18, 2.33, 2.34, 2.25, 2.57, 3.19, 3.05, 3.8, 3.28, 2.61, 2.51, 3.05, 3.58, 4.29, 4.682, 4.692, 4.995, 4.82, 4.56], [3.05, 2.83, 2.65, 2.67, 3.002, 2.99, 2.77, 2.22, 1.89, 1.58, 2.31, 3.41, 3.94, 4.28, 4.67, 3.59, 3.13, 3.353, 4.02, 3.43, 1.38, 0.9, 0.75, 0, 1.22, 3.5, 3.64, 3.69, 3.35, 1.8, 1.79, 1.99, 1.97, 2.45, 4.0, 3.99, 3.613, 4.14, 3.866, 4.043, 4.293, 5.033, 5.533, 5.326, 4.6, 3.35, 2.76, 2.44, 2.33, 2.53, 3.19, 3.5, 3.99, 4.69, 4.341, 4.3, 4.743, 5.683, 6.49, 6.643, 6.946, 7.926, 7.266, 5.049, 5.549, 5.582, 3.582, 2.05, 2.16, 2.09, 2.12, 2.5, 3.08, 2.92, 3.59, 3.25, 2.52, 2.4, 2.88, 3.33, 4.16, 4.529, 4.519, 4.9, 4.69, 4.39], [3.987, 3.644, 3.438, 3.698, 4.148, 4.061, 3.821, 3.251, 2.921, 2.571, 3.23, 4.23, 4.74, 5.18, 5.59, 4.49, 4.01, 4.273, 4.92, 4.31, 2.06, 1.28, 1.27, 1.22, 0, 2.4, 2.74, 2.73, 2.23, 1.22, 1.27, 1.31, 1.93, 3.47, 5.06, 5.05, 4.685, 5.148, 4.938, 5.118, 5.368, 6.108, 6.608, 6.398, 5.675, 4.33, 3.46, 3.24, 3.15, 3.49, 4.21, 4.54, 5.05, 5.75, 5.41, 5.36, 5.81, 6.755, 7.55, 7.715, 8.018, 8.998, 8.338, 6.195, 6.621, 6.659, 4.654, 2.43, 1.76, 1.55, 1.6, 1.94, 2.44, 2.32, 2.93, 2.63, 2.44, 3.088, 3.74, 4.05, 5.188, 5.567, 5.54, 5.854, 5.604, 5.33], [6.184, 5.841, 5.624, 5.904, 6.351, 6.267, 6.027, 5.437, 5.087, 4.757, 5.41, 6.41, 6.88, 7.4, 7.81, 6.67, 6.21, 6.587, 7.14, 6.47, 4.16, 3.36, 3.39, 3.5, 2.4, 0, 0.76, 0.79, 1.31, 2.08, 2.15, 2.09, 3.69, 5.61, 7.24, 7.25, 6.868, 7.331, 7.121, 7.301, 7.551, 8.291, 8.791, 8.581, 7.858, 6.498, 5.608, 5.36, 5.31, 5.67, 6.39, 6.7, 7.21, 7.91, 7.59, 7.54, 7.978, 8.938, 9.73, 9.898, 10.201, 11.204, 10.544, 8.401, 8.795, 8.848, 6.828, 4.447, 2.88, 2.47, 2.894, 3.074, 2.64, 1.98, 1.73, 2.55, 4.308, 5.291, 5.854, 6.181, 7.391, 7.767, 7.717, 8.011, 7.701, 7.424], [6.321, 5.978, 5.778, 6.058, 6.488, 6.401, 6.161, 5.571, 5.221, 4.935, 5.85, 6.91, 7.42, 7.9, 8.23, 7.17, 6.69, 6.984, 7.64, 6.97, 4.64, 3.76, 3.85, 3.64, 2.74, 0.76, 0, 0.61, 1.35, 2.28, 2.43, 2.19, 3.87, 5.83, 7.4, 7.39, 7.025, 7.488, 7.278, 7.458, 7.708, 8.448, 8.948, 8.738, 8.015, 6.655, 5.765, 5.505, 5.47, 5.81, 6.55, 6.86, 7.37, 8.07, 7.75, 7.7, 8.135, 9.095, 9.89, 10.055, 10.358, 11.338, 10.678, 8.535, 8.961, 8.999, 6.994, 4.604, 2.992, 2.599, 3.051, 3.208, 2.731, 2.08, 1.41, 2.57, 4.465, 5.428, 5.988, 6.318, 7.528, 7.91, 7.883, 8.182, 7.873, 7.57], [6.428, 6.086, 5.868, 6.148, 6.598, 6.511, 6.271, 5.681, 5.331, 5.021, 5.86, 6.92, 7.41, 7.89, 8.24, 7.18, 6.698, 6.974, 7.63, 6.96, 4.63, 3.77, 3.84, 3.69, 2.73, 0.79, 0.61, 0, 1.24, 2.33, 2.46, 2.32, 3.94, 5.92, 7.51, 7.5, 7.135, 7.598, 7.388, 7.568, 7.818, 8.558, 9.058, 8.848, 8.125, 6.765, 5.875, 5.615, 5.58, 5.92, 6.66, 6.97, 7.48, 8.18, 7.86, 7.81, 8.245, 9.205, 10.0, 10.165, 10.468, 11.448, 10.788, 8.645, 9.071, 9.109, 7.089, 4.714, 3.099, 2.709, 3.181, 3.318, 2.841, 2.17, 1.62, 2.72, 4.575, 5.538, 6.098, 6.428, 7.638, 8.017, 7.99, 8.292, 7.98, 7.677], [5.985, 5.642, 5.433, 5.728, 6.163, 6.091, 5.851, 5.261, 4.911, 4.621, 5.14, 6.14, 6.67, 7.13, 7.54, 6.48, 6.02, 6.42, 6.95, 6.26, 4.03, 3.37, 3.34, 3.35, 2.23, 1.31, 1.35, 1.24, 0, 1.79, 1.86, 1.88, 3.5, 5.46, 7.09, 7.08, 6.715, 7.178, 6.968, 7.148, 7.398, 8.138, 8.638, 8.428, 7.705, 6.345, 5.455, 5.21, 5.16, 5.5, 6.24, 6.55, 7.06, 7.76, 7.44, 7.39, 7.825, 8.785, 9.58, 9.745, 10.048, 11.028, 10.368, 8.225, 8.621, 8.689, 6.669, 4.294, 2.75, 2.36, 2.821, 2.938, 2.63, 2.19, 2.06, 2.68, 4.14, 5.103, 5.678, 5.993, 7.194, 7.57, 7.552, 7.884, 7.582, 7.279], [4.287, 3.924, 3.75, 3.978, 4.408, 4.321, 4.101, 3.491, 3.141, 2.88, 3.61, 4.73, 5.22, 5.76, 6.05, 4.97, 4.67, 4.973, 5.54, 4.83, 2.74, 2.04, 1.97, 1.8, 1.22, 2.08, 2.28, 2.33, 1.79, 0, 0.93, 0.85, 1.89, 3.75, 5.38, 5.35, 4.999, 5.442, 5.232, 5.412, 5.662, 6.402, 6.902, 6.692, 5.969, 4.609, 3.74, 3.5, 3.59, 3.91, 4.55, 4.82, 5.33, 6.03, 5.706, 5.656, 6.089, 7.049, 7.85, 8.009, 8.312, 9.292, 8.632, 6.455, 6.9, 6.953, 4.933, 2.63, 1.42, 1.27, 1.52, 1.82, 2.0, 1.8, 2.19, 2.45, 2.82, 3.4, 3.968, 4.35, 5.439, 5.835, 5.905, 6.28, 5.99, 5.65], [4.214, 3.911, 3.72, 3.965, 4.36, 4.288, 4.048, 3.458, 3.128, 2.778, 3.52, 4.54, 5.05, 5.53, 5.86, 4.78, 4.48, 4.79, 5.35, 4.68, 2.65, 1.97, 1.84, 1.79, 1.27, 2.15, 2.43, 2.46, 1.86, 0.93, 0, 0.92, 2.12, 3.78, 5.37, 5.3, 4.99, 5.45, 5.185, 5.365, 5.615, 6.355, 6.855, 6.645, 5.922, 4.62, 3.81, 3.67, 3.64, 3.96, 4.62, 4.83, 5.28, 5.98, 5.66, 5.609, 6.042, 7.02, 7.8, 7.962, 8.265, 9.245, 8.585, 6.422, 6.85, 6.903, 4.883, 2.66, 1.49, 1.28, 1.61, 1.83, 1.95, 1.83, 2.24, 2.3, 2.65, 3.37, 4.05, 4.34, 5.415, 5.808, 5.89, 6.27, 6.02, 5.74], [4.168, 3.826, 3.64, 3.908, 4.338, 4.251, 4.011, 3.421, 3.14, 2.89, 3.7, 4.96, 5.45, 6.03, 6.3, 5.2, 4.96, 5.228, 5.85, 5.18, 2.99, 2.17, 2.2, 1.99, 1.31, 2.09, 2.19, 2.32, 1.88, 0.85, 0.92, 0, 1.74, 3.74, 5.29, 5.26, 4.91, 5.355, 5.145, 5.325, 5.575, 6.315, 6.815, 6.605, 5.882, 4.54, 3.65, 3.49, 3.44, 3.8, 4.46, 4.75, 5.24, 5.94, 5.62, 5.569, 6.002, 6.98, 7.76, 7.922, 8.225, 9.205, 8.545, 6.385, 6.828, 6.866, 4.861, 2.551, 1.15, 1.12, 1.29, 1.47, 1.57, 1.49, 1.98, 1.96, 2.47, 3.278, 3.898, 4.22, 5.378, 5.771, 5.798, 6.101, 5.84, 5.5], [2.84, 2.4, 2.18, 2.38, 2.73, 2.68, 2.42, 1.99, 1.94, 2.07, 2.8, 4.02, 4.47, 5.01, 5.26, 4.3, 4.2, 4.43, 5.03, 4.34, 2.49, 1.85, 1.94, 1.97, 1.93, 3.69, 3.87, 3.94, 3.5, 1.89, 2.12, 1.74, 0, 2.08, 3.69, 3.66, 3.29, 3.695, 3.485, 3.665, 3.915, 4.655, 5.155, 4.945, 4.222, 2.9, 2.11, 1.91, 1.92, 2.3, 2.86, 3.17, 3.64, 4.34, 3.98, 3.91, 4.36, 5.34, 6.12, 6.28, 6.6, 7.56, 6.9, 4.737, 5.168, 5.218, 3.201, 1.5, 1.57, 1.72, 1.53, 1.53, 1.93, 2.25, 3.16, 2.06, 1.63, 1.93, 2.25, 2.68, 3.77, 4.143, 4.17, 4.501, 4.22, 3.86], [1.6, 1.48, 1.42, 1.24, 1.53, 1.72, 1.72, 1.51, 1.78, 2.01, 1.78, 2.62, 3.03, 3.53, 3.68, 2.94, 3.14, 3.23, 3.73, 3.28, 2.41, 2.75, 2.6, 2.45, 3.47, 5.61, 5.83, 5.92, 5.46, 3.75, 3.78, 3.74, 2.08, 0, 1.79, 1.72, 1.37, 1.87, 1.68, 1.88, 2.07, 2.73, 3.21, 2.991, 2.3, 1.38, 1.67, 1.51, 1.34, 1.52, 1.14, 1.33, 1.64, 2.34, 2.06, 2.03, 2.4, 3.42, 4.14, 4.3, 4.62, 5.6, 4.94, 2.8, 3.234, 3.264, 1.61, 2.0, 3.27, 3.54, 3.27, 3.13, 3.63, 4.09, 5.08, 3.88, 2.25, 1.71, 1.71, 1.86, 2.29, 2.4, 2.35, 2.69, 2.48, 2.34], [2.07, 2.41, 2.53, 2.01, 1.9, 2.19, 2.39, 2.54, 2.75, 3.1, 2.43, 2.39, 2.36, 2.9, 2.87, 2.47, 3.09, 2.98, 3.38, 3.35, 3.76, 4.32, 4.21, 4.0, 5.06, 7.24, 7.4, 7.51, 7.09, 5.38, 5.37, 5.29, 3.69, 1.79, 0, 0.79, 1.12, 1.28, 1.63, 1.53, 1.64, 1.56, 1.78, 1.57, 1.27, 1.93, 2.62, 2.74, 2.73, 2.41, 1.65, 1.52, 1.35, 1.41, 1.63, 1.82, 1.97, 2.39, 2.57, 2.67, 2.99, 3.987, 3.347, 1.55, 1.75, 1.84, 1.78, 3.37, 4.66, 5.01, 4.68, 4.62, 5.08, 5.54, 6.57, 5.37, 3.58, 3.0, 2.72, 2.69, 2.02, 1.73, 1.76, 1.62, 1.69, 1.73], [1.84, 2.14, 2.28, 1.84, 1.63, 1.92, 2.18, 2.31, 2.54, 2.89, 2.42, 2.58, 2.75, 3.21, 3.2, 2.68, 3.44, 3.27, 3.79, 3.66, 3.75, 4.33, 4.2, 3.99, 5.05, 7.25, 7.39, 7.5, 7.08, 5.35, 5.3, 5.26, 3.66, 1.72, 0.79, 0, 0.79, 1.03, 1.3, 1.38, 1.47, 1.59, 1.83, 1.58, 1.22, 1.56, 2.21, 2.47, 2.5, 2.2, 1.58, 1.55, 1.24, 1.46, 1.62, 1.83, 2.12, 2.5, 2.64, 2.7, 3.02, 3.977, 3.317, 1.54, 1.78, 1.89, 1.53, 3.1, 4.61, 4.96, 4.51, 4.43, 4.87, 5.49, 6.5, 5.12, 3.33, 2.57, 2.21, 2.18, 1.55, 1.26, 1.41, 1.51, 1.54, 1.38], [1.51, 1.75, 1.93, 1.51, 1.32, 1.69, 1.79, 1.98, 2.31, 2.6, 2.35, 2.85, 3.08, 3.62, 3.67, 2.97, 3.41, 3.38, 3.86, 3.75, 3.44, 3.94, 3.83, 3.613, 4.685, 6.868, 7.025, 7.135, 6.715, 4.999, 4.99, 4.91, 3.29, 1.37, 1.12, 0.79, 0, 0.74, 0.95, 1.17, 1.3, 1.74, 2.06, 1.83, 1.29, 1.13, 1.74, 1.84, 1.85, 1.59, 1.15, 1.22, 1.05, 1.47, 1.51, 1.7, 1.97, 2.79, 3.03, 3.07, 3.47, 4.47, 3.81, 1.79, 2.05, 2.14, 1.34, 2.73, 4.24, 4.55, 4.04, 3.94, 4.34, 5.06, 6.07, 4.65, 2.78, 2.1, 1.84, 1.85, 1.44, 1.31, 1.34, 1.56, 1.59, 1.47], [1.73, 1.91, 2.15, 1.77, 1.62, 1.89, 2.09, 2.44, 2.63, 2.96, 2.59, 3.07, 3.22, 3.74, 3.73, 3.27, 3.77, 3.64, 3.96, 3.97, 3.899, 4.413, 4.349, 4.14, 5.148, 7.331, 7.488, 7.598, 7.178, 5.442, 5.45, 5.355, 3.695, 1.87, 1.28, 1.03, 0.74, 0, 0.89, 1.11, 1.12, 1.38, 1.82, 1.51, 1.03, 1.21, 1.88, 2.04, 2.05, 1.85, 1.27, 1.16, 0.93, 1.13, 1.27, 1.5, 1.87, 2.87, 2.81, 2.93, 3.27, 4.11, 3.41, 1.57, 1.85, 1.86, 1.32, 3.09, 4.591, 4.99, 4.44, 4.3, 4.78, 5.46, 6.481, 5.03, 3.14, 2.32, 1.98, 1.81, 1.42, 1.23, 1.38, 1.64, 1.65, 1.53], [1.6, 1.64, 1.88, 1.48, 1.49, 1.84, 1.92, 2.11, 2.38, 2.65, 2.48, 3.16, 3.37, 3.89, 3.9, 3.48, 3.86, 3.75, 4.01, 3.96, 3.81, 4.183, 4.079, 3.866, 4.938, 7.121, 7.278, 7.388, 6.968, 5.232, 5.185, 5.145, 3.485, 1.68, 1.63, 1.3, 0.95, 0.89, 0, 0.88, 1.01, 1.53, 1.99, 1.74, 1.24, 1.06, 1.63, 1.91, 1.98, 1.92, 1.56, 1.43, 1.04, 1.42, 1.44, 1.51, 1.9, 2.96, 3.02, 3.16, 3.44, 4.26, 3.58, 1.72, 1.9, 1.85, 0.93, 2.74, 4.381, 4.773, 4.23, 4.09, 4.57, 5.25, 6.251, 4.8, 2.89, 2.01, 1.59, 1.52, 1.35, 1.4, 1.57, 1.91, 1.98, 1.84], [1.84, 2.02, 1.98, 1.66, 1.33, 1.7, 1.94, 2.25, 2.54, 2.79, 2.46, 2.76, 3.01, 3.29, 3.4, 2.98, 3.4, 3.13, 3.49, 3.58, 3.89, 4.363, 4.236, 4.043, 5.118, 7.301, 7.458, 7.568, 7.148, 5.412, 5.365, 5.325, 3.665, 1.88, 1.53, 1.38, 1.17, 1.11, 0.88, 0, 0.59, 1.07, 1.69, 1.42, 0.94, 1.16, 1.87, 2.05, 2.1, 1.9, 1.44, 1.39, 1.18, 1.36, 1.12, 1.19, 1.66, 2.44, 2.74, 2.92, 3.2, 4.06, 3.38, 1.44, 1.68, 1.69, 1.09, 2.94, 4.561, 4.953, 4.41, 4.27, 4.75, 5.43, 6.431, 4.98, 3.03, 2.19, 1.95, 2.1, 1.65, 1.8, 1.93, 1.93, 2.1, 2.0], [2.01, 2.19, 2.25, 1.93, 1.52, 1.75, 2.01, 2.42, 2.69, 3.03, 2.59, 2.75, 2.96, 3.28, 3.31, 2.97, 3.37, 3.12, 3.38, 3.55, 4.099, 4.613, 4.486, 4.293, 5.368, 7.551, 7.708, 7.818, 7.398, 5.662, 5.615, 5.575, 3.915, 2.07, 1.64, 1.47, 1.3, 1.12, 1.01, 0.59, 0, 0.94, 1.5, 1.27, 1.05, 1.29, 2.08, 2.26, 2.33, 1.99, 1.51, 1.38, 1.09, 1.29, 0.97, 0.92, 1.29, 2.33, 2.59, 2.81, 3.03, 3.87, 3.21, 1.41, 1.57, 1.58, 1.18, 3.21, 4.811, 5.203, 4.66, 4.52, 5.0, 5.68, 6.681, 5.23, 3.28, 2.46, 2.22, 2.27, 1.86, 1.93, 2.06, 2.12, 2.31, 2.23], [2.65, 2.83, 2.97, 2.59, 2.2, 2.37, 2.65, 3.14, 3.423, 3.75, 3.27, 3.07, 2.92, 3.08, 2.87, 2.79, 3.63, 3.28, 3.46, 3.77, 4.799, 5.353, 5.229, 5.033, 6.108, 8.291, 8.448, 8.558, 8.138, 6.402, 6.355, 6.315, 4.655, 2.73, 1.56, 1.59, 1.74, 1.38, 1.53, 1.07, 0.94, 0, 0.76, 0.89, 0.91, 1.93, 2.74, 2.98, 3.07, 2.67, 2.03, 1.74, 1.31, 1.31, 1.19, 1.18, 1.25, 1.81, 1.99, 2.33, 2.47, 3.13, 2.47, 0.99, 1.13, 1.0, 1.66, 3.93, 5.551, 5.943, 5.4, 5.26, 5.74, 6.42, 7.441, 5.955, 4.04, 3.16, 2.76, 2.79, 2.16, 2.09, 2.18, 1.98, 2.11, 2.35], [3.07, 3.33, 3.49, 3.07, 2.7, 2.93, 3.17, 3.644, 3.923, 4.27, 3.75, 3.39, 2.94, 2.96, 2.53, 2.81, 3.75, 3.42, 3.4, 3.77, 5.259, 5.853, 5.729, 5.533, 6.608, 8.791, 8.948, 9.058, 8.638, 6.902, 6.855, 6.815, 5.155, 3.21, 1.78, 1.83, 2.06, 1.82, 1.99, 1.69, 1.5, 0.76, 0, 0.83, 1.19, 2.45, 3.22, 3.56, 3.67, 3.31, 2.57, 2.28, 1.87, 1.69, 1.71, 1.7, 1.41, 1.47, 1.55, 1.85, 1.95, 2.63, 1.97, 0.99, 0.77, 0.76, 2.16, 4.43, 6.06, 6.443, 5.9, 5.78, 6.24, 6.92, 7.95, 6.49, 4.54, 3.64, 3.2, 3.23, 2.52, 2.31, 2.42, 2.14, 2.15, 2.51], [2.76, 3.08, 3.22, 2.78, 2.45, 2.62, 2.88, 3.394, 3.693, 4.04, 3.531, 3.22, 2.83, 3.01, 2.94, 2.72, 3.62, 3.31, 3.43, 3.7, 5.049, 5.643, 5.519, 5.326, 6.398, 8.581, 8.738, 8.848, 8.428, 6.692, 6.645, 6.605, 4.945, 2.991, 1.57, 1.58, 1.83, 1.51, 1.74, 1.42, 1.27, 0.89, 0.83, 0, 0.84, 2.12, 2.99, 3.29, 3.4, 3.02, 2.28, 2.01, 1.54, 1.3, 1.38, 1.47, 1.56, 1.94, 1.72, 1.88, 2.1, 2.88, 2.2, 0.92, 0.82, 0.85, 1.87, 4.16, 5.87, 6.233, 5.69, 5.55, 6.03, 6.73, 7.76, 6.3, 4.35, 3.43, 3.09, 3.0, 2.23, 1.9, 2.07, 1.81, 1.86, 2.22], [2.24, 2.54, 2.62, 2.22, 1.81, 2.0, 2.24, 2.694, 3.0, 3.39, 2.88, 2.76, 2.81, 3.09, 3.16, 2.64, 3.48, 3.25, 3.55, 3.62, 4.363, 4.918, 4.796, 4.6, 5.675, 7.858, 8.015, 8.125, 7.705, 5.969, 5.922, 5.882, 4.222, 2.3, 1.27, 1.22, 1.29, 1.03, 1.24, 0.94, 1.05, 0.91, 1.19, 0.84, 0, 1.46, 2.29, 2.53, 2.58, 2.26, 1.58, 1.43, 1.0, 1.0, 1.0, 1.31, 1.68, 2.14, 2.26, 2.42, 2.78, 3.62, 2.94, 1.02, 1.24, 1.33, 1.35, 3.46, 5.13, 5.52, 4.99, 4.83, 5.31, 5.99, 7.0, 5.58, 3.65, 2.79, 2.53, 2.46, 1.85, 1.64, 1.69, 1.53, 1.64, 1.8], [1.54, 1.48, 1.64, 1.28, 1.31, 1.58, 1.7, 1.85, 2.14, 2.37, 2.34, 3.24, 3.61, 4.05, 4.18, 3.58, 3.84, 3.79, 4.29, 3.84, 3.29, 3.57, 3.52, 3.35, 4.33, 6.498, 6.655, 6.765, 6.345, 4.609, 4.62, 4.54, 2.9, 1.38, 1.93, 1.56, 1.13, 1.21, 1.06, 1.16, 1.29, 1.93, 2.45, 2.12, 1.46, 0, 1.11, 1.29, 1.46, 1.32, 0.96, 1.05, 1.2, 1.62, 1.58, 1.55, 2.18, 3.22, 3.52, 3.68, 4.06, 4.96, 4.3, 2.16, 2.52, 2.59, 1.11, 2.3, 3.81, 4.2, 3.69, 3.49, 3.99, 4.71, 5.72, 4.3, 2.39, 1.57, 1.29, 1.4, 1.57, 1.82, 1.87, 2.15, 2.02, 1.84], [1.71, 1.39, 1.17, 1.33, 1.52, 1.79, 1.75, 1.62, 1.89, 2.08, 2.55, 3.67, 4.08, 4.54, 4.77, 4.07, 4.13, 4.16, 4.68, 4.13, 3.18, 3.0, 2.97, 2.76, 3.46, 5.608, 5.765, 5.875, 5.455, 3.74, 3.81, 3.65, 2.11, 1.67, 2.62, 2.21, 1.74, 1.88, 1.63, 1.87, 2.08, 2.74, 3.22, 2.99, 2.29, 1.11, 0, 0.82, 1.29, 1.33, 1.55, 1.6, 1.91, 2.47, 2.27, 2.24, 2.73, 3.87, 4.35, 4.43, 4.81, 5.81, 5.15, 3.03, 3.35, 3.4, 1.68, 1.87, 2.96, 3.33, 2.86, 2.68, 3.14, 3.86, 4.87, 3.45, 1.64, 0.88, 0.96, 1.33, 2.06, 2.47, 2.56, 2.96, 2.85, 2.55], [2.13, 1.77, 1.65, 1.55, 1.64, 1.67, 1.57, 1.48, 1.65, 1.96, 2.57, 3.69, 4.12, 4.64, 4.89, 4.03, 4.01, 4.14, 4.74, 4.05, 2.64, 2.58, 2.71, 2.44, 3.24, 5.36, 5.505, 5.615, 5.21, 3.5, 3.67, 3.49, 1.91, 1.51, 2.74, 2.47, 1.84, 2.04, 1.91, 2.05, 2.26, 2.98, 3.56, 3.29, 2.53, 1.29, 0.82, 0, 0.71, 0.87, 1.37, 1.46, 1.93, 2.61, 2.29, 2.28, 2.83, 4.01, 4.59, 4.69, 5.09, 6.03, 5.37, 3.21, 3.63, 3.68, 1.84, 1.81, 2.9, 3.23, 2.78, 2.5, 3.02, 3.76, 4.73, 3.33, 1.64, 1.06, 1.3, 1.63, 2.44, 2.65, 2.64, 3.04, 2.93, 2.63], [2.26, 1.94, 1.86, 1.7, 1.69, 1.56, 1.5, 1.53, 1.74, 2.01, 2.44, 3.58, 4.03, 4.61, 4.86, 3.92, 3.76, 4.01, 4.61, 3.94, 2.37, 2.51, 2.52, 2.33, 3.15, 5.31, 5.47, 5.58, 5.16, 3.59, 3.64, 3.44, 1.92, 1.34, 2.73, 2.5, 1.85, 2.05, 1.98, 2.1, 2.33, 3.07, 3.67, 3.4, 2.58, 1.46, 1.29, 0.71, 0, 0.68, 1.24, 1.51, 1.96, 2.62, 2.28, 2.27, 2.84, 4.06, 4.66, 4.8, 5.2, 6.12, 5.42, 3.26, 3.72, 3.73, 1.89, 1.84, 3.05, 3.36, 2.89, 2.57, 3.11, 3.87, 4.78, 3.4, 1.75, 1.31, 1.63, 1.92, 2.61, 2.72, 2.67, 2.91, 2.82, 2.6], [2.22, 2.14, 2.0, 1.66, 1.45, 1.52, 1.4, 1.61, 1.78, 2.05, 2.28, 3.32, 3.77, 4.31, 4.56, 3.66, 3.5, 3.75, 4.35, 3.68, 2.51, 2.79, 2.78, 2.53, 3.49, 5.67, 5.81, 5.92, 5.5, 3.91, 3.96, 3.8, 2.3, 1.52, 2.41, 2.2, 1.59, 1.85, 1.92, 1.9, 1.99, 2.67, 3.31, 3.02, 2.26, 1.32, 1.33, 0.87, 0.68, 0, 0.94, 1.19, 1.62, 2.28, 1.96, 1.91, 2.48, 3.74, 4.34, 4.48, 4.9, 5.8, 5.14, 2.98, 3.42, 3.47, 1.77, 2.04, 3.41, 3.72, 3.25, 2.93, 3.47, 4.23, 5.14, 3.76, 2.05, 1.51, 1.81, 2.26, 2.59, 2.5, 2.45, 2.71, 2.66, 2.46], [1.88, 1.94, 1.88, 1.56, 1.31, 1.54, 1.68, 1.99, 2.24, 2.55, 2.2, 2.84, 3.19, 3.71, 3.88, 3.08, 3.16, 3.33, 3.87, 3.46, 2.97, 3.49, 3.44, 3.19, 4.21, 6.39, 6.55, 6.66, 6.24, 4.55, 4.62, 4.46, 2.86, 1.14, 1.65, 1.58, 1.15, 1.27, 1.56, 1.44, 1.51, 2.03, 2.57, 2.28, 1.58, 0.96, 1.55, 1.37, 1.24, 0.94, 0, 0.57, 1.08, 1.6, 1.36, 1.37, 1.84, 3.06, 3.62, 3.74, 4.16, 5.1, 4.44, 2.28, 2.7, 2.73, 1.53, 2.58, 3.99, 4.3, 3.83, 3.53, 4.07, 4.81, 5.76, 4.38, 2.59, 1.97, 1.87, 2.1, 2.17, 2.12, 1.97, 2.11, 1.96, 1.9], [2.05, 2.01, 1.97, 1.59, 1.5, 1.67, 1.81, 2.02, 2.25, 2.58, 2.15, 2.83, 3.04, 3.56, 3.67, 3.15, 3.31, 3.4, 3.76, 3.33, 3.26, 3.82, 3.77, 3.5, 4.54, 6.7, 6.86, 6.97, 6.55, 4.82, 4.83, 4.75, 3.17, 1.33, 1.52, 1.55, 1.22, 1.16, 1.43, 1.39, 1.38, 1.74, 2.28, 2.01, 1.43, 1.05, 1.6, 1.46, 1.51, 1.19, 0.57, 0, 0.73, 1.29, 1.21, 1.2, 1.65, 2.79, 3.33, 3.45, 3.87, 4.81, 4.15, 2.03, 2.41, 2.46, 1.36, 2.73, 4.18, 4.53, 4.06, 3.8, 4.32, 5.06, 6.03, 4.65, 2.76, 2.08, 1.94, 2.03, 2.22, 2.05, 2.12, 2.22, 2.13, 2.19], [2.04, 2.06, 2.26, 1.82, 1.59, 1.72, 1.94, 2.17, 2.5, 2.91, 2.4, 2.8, 2.97, 3.45, 3.56, 3.12, 3.58, 3.53, 3.83, 3.52, 3.75, 4.33, 4.2, 3.99, 5.05, 7.21, 7.37, 7.48, 7.06, 5.33, 5.28, 5.24, 3.64, 1.64, 1.35, 1.24, 1.05, 0.93, 1.04, 1.18, 1.09, 1.31, 1.87, 1.54, 1.0, 1.2, 1.91, 1.93, 1.96, 1.62, 1.08, 0.73, 0, 0.8, 0.9, 1.05, 1.5, 2.56, 2.84, 2.98, 3.4, 4.28, 3.62, 1.7, 1.94, 1.99, 1.19, 2.96, 4.59, 4.96, 4.47, 4.27, 4.77, 5.49, 6.48, 5.08, 3.17, 2.39, 2.09, 2.0, 1.85, 1.72, 1.91, 1.97, 2.04, 2.12], [2.44, 2.68, 2.76, 2.4, 2.05, 2.2, 2.46, 2.83, 3.14, 3.53, 2.98, 3.04, 3.05, 3.49, 3.5, 3.2, 3.8, 3.65, 3.91, 3.82, 4.45, 5.03, 4.9, 4.69, 5.75, 7.91, 8.07, 8.18, 7.76, 6.03, 5.98, 5.94, 4.34, 2.34, 1.41, 1.46, 1.47, 1.13, 1.42, 1.36, 1.29, 1.31, 1.69, 1.3, 1.0, 1.62, 2.47, 2.61, 2.62, 2.28, 1.6, 1.29, 0.8, 0, 0.86, 1.25, 1.6, 2.46, 2.48, 2.66, 3.06, 3.76, 3.02, 1.54, 1.78, 1.79, 1.65, 3.58, 5.29, 5.64, 5.15, 4.97, 5.47, 6.19, 7.18, 5.76, 3.85, 3.03, 2.81, 2.58, 2.03, 1.84, 2.05, 1.91, 2.12, 2.28], [2.42, 2.56, 2.46, 2.2, 1.75, 1.78, 2.0, 2.49, 2.8, 3.15, 2.68, 2.54, 2.65, 3.05, 3.2, 2.74, 3.16, 3.01, 3.39, 3.26, 4.08, 4.67, 4.54, 4.341, 5.41, 7.59, 7.75, 7.86, 7.44, 5.706, 5.66, 5.62, 3.98, 2.06, 1.63, 1.62, 1.51, 1.27, 1.44, 1.12, 0.97, 1.19, 1.71, 1.38, 1.0, 1.58, 2.27, 2.29, 2.28, 1.96, 1.36, 1.21, 0.9, 0.86, 0, 0.89, 1.2, 2.18, 2.64, 2.8, 3.2, 4.04, 3.32, 1.52, 1.76, 1.81, 1.39, 3.26, 4.89, 5.26, 4.75, 4.59, 5.07, 5.79, 6.78, 5.36, 3.49, 2.79, 2.63, 2.58, 2.23, 2.12, 2.29, 2.23, 2.44, 2.48], [2.53, 2.47, 2.49, 2.13, 1.76, 1.79, 2.03, 2.42, 2.73, 3.12, 2.63, 2.81, 2.86, 3.06, 3.03, 2.89, 3.19, 2.96, 3.32, 3.23, 4.04, 4.62, 4.49, 4.3, 5.36, 7.54, 7.7, 7.81, 7.39, 5.656, 5.609, 5.569, 3.91, 2.03, 1.82, 1.83, 1.7, 1.5, 1.51, 1.19, 0.92, 1.18, 1.7, 1.47, 1.31, 1.55, 2.24, 2.28, 2.27, 1.91, 1.37, 1.2, 1.05, 1.25, 0.89, 0, 0.91, 2.07, 2.61, 3.07, 3.23, 3.93, 3.25, 1.69, 1.79, 1.7, 1.3, 3.27, 4.88, 5.23, 4.74, 4.56, 5.06, 5.76, 6.75, 5.33, 3.44, 2.72, 2.5, 2.49, 2.48, 2.37, 2.54, 2.5, 2.73, 2.77], [2.78, 2.92, 2.86, 2.54, 2.13, 2.22, 2.44, 2.89, 3.16, 3.49, 3.0, 2.94, 2.57, 2.67, 2.48, 2.6, 2.98, 2.69, 2.85, 2.98, 4.47, 5.05, 4.94, 4.743, 5.81, 7.978, 8.135, 8.245, 7.825, 6.089, 6.042, 6.002, 4.36, 2.4, 1.97, 2.12, 1.97, 1.87, 1.9, 1.66, 1.29, 1.25, 1.41, 1.56, 1.68, 2.18, 2.73, 2.83, 2.84, 2.48, 1.84, 1.65, 1.5, 1.6, 1.2, 0.91, 0, 1.54, 2.3, 2.72, 2.86, 3.48, 2.84, 1.84, 1.56, 1.45, 1.85, 3.72, 5.29, 5.64, 5.15, 4.99, 5.47, 6.17, 7.18, 5.72, 3.87, 3.21, 3.07, 3.16, 2.85, 2.8, 2.93, 2.85, 3.04, 3.14], [3.6, 3.86, 3.8, 3.52, 3.09, 3.18, 3.44, 3.83, 4.12, 4.49, 3.96, 3.54, 2.87, 2.53, 1.98, 2.86, 3.68, 3.19, 2.97, 3.46, 5.42, 6.01, 5.9, 5.683, 6.755, 8.938, 9.095, 9.205, 8.785, 7.049, 7.02, 6.98, 5.34, 3.42, 2.39, 2.5, 2.79, 2.87, 2.96, 2.44, 2.33, 1.81, 1.47, 1.94, 2.14, 3.22, 3.87, 4.01, 4.06, 3.74, 3.06, 2.79, 2.56, 2.46, 2.18, 2.07, 1.54, 0, 1.3, 1.6, 1.72, 2.34, 1.76, 2.08, 1.68, 1.55, 2.87, 4.58, 6.23, 6.6, 6.09, 6.01, 6.41, 7.13, 8.14, 6.7, 4.91, 4.27, 4.09, 4.16, 3.57, 3.46, 3.53, 3.21, 3.22, 3.52], [3.94, 4.24, 4.46, 4.08, 3.67, 3.84, 4.1, 4.61, 4.9, 5.25, 4.74, 4.36, 3.65, 3.41, 2.88, 3.66, 4.52, 4.09, 3.89, 4.3, 6.24, 6.83, 6.7, 6.49, 7.55, 9.73, 9.89, 10.0, 9.58, 7.85, 7.8, 7.76, 6.12, 4.14, 2.57, 2.64, 3.03, 2.81, 3.02, 2.74, 2.59, 1.99, 1.55, 1.72, 2.26, 3.52, 4.35, 4.59, 4.66, 4.34, 3.62, 3.33, 2.84, 2.48, 2.64, 2.61, 2.3, 1.3, 0, 1.04, 1.02, 1.62, 1.3, 1.96, 1.58, 1.53, 3.19, 5.36, 7.03, 7.42, 6.89, 6.77, 7.23, 7.91, 8.9, 7.44, 5.53, 4.65, 4.33, 4.22, 3.45, 3.04, 3.13, 2.83, 2.98, 3.3], [4.08, 4.42, 4.58, 4.04, 3.77, 3.92, 4.22, 4.75, 5.04, 5.39, 4.86, 4.5, 3.83, 3.65, 3.2, 3.92, 4.76, 4.41, 4.09, 4.42, 6.38, 6.97, 6.856, 6.643, 7.715, 9.898, 10.055, 10.165, 9.745, 8.009, 7.962, 7.922, 6.28, 4.3, 2.67, 2.7, 3.07, 2.93, 3.16, 2.92, 2.81, 2.33, 1.85, 1.88, 2.42, 3.68, 4.43, 4.69, 4.8, 4.48, 3.74, 3.45, 2.98, 2.66, 2.8, 3.07, 2.72, 1.6, 1.04, 0, 0.8, 1.42, 1.26, 2.1, 1.74, 1.85, 3.27, 5.48, 7.19, 7.56, 7.05, 6.91, 7.37, 8.07, 9.08, 7.62, 5.71, 4.83, 4.31, 4.2, 3.43, 2.96, 3.03, 2.73, 2.92, 3.16], [4.36, 4.7, 4.86, 4.36, 4.07, 4.22, 4.54, 5.05, 5.34, 5.69, 5.16, 4.8, 4.11, 3.85, 3.36, 4.12, 4.94, 4.59, 4.27, 4.68, 6.689, 7.283, 7.159, 6.946, 8.018, 10.201, 10.358, 10.468, 10.048, 8.312, 8.265, 8.225, 6.6, 4.62, 2.99, 3.02, 3.47, 3.27, 3.44, 3.2, 3.03, 2.47, 1.95, 2.1, 2.78, 4.06, 4.81, 5.09, 5.2, 4.9, 4.16, 3.87, 3.4, 3.06, 3.2, 3.23, 2.86, 1.72, 1.02, 0.8, 0, 1.06, 1.16, 2.34, 1.8, 1.87, 3.57, 5.78, 7.47, 7.86, 7.33, 7.19, 7.67, 8.35, 9.38, 7.9, 5.99, 5.09, 4.53, 4.4, 3.55, 3.12, 3.13, 2.77, 2.96, 3.26], [5.3, 5.64, 5.8, 5.32, 5.03, 5.18, 5.48, 6.03, 6.32, 6.67, 6.14, 5.779, 5.07, 4.66, 3.84, 5.033, 5.867, 5.3, 4.894, 5.618, 7.649, 8.261, 8.119, 7.926, 8.998, 11.204, 11.338, 11.448, 11.028, 9.292, 9.245, 9.205, 7.56, 5.6, 3.987, 3.977, 4.47, 4.11, 4.26, 4.06, 3.87, 3.13, 2.63, 2.88, 3.62, 4.96, 5.81, 6.03, 6.12, 5.8, 5.1, 4.81, 4.28, 3.76, 4.04, 3.93, 3.48, 2.34, 1.62, 1.42, 1.06, 0, 0.94, 3.0, 2.54, 2.55, 4.51, 6.78, 8.45, 8.84, 8.33, 8.15, 8.67, 9.31, 10.346, 8.86, 6.93, 5.99, 5.47, 5.18, 4.25, 3.76, 3.85, 3.53, 3.76, 3.94], [4.64, 4.98, 5.14, 4.7, 4.37, 4.52, 4.82, 5.37, 5.66, 6.01, 5.48, 5.119, 4.41, 4.003, 3.26, 4.373, 5.207, 4.66, 4.27, 4.958, 6.989, 7.601, 7.459, 7.266, 8.338, 10.544, 10.678, 10.788, 10.368, 8.632, 8.585, 8.545, 6.9, 4.94, 3.347, 3.317, 3.81, 3.41, 3.58, 3.38, 3.21, 2.47, 1.97, 2.2, 2.94, 4.3, 5.15, 5.37, 5.42, 5.14, 4.44, 4.15, 3.62, 3.02, 3.32, 3.25, 2.84, 1.76, 1.3, 1.26, 1.16, 0.94, 0, 2.24, 1.88, 1.87, 3.83, 6.12, 7.79, 8.18, 7.67, 7.49, 8.01, 8.65, 9.686, 8.2, 6.27, 5.33, 4.81, 4.48, 3.43, 2.94, 3.11, 2.89, 3.06, 3.44], [2.64, 2.86, 3.06, 2.7, 2.25, 2.44, 2.62, 3.17, 3.44, 3.83, 3.32, 3.08, 2.83, 2.93, 2.86, 2.6, 3.48, 3.15, 3.29, 3.48, 4.763, 5.37, 5.259, 5.049, 6.195, 8.401, 8.535, 8.645, 8.225, 6.455, 6.422, 6.385, 4.737, 2.8, 1.55, 1.54, 1.79, 1.57, 1.72, 1.44, 1.41, 0.99, 0.99, 0.92, 1.02, 2.16, 3.03, 3.21, 3.26, 2.98, 2.28, 2.03, 1.7, 1.54, 1.52, 1.69, 1.84, 2.08, 1.96, 2.1, 2.34, 3.0, 2.24, 0, 0.98, 0.97, 1.85, 4.12, 5.57, 5.98, 5.53, 5.33, 5.87, 6.51, 7.54, 6.02, 4.11, 3.13, 2.71, 2.62, 1.89, 1.72, 1.87, 1.69, 1.76, 2.08], [2.96, 3.24, 3.46, 3.04, 2.67, 2.86, 3.16, 3.65, 3.94, 4.29, 3.759, 3.388, 2.83, 2.79, 2.72, 2.76, 3.56, 3.19, 3.23, 3.62, 5.225, 5.846, 5.722, 5.549, 6.621, 8.795, 8.961, 9.071, 8.621, 6.9, 6.85, 6.828, 5.168, 3.234, 1.75, 1.78, 2.05, 1.85, 1.9, 1.68, 1.57, 1.13, 0.77, 0.82, 1.24, 2.52, 3.35, 3.63, 3.72, 3.42, 2.7, 2.41, 1.94, 1.78, 1.76, 1.79, 1.56, 1.68, 1.58, 1.74, 1.8, 2.54, 1.88, 0.98, 0, 0.55, 2.09, 4.4, 6.043, 6.436, 5.91, 5.81, 6.25, 6.921, 7.949, 6.5, 4.55, 3.63, 3.17, 2.96, 2.17, 2.02, 2.13, 1.91, 1.94, 2.22], [3.03, 3.31, 3.57, 3.17, 2.84, 3.01, 3.27, 3.74, 3.989, 4.316, 3.829, 3.438, 2.86, 2.86, 2.59, 2.85, 3.61, 3.18, 3.26, 3.65, 5.298, 5.907, 5.775, 5.582, 6.659, 8.848, 8.999, 9.109, 8.689, 6.953, 6.903, 6.866, 5.218, 3.264, 1.84, 1.89, 2.14, 1.86, 1.85, 1.69, 1.58, 1.0, 0.76, 0.85, 1.33, 2.59, 3.4, 3.68, 3.73, 3.47, 2.73, 2.46, 1.99, 1.79, 1.81, 1.7, 1.45, 1.55, 1.53, 1.85, 1.87, 2.55, 1.87, 0.97, 0.55, 0, 2.12, 4.51, 6.096, 6.489, 5.977, 5.88, 6.32, 6.971, 8.004, 6.558, 4.64, 3.74, 3.32, 3.17, 2.4, 2.15, 2.22, 1.9, 2.03, 2.33], [1.85, 1.71, 1.79, 1.31, 1.22, 1.35, 1.43, 1.76, 2.01, 2.4, 2.31, 2.89, 3.22, 3.6, 3.77, 3.25, 3.37, 3.32, 3.64, 3.35, 3.545, 3.879, 3.775, 3.582, 4.654, 6.828, 6.994, 7.089, 6.669, 4.933, 4.883, 4.861, 3.201, 1.61, 1.78, 1.53, 1.34, 1.32, 0.93, 1.09, 1.18, 1.66, 2.16, 1.87, 1.35, 1.11, 1.68, 1.84, 1.89, 1.77, 1.53, 1.36, 1.19, 1.65, 1.39, 1.3, 1.85, 2.87, 3.19, 3.27, 3.57, 4.51, 3.83, 1.85, 2.09, 2.12, 0, 2.43, 4.14, 4.51, 3.98, 3.9, 4.34, 5.014, 6.027, 4.61, 2.74, 1.92, 1.58, 1.79, 1.86, 1.97, 2.08, 2.22, 2.31, 2.25], [2.1, 1.94, 1.76, 1.78, 1.99, 1.98, 1.86, 1.51, 1.5, 1.59, 2.68, 3.9, 4.39, 4.85, 5.18, 4.32, 4.24, 4.25, 4.73, 4.2, 2.75, 2.25, 2.18, 2.05, 2.43, 4.447, 4.604, 4.714, 4.294, 2.63, 2.66, 2.551, 1.5, 2.0, 3.37, 3.1, 2.73, 3.09, 2.74, 2.94, 3.21, 3.93, 4.43, 4.16, 3.46, 2.3, 1.87, 1.81, 1.84, 2.04, 2.58, 2.73, 2.96, 3.58, 3.26, 3.27, 3.72, 4.58, 5.36, 5.48, 5.78, 6.78, 6.12, 4.12, 4.4, 4.51, 2.43, 0, 1.75, 2.14, 1.67, 1.61, 1.99, 2.65, 3.68, 2.36, 1.43, 1.43, 1.99, 2.38, 3.19, 3.56, 3.63, 4.03, 3.84, 3.66], [3.43, 3.05, 2.85, 3.15, 3.54, 3.47, 3.23, 2.7, 2.45, 2.32, 3.45, 4.75, 5.28, 5.82, 6.09, 5.05, 4.85, 4.96, 5.54, 4.93, 3.1, 2.32, 2.33, 2.16, 1.76, 2.88, 2.992, 3.099, 2.75, 1.42, 1.49, 1.15, 1.57, 3.27, 4.66, 4.61, 4.24, 4.591, 4.381, 4.561, 4.811, 5.551, 6.06, 5.87, 5.13, 3.81, 2.96, 2.9, 3.05, 3.41, 3.99, 4.18, 4.59, 5.29, 4.89, 4.88, 5.29, 6.23, 7.03, 7.19, 7.47, 8.45, 7.79, 5.57, 6.043, 6.096, 4.14, 1.75, 0, 0.65, 0.94, 0.98, 1.18, 1.18, 2.13, 1.41, 1.94, 2.54, 3.1, 3.43, 4.56, 5.01, 5.1, 5.52, 5.27, 4.91], [3.82, 3.44, 3.2, 3.52, 3.93, 3.86, 3.6, 3.03, 2.74, 2.55, 3.64, 4.96, 5.43, 5.99, 6.28, 5.16, 4.92, 5.13, 5.69, 5.02, 3.09, 2.33, 2.34, 2.09, 1.55, 2.47, 2.599, 2.709, 2.36, 1.27, 1.28, 1.12, 1.72, 3.54, 5.01, 4.96, 4.55, 4.99, 4.773, 4.953, 5.203, 5.943, 6.443, 6.233, 5.52, 4.2, 3.33, 3.23, 3.36, 3.72, 4.3, 4.53, 4.96, 5.64, 5.26, 5.23, 5.64, 6.6, 7.42, 7.56, 7.86, 8.84, 8.18, 5.98, 6.436, 6.489, 4.51, 2.14, 0.65, 0, 0.83, 1.17, 1.25, 1.23, 1.78, 1.44, 2.13, 2.89, 3.45, 3.76, 4.97, 5.4, 5.45, 5.85, 5.58, 5.22], [3.45, 3.07, 2.85, 3.15, 3.52, 3.45, 3.23, 2.64, 2.37, 2.28, 3.47, 4.75, 5.22, 5.82, 6.11, 4.97, 4.75, 4.92, 5.48, 4.87, 2.98, 2.22, 2.25, 2.12, 1.6, 2.894, 3.051, 3.181, 2.821, 1.52, 1.61, 1.29, 1.53, 3.27, 4.68, 4.51, 4.04, 4.44, 4.23, 4.41, 4.66, 5.4, 5.9, 5.69, 4.99, 3.69, 2.86, 2.78, 2.89, 3.25, 3.83, 4.06, 4.47, 5.15, 4.75, 4.74, 5.15, 6.09, 6.89, 7.05, 7.33, 8.33, 7.67, 5.53, 5.91, 5.977, 3.98, 1.67, 0.94, 0.83, 0, 1.0, 1.22, 1.46, 2.19, 1.43, 1.7, 2.48, 3.02, 3.35, 4.52, 4.93, 4.96, 5.32, 5.07, 4.71], [3.31, 2.97, 2.77, 3.17, 3.4, 3.25, 3.01, 2.7, 2.63, 2.58, 3.79, 5.01, 5.56, 6.14, 6.41, 5.31, 5.11, 5.32, 5.92, 5.29, 3.3, 2.52, 2.57, 2.5, 1.94, 3.074, 3.208, 3.318, 2.938, 1.82, 1.83, 1.47, 1.53, 3.13, 4.62, 4.43, 3.94, 4.3, 4.09, 4.27, 4.52, 5.26, 5.78, 5.55, 4.83, 3.49, 2.68, 2.5, 2.57, 2.93, 3.53, 3.8, 4.27, 4.97, 4.59, 4.56, 4.99, 6.01, 6.77, 6.91, 7.19, 8.15, 7.49, 5.33, 5.81, 5.88, 3.9, 1.61, 0.98, 1.17, 1.0, 0, 0.84, 1.42, 2.33, 1.19, 1.4, 2.26, 2.82, 3.11, 4.32, 4.716, 4.74, 5.12, 4.85, 4.55], [3.79, 3.45, 3.23, 3.63, 3.86, 3.79, 3.51, 3.18, 3.09, 3.1, 4.35, 5.55, 6.08, 6.64, 6.91, 5.87, 5.73, 5.88, 6.48, 5.87, 3.88, 3.08, 3.19, 3.08, 2.44, 2.64, 2.731, 2.841, 2.63, 2.0, 1.95, 1.57, 1.93, 3.63, 5.08, 4.87, 4.34, 4.78, 4.57, 4.75, 5.0, 5.74, 6.24, 6.03, 5.31, 3.99, 3.14, 3.02, 3.11, 3.47, 4.07, 4.32, 4.77, 5.47, 5.07, 5.06, 5.47, 6.41, 7.23, 7.37, 7.67, 8.67, 8.01, 5.87, 6.25, 6.32, 4.34, 1.99, 1.18, 1.25, 1.22, 0.84, 0, 1.06, 1.79, 0.95, 1.82, 2.76, 3.32, 3.65, 4.86, 5.25, 5.22, 5.58, 5.31, 4.99], [4.37, 4.01, 3.75, 4.05, 4.48, 4.45, 4.19, 3.64, 3.33, 3.18, 4.27, 5.49, 6.02, 6.56, 6.83, 5.75, 5.61, 5.74, 6.34, 5.73, 3.8, 3.0, 3.05, 2.92, 2.32, 1.98, 2.08, 2.17, 2.19, 1.8, 1.83, 1.49, 2.25, 4.09, 5.54, 5.49, 5.06, 5.46, 5.25, 5.43, 5.68, 6.42, 6.92, 6.73, 5.99, 4.71, 3.86, 3.76, 3.87, 4.23, 4.81, 5.06, 5.49, 6.19, 5.79, 5.76, 6.17, 7.13, 7.91, 8.07, 8.35, 9.31, 8.65, 6.51, 6.921, 6.971, 5.014, 2.65, 1.18, 1.23, 1.46, 1.42, 1.06, 0, 1.19, 0.99, 2.48, 3.42, 3.96, 4.33, 5.5, 5.91, 5.92, 6.32, 6.05, 5.69], [5.403, 5.06, 4.8, 5.1, 5.53, 5.5, 5.24, 4.69, 4.38, 4.21, 5.28, 6.54, 6.99, 7.57, 7.88, 6.74, 6.42, 6.65, 7.25, 6.62, 4.53, 3.77, 3.8, 3.59, 2.93, 1.73, 1.41, 1.62, 2.06, 2.19, 2.24, 1.98, 3.16, 5.08, 6.57, 6.5, 6.07, 6.481, 6.251, 6.431, 6.681, 7.441, 7.95, 7.76, 7.0, 5.72, 4.87, 4.73, 4.78, 5.14, 5.76, 6.03, 6.48, 7.18, 6.78, 6.75, 7.18, 8.14, 8.9, 9.08, 9.38, 10.346, 9.686, 7.54, 7.949, 8.004, 6.027, 3.68, 2.13, 1.78, 2.19, 2.33, 1.79, 1.19, 0, 1.6, 3.45, 4.45, 5.01, 5.36, 6.55, 6.96, 6.93, 7.29, 7.02, 6.68], [3.96, 3.6, 3.4, 3.8, 4.09, 4.08, 3.82, 3.49, 3.34, 3.25, 4.52, 5.78, 6.31, 6.87, 7.14, 6.0, 5.84, 6.05, 6.57, 6.02, 4.01, 3.21, 3.28, 3.25, 2.63, 2.55, 2.57, 2.72, 2.68, 2.45, 2.3, 1.96, 2.06, 3.88, 5.37, 5.12, 4.65, 5.03, 4.8, 4.98, 5.23, 5.955, 6.49, 6.3, 5.58, 4.3, 3.45, 3.33, 3.4, 3.76, 4.38, 4.65, 5.08, 5.76, 5.36, 5.33, 5.72, 6.7, 7.44, 7.62, 7.9, 8.86, 8.2, 6.02, 6.5, 6.558, 4.61, 2.36, 1.41, 1.44, 1.43, 1.19, 0.95, 0.99, 1.6, 0, 2.03, 2.95, 3.51, 3.9, 5.07, 5.5, 5.53, 5.87, 5.6, 5.26], [2.25, 1.95, 1.79, 2.17, 2.3, 2.41, 2.21, 1.96, 2.05, 2.16, 3.23, 4.45, 4.94, 5.44, 5.71, 4.73, 4.65, 4.76, 5.28, 4.75, 3.14, 2.66, 2.61, 2.52, 2.44, 4.308, 4.465, 4.575, 4.14, 2.82, 2.65, 2.47, 1.63, 2.25, 3.58, 3.33, 2.78, 3.14, 2.89, 3.03, 3.28, 4.04, 4.54, 4.35, 3.65, 2.39, 1.64, 1.64, 1.75, 2.05, 2.59, 2.76, 3.17, 3.85, 3.49, 3.44, 3.87, 4.91, 5.53, 5.71, 5.99, 6.93, 6.27, 4.11, 4.55, 4.64, 2.74, 1.43, 1.94, 2.13, 1.7, 1.4, 1.82, 2.48, 3.45, 2.03, 0, 1.04, 1.68, 2.07, 3.14, 3.57, 3.56, 4.0