[[0, 0.73, 0.96, 1.18, 1.54, 1.58, 1.97, 1.96, 2.18, 1.92, 2.06, 1.92, 1.04, 0.97, 0.72, 1.76, 2.55, 2.65, 2.36, 1.87, 2.23, 3.75, 4.87, 4.38, 3.71, 3.56, 3.85, 4.58, 5.59, 6.1, 7.25, 7.86, 7.68, 8.23, 8.69, 8.49, 8.65, 8.29, 6.86, 5.76, 5.93, 6.4, 6.87, 7.0, 7.25, 8.11, 8.555, 9.01, 8.89, 7.16, 6.05, 5.91, 5.02, 2.45, 1.7, 1.67, 1.82, 2.29, 2.73, 2.86, 2.58, 3.0, 3.11, 2.58, 2.65, 3.03, 3.49, 3.83, 3.76, 3.74, 3.72, 3.81, 4.08, 3.33, 1.55, 1.68, 1.38, 1.8, 1.75, 2.54, 2.81, 2.84, 2.45, 2.31, 2.2, 3.2], [0.73, 0, 0.81, 1.11, 1.63, 1.57, 1.98, 2.01, 2.13, 1.97, 2.13, 2.23, 1.45, 1.32, 0.97, 1.49, 2.2, 2.24, 1.97, 1.62, 1.9, 3.28, 4.48, 3.97, 3.3, 3.13, 3.46, 4.17, 5.12, 5.63, 6.92, 7.59, 7.43, 7.98, 8.46, 8.28, 8.44, 8.06, 6.51, 5.33, 5.44, 5.97, 6.5, 6.59, 7.16, 8.072, 8.522, 8.94, 8.8, 7.05, 5.98, 5.8, 4.91, 2.28, 1.27, 1.28, 1.45, 1.86, 2.26, 2.47, 2.49, 2.93, 3.02, 2.65, 2.66, 2.96, 3.3, 3.76, 3.77, 3.69, 3.65, 3.72, 3.91, 3.1, 1.38, 1.45, 1.37, 1.67, 1.7, 2.43, 2.72, 2.81, 2.38, 2.2, 1.95, 2.85], [0.96, 0.81, 0, 1.1, 1.7, 1.76, 2.01, 2.08, 2.18, 2.04, 2.12, 2.24, 1.58, 1.53, 1.1, 1.52, 2.37, 2.41, 2.12, 1.73, 1.99, 3.25, 4.43, 3.92, 3.15, 3.1, 3.31, 4.24, 5.05, 5.58, 6.87, 7.56, 7.38, 7.93, 8.41, 8.23, 8.39, 8.01, 6.46, 5.24, 5.45, 5.94, 6.47, 6.58, 7.13, 8.022, 8.472, 8.91, 8.77, 7.02, 5.91, 5.79, 4.9, 2.19, 1.3, 1.23, 1.4, 1.79, 2.27, 2.44, 2.36, 2.92, 3.05, 2.56, 2.61, 2.79, 3.29, 3.69, 3.64, 3.62, 3.6, 3.65, 3.82, 3.03, 1.35, 1.58, 1.32, 1.82, 1.71, 2.64, 2.79, 2.82, 2.39, 2.33, 2.12, 3.04], [1.18, 1.11, 1.1, 0, 0.9, 1.28, 1.57, 1.78, 1.94, 1.82, 1.96, 2.2, 1.42, 1.29, 0.86, 1.24, 2.05, 2.05, 1.72, 1.45, 1.91, 3.53, 4.83, 4.32, 3.35, 3.1, 3.35, 4.32, 5.31, 5.84, 7.45, 8.14, 7.94, 8.49, 9.01, 8.83, 8.99, 8.61, 6.96, 5.52, 5.75, 6.4, 6.93, 7.0, 7.53, 8.405, 8.86, 9.33, 9.21, 7.48, 6.39, 6.27, 5.34, 2.75, 1.8, 1.61, 1.64, 1.99, 2.55, 2.9, 2.8, 3.38, 3.53, 2.86, 2.91, 3.11, 3.67, 4.01, 4.0, 4.0, 3.96, 4.11, 4.38, 3.57, 1.95, 1.68, 1.86, 2.32, 1.81, 2.4, 2.63, 2.56, 2.21, 2.13, 1.88, 2.58], [1.54, 1.63, 1.7, 0.9, 0, 1.04, 1.49, 1.74, 1.88, 1.76, 2.06, 2.62, 1.9, 1.59, 1.24, 1.52, 2.47, 2.35, 1.86, 1.85, 2.27, 3.77, 5.09, 4.58, 3.45, 3.18, 3.33, 4.48, 5.47, 6.06, 7.67, 8.36, 8.18, 8.73, 9.21, 9.03, 9.19, 8.81, 7.18, 5.74, 5.93, 6.64, 7.13, 7.24, 7.67, 8.51, 8.98, 9.45, 9.31, 7.62, 6.53, 6.41, 5.46, 2.95, 2.2, 2.01, 2.06, 2.25, 2.85, 3.18, 2.96, 3.54, 3.61, 2.96, 3.01, 3.21, 3.75, 4.11, 4.08, 4.14, 4.08, 4.25, 4.54, 3.75, 2.25, 2.0, 2.24, 2.66, 2.07, 2.34, 2.59, 2.54, 2.23, 2.15, 1.88, 2.46], [1.58, 1.57, 1.76, 1.28, 1.04, 0, 0.69, 0.94, 0.96, 0.96, 1.52, 2.16, 1.74, 1.85, 1.58, 1.96, 2.57, 2.53, 1.94, 1.93, 2.67, 4.31, 5.63, 5.1, 3.95, 3.72, 3.79, 4.98, 5.99, 6.62, 8.25, 8.94, 8.74, 9.29, 9.81, 9.63, 9.79, 9.41, 7.78, 6.24, 6.43, 7.22, 7.71, 7.82, 8.39, 9.248, 9.68, 10.13, 10.01, 8.3, 7.21, 7.09, 6.14, 3.55, 2.56, 2.29, 2.18, 2.63, 3.11, 3.7, 3.62, 3.94, 4.23, 3.76, 3.79, 3.99, 4.53, 4.89, 4.86, 4.8, 4.82, 4.93, 5.14, 4.35, 2.61, 2.02, 2.34, 2.62, 1.77, 1.62, 1.89, 1.9, 1.59, 1.49, 1.44, 2.52], [1.97, 1.98, 2.01, 1.57, 1.49, 0.69, 0, 0.49, 0.73, 0.67, 1.39, 1.83, 1.91, 2.16, 1.99, 2.35, 2.86, 2.7, 2.23, 2.24, 3.1, 4.72, 6.04, 5.53, 4.4, 4.13, 4.26, 5.43, 6.42, 7.03, 8.7, 9.39, 9.19, 9.74, 10.26, 10.08, 10.24, 9.86, 8.23, 6.67, 6.88, 7.65, 8.16, 8.23, 8.86, 9.718, 10.15, 10.58, 10.46, 8.75, 7.66, 7.54, 6.59, 4.0, 2.89, 2.62, 2.53, 3.04, 3.48, 4.15, 4.07, 4.39, 4.7, 4.23, 4.257, 4.46, 5.0, 5.36, 5.33, 5.25, 5.29, 5.38, 5.59, 4.8, 3.04, 2.35, 2.65, 2.89, 2.02, 1.57, 1.76, 1.71, 1.4, 1.5, 1.69, 2.99], [1.96, 2.01, 2.08, 1.78, 1.74, 0.94, 0.49, 0, 0.78, 0.74, 1.46, 1.86, 2.08, 2.41, 2.24, 2.48, 2.99, 2.79, 2.3, 2.31, 3.17, 4.79, 6.11, 5.6, 4.45, 4.2, 4.29, 5.48, 6.49, 7.1, 8.77, 9.46, 9.26, 9.83, 10.35, 10.17, 10.33, 9.95, 8.34, 6.74, 6.93, 7.72, 8.25, 8.32, 9.05, 9.925, 10.355, 10.75, 10.63, 8.9, 7.79, 7.67, 6.76, 4.11, 2.96, 2.65, 2.6, 3.11, 3.55, 4.24, 4.22, 4.58, 4.85, 4.44, 4.464, 4.647, 5.19, 5.55, 5.52, 5.46, 5.48, 5.55, 5.7, 4.91, 3.11, 2.42, 2.54, 2.92, 2.01, 1.54, 1.63, 1.56, 1.33, 1.49, 1.64, 3.04], [2.18, 2.13, 2.18, 1.94, 1.88, 0.96, 0.73, 0.78, 0, 0.84, 1.64, 2.1, 2.26, 2.57, 2.36, 2.5, 2.89, 2.73, 2.22, 2.29, 3.13, 4.75, 6.09, 5.56, 4.41, 4.16, 4.25, 5.42, 6.45, 7.08, 8.79, 9.48, 9.28, 9.85, 10.37, 10.19, 10.35, 9.97, 8.4, 6.72, 6.89, 7.72, 8.27, 8.38, 9.19, 10.067, 10.497, 10.91, 10.75, 8.98, 7.89, 7.79, 6.88, 4.19, 2.98, 2.65, 2.62, 3.11, 3.53, 4.28, 4.38, 4.68, 4.97, 4.62, 4.65, 4.83, 5.37, 5.73, 5.7, 5.64, 5.66, 5.69, 5.74, 4.97, 3.15, 2.5, 2.66, 3.04, 1.99, 1.46, 1.55, 1.6, 1.29, 1.53, 1.58, 2.94], [1.92, 1.97, 2.04, 1.82, 1.76, 0.96, 0.67, 0.74, 0.84, 0, 1.18, 1.64, 1.82, 2.43, 2.16, 2.36, 2.77, 2.67, 2.24, 2.23, 3.05, 4.67, 5.99, 5.48, 4.37, 4.08, 4.27, 5.38, 6.37, 6.98, 8.65, 9.34, 9.14, 9.69, 10.21, 10.03, 10.19, 9.81, 8.24, 6.66, 6.83, 7.64, 8.13, 8.26, 9.03, 9.913, 10.343, 10.81, 10.65, 8.88, 7.79, 7.71, 6.78, 4.03, 2.86, 2.55, 2.5, 2.99, 3.45, 4.24, 4.3, 4.6, 4.85, 4.46, 4.51, 4.71, 5.25, 5.61, 5.58, 5.52, 5.54, 5.59, 5.58, 4.79, 3.01, 2.28, 2.36, 2.66, 1.55, 1.26, 1.37, 1.44, 1.15, 1.15, 1.66, 2.98], [2.06, 2.13, 2.12, 1.96, 2.06, 1.52, 1.39, 1.46, 1.64, 1.18, 0, 1.06, 1.72, 2.53, 2.22, 2.6, 3.17, 3.13, 2.68, 2.67, 3.43, 5.05, 6.35, 5.84, 4.81, 4.5, 4.69, 5.82, 6.81, 7.36, 8.89, 9.58, 9.38, 9.93, 10.45, 10.27, 10.43, 10.05, 8.48, 7.04, 7.27, 7.86, 8.41, 8.52, 9.15, 10.042, 10.492, 10.95, 10.83, 9.08, 7.97, 7.83, 6.96, 4.25, 3.1, 2.87, 2.92, 3.41, 3.85, 4.38, 4.4, 4.8, 4.95, 4.56, 4.59, 4.79, 5.33, 5.69, 5.68, 5.62, 5.62, 5.71, 5.82, 5.05, 3.25, 2.56, 2.52, 2.66, 1.59, 1.9, 1.89, 1.84, 1.63, 1.67, 2.32, 3.62], [1.92, 2.23, 2.24, 2.2, 2.62, 2.16, 1.83, 1.86, 2.1, 1.64, 1.06, 0, 1.4, 2.23, 2.06, 3.04, 3.63, 3.69, 3.3, 3.13, 3.77, 5.43, 6.63, 6.12, 5.35, 5.12, 5.35, 6.24, 7.27, 7.78, 9.05, 9.68, 9.48, 10.03, 10.51, 10.31, 10.47, 10.11, 8.64, 7.42, 7.65, 8.16, 8.67, 8.78, 9.09, 9.962, 10.412, 10.89, 10.77, 9.02, 7.91, 7.77, 6.9, 4.25, 3.38, 3.29, 3.38, 3.87, 4.33, 4.58, 4.34, 4.72, 4.91, 4.42, 4.49, 4.77, 5.27, 5.63, 5.6, 5.58, 5.54, 5.65, 5.86, 5.11, 3.31, 3.0, 2.74, 2.82, 1.95, 2.44, 2.37, 2.42, 2.23, 2.35, 3.04, 4.26], [1.04, 1.45, 1.58, 1.42, 1.9, 1.74, 1.91, 2.08, 2.26, 1.82, 1.72, 1.4, 0, 1.05, 1.0, 2.3, 3.03, 3.19, 2.82, 2.53, 2.97, 4.57, 5.69, 5.2, 4.55, 4.38, 4.63, 5.38, 6.43, 6.94, 8.11, 8.68, 8.48, 9.03, 9.51, 9.29, 9.45, 9.11, 7.7, 6.58, 6.77, 7.24, 7.73, 7.84, 7.97, 8.75, 9.18, 9.63, 9.47, 7.82, 6.75, 6.63, 5.64, 3.27, 2.52, 2.49, 2.64, 3.11, 3.53, 3.66, 3.32, 3.76, 4.01, 3.22, 3.25, 3.65, 4.09, 4.47, 4.3, 4.44, 4.32, 4.51, 4.88, 4.17, 2.35, 2.24, 2.06, 2.22, 1.69, 2.42, 2.63, 2.56, 2.37, 2.23, 2.6, 3.72], [0.97, 1.32, 1.53, 1.29, 1.59, 1.85, 2.16, 2.41, 2.57, 2.43, 2.53, 2.23, 1.05, 0, 0.77, 2.11, 3.02, 3.16, 2.87, 2.48, 2.68, 4.02, 5.04, 4.63, 4.06, 3.91, 4.22, 4.91, 5.9, 6.39, 7.46, 7.99, 7.79, 8.34, 8.82, 8.58, 8.74, 8.4, 7.11, 6.07, 6.2, 6.67, 7.04, 7.17, 7.28, 8.02, 8.47, 8.94, 8.8, 7.11, 6.04, 5.92, 4.95, 2.62, 2.19, 2.2, 2.23, 2.66, 3.0, 3.09, 2.85, 3.03, 3.32, 2.71, 2.62, 3.14, 3.56, 3.76, 3.57, 3.73, 3.59, 3.8, 4.17, 3.5, 1.84, 2.03, 1.91, 2.01, 2.24, 3.03, 3.32, 3.29, 2.94, 2.86, 2.79, 3.65], [0.72, 0.97, 1.1, 0.86, 1.24, 1.58, 1.99, 2.24, 2.36, 2.16, 2.22, 2.06, 1.0, 0.77, 0, 1.64, 2.53, 2.71, 2.38, 1.99, 2.27, 3.71, 4.83, 4.34, 3.69, 3.54, 3.83, 4.52, 5.57, 6.08, 7.23, 7.8, 7.6, 8.15, 8.65, 8.47, 8.63, 8.25, 6.84, 5.72, 5.91, 6.38, 6.85, 6.98, 7.15, 7.99, 8.46, 8.93, 8.79, 7.1, 6.01, 5.89, 4.94, 2.41, 1.82, 1.81, 1.84, 2.23, 2.67, 2.8, 2.56, 2.96, 3.15, 2.48, 2.53, 2.87, 3.37, 3.65, 3.6, 3.6, 3.56, 3.73, 4.0, 3.25, 1.59, 1.82, 1.7, 1.96, 1.95, 2.78, 3.01, 2.98, 2.65, 2.51, 2.4, 3.22], [1.76, 1.49, 1.52, 1.24, 1.52, 1.96, 2.35, 2.48, 2.5, 2.36, 2.6, 3.04, 2.3, 2.11, 1.64, 0, 1.31, 1.33, 1.32, 1.21, 1.33, 2.53, 3.85, 3.34, 2.31, 2.12, 2.35, 3.28, 4.25, 4.84, 6.45, 7.14, 6.94, 7.51, 8.03, 7.85, 8.01, 7.63, 6.06, 4.48, 4.71, 5.4, 5.97, 6.1, 6.77, 7.656, 8.106, 8.59, 8.45, 6.68, 5.63, 5.47, 4.58, 1.95, 1.64, 1.57, 1.58, 1.67, 2.43, 2.6, 2.6, 3.28, 3.13, 2.38, 2.37, 2.51, 3.07, 3.39, 3.42, 3.38, 3.36, 3.39, 3.5, 2.83, 1.75, 1.62, 1.88, 2.42, 1.95, 2.6, 2.89, 2.76, 2.43, 2.41, 1.98, 1.96], [2.55, 2.2, 2.37, 2.05, 2.47, 2.57, 2.86, 2.99, 2.89, 2.77, 3.17, 3.63, 3.03, 3.02, 2.53, 1.31, 0, 0.66, 1.09, 1.18, 1.06, 2.16, 3.42, 2.83, 1.86, 1.73, 2.1, 2.87, 3.74, 4.37, 6.0, 6.69, 6.51, 7.1, 7.64, 7.44, 7.6, 7.2, 5.73, 4.11, 4.26, 5.13, 5.7, 5.91, 6.971, 7.954, 8.364, 8.669, 8.44, 6.75, 5.74, 5.56, 4.57, 2.42, 1.99, 1.92, 1.81, 1.98, 2.62, 2.97, 3.17, 3.91, 3.72, 3.09, 2.84, 2.96, 3.38, 3.84, 3.87, 3.77, 3.77, 3.7, 3.75, 3.18, 2.24, 1.81, 2.23, 2.95, 2.4, 2.59, 2.98, 2.79, 2.5, 2.38, 2.15, 1.49], [2.65, 2.24, 2.41, 2.05, 2.35, 2.53, 2.7, 2.79, 2.73, 2.67, 3.13, 3.69, 3.19, 3.16, 2.71, 1.33, 0.66, 0, 0.93, 1.06, 1.16, 2.38, 3.56, 2.87, 1.84, 1.59, 1.96, 2.89, 3.8, 4.43, 6.08, 6.77, 6.59, 7.18, 7.74, 7.52, 7.68, 7.28, 5.79, 4.21, 4.34, 5.25, 5.86, 5.99, 7.076, 8.031, 8.421, 8.789, 8.54, 6.87, 5.84, 5.64, 4.63, 2.48, 2.07, 1.98, 1.81, 1.98, 2.56, 3.11, 3.31, 4.07, 3.92, 3.25, 2.96, 3.08, 3.48, 3.94, 4.01, 3.87, 3.93, 3.8, 3.83, 3.26, 2.3, 1.97, 2.37, 3.13, 2.48, 2.57, 2.98, 2.75, 2.44, 2.4, 2.07, 1.53], [2.36, 1.97, 2.12, 1.72, 1.86, 1.94, 2.23, 2.3, 2.22, 2.24, 2.68, 3.3, 2.82, 2.87, 2.38, 1.32, 1.09, 0.93, 0, 0.95, 1.27, 2.93, 4.09, 3.44, 2.33, 2.12, 2.25, 3.26, 4.29, 4.96, 6.65, 7.34, 7.14, 7.71, 8.23, 8.05, 8.21, 7.87, 6.28, 4.54, 4.81, 5.82, 6.41, 6.48, 7.595, 8.515, 8.928, 9.233, 9.07, 7.32, 6.31, 6.11, 5.18, 2.73, 1.92, 1.77, 1.66, 1.97, 2.47, 2.96, 3.14, 3.98, 3.97, 3.38, 3.21, 3.45, 3.83, 4.35, 4.36, 4.26, 4.26, 4.19, 4.22, 3.53, 2.05, 1.68, 2.16, 2.88, 2.11, 2.06, 2.45, 2.26, 1.99, 1.93, 1.56, 1.46], [1.87, 1.62, 1.73, 1.45, 1.85, 1.93, 2.24, 2.31, 2.29, 2.23, 2.67, 3.13, 2.53, 2.48, 1.99, 1.21, 1.18, 1.06, 0.95, 0, 1.06, 2.68, 3.94, 3.41, 2.32, 2.15, 2.36, 3.31, 4.26, 4.91, 6.6, 7.29, 7.09, 7.66, 8.18, 8.0, 8.16, 7.78, 6.25, 4.57, 4.7, 5.61, 6.28, 6.41, 7.429, 8.392, 8.782, 9.132, 8.9, 7.21, 6.2, 6.0, 4.99, 2.48, 1.59, 1.48, 1.49, 1.74, 2.2, 2.79, 3.03, 3.81, 3.84, 3.21, 3.06, 3.26, 3.64, 4.18, 4.19, 4.09, 4.09, 4.02, 4.05, 3.2, 1.82, 1.29, 1.71, 2.41, 1.76, 2.05, 2.46, 2.31, 1.98, 1.94, 1.55, 1.55], [2.23, 1.9, 1.99, 1.91, 2.27, 2.67, 3.1, 3.17, 3.13, 3.05, 3.43, 3.77, 2.97, 2.68, 2.27, 1.33, 1.06, 1.16, 1.27, 1.06, 0, 1.86, 3.24, 2.71, 1.88, 1.73, 1.98, 2.75, 3.54, 4.21, 5.88, 6.57, 6.39, 6.96, 7.52, 7.3, 7.46, 7.1, 5.65, 3.99, 4.04, 5.11, 5.68, 5.85, 6.948, 7.931, 8.321, 8.652, 8.42, 6.71, 5.72, 5.52, 4.51, 2.12, 1.47, 1.44, 1.39, 1.42, 1.98, 2.43, 2.67, 3.45, 3.4, 2.79, 2.62, 2.8, 3.22, 3.72, 3.71, 3.61, 3.63, 3.52, 3.55, 2.8, 1.64, 1.39, 1.67, 2.53, 2.1, 2.63, 3.04, 2.85, 2.56, 2.48, 2.01, 1.43], [3.75, 3.28, 3.25, 3.53, 3.77, 4.31, 4.72, 4.79, 4.75, 4.67, 5.05, 5.43, 4.57, 4.02, 3.71, 2.53, 2.16, 2.38, 2.93, 2.68, 1.86, 0, 1.64, 1.43, 1.52, 1.71, 1.58, 1.73, 2.18, 2.69, 4.22, 4.93, 4.83, 5.44, 6.0, 5.78, 6.0, 5.5, 4.15, 2.71, 2.38, 3.51, 4.06, 4.35, 5.448, 6.413, 6.841, 7.154, 6.92, 5.21, 4.24, 4.04, 3.03, 1.62, 2.19, 2.36, 2.39, 1.92, 2.02, 2.21, 2.53, 2.89, 2.68, 2.35, 2.28, 2.16, 2.16, 2.68, 2.59, 2.73, 2.83, 2.78, 2.71, 2.38, 2.5, 2.79, 2.89, 3.17, 3.68, 4.29, 4.62, 4.47, 4.22, 4.16, 3.71, 2.75], [4.87, 4.48, 4.43, 4.83, 5.09, 5.63, 6.04, 6.11, 6.09, 5.99, 6.35, 6.63, 5.69, 5.04, 4.83, 3.85, 3.42, 3.56, 4.09, 3.94, 3.24, 1.64, 0, 1.29, 2.22, 2.53, 2.32, 1.57, 1.88, 1.99, 2.9, 3.55, 3.49, 3.96, 4.52, 4.3, 4.48, 4.08, 2.93, 1.85, 1.34, 2.23, 2.68, 2.87, 4.074, 5.057, 5.447, 5.766, 5.531, 3.83, 2.86, 2.66, 1.79, 2.54, 3.33, 3.56, 3.63, 3.18, 2.88, 2.17, 2.59, 2.63, 2.34, 2.67, 2.7, 2.38, 2.02, 2.0, 2.15, 2.21, 2.39, 2.3, 2.17, 2.18, 3.5, 3.93, 3.97, 4.05, 5.06, 5.75, 6.14, 5.95, 5.68, 5.64, 5.15, 4.19], [4.38, 3.97, 3.92, 4.32, 4.58, 5.1, 5.53, 5.6, 5.56, 5.48, 5.84, 6.12, 5.2, 4.63, 4.34, 3.34, 2.83, 2.87, 3.44, 3.41, 2.71, 1.43, 1.29, 0, 1.69, 1.68, 1.55, 1.58, 1.87, 2.1, 3.33, 4.04, 3.92, 4.55, 5.15, 4.99, 5.07, 4.79, 3.16, 2.08, 2.25, 3.06, 3.63, 3.84, 4.934, 5.908, 6.327, 6.614, 6.391, 4.698, 3.77, 3.55, 2.62, 2.17, 2.84, 3.05, 3.02, 2.63, 2.21, 2.3, 2.72, 3.1, 2.81, 2.56, 2.43, 2.17, 2.13, 2.63, 2.64, 2.64, 2.74, 2.79, 2.74, 2.67, 2.95, 3.52, 3.54, 3.72, 4.53, 5.34, 5.75, 5.54, 5.25, 5.13, 4.62, 3.72], [3.71, 3.3, 3.15, 3.35, 3.45, 3.95, 4.4, 4.45, 4.41, 4.37, 4.81, 5.35, 4.55, 4.06, 3.69, 2.31, 1.86, 1.84, 2.33, 2.32, 1.88, 1.52, 2.22, 1.69, 0, 0.87, 1.44, 1.61, 2.36, 2.95, 4.42, 5.09, 5.03, 5.66, 6.14, 5.98, 6.18, 5.7, 4.37, 2.81, 2.84, 3.89, 4.54, 4.73, 5.788, 6.756, 7.201, 7.488, 7.26, 5.55, 4.64, 4.4, 3.49, 2.2, 2.31, 2.24, 2.17, 2.1, 2.56, 2.99, 3.19, 3.93, 3.64, 3.05, 2.66, 2.66, 3.0, 3.38, 3.55, 3.41, 3.43, 3.46, 3.47, 3.08, 2.48, 2.49, 2.79, 3.45, 3.54, 4.11, 4.48, 4.33, 4.04, 3.98, 3.49, 2.45], [3.56, 3.13, 3.1, 3.1, 3.18, 3.72, 4.13, 4.2, 4.16, 4.08, 4.5, 5.12, 4.38, 3.91, 3.54, 2.12, 1.73, 1.59, 2.12, 2.15, 1.73, 1.71, 2.53, 1.68, 0.87, 0, 1.25, 1.9, 2.59, 3.16, 4.73, 5.4, 5.26, 5.89, 6.41, 6.21, 6.35, 5.97, 4.54, 3.08, 3.29, 4.3, 4.93, 5.0, 6.035, 7.058, 7.488, 7.755, 7.53, 5.82, 4.85, 4.67, 3.78, 2.19, 2.2, 2.17, 2.02, 1.97, 2.29, 2.94, 3.16, 3.92, 3.65, 3.02, 2.65, 2.67, 3.03, 3.39, 3.6, 3.38, 3.44, 3.39, 3.42, 2.97, 2.33, 2.38, 2.72, 3.36, 3.35, 3.9, 4.31, 4.1, 3.81, 3.69, 3.24, 2.3], [3.85, 3.46, 3.31, 3.35, 3.33, 3.79, 4.26, 4.29, 4.25, 4.27, 4.69, 5.35, 4.63, 4.22, 3.83, 2.35, 2.1, 1.96, 2.25, 2.36, 1.98, 1.58, 2.32, 1.55, 1.44, 1.25, 0, 1.85, 2.52, 3.05, 4.64, 5.31, 5.13, 5.7, 6.2, 6.02, 6.2, 5.94, 4.35, 2.79, 3.04, 4.03, 4.7, 4.77, 5.808, 6.791, 7.221, 7.5, 7.28, 5.541, 4.56, 4.36, 3.45, 2.04, 2.37, 2.48, 2.43, 2.06, 1.98, 2.41, 2.55, 3.23, 2.92, 2.47, 2.36, 2.08, 2.44, 2.9, 2.87, 2.83, 2.93, 2.92, 2.91, 2.58, 2.52, 2.73, 3.05, 3.55, 3.54, 4.03, 4.44, 4.23, 3.94, 3.86, 3.33, 2.47], [4.58, 4.17, 4.24, 4.32, 4.48, 4.98, 5.43, 5.48, 5.42, 5.38, 5.82, 6.24, 5.38, 4.91, 4.52, 3.28, 2.87, 2.89, 3.26, 3.31, 2.75, 1.73, 1.57, 1.58, 1.61, 1.9, 1.85, 0, 1.29, 1.88, 3.55, 4.22, 4.08, 4.63, 5.13, 4.95, 5.13, 4.81, 3.48, 1.92, 1.91, 3.12, 3.75, 3.82, 4.909, 5.892, 6.3, 6.569, 6.386, 4.633, 3.85, 3.51, 2.8, 2.89, 3.1, 3.29, 3.28, 2.93, 2.93, 3.2, 3.16, 3.64, 3.31, 2.86, 2.77, 2.77, 2.73, 3.15, 3.36, 3.28, 3.54, 3.51, 3.4, 3.37, 3.47, 3.32, 3.76, 4.46, 4.39, 4.98, 5.35, 5.18, 4.91, 4.85, 4.38, 3.4], [5.59, 5.12, 5.05, 5.31, 5.47, 5.99, 6.42, 6.49, 6.45, 6.37, 6.81, 7.27, 6.43, 5.9, 5.57, 4.25, 3.74, 3.8, 4.29, 4.26, 3.54, 2.18, 1.88, 1.87, 2.36, 2.59, 2.52, 1.29, 0, 1.01, 2.6, 3.29, 3.17, 3.74, 4.28, 4.06, 4.28, 4.04, 2.57, 1.31, 1.78, 2.67, 3.18, 3.17, 4.319, 5.248, 5.638, 5.945, 5.736, 4.15, 4.04, 3.66, 2.89, 3.48, 3.91, 4.04, 3.99, 3.44, 3.22, 3.61, 3.65, 4.01, 3.66, 3.37, 3.4, 3.22, 3.06, 3.48, 3.81, 3.63, 3.99, 3.8, 3.69, 3.76, 4.12, 4.31, 4.57, 5.07, 5.42, 5.91, 6.24, 6.11, 5.88, 5.8, 5.33, 4.23], [6.1, 5.63, 5.58, 5.84, 6.06, 6.62, 7.03, 7.1, 7.08, 6.98, 7.36, 7.78, 6.94, 6.39, 6.08, 4.84, 4.37, 4.43, 4.96, 4.91, 4.21, 2.69, 1.99, 2.1, 2.95, 3.16, 3.05, 1.88, 1.01, 0, 1.93, 2.6, 2.52, 3.25, 3.77, 3.63, 3.77, 3.63, 2.16, 1.08, 1.59, 2.28, 2.77, 2.88, 4.015, 4.998, 5.388, 5.695, 5.472, 3.8, 3.79, 3.43, 2.98, 3.85, 4.42, 4.55, 4.56, 4.01, 3.65, 3.76, 3.84, 4.1, 3.75, 3.8, 3.89, 3.49, 3.11, 3.57, 3.94, 3.8, 4.12, 3.91, 3.72, 3.87, 4.63, 4.82, 5.08, 5.5, 6.05, 6.66, 7.01, 6.9, 6.61, 6.57, 6.06, 5.02], [7.25, 6.92, 6.87, 7.45, 7.67, 8.25, 8.7, 8.77, 8.79, 8.65, 8.89, 9.05, 8.11, 7.46, 7.23, 6.45, 6.0, 6.08, 6.65, 6.6, 5.88, 4.22, 2.9, 3.33, 4.42, 4.73, 4.64, 3.55, 2.6, 1.93, 0, 0.85, 0.93, 1.6, 2.12, 2.02, 2.18, 1.92, 1.05, 2.13, 2.52, 1.99, 2.06, 1.81, 2.5, 3.313, 3.743, 4.03, 3.807, 3.11, 3.8, 3.7, 3.49, 4.88, 5.81, 6.14, 6.19, 5.72, 5.38, 4.67, 4.91, 4.89, 4.48, 4.93, 4.98, 4.58, 4.1, 4.16, 4.53, 4.39, 4.73, 4.48, 4.27, 4.5, 5.78, 6.41, 6.47, 6.57, 7.74, 8.47, 8.84, 8.69, 8.4, 8.34, 7.85, 6.81], [7.86, 7.59, 7.56, 8.14, 8.36, 8.94, 9.39, 9.46, 9.48, 9.34, 9.58, 9.68, 8.68, 7.99, 7.8, 7.14, 6.69, 6.77, 7.34, 7.29, 6.57, 4.93, 3.55, 4.04, 5.09, 5.4, 5.31, 4.22, 3.29, 2.6, 0.85, 0, 0.68, 0.95, 1.39, 1.29, 1.61, 1.33, 1.38, 2.8, 3.17, 2.5, 2.35, 2.08, 2.17, 2.69, 3.18, 3.43, 3.17, 3.22, 3.95, 3.89, 3.8, 5.45, 6.5, 6.85, 6.88, 6.41, 6.07, 5.3, 5.5, 5.34, 5.03, 5.54, 5.55, 5.25, 4.75, 4.63, 4.9, 4.78, 5.08, 4.81, 4.58, 4.89, 6.37, 7.1, 7.16, 7.12, 8.43, 9.16, 9.51, 9.38, 9.09, 9.03, 8.54, 7.5], [7.68, 7.43, 7.38, 7.94, 8.18, 8.74, 9.19, 9.26, 9.28, 9.14, 9.38, 9.48, 8.48, 7.79, 7.6, 6.94, 6.51, 6.59, 7.14, 7.09, 6.39, 4.83, 3.49, 3.92, 5.03, 5.26, 5.13, 4.08, 3.17, 2.52, 0.93, 0.68, 0, 1.03, 1.51, 1.55, 1.81, 1.63, 1.44, 2.68, 3.25, 2.6, 2.45, 2.16, 2.29, 2.83, 3.22, 3.51, 3.25, 3.12, 3.81, 3.75, 3.66, 5.29, 6.36, 6.71, 6.68, 6.23, 5.89, 5.14, 5.38, 5.16, 4.91, 5.38, 5.39, 5.09, 4.63, 4.53, 4.76, 4.48, 4.84, 4.63, 4.44, 4.81, 6.21, 6.94, 7.0, 6.92, 8.25, 9.0, 9.37, 9.2, 8.91, 8.85, 8.36, 7.34], [8.23, 7.98, 7.93, 8.49, 8.73, 9.29, 9.74, 9.83, 9.85, 9.69, 9.93, 10.03, 9.03, 8.34, 8.15, 7.51, 7.1, 7.18, 7.71, 7.66, 6.96, 5.44, 3.96, 4.55, 5.66, 5.89, 5.7, 4.63, 3.74, 3.25, 1.6, 0.95, 1.03, 0, 0.78, 0.82, 1.3, 1.26, 1.71, 3.29, 3.46, 2.69, 2.4, 2.09, 2.06, 2.14, 2.59, 2.9, 2.66, 3.09, 3.82, 3.82, 3.91, 5.84, 6.93, 7.28, 7.29, 6.8, 6.5, 5.61, 5.87, 5.75, 5.36, 5.93, 5.94, 5.64, 5.14, 4.8, 5.09, 4.95, 5.19, 4.82, 4.61, 5.06, 6.78, 7.51, 7.57, 7.49, 8.82, 9.55, 9.86, 9.75, 9.48, 9.42, 8.93, 7.85], [8.69, 8.46, 8.41, 9.01, 9.21, 9.81, 10.26, 10.35, 10.37, 10.21, 10.45, 10.51, 9.51, 8.82, 8.65, 8.03, 7.64, 7.74, 8.23, 8.18, 7.52, 6.0, 4.52, 5.15, 6.14, 6.41, 6.2, 5.13, 4.28, 3.77, 2.12, 1.39, 1.51, 0.78, 0, 0.62, 0.92, 1.0, 2.25, 3.81, 3.86, 2.95, 2.44, 2.15, 1.96, 1.68, 2.07, 2.3, 2.18, 2.89, 3.88, 3.9, 4.23, 6.26, 7.41, 7.74, 7.83, 7.34, 7.04, 6.15, 6.29, 6.13, 5.76, 6.35, 6.36, 6.08, 5.58, 5.16, 5.37, 5.29, 5.49, 5.12, 4.79, 5.48, 7.24, 8.03, 8.09, 7.99, 9.34, 10.09, 10.46, 10.31, 10.02, 9.96, 9.47, 8.43], [8.49, 8.28, 8.23, 8.83, 9.03, 9.63, 10.08, 10.17, 10.19, 10.03, 10.27, 10.31, 9.29, 8.58, 8.47, 7.85, 7.44, 7.52, 8.05, 8.0, 7.3, 5.78, 4.3, 4.99, 5.98, 6.21, 6.02, 4.95, 4.06, 3.63, 2.02, 1.29, 1.55, 0.82, 0.62, 0, 0.78, 0.84, 2.09, 3.61, 3.64, 2.77, 2.4, 2.01, 1.9, 1.68, 2.11, 2.34, 2.22, 2.89, 3.84, 3.82, 4.09, 6.1, 7.23, 7.58, 7.63, 7.14, 6.84, 5.95, 6.11, 5.91, 5.58, 6.15, 6.14, 5.92, 5.4, 5.04, 5.13, 5.21, 5.39, 5.04, 4.77, 5.38, 7.06, 7.83, 7.89, 7.81, 9.16, 9.89, 10.22, 10.09, 9.82, 9.76, 9.27, 8.21], [8.65, 8.44, 8.39, 8.99, 9.19, 9.79, 10.24, 10.33, 10.35, 10.19, 10.43, 10.47, 9.45, 8.74, 8.63, 8.01, 7.6, 7.68, 8.21, 8.16, 7.46, 6.0, 4.48, 5.07, 6.18, 6.35, 6.2, 5.13, 4.28, 3.77, 2.18, 1.61, 1.81, 1.3, 0.92, 0.78, 0, 0.9, 2.19, 3.77, 3.88, 3.05, 2.72, 2.29, 2.28, 1.88, 2.05, 2.16, 2.18, 3.15, 4.26, 4.28, 4.49, 6.26, 7.39, 7.74, 7.79, 7.3, 7.0, 6.17, 6.27, 6.15, 5.76, 6.31, 6.3, 6.08, 5.56, 5.36, 5.45, 5.55, 5.77, 5.46, 5.21, 5.82, 7.22, 8.03, 8.05, 8.07, 9.32, 10.09, 10.48, 10.29, 10.0, 9.92, 9.43, 8.45], [8.29, 8.06, 8.01, 8.61, 8.81, 9.41, 9.86, 9.95, 9.97, 9.81, 10.05, 10.11, 9.11, 8.4, 8.25, 7.63, 7.2, 7.28, 7.87, 7.78, 7.1, 5.5, 4.08, 4.79, 5.7, 5.97, 5.94, 4.81, 4.04, 3.63, 1.92, 1.33, 1.63, 1.26, 1.0, 0.84, 0.9, 0, 1.87, 3.47, 3.44, 2.59, 2.3, 1.87, 1.84, 1.66, 2.07, 2.3, 2.18, 2.75, 3.84, 3.84, 4.01, 5.86, 7.01, 7.34, 7.37, 6.94, 6.62, 5.75, 5.89, 5.71, 5.38, 5.95, 5.94, 5.68, 5.18, 4.96, 5.03, 5.05, 5.33, 5.06, 4.73, 5.3, 6.9, 7.67, 7.69, 7.65, 8.94, 9.69, 10.04, 9.91, 9.62, 9.56, 9.07, 8.03], [6.86, 6.51, 6.46, 6.96, 7.18, 7.78, 8.23, 8.34, 8.4, 8.24, 8.48, 8.64, 7.7, 7.11, 6.84, 6.06, 5.73, 5.79, 6.28, 6.25, 5.65, 4.15, 2.93, 3.16, 4.37, 4.54, 4.35, 3.48, 2.57, 2.16, 1.05, 1.38, 1.44, 1.71, 2.25, 2.09, 2.19, 1.87, 0, 1.82, 2.37, 1.6, 1.75, 1.44, 2.05, 2.932, 3.382, 3.669, 3.426, 2.64, 3.31, 3.23, 3.16, 4.61, 5.54, 5.85, 5.82, 5.47, 5.03, 4.32, 4.5, 4.62, 4.11, 4.58, 4.67, 4.21, 3.73, 3.91, 4.18, 4.16, 4.5, 4.17, 3.98, 4.31, 5.51, 6.3, 6.28, 6.22, 7.45, 8.28, 8.69, 8.48, 8.19, 8.09, 7.58, 6.68], [5.76, 5.33, 5.24, 5.52, 5.74, 6.24, 6.67, 6.74, 6.72, 6.66, 7.04, 7.42, 6.58, 6.07, 5.72, 4.48, 4.11, 4.21, 4.54, 4.57, 3.99, 2.71, 1.85, 2.08, 2.81, 3.08, 2.79, 1.92, 1.31, 1.08, 2.13, 2.8, 2.68, 3.29, 3.81, 3.61, 3.77, 3.47, 1.82, 0, 1.27, 1.74, 2.17, 2.32, 3.455, 4.412, 4.828, 5.129, 4.912, 3.34, 3.33, 3.01, 2.72, 3.63, 4.14, 4.27, 4.24, 3.83, 3.47, 3.48, 3.46, 3.86, 3.45, 3.5, 3.61, 3.13, 2.87, 3.27, 3.64, 3.5, 3.84, 3.61, 3.42, 3.73, 4.41, 4.82, 4.94, 5.26, 5.73, 6.54, 6.95, 6.74, 6.45, 6.35, 5.8, 4.94], [5.93, 5.44, 5.45, 5.75, 5.93, 6.43, 6.88, 6.93, 6.89, 6.83, 7.27, 7.65, 6.77, 6.2, 5.91, 4.71, 4.26, 4.34, 4.81, 4.7, 4.04, 2.38, 1.34, 2.25, 2.84, 3.29, 3.04, 1.91, 1.78, 1.59, 2.52, 3.17, 3.25, 3.46, 3.86, 3.64, 3.88, 3.44, 2.37, 1.27, 0, 1.39, 2.0, 2.27, 3.408, 4.367, 4.781, 5.084, 4.865, 3.17, 2.74, 2.42, 2.25, 3.62, 4.29, 4.46, 4.51, 3.98, 3.62, 3.23, 3.51, 3.67, 3.18, 3.63, 3.76, 3.34, 2.78, 2.82, 3.03, 3.09, 3.37, 3.02, 2.69, 3.14, 4.56, 4.87, 5.01, 5.19, 5.8, 6.43, 6.84, 6.67, 6.4, 6.3, 5.85, 4.87], [6.4, 5.97, 5.94, 6.4, 6.64, 7.22, 7.65, 7.72, 7.72, 7.64, 7.86, 8.16, 7.24, 6.67, 6.38, 5.4, 5.13, 5.25, 5.82, 5.61, 5.11, 3.51, 2.23, 3.06, 3.89, 4.3, 4.03, 3.12, 2.67, 2.28, 1.99, 2.5, 2.6, 2.69, 2.95, 2.77, 3.05, 2.59, 1.6, 1.74, 1.39, 0, 0.99, 1.26, 2.19, 3.133, 3.563, 3.87, 3.61, 2.3, 2.49, 2.45, 2.5, 4.11, 4.9, 5.17, 5.36, 5.01, 4.65, 3.78, 4.0, 4.14, 3.65, 4.1, 4.19, 3.79, 3.27, 3.15, 3.44, 3.5, 3.72, 3.35, 3.0, 3.61, 5.17, 5.8, 5.72, 5.68, 6.75, 7.58, 7.99, 7.78, 7.49, 7.39, 6.9, 6.08], [6.87, 6.5, 6.47, 6.93, 7.13, 7.71, 8.16, 8.25, 8.27, 8.13, 8.41, 8.67, 7.73, 7.04, 6.85, 5.97, 5.7, 5.86, 6.41, 6.28, 5.68, 4.06, 2.68, 3.63, 4.54, 4.93, 4.7, 3.75, 3.18, 2.77, 2.06, 2.35, 2.45, 2.4, 2.44, 2.4, 2.72, 2.3, 1.75, 2.17, 2.0, 0.99, 0, 0.87, 1.64, 2.52, 2.867, 3.152, 2.92, 1.79, 2.46, 2.46, 2.63, 4.5, 5.47, 5.78, 5.91, 5.52, 5.24, 4.13, 4.51, 4.45, 4.0, 4.57, 4.6, 4.28, 3.74, 3.38, 3.69, 3.73, 3.93, 3.54, 3.17, 3.92, 5.68, 6.41, 6.33, 6.01, 7.34, 8.17, 8.56, 8.37, 8.06, 7.96, 7.37, 6.67], [7.0, 6.59, 6.58, 7.0, 7.24, 7.82, 8.23, 8.32, 8.38, 8.26, 8.52, 8.78, 7.84, 7.17, 6.98, 6.1, 5.91, 5.99, 6.48, 6.41, 5.85, 4.35, 2.87, 3.84, 4.73, 5.0, 4.77, 3.82, 3.17, 2.88, 1.81, 2.08, 2.16, 2.09, 2.15, 2.01, 2.29, 1.87, 1.44, 2.32, 2.27, 1.26, 0.87, 0, 1.39, 2.27, 2.62, 2.896, 2.67, 1.86, 2.75, 2.81, 2.86, 4.65, 5.58, 5.83, 5.98, 5.69, 5.33, 4.24, 4.6, 4.56, 4.11, 4.68, 4.73, 4.39, 3.85, 3.55, 3.84, 3.88, 4.12, 3.73, 3.46, 4.15, 5.79, 6.54, 6.5, 6.14, 7.51, 8.36, 8.75, 8.56, 8.25, 8.15, 7.58, 6.88], [7.25, 7.16, 7.13, 7.53, 7.67, 8.39, 8.86, 9.05, 9.19, 9.03, 9.15, 9.09, 7.97, 7.28, 7.15, 6.77, 6.971, 7.076, 7.595, 7.429, 6.948, 5.448, 4.074, 4.934, 5.788, 6.035, 5.808, 4.909, 4.319, 4.015, 2.5, 2.17, 2.29, 2.06, 1.96, 1.9, 2.28, 1.84, 2.05, 3.455, 3.408, 2.19, 1.64, 1.39, 0, 1.08, 1.53, 1.94, 1.76, 1.63, 2.58, 2.62, 3.01, 5.14, 6.55, 6.906, 7.149, 6.699, 6.479, 5.17, 4.99, 4.75, 4.38, 4.79, 4.82, 4.52, 4.06, 3.64, 3.89, 3.87, 4.09, 3.8, 3.77, 4.68, 6.64, 7.63, 7.436, 6.93, 8.412, 9.322, 9.634, 9.464, 9.097, 8.994, 8.404, 7.879], [8.11, 8.072, 8.022, 8.405, 8.51, 9.248, 9.718, 9.925, 10.067, 9.913, 10.042, 9.962, 8.75, 8.02, 7.99, 7.656, 7.954, 8.031, 8.515, 8.392, 7.931, 6.413, 5.057, 5.908, 6.756, 7.058, 6.791, 5.892, 5.248, 4.998, 3.313, 2.69, 2.83, 2.14, 1.68, 1.68, 1.88, 1.66, 2.932, 4.412, 4.367, 3.133, 2.52, 2.27, 1.08, 0, 0.75, 1.1, 1.14, 2.13, 3.14, 3.18, 3.73, 6.032, 7.533, 7.883, 8.118, 7.659, 7.433, 6.147, 5.87, 5.63, 5.3, 5.57, 5.56, 5.36, 4.92, 4.44, 4.63, 4.63, 4.67, 4.6, 4.67, 5.592, 7.477, 8.533, 8.319, 7.822, 9.294, 10.204, 10.517, 10.347, 9.98, 9.897, 9.307, 8.862], [8.555, 8.522, 8.472, 8.86, 8.98, 9.68, 10.15, 10.355, 10.497, 10.343, 10.492, 10.412, 9.18, 8.47, 8.46, 8.106, 8.364, 8.421, 8.928, 8.782, 8.321, 6.841, 5.447, 6.327, 7.201, 7.488, 7.221, 6.3, 5.638, 5.388, 3.743, 3.18, 3.22, 2.59, 2.07, 2.11, 2.05, 2.07, 3.382, 4.828, 4.781, 3.563, 2.867, 2.62, 1.53, 0.75, 0, 0.65, 0.73, 2.0, 3.23, 3.31, 3.96, 6.422, 7.923, 8.273, 8.508, 8.049, 7.838, 6.537, 6.28, 5.98, 5.722, 6.02, 6.03, 5.81, 5.37, 4.91, 5.0, 4.92, 4.98, 4.91, 4.972, 5.962, 7.907, 8.963, 8.749, 8.252, 9.724, 10.634, 10.947, 10.777, 10.41, 10.327, 9.737, 9.252], [9.01, 8.94, 8.91, 9.33, 9.45, 10.13, 10.58, 10.75, 10.91, 10.81, 10.95, 10.89, 9.63, 8.94, 8.93, 8.59, 8.669, 8.789, 9.233, 9.132, 8.652, 7.154, 5.766, 6.614, 7.488, 7.755, 7.5, 6.569, 5.945, 5.695, 4.03, 3.43, 3.51, 2.9, 2.3, 2.34, 2.16, 2.3, 3.669, 5.129, 5.084, 3.87, 3.152, 2.896, 1.94, 1.1, 0.65, 0, 0.6, 2.15, 3.22, 3.38, 4.21, 6.82, 8.25, 8.606, 8.855, 8.4, 8.145, 6.85, 6.59, 6.39, 6.08, 6.49, 6.46, 6.24, 5.74, 5.34, 5.39, 5.33, 5.41, 5.32, 5.37, 6.349, 8.194, 9.25, 9.099, 8.582, 10.12, 11.022, 11.357, 11.184, 10.84, 10.72, 10.13, 9.602], [8.89, 8.8, 8.77, 9.21, 9.31, 10.01, 10.46, 10.63, 10.75, 10.65, 10.83, 10.77, 9.47, 8.8, 8.79, 8.45, 8.44, 8.54, 9.07, 8.9, 8.42, 6.92, 5.531, 6.391, 7.26, 7.53, 7.28, 6.386, 5.736, 5.472, 3.807, 3.17, 3.25, 2.66, 2.18, 2.22, 2.18, 2.18, 3.426, 4.912, 4.865, 3.61, 2.92, 2.67, 1.76, 1.14, 0.73, 0.6, 0, 1.87, 3.12, 3.22, 3.97, 6.62, 8.03, 8.36, 8.63, 8.2, 7.956, 6.65, 6.45, 6.23, 5.96, 6.35, 6.34, 6.12, 5.58, 5.2, 5.25, 5.21, 5.27, 5.12, 5.13, 6.12, 8.04, 9.087, 8.91, 8.39, 9.92, 10.83, 11.18, 10.99, 10.66, 10.54, 9.99, 9.35], [7.16, 7.05, 7.02, 7.48, 7.62, 8.3, 8.75, 8.9, 8.98, 8.88, 9.08, 9.02, 7.82, 7.11, 7.1, 6.68, 6.75, 6.87, 7.32, 7.21, 6.71, 5.21, 3.83, 4.698, 5.55, 5.82, 5.541, 4.633, 4.15, 3.8, 3.11, 3.22, 3.12, 3.09, 2.89, 2.89, 3.15, 2.75, 2.64, 3.34, 3.17, 2.3, 1.79, 1.86, 1.63, 2.13, 2.0, 2.15, 1.87, 0, 1.47, 1.69, 2.42, 4.95, 6.34, 6.69, 6.94, 6.49, 6.249, 4.96, 4.78, 4.6, 4.27, 4.68, 4.69, 4.45, 3.95, 3.53, 3.58, 3.5, 3.58, 3.49, 3.46, 4.43, 6.21, 7.3, 7.12, 6.6, 8.15, 9.04, 9.39, 9.2, 8.89, 8.77, 8.2, 7.68], [6.05, 5.98, 5.91, 6.39, 6.53, 7.21, 7.66, 7.79, 7.89, 7.79, 7.97, 7.91, 6.75, 6.04, 6.01, 5.63, 5.74, 5.84, 6.31, 6.2, 5.72, 4.24, 2.86, 3.77, 4.64, 4.85, 4.56, 3.85, 4.04, 3.79, 3.8, 3.95, 3.81, 3.82, 3.88, 3.84, 4.26, 3.84, 3.31, 3.33, 2.74, 2.49, 2.46, 2.75, 2.58, 3.14, 3.23, 3.22, 3.12, 1.47, 0, 0.8, 1.55, 3.88, 5.29, 5.66, 5.909, 5.44, 5.239, 3.91, 3.71, 3.55, 3.22, 3.61, 3.62, 3.42, 2.94, 2.44, 2.49, 2.41, 2.51, 2.46, 2.43, 3.38, 5.2, 6.29, 6.03, 5.59, 7.08, 7.99, 8.34, 8.15, 7.82, 7.7, 7.13, 6.67], [5.91, 5.8, 5.79, 6.27, 6.41, 7.09, 7.54, 7.67, 7.79, 7.71, 7.83, 7.77, 6.63, 5.92, 5.89, 5.47, 5.56, 5.64, 6.11, 6.0, 5.52, 4.04, 2.66, 3.55, 4.4, 4.67, 4.36, 3.51, 3.66, 3.43, 3.7, 3.89, 3.75, 3.82, 3.9, 3.82, 4.28, 3.84, 3.23, 3.01, 2.42, 2.45, 2.46, 2.81, 2.62, 3.18, 3.31, 3.38, 3.22, 1.69, 0.8, 0, 1.29, 3.74, 5.17, 5.52, 5.73, 5.26, 5.022, 3.73, 3.51, 3.33, 2.98, 3.45, 3.44, 3.24, 2.7, 2.3, 2.37, 2.29, 2.37, 2.28, 2.29, 3.26, 5.06, 6.17, 5.97, 5.47, 7.0, 7.89, 8.26, 8.07, 7.74, 7.62, 7.03, 6.45], [5.02, 4.91, 4.9, 5.34, 5.46, 6.14, 6.59, 6.76, 6.88, 6.78, 6.96, 6.9, 5.64, 4.95, 4.94, 4.58, 4.57, 4.63, 5.18, 4.99, 4.51, 3.03, 1.79, 2.62, 3.49, 3.78, 3.45, 2.8, 2.89, 2.98, 3.49, 3.8, 3.66, 3.91, 4.23, 4.09, 4.49, 4.01, 3.16, 2.72, 2.25, 2.5, 2.63, 2.86, 3.01, 3.73, 3.96, 4.21, 3.97, 2.42, 1.55, 1.29, 0, 2.75, 4.16, 4.49, 4.72, 4.35, 4.05, 2.78, 2.62, 2.36, 2.13, 2.54, 2.53, 2.35, 1.81, 1.55, 1.52, 1.58, 1.66, 1.53, 1.6, 2.29, 4.15, 5.22, 5.04, 4.52, 6.05, 6.92, 7.29, 7.1, 6.79, 6.67, 6.1, 5.46], [2.45, 2.28, 2.19, 2.75, 2.95, 3.55, 4.0, 4.11, 4.19, 4.03, 4.25, 4.25, 3.27, 2.62, 2.41, 1.95, 2.42, 2.48, 2.73, 2.48, 2.12, 1.62, 2.54, 2.17, 2.2, 2.19, 2.04, 2.89, 3.48, 3.85, 4.88, 5.45, 5.29, 5.84, 6.26, 6.1, 6.26, 5.86, 4.61, 3.63, 3.62, 4.11, 4.5, 4.65, 5.14, 6.032, 6.422, 6.82, 6.62, 4.95, 3.88, 3.74, 2.75, 0, 1.59, 1.9, 2.17, 1.74, 2.02, 1.55, 1.55, 1.89, 1.8, 1.23, 1.16, 1.34, 1.58, 1.84, 1.83, 1.71, 1.75, 1.68, 1.77, 1.44, 1.52, 2.63, 2.41, 2.29, 3.34, 4.23, 4.58, 4.41, 4.1, 4.06, 3.47, 3.07], [1.7, 1.27, 1.3, 1.8, 2.2, 2.56, 2.89, 2.96, 2.98, 2.86, 3.1, 3.38, 2.52, 2.19, 1.82, 1.64, 1.99, 2.07, 1.92, 1.59, 1.47, 2.19, 3.33, 2.84, 2.31, 2.2, 2.37, 3.1, 3.91, 4.42, 5.81, 6.5, 6.36, 6.93, 7.41, 7.23, 7.39, 7.01, 5.54, 4.14, 4.29, 4.9, 5.47, 5.58, 6.55, 7.533, 7.923, 8.25, 8.03, 6.34, 5.29, 5.17, 4.16, 1.59, 0, 0.59, 0.98, 1.07, 1.43, 1.66, 1.84, 2.58, 2.61, 2.16, 2.19, 2.41, 2.81, 3.31, 3.28, 3.2, 3.2, 3.05, 3.08, 2.37, 1.13, 1.32, 1.36, 1.9, 2.17, 2.98, 3.35, 3.26, 2.93, 2.81, 2.32, 2.6], [1.67, 1.28, 1.23, 1.61, 2.01, 2.29, 2.62, 2.65, 2.65, 2.55, 2.87, 3.29, 2.49, 2.2, 1.81, 1.57, 1.92, 1.98, 1.77, 1.48, 1.44, 2.36, 3.56, 3.05, 2.24, 2.17, 2.48, 3.29, 4.04, 4.55, 6.14, 6.85, 6.71, 7.28, 7.74, 7.58, 7.74, 7.34, 5.85, 4.27, 4.46, 5.17, 5.78, 5.83, 6.906, 7.883, 8.273, 8.606, 8.36, 6.69, 5.66, 5.52, 4.49, 1.9, 0.59, 0, 0.79, 1.0, 1.46, 1.93, 2.11, 2.79, 2.88, 2.51, 2.52, 2.74, 3.16, 3.66, 3.63, 3.55, 3.55, 3.4, 3.39, 2.56, 1.12, 1.21, 1.15, 1.77, 1.94, 2.75, 3.12, 3.05, 2.7, 2.56, 2.15, 2.51], [1.82, 1.45, 1.4, 1.64, 2.06, 2.18, 2.53, 2.6, 2.62, 2.5, 2.92, 3.38, 2.64, 2.23, 1.84, 1.58, 1.81, 1.81, 1.66, 1.49, 1.39, 2.39, 3.63, 3.02, 2.17, 2.02, 2.43, 3.28, 3.99, 4.56, 6.19, 6.88, 6.68, 7.29, 7.83, 7.63, 7.79, 7.37, 5.82, 4.24, 4.51, 5.36, 5.91, 5.98, 7.149, 8.118, 8.508, 8.855, 8.63, 6.94, 5.909, 5.73, 4.72, 2.17, 0.98, 0.79, 0, 0.85, 1.31, 2.14, 2.46, 2.82, 2.99, 2.762, 2.755, 2.975, 3.41, 3.892, 3.896, 3.816, 3.799, 3.67, 3.62, 2.79, 1.25, 1.42, 1.58, 2.1, 2.13, 2.88, 3.29, 3.24, 2.93, 2.75, 2.36, 2.38], [2.29, 1.86, 1.79, 1.99, 2.25, 2.63, 3.04, 3.11, 3.11, 2.99, 3.41, 3.87, 3.11, 2.66, 2.23, 1.67, 1.98, 1.98, 1.97, 1.74, 1.42, 1.92, 3.18, 2.63, 2.1, 1.97, 2.06, 2.93, 3.44, 4.01, 5.72, 6.41, 6.23, 6.8, 7.34, 7.14, 7.3, 6.94, 5.47, 3.83, 3.98, 5.01, 5.52, 5.69, 6.699, 7.659, 8.049, 8.4, 8.2, 6.49, 5.44, 5.26, 4.35, 1.74, 1.07, 1.0, 0.85, 0, 1.04, 1.77, 2.07, 2.63, 2.62, 2.33, 2.42, 2.52, 2.933, 3.433, 3.43, 3.35, 3.35, 3.22, 3.19, 2.34, 1.24, 1.59, 1.73, 2.19, 2.34, 3.09, 3.44, 3.35, 3.04, 2.9, 2.53, 2.43], [2.73, 2.26, 2.27, 2.55, 2.85, 3.11, 3.48, 3.55, 3.53, 3.45, 3.85, 4.33, 3.53, 3.0, 2.67, 2.43, 2.62, 2.56, 2.47, 2.2, 1.98, 2.02, 2.88, 2.21, 2.56, 2.29, 1.98, 2.93, 3.22, 3.65, 5.38, 6.07, 5.89, 6.5, 7.04, 6.84, 7.0, 6.62, 5.03, 3.47, 3.62, 4.65, 5.24, 5.33, 6.479, 7.433, 7.838, 8.145, 7.956, 6.249, 5.239, 5.022, 4.05, 2.02, 1.43, 1.46, 1.31, 1.04, 0, 1.43, 1.79, 2.39, 2.46, 2.35, 2.58, 2.48, 2.722, 3.222, 3.226, 3.146, 3.129, 3.0, 2.95, 2.2, 1.6, 2.03, 2.15, 2.29, 2.74, 3.41, 3.82, 3.73, 3.44, 3.32, 2.87, 3.07], [2.86, 2.47, 2.44, 2.9, 3.18, 3.7, 4.15, 4.24, 4.28, 4.24, 4.38, 4.58, 3.66, 3.09, 2.8, 2.6, 2.97, 3.11, 2.96, 2.79, 2.43, 2.21, 2.17, 2.3, 2.99, 2.94, 2.41, 3.2, 3.61, 3.76, 4.67, 5.3, 5.14, 5.61, 6.15, 5.95, 6.17, 5.75, 4.32, 3.48, 3.23, 3.78, 4.13, 4.24, 5.17, 6.147, 6.537, 6.85, 6.65, 4.96, 3.91, 3.73, 2.78, 1.55, 1.66, 1.93, 2.14, 1.77, 1.43, 0, 1.08, 1.42, 1.37, 1.66, 1.85, 1.77, 1.77, 1.91, 1.92, 1.8, 1.84, 1.71, 1.8, 1.35, 1.89, 2.68, 2.6, 2.22, 3.53, 4.46, 4.81, 4.7, 4.33, 4.19, 3.7, 3.66], [2.58, 2.49, 2.36, 2.8, 2.96, 3.62, 4.07, 4.22, 4.38, 4.3, 4.4, 4.34, 3.32, 2.85, 2.56, 2.6, 3.17, 3.31, 3.14, 3.03, 2.67, 2.53, 2.59, 2.72, 3.19, 3.16, 2.55, 3.16, 3.65, 3.84, 4.91, 5.5, 5.38, 5.87, 6.29, 6.11, 6.27, 5.89, 4.5, 3.46, 3.51, 4.0, 4.51, 4.6, 4.99, 5.87, 6.28, 6.59, 6.45, 4.78, 3.71, 3.51, 2.62, 1.55, 1.84, 2.11, 2.46, 2.07, 1.79, 1.08, 0, 1.14, 1.01, 1.1, 1.31, 1.23, 1.31, 1.67, 1.68, 1.7, 1.78, 1.67, 1.9, 1.65, 2.01, 2.86, 2.74, 2.7, 3.63, 4.56, 4.91, 4.82, 4.45, 4.33, 3.84, 3.88], [3.0, 2.93, 2.92, 3.38, 3.54, 3.94, 4.39, 4.58, 4.68, 4.6, 4.8, 4.72, 3.76, 3.03, 2.96, 3.28, 3.91, 4.07, 3.98, 3.81, 3.45, 2.89, 2.63, 3.1, 3.93, 3.92, 3.23, 3.64, 4.01, 4.1, 4.89, 5.34, 5.16, 5.75, 6.13, 5.91, 6.15, 5.71, 4.62, 3.86, 3.67, 4.14, 4.45, 4.56, 4.75, 5.63, 5.98, 6.39, 6.23, 4.6, 3.55, 3.33, 2.36, 1.89, 2.58, 2.79, 2.82, 2.63, 2.39, 1.42, 1.14, 0, 0.73, 1.46, 1.73, 1.73, 1.57, 1.71, 1.64, 1.6, 1.72, 1.69, 1.78, 1.75, 2.61, 3.74, 3.54, 3.0, 4.33, 5.28, 5.59, 5.58, 5.21, 5.03, 4.62, 4.62], [3.11, 3.02, 3.05, 3.53, 3.61, 4.23, 4.7, 4.85, 4.97, 4.85, 4.95, 4.91, 4.01, 3.32, 3.15, 3.13, 3.72, 3.92, 3.97, 3.84, 3.4, 2.68, 2.34, 2.81, 3.64, 3.65, 2.92, 3.31, 3.66, 3.75, 4.48, 5.03, 4.91, 5.36, 5.76, 5.58, 5.76, 5.38, 4.11, 3.45, 3.18, 3.65, 4.0, 4.11, 4.38, 5.3, 5.722, 6.08, 5.96, 4.27, 3.22, 2.98, 2.13, 1.8, 2.61, 2.88, 2.99, 2.62, 2.46, 1.37, 1.01, 0.73, 0, 1.35, 1.64, 1.5, 1.24, 1.34, 1.41, 1.35, 1.61, 1.42, 1.43, 1.56, 2.6, 3.75, 3.55, 3.11, 4.44, 5.37, 5.68, 5.63, 5.28, 5.12, 4.67, 4.45], [2.58, 2.65, 2.56, 2.86, 2.96, 3.76, 4.23, 4.44, 4.62, 4.46, 4.56, 4.42, 3.22, 2.71, 2.48, 2.38, 3.09, 3.25, 3.38, 3.21, 2.79, 2.35, 2.67, 2.56, 3.05, 3.02, 2.47, 2.86, 3.37, 3.8, 4.93, 5.54, 5.38, 5.93, 6.35, 6.15, 6.31, 5.95, 4.58, 3.5, 3.63, 4.1, 4.57, 4.68, 4.79, 5.57, 6.02, 6.49, 6.35, 4.68, 3.61, 3.45, 2.54, 1.23, 2.16, 2.51, 2.762, 2.33, 2.35, 1.66, 1.1, 1.46, 1.35, 0, 0.71, 0.75, 1.09, 1.33, 1.5, 1.36, 1.62, 1.61, 1.9, 1.87, 2.11, 3.24, 2.98, 2.98, 3.89, 4.76, 5.07, 4.94, 4.57, 4.55, 3.96, 3.78], [2.65, 2.66, 2.61, 2.91, 3.01, 3.79, 4.257, 4.464, 4.65, 4.51, 4.59, 4.49, 3.25, 2.62, 2.53, 2.37, 2.84, 2.96, 3.21, 3.06, 2.62, 2.28, 2.7, 2.43, 2.66, 2.65, 2.36, 2.77, 3.4, 3.89, 4.98, 5.55, 5.39, 5.94, 6.36, 6.14, 6.3, 5.94, 4.67, 3.61, 3.76, 4.19, 4.6, 4.73, 4.82, 5.56, 6.03, 6.46, 6.34, 4.69, 3.62, 3.44, 2.53, 1.16, 2.19, 2.52, 2.755, 2.42, 2.58, 1.85, 1.31, 1.73, 1.64, 0.71, 0, 0.72, 1.06, 1.38, 1.37, 1.43, 1.31, 1.66, 1.95, 1.96, 2.16, 3.19, 2.91, 2.95, 3.88, 4.79, 5.1, 4.95, 4.58, 4.54, 3.91, 3.55], [3.03, 2.96, 2.79, 3.11, 3.21, 3.99, 4.46, 4.647, 4.83, 4.71, 4.79, 4.77, 3.65, 3.14, 2.87, 2.51, 2.96, 3.08, 3.45, 3.26, 2.8, 2.16, 2.38, 2.17, 2.66, 2.67, 2.08, 2.77, 3.22, 3.49, 4.58, 5.25, 5.09, 5.64, 6.08, 5.92, 6.08, 5.68, 4.21, 3.13, 3.34, 3.79, 4.28, 4.39, 4.52, 5.36, 5.81, 6.24, 6.12, 4.45, 3.42, 3.24, 2.35, 1.34, 2.41, 2.74, 2.975, 2.52, 2.48, 1.77, 1.23, 1.73, 1.5, 0.75, 0.72, 0, 0.78, 1.16, 1.33, 1.21, 1.29, 1.5, 1.81, 1.84, 2.46, 3.37, 3.15, 3.19, 4.08, 4.97, 5.28, 5.13, 4.78, 4.7, 4.087, 3.69], [3.49, 3.3, 3.29, 3.67, 3.75, 4.53, 5.0, 5.19, 5.37, 5.25, 5.33, 5.27, 4.09, 3.56, 3.37, 3.07, 3.38, 3.48, 3.83, 3.64, 3.22, 2.16, 2.02, 2.13, 3.0, 3.03, 2.44, 2.73, 3.06, 3.11, 4.1, 4.75, 4.63, 5.14, 5.58, 5.4, 5.56, 5.18, 3.73, 2.87, 2.78, 3.27, 3.74, 3.85, 4.06, 4.92, 5.37, 5.74, 5.58, 3.95, 2.94, 2.7, 1.81, 1.58, 2.81, 3.16, 3.41, 2.933, 2.722, 1.77, 1.31, 1.57, 1.24, 1.09, 1.06, 0.78, 0, 0.98, 1.15, 1.17, 1.27, 1.34, 1.61, 1.88, 2.84, 3.81, 3.61, 3.45, 4.58, 5.49, 5.82, 5.67, 5.3, 5.22, 4.59, 4.15], [3.83, 3.76, 3.69, 4.01, 4.11, 4.89, 5.36, 5.55, 5.73, 5.61, 5.69, 5.63, 4.47, 3.76, 3.65, 3.39, 3.84, 3.94, 4.35, 4.18, 3.72, 2.68, 2.0, 2.63, 3.38, 3.39, 2.9, 3.15, 3.48, 3.57, 4.16, 4.63, 4.53, 4.8, 5.16, 5.04, 5.36, 4.96, 3.91, 3.27, 2.82, 3.15, 3.38, 3.55, 3.64, 4.44, 4.91, 5.34, 5.2, 3.53, 2.44, 2.3, 1.55, 1.84, 3.31, 3.66, 3.892, 3.433, 3.222, 1.91, 1.67, 1.71, 1.34, 1.33, 1.38, 1.16, 0.98, 0, 0.83, 0.73, 0.87, 0.84, 1.13, 1.5, 3.26, 4.31, 4.03, 3.61, 4.98, 5.89, 6.18, 6.01, 5.68, 5.6, 5.01, 4.67], [3.76, 3.77, 3.64, 4.0, 4.08, 4.86, 5.33, 5.52, 5.7, 5.58, 5.68, 5.6, 4.3, 3.57, 3.6, 3.42, 3.87, 4.01, 4.36, 4.19, 3.71, 2.59, 2.15, 2.64, 3.55, 3.6, 2.87, 3.36, 3.81, 3.94, 4.53, 4.9, 4.76, 5.09, 5.37, 5.13, 5.45, 5.03, 4.18, 3.64, 3.03, 3.44, 3.69, 3.84, 3.89, 4.63, 5.0, 5.39, 5.25, 3.58, 2.49, 2.37, 1.52, 1.83, 3.28, 3.63, 3.896, 3.43, 3.226, 1.92, 1.68, 1.64, 1.41, 1.5, 1.37, 1.33, 1.15, 0.83, 0, 0.88, 0.8, 0.97, 1.2, 1.55, 3.19, 4.3, 3.98, 3.56, 4.93, 5.88, 6.17, 5.98, 5.65, 5.59, 5.02, 4.66], [3.74, 3.69, 3.62, 4.0, 4.14, 4.8, 5.25, 5.46, 5.64, 5.52, 5.62, 5.58, 4.44, 3.73, 3.6, 3.38, 3.77, 3.87, 4.26, 4.09, 3.61, 2.73, 2.21, 2.64, 3.41, 3.38, 2.83, 3.28, 3.63, 3.8, 4.39, 4.78, 4.48, 4.95, 5.29, 5.21, 5.55, 5.05, 4.16, 3.5, 3.09, 3.5, 3.73, 3.88, 3.87, 4.63, 4.92, 5.33, 5.21, 3.5, 2.41, 2.29, 1.58, 1.71, 3.2, 3.55, 3.816, 3.35, 3.146, 1.8, 1.7, 1.6, 1.35, 1.36, 1.43, 1.21, 1.17, 0.73, 0.88, 0, 0.72, 0.69, 0.96, 1.53, 3.11, 4.2, 3.9, 3.46, 4.87, 5.8, 6.09, 5.92, 5.55, 5.49, 4.88, 4.52], [3.72, 3.65, 3.6, 3.96, 4.08, 4.82, 5.29, 5.48, 5.66, 5.54, 5.62, 5.54, 4.32, 3.59, 3.56, 3.36, 3.77, 3.93, 4.26, 4.09, 3.63, 2.83, 2.39, 2.74, 3.43, 3.44, 2.93, 3.54, 3.99, 4.12, 4.73, 5.08, 4.84, 5.19, 5.49, 5.39, 5.77, 5.33, 4.5, 3.84, 3.37, 3.72, 3.93, 4.12, 4.09, 4.67, 4.98, 5.41, 5.27, 3.58, 2.51, 2.37, 1.66, 1.75, 3.2, 3.55, 3.799, 3.35, 3.129, 1.84, 1.78, 1.72, 1.61, 1.62, 1.31, 1.29, 1.27, 0.87, 0.8, 0.72, 0, 0.77, 1.18, 1.45, 3.11, 4.2, 3.94, 3.44, 4.89, 5.8, 6.11, 5.96, 5.59, 5.51, 4.92, 4.56], [3.81, 3.72, 3.65, 4.11, 4.25, 4.93, 5.38, 5.55, 5.69, 5.59, 5.71, 5.65, 4.51, 3.8, 3.73, 3.39, 3.7, 3.8, 4.19, 4.02, 3.52, 2.78, 2.3, 2.79, 3.46, 3.39, 2.92, 3.51, 3.8, 3.91, 4.48, 4.81, 4.63, 4.82, 5.12, 5.04, 5.46, 5.06, 4.17, 3.61, 3.02, 3.35, 3.54, 3.73, 3.8, 4.6, 4.91, 5.32, 5.12, 3.49, 2.46, 2.28, 1.53, 1.68, 3.05, 3.4, 3.67, 3.22, 3.0, 1.71, 1.67, 1.69, 1.42, 1.61, 1.66, 1.5, 1.34, 0.84, 0.97, 0.69, 0.77, 0, 0.69, 1.14, 3.08, 4.15, 3.95, 3.45, 4.92, 5.81, 6.14, 5.97, 5.64, 5.56, 4.97, 4.49], [4.08, 3.91, 3.82, 4.38, 4.54, 5.14, 5.59, 5.7, 5.74, 5.58, 5.82, 5.86, 4.88, 4.17, 4.0, 3.5, 3.75, 3.83, 4.22, 4.05, 3.55, 2.71, 2.17, 2.74, 3.47, 3.42, 2.91, 3.4, 3.69, 3.72, 4.27, 4.58, 4.44, 4.61, 4.79, 4.77, 5.21, 4.73, 3.98, 3.42, 2.69, 3.0, 3.17, 3.46, 3.77, 4.67, 4.972, 5.37, 5.13, 3.46, 2.43, 2.29, 1.6, 1.77, 3.08, 3.39, 3.62, 3.19, 2.95, 1.8, 1.9, 1.78, 1.43, 1.9, 1.95, 1.81, 1.61, 1.13, 1.2, 0.96, 1.18, 0.69, 0, 1.15, 3.11, 4.2, 3.96, 3.6, 4.93, 5.76, 6.11, 5.96, 5.71, 5.67, 5.08, 4.48], [3.33, 3.1, 3.03, 3.57, 3.75, 4.35, 4.8, 4.91, 4.97, 4.79, 5.05, 5.11, 4.17, 3.5, 3.25, 2.83, 3.18, 3.26, 3.53, 3.2, 2.8, 2.38, 2.18, 2.67, 3.08, 2.97, 2.58, 3.37, 3.76, 3.87, 4.5, 4.89, 4.81, 5.06, 5.48, 5.38, 5.82, 5.3, 4.31, 3.73, 3.14, 3.61, 3.92, 4.15, 4.68, 5.592, 5.962, 6.349, 6.12, 4.43, 3.38, 3.26, 2.29, 1.44, 2.37, 2.56, 2.79, 2.34, 2.2, 1.35, 1.65, 1.75, 1.56, 1.87, 1.96, 1.84, 1.88, 1.5, 1.55, 1.53, 1.45, 1.14, 1.15, 0, 2.26, 3.19, 3.03, 2.77, 4.08, 4.85, 5.24, 5.15, 4.84, 4.84, 4.35, 3.69], [1.55, 1.38, 1.35, 1.95, 2.25, 2.61, 3.04, 3.11, 3.15, 3.01, 3.25, 3.31, 2.35, 1.84, 1.59, 1.75, 2.24, 2.3, 2.05, 1.82, 1.64, 2.5, 3.5, 2.95, 2.48, 2.33, 2.52, 3.47, 4.12, 4.63, 5.78, 6.37, 6.21, 6.78, 7.24, 7.06, 7.22, 6.9, 5.51, 4.41, 4.56, 5.17, 5.68, 5.79, 6.64, 7.477, 7.907, 8.194, 8.04, 6.21, 5.2, 5.06, 4.15, 1.52, 1.13, 1.12, 1.25, 1.24, 1.6, 1.89, 2.01, 2.61, 2.6, 2.11, 2.16, 2.46, 2.84, 3.26, 3.19, 3.11, 3.11, 3.08, 3.11, 2.26, 0, 1.33, 1.23, 1.59, 2.24, 3.13, 3.5, 3.39, 3.08, 2.96, 2.63, 2.77], [1.68, 1.45, 1.58, 1.68, 2.0, 2.02, 2.35, 2.42, 2.5, 2.28, 2.56, 3.0, 2.24, 2.03, 1.82, 1.62, 1.81, 1.97, 1.68, 1.29, 1.39, 2.79, 3.93, 3.52, 2.49, 2.38, 2.73, 3.32, 4.31, 4.82, 6.41, 7.1, 6.94, 7.51, 8.03, 7.83, 8.03, 7.67, 6.3, 4.82, 4.87, 5.8, 6.41, 6.54, 7.63, 8.533, 8.963, 9.25, 9.087, 7.3, 6.29, 6.17, 5.22, 2.63, 1.32, 1.21, 1.42, 1.59, 2.03, 2.68, 2.86, 3.74, 3.75, 3.24, 3.19, 3.37, 3.81, 4.31, 4.3, 4.2, 4.2, 4.15, 4.2, 3.19, 1.33, 0, 0.94, 1.72, 1.41, 2.16, 2.55, 2.42, 2.03, 2.01, 1.9, 2.3], [1.38, 1.37, 1.32, 1.86, 2.24, 2.34, 2.65, 2.54, 2.66, 2.36, 2.52, 2.74, 2.06, 1.91, 1.7, 1.88, 2.23, 2.37, 2.16, 1.71, 1.67, 2.89, 3.97, 3.54, 2.79, 2.72, 3.05, 3.76, 4.57, 5.08, 6.47, 7.16, 7.0, 7.57, 8.09, 7.89, 8.05, 7.69, 6.28, 4.94, 5.01, 5.72, 6.33, 6.5, 7.436, 8.319, 8.749, 9.099, 8.91, 7.12, 6.03, 5.97, 5.04, 2.41, 1.36, 1.15, 1.58, 1.73, 2.15, 2.6, 2.74, 3.54, 3.55, 2.98, 2.91, 3.15, 3.61, 4.03, 3.98, 3.9, 3.94, 3.95, 3.96, 3.03, 1.23, 0.94, 0, 1.22, 1.31, 2.28, 2.57, 2.46, 2.19, 2.05, 2.14, 2.76], [1.8, 1.67, 1.82, 2.32, 2.66, 2.62, 2.89, 2.92, 3.04, 2.66, 2.66, 2.82, 2.22, 2.01, 1.96, 2.42, 2.95, 3.13, 2.88, 2.41, 2.53, 3.17, 4.05, 3.72, 3.45, 3.36, 3.55, 4.46, 5.07, 5.5, 6.57, 7.12, 6.92, 7.49, 7.99, 7.81, 8.07, 7.65, 6.22, 5.26, 5.19, 5.68, 6.01, 6.14, 6.93, 7.822, 8.252, 8.582, 8.39, 6.6, 5.59, 5.47, 4.52, 2.29, 1.9, 1.77, 2.1, 2.19, 2.29, 2.22, 2.7, 3.0, 3.11, 2.98, 2.95, 3.19, 3.45, 3.61, 3.56, 3.46, 3.44, 3.45, 3.6, 2.77, 1.59, 1.72, 1.22, 0, 1.69, 2.