[[0, 0.71, 1.37, 2.04, 2.09, 2.22, 1.94, 2.32, 2.82, 2.62, 2.21, 2.43, 2.48, 2.43, 2.69, 4.84, 5.72, 6.2, 6.36, 6.23, 6.33, 6.6, 8.39, 11.722, 14.062, 14.932, 14.626, 13.582, 12.487, 12.464, 12.85, 13.894, 15.242, 15.789, 15.932, 15.214, 14.894, 14.24, 13.57, 13.81, 14.77, 15.07, 14.897, 14.95, 14.91, 13.76, 13.39, 13.1, 11.93, 11.13, 11.0, 11.61, 11.68, 12.45, 12.94, 11.56, 11.08, 11.27, 10.827, 10.16, 10.35, 10.47, 9.4, 7.33, 5.88, 5.45, 4.23, 3.92, 4.39, 6.38, 7.56, 8.23, 9.01, 8.88, 8.657, 8.193, 7.37, 6.779, 7.523, 8.611, 9.295, 9.151, 8.618, 8.476, 8.033, 7.982], [0.71, 0, 0.92, 1.69, 1.64, 1.81, 1.57, 1.97, 2.41, 2.39, 1.94, 2.08, 2.13, 2.12, 2.36, 4.37, 5.23, 5.69, 5.87, 5.74, 5.86, 6.15, 7.92, 11.24, 13.56, 14.43, 14.15, 13.1, 12.0, 11.98, 12.38, 13.43, 14.78, 15.33, 15.47, 14.75, 14.43, 13.77, 13.08, 13.32, 14.24, 14.56, 14.43, 14.46, 14.4, 13.25, 12.86, 12.59, 11.4, 10.62, 10.49, 11.1, 11.21, 12.0, 12.47, 11.07, 10.61, 10.8, 10.34, 9.67, 9.84, 9.94, 8.91, 6.84, 5.37, 5.0, 3.78, 3.47, 3.94, 5.93, 7.11, 7.74, 8.54, 8.43, 8.217, 7.743, 6.92, 6.329, 7.06, 8.15, 8.836, 8.702, 8.165, 8.023, 7.58, 7.5], [1.37, 0.92, 0, 1.23, 1.36, 1.29, 1.07, 1.41, 1.81, 1.85, 1.3, 1.36, 1.49, 1.7, 1.98, 3.61, 4.49, 4.99, 5.15, 5.04, 5.14, 5.43, 7.28, 10.56, 12.92, 13.75, 13.51, 12.4, 11.28, 11.3, 11.7, 12.71, 14.12, 14.63, 14.77, 14.03, 13.71, 13.07, 12.38, 12.62, 13.54, 13.86, 13.71, 13.76, 13.68, 12.55, 12.14, 11.89, 10.7, 9.92, 9.77, 10.4, 10.51, 11.28, 11.75, 10.35, 9.89, 10.08, 9.66, 8.95, 9.14, 9.26, 8.19, 6.18, 4.75, 4.28, 3.1, 2.83, 3.3, 5.23, 6.45, 7.14, 7.96, 7.817, 7.62, 7.146, 6.323, 5.75, 6.471, 7.555, 8.238, 8.098, 7.569, 7.443, 7.0, 6.916], [2.04, 1.69, 1.23, 0, 0.97, 0.84, 1.04, 1.28, 1.84, 1.86, 1.51, 1.73, 1.86, 1.97, 2.21, 3.4, 4.2, 4.68, 4.78, 4.55, 4.59, 4.74, 6.69, 9.95, 12.298, 13.16, 12.86, 11.71, 10.55, 10.63, 11.03, 12.0, 13.53, 14.0, 14.14, 13.36, 13.02, 12.38, 11.79, 12.09, 12.93, 13.23, 13.0, 13.23, 13.01, 11.88, 11.57, 11.38, 10.11, 9.39, 9.2, 9.73, 9.8, 10.55, 10.98, 9.7, 9.2, 9.43, 9.05, 8.3, 8.67, 8.69, 7.4, 5.53, 4.38, 3.63, 2.53, 2.3, 2.69, 4.62, 5.88, 6.59, 7.41, 7.264, 7.067, 6.6, 5.77, 5.18, 5.95, 7.02, 7.686, 7.552, 7.018, 6.873, 6.43, 6.35], [2.09, 1.64, 1.36, 0.97, 0, 0.79, 1.33, 1.65, 2.41, 2.41, 1.9, 1.96, 2.05, 2.22, 2.38, 3.65, 4.49, 4.93, 5.03, 4.82, 4.84, 5.07, 7.16, 10.22, 12.62, 13.378, 13.087, 11.86, 10.74, 10.96, 11.3, 12.147, 13.694, 14.13, 14.27, 13.51, 13.187, 12.55, 11.88, 12.26, 12.96, 13.16, 13.27, 13.42, 13.24, 12.07, 11.98, 11.79, 10.36, 9.74, 9.57, 9.92, 9.95, 10.82, 11.19, 9.87, 9.33, 9.64, 9.3, 8.67, 9.04, 9.0, 7.59, 5.78, 4.83, 3.92, 2.78, 2.57, 3.0, 4.91, 6.05, 6.779, 7.613, 7.477, 7.27, 6.813, 5.993, 5.392, 6.131, 7.215, 7.898, 7.762, 7.245, 7.103, 6.653, 6.6], [2.22, 1.81, 1.29, 0.84, 0.79, 0, 0.88, 1.42, 2.08, 2.16, 1.73, 1.71, 1.88, 2.03, 2.13, 3.3, 4.14, 4.6, 4.62, 4.37, 4.39, 4.56, 6.61, 9.89, 12.238, 13.122, 12.837, 11.59, 10.45, 10.55, 10.99, 11.86, 13.404, 13.84, 13.98, 13.22, 12.897, 12.26, 11.61, 11.95, 12.75, 13.01, 12.92, 13.13, 12.91, 11.76, 11.59, 11.36, 10.03, 9.35, 9.14, 9.59, 9.7, 10.51, 10.94, 9.64, 9.04, 9.307, 8.95, 8.26, 8.59, 8.63, 7.26, 5.49, 4.4, 3.51, 2.45, 2.14, 2.57, 4.5, 5.76, 6.509, 7.363, 7.247, 7.05, 6.583, 5.763, 5.142, 5.878, 6.965, 7.669, 7.55, 7.03, 6.893, 6.45, 6.37], [1.94, 1.57, 1.07, 1.04, 1.33, 0.88, 0, 1.02, 1.58, 1.62, 1.21, 1.31, 1.52, 1.51, 1.69, 3.16, 4.0, 4.5, 4.6, 4.47, 4.51, 4.8, 6.81, 10.13, 12.501, 13.351, 13.06, 11.879, 10.724, 10.813, 11.17, 12.134, 13.627, 14.066, 14.206, 13.454, 13.134, 12.517, 11.89, 12.17, 13.09, 13.33, 13.14, 13.37, 13.17, 12.06, 11.77, 11.48, 10.29, 9.51, 9.3, 9.91, 9.98, 10.73, 11.18, 9.9, 9.317, 9.57, 9.23, 8.52, 8.71, 8.89, 7.62, 5.75, 4.5, 3.79, 2.63, 2.34, 2.79, 4.714, 5.971, 6.675, 7.555, 7.43, 7.233, 6.746, 5.926, 5.325, 6.063, 7.151, 7.855, 7.735, 7.218, 7.056, 6.609, 6.549], [2.32, 1.97, 1.41, 1.28, 1.65, 1.42, 1.02, 0, 1.04, 1.02, 0.99, 1.19, 1.12, 1.21, 1.31, 2.84, 3.68, 4.2, 4.32, 4.17, 4.21, 4.6, 6.678, 9.97, 12.261, 13.145, 12.88, 11.619, 10.459, 10.553, 11.07, 11.932, 13.467, 13.926, 14.066, 13.289, 12.969, 12.354, 11.59, 11.85, 12.69, 13.03, 13.0, 13.13, 12.87, 11.72, 11.49, 11.32, 9.97, 9.13, 8.94, 9.49, 9.64, 10.47, 10.98, 9.586, 9.126, 9.376, 8.996, 8.206, 8.31, 8.51, 7.297, 5.481, 4.22, 3.61, 2.47, 2.2, 2.65, 4.6, 5.84, 6.609, 7.423, 7.28, 7.07, 6.583, 5.763, 5.185, 5.966, 7.031, 7.698, 7.555, 7.061, 6.888, 6.433, 6.353], [2.82, 2.41, 1.81, 1.84, 2.41, 2.08, 1.58, 1.04, 0, 0.76, 1.15, 1.35, 1.34, 1.61, 1.63, 2.34, 3.26, 3.7, 3.86, 3.79, 3.99, 4.32, 6.29, 9.498, 11.764, 12.688, 12.408, 11.082, 9.933, 10.076, 10.61, 11.497, 13.01, 13.429, 13.569, 12.817, 12.497, 11.96, 11.285, 11.508, 12.348, 12.668, 12.543, 12.762, 12.482, 11.395, 11.005, 10.835, 9.668, 8.75, 8.54, 9.165, 9.332, 10.062, 10.603, 9.129, 8.68, 8.953, 8.556, 7.812, 7.93, 8.11, 6.863, 5.062, 3.84, 3.19, 2.19, 1.98, 2.29, 4.16, 5.4, 6.17, 6.99, 6.759, 6.55, 6.103, 5.28, 4.78, 5.529, 6.593, 7.241, 7.098, 6.583, 6.371, 5.942, 5.862], [2.62, 2.39, 1.85, 1.86, 2.41, 2.16, 1.62, 1.02, 0.76, 0, 1.01, 1.31, 1.24, 1.43, 1.61, 2.76, 3.7, 4.12, 4.32, 4.33, 4.49, 4.74, 6.67, 9.899, 12.124, 13.028, 12.763, 11.482, 10.356, 10.476, 10.959, 11.857, 13.37, 13.829, 13.969, 13.192, 12.874, 12.36, 11.785, 12.028, 12.868, 13.188, 12.972, 13.205, 12.965, 11.895, 11.468, 11.298, 10.148, 9.23, 8.96, 9.665, 9.795, 10.482, 10.952, 9.572, 9.16, 9.316, 8.962, 8.272, 8.408, 8.59, 7.292, 5.502, 4.3, 3.53, 2.43, 2.22, 2.61, 4.5, 5.74, 6.51, 7.33, 7.079, 6.89, 6.443, 5.619, 5.1, 5.869, 6.933, 7.581, 7.438, 6.923, 6.731, 6.262, 6.162], [2.21, 1.94, 1.3, 1.51, 1.9, 1.73, 1.21, 0.99, 1.15, 1.01, 0, 0.86, 0.95, 1.06, 1.34, 2.83, 3.81, 4.19, 4.37, 4.5, 4.66, 5.03, 7.023, 10.288, 12.672, 13.538, 13.218, 12.032, 10.877, 10.912, 11.42, 12.327, 13.792, 14.242, 14.382, 13.627, 13.327, 12.733, 12.035, 12.255, 13.115, 13.435, 13.41, 13.449, 13.386, 12.199, 11.815, 11.605, 10.375, 9.56, 9.396, 10.029, 10.199, 10.986, 11.453, 9.984, 9.473, 9.743, 9.309, 8.576, 8.695, 8.798, 7.773, 5.877, 4.51, 3.98, 2.76, 2.55, 2.98, 4.944, 6.164, 6.928, 7.742, 7.591, 7.376, 6.912, 6.089, 5.505, 6.25, 7.328, 8.009, 7.869, 7.358, 7.222, 6.762, 6.705], [2.43, 2.08, 1.36, 1.73, 1.96, 1.71, 1.31, 1.19, 1.35, 1.31, 0.86, 0, 0.75, 1.08, 1.04, 2.61, 3.51, 3.91, 4.07, 4.2, 4.44, 4.87, 6.948, 10.259, 12.61, 13.5, 13.203, 11.962, 10.762, 10.85, 11.322, 12.192, 13.668, 14.039, 14.159, 13.376, 13.144, 12.573, 11.875, 12.118, 12.978, 13.238, 13.29, 13.429, 13.266, 12.059, 11.751, 11.512, 10.298, 9.46, 9.296, 9.889, 10.099, 10.866, 11.373, 9.938, 9.393, 9.679, 9.296, 8.596, 8.615, 8.778, 7.633, 5.813, 4.53, 3.913, 2.76, 2.51, 2.94, 4.838, 6.061, 6.865, 7.747, 7.602, 7.396, 6.952, 6.129, 5.561, 6.267, 7.348, 8.029, 7.928, 7.411, 7.289, 6.846, 6.766], [2.48, 2.13, 1.49, 1.86, 2.05, 1.88, 1.52, 1.12, 1.34, 1.24, 0.95, 0.75, 0, 0.95, 0.91, 2.62, 3.64, 3.96, 4.16, 4.29, 4.49, 4.94, 7.021, 10.315, 12.672, 13.556, 13.265, 12.002, 10.819, 10.916, 11.375, 12.257, 13.804, 14.229, 14.349, 13.586, 13.283, 12.697, 11.825, 12.068, 12.928, 13.228, 13.317, 13.464, 13.202, 12.032, 11.801, 11.585, 10.248, 9.41, 9.266, 9.822, 10.032, 10.886, 11.362, 9.989, 9.409, 9.71, 9.347, 8.6, 8.605, 8.788, 7.62, 5.864, 4.571, 3.95, 2.81, 2.68, 3.03, 4.934, 6.177, 6.938, 7.792, 7.632, 7.426, 6.982, 6.159, 5.611, 6.297, 7.378, 8.059, 7.939, 7.428, 7.299, 6.852, 6.795], [2.43, 2.12, 1.7, 1.97, 2.22, 2.03, 1.51, 1.21, 1.61, 1.43, 1.06, 1.08, 0.95, 0, 0.84, 2.97, 4.07, 4.33, 4.55, 4.88, 5.1, 5.59, 7.671, 10.945, 13.202, 14.126, 13.855, 12.532, 11.346, 11.506, 12.005, 12.893, 14.454, 14.873, 14.996, 14.236, 13.933, 13.327, 12.349, 12.589, 13.372, 13.826, 13.932, 14.088, 13.723, 12.613, 12.351, 12.195, 10.795, 9.922, 9.776, 10.323, 10.519, 11.331, 11.932, 10.55, 10.056, 10.357, 9.977, 9.19, 9.117, 9.317, 8.17, 6.468, 5.129, 4.588, 3.46, 3.207, 3.637, 5.584, 6.827, 7.588, 8.402, 8.155, 7.966, 7.519, 6.695, 6.163, 6.939, 8.003, 8.651, 8.528, 8.021, 7.794, 7.322, 7.271], [2.69, 2.36, 1.98, 2.21, 2.38, 2.13, 1.69, 1.31, 1.63, 1.61, 1.34, 1.04, 0.91, 0.84, 0, 2.57, 3.67, 3.75, 4.23, 4.54, 4.72, 5.19, 7.305, 10.673, 13.007, 13.895, 13.617, 12.349, 11.206, 11.303, 11.699, 12.59, 14.077, 14.516, 14.656, 13.893, 13.57, 12.944, 12.04, 12.28, 13.08, 13.44, 13.659, 13.771, 13.532, 12.31, 12.123, 11.893, 10.453, 9.714, 9.53, 10.1, 10.33, 11.197, 11.713, 10.336, 9.796, 10.06, 9.703, 8.95, 8.906, 9.04, 8.002, 6.211, 4.89, 4.3, 3.16, 2.89, 3.34, 5.218, 6.441, 7.239, 8.128, 8.02, 7.823, 7.336, 6.516, 5.915, 6.653, 7.741, 8.445, 8.325, 7.808, 7.666, 7.219, 7.143], [4.84, 4.37, 3.61, 3.4, 3.65, 3.3, 3.16, 2.84, 2.34, 2.76, 2.83, 2.61, 2.62, 2.97, 2.57, 0, 1.24, 1.48, 1.8, 2.19, 2.35, 2.8, 4.832, 8.177, 10.534, 11.41, 11.122, 9.87, 8.69, 8.79, 9.203, 10.097, 11.598, 12.02, 12.14, 11.38, 11.077, 10.471, 9.57, 9.77, 10.59, 10.95, 11.18, 11.298, 11.05, 9.82, 9.615, 9.396, 8.01, 7.209, 7.04, 7.57, 7.86, 8.68, 9.205, 7.86, 7.28, 7.584, 7.221, 6.474, 6.43, 6.561, 5.48, 3.75, 2.66, 2.49, 2.35, 2.5, 2.23, 3.02, 4.0, 4.789, 5.658, 5.55, 5.353, 4.906, 4.41, 4.12, 4.53, 5.308, 5.972, 5.91, 5.51, 5.36, 4.96, 4.88], [5.72, 5.23, 4.49, 4.2, 4.49, 4.14, 4.0, 3.68, 3.26, 3.7, 3.81, 3.51, 3.64, 4.07, 3.67, 1.24, 0, 0.78, 1.12, 1.59, 1.67, 1.96, 3.79, 7.121, 9.466, 10.361, 10.064, 8.826, 7.63, 7.715, 8.146, 9.04, 10.518, 10.88, 11.0, 10.24, 10.0, 9.4, 8.53, 8.77, 9.59, 9.93, 10.14, 10.226, 10.03, 8.78, 8.575, 8.336, 6.95, 6.17, 5.98, 6.59, 6.78, 7.65, 8.18, 6.782, 6.22, 6.503, 6.141, 5.385, 5.37, 5.478, 4.46, 2.77, 2.54, 2.71, 2.97, 3.22, 2.67, 2.86, 3.42, 4.09, 4.67, 4.54, 4.38, 4.17, 4.27, 4.18, 4.37, 4.76, 5.29, 5.49, 5.19, 5.1, 4.8, 4.64], [6.2, 5.69, 4.99, 4.68, 4.93, 4.6, 4.5, 4.2, 3.7, 4.12, 4.19, 3.91, 3.96, 4.33, 3.75, 1.48, 0.78, 0, 0.86, 1.55, 1.69, 1.96, 3.79, 7.121, 9.466, 10.362, 10.065, 8.786, 7.586, 7.695, 8.146, 9.016, 10.518, 10.877, 10.997, 10.22, 9.988, 9.4, 8.49, 8.71, 9.51, 9.89, 10.111, 10.226, 9.986, 8.76, 8.555, 8.336, 6.921, 6.149, 5.98, 6.55, 6.756, 7.64, 8.145, 6.762, 6.213, 6.503, 6.141, 5.385, 5.332, 5.478, 4.4, 2.89, 2.78, 2.83, 3.35, 3.66, 3.13, 3.12, 3.68, 4.39, 4.85, 4.68, 4.58, 4.43, 4.45, 4.34, 4.57, 5.04, 5.57, 5.67, 5.31, 5.18, 4.9, 4.7], [6.36, 5.87, 5.15, 4.78, 5.03, 4.62, 4.6, 4.32, 3.86, 4.32, 4.37, 4.07, 4.16, 4.55, 4.23, 1.8, 1.12, 0.86, 0, 1.11, 1.35, 1.56, 3.278, 6.626, 8.96, 9.85, 9.553, 8.272, 7.132, 7.221, 7.652, 8.519, 10.018, 10.383, 10.506, 9.746, 9.494, 8.894, 8.019, 8.279, 9.082, 9.456, 9.596, 9.72, 9.492, 8.313, 8.06, 7.842, 6.466, 5.695, 5.58, 6.093, 6.309, 7.146, 7.651, 6.268, 5.719, 6.009, 5.646, 4.911, 4.838, 5.003, 3.9, 2.61, 2.48, 2.71, 3.33, 3.62, 3.11, 2.9, 3.4, 4.11, 4.57, 4.32, 4.26, 4.13, 4.13, 4.04, 4.31, 4.78, 5.31, 5.43, 5.07, 4.92, 4.62, 4.46], [6.23, 5.74, 5.04, 4.55, 4.82, 4.37, 4.47, 4.17, 3.79, 4.33, 4.5, 4.2, 4.29, 4.88, 4.54, 2.19, 1.59, 1.55, 1.11, 0, 0.68, 0.95, 2.905, 6.233, 8.567, 9.457, 9.175, 7.899, 6.76, 6.843, 7.259, 8.162, 9.631, 10.03, 10.153, 9.393, 9.11, 8.501, 7.74, 7.98, 8.84, 9.08, 9.223, 9.379, 9.14, 7.93, 7.708, 7.489, 6.18, 5.4, 5.19, 5.76, 5.95, 6.793, 7.278, 5.895, 5.333, 5.636, 5.253, 4.538, 4.6, 4.7, 3.55, 2.2, 2.23, 2.42, 3.1, 3.47, 2.98, 2.69, 3.13, 3.76, 4.26, 3.97, 3.87, 3.82, 3.88, 3.71, 4.12, 4.35, 4.84, 4.94, 4.56, 4.41, 4.13, 3.99], [6.33, 5.86, 5.14, 4.59, 4.84, 4.39, 4.51, 4.21, 3.99, 4.49, 4.66, 4.44, 4.49, 5.1, 4.72, 2.35, 1.67, 1.69, 1.35, 0.68, 0, 0.75, 2.665, 6.013, 8.33, 9.237, 8.94, 7.709, 6.56, 6.643, 7.099, 7.939, 9.4, 9.801, 9.941, 9.187, 8.89, 8.301, 7.6, 7.88, 8.74, 8.98, 9.03, 9.16, 8.92, 7.77, 7.6, 7.35, 6.04, 5.3, 5.11, 5.58, 5.75, 6.6, 7.078, 5.696, 5.136, 5.416, 5.053, 4.318, 4.46, 4.6, 3.37, 2.0, 2.21, 2.44, 3.2, 3.59, 3.08, 2.67, 2.89, 3.54, 4.1, 3.83, 3.65, 3.6, 3.72, 3.57, 3.88, 4.09, 4.54, 4.72, 4.46, 4.35, 4.05, 4.03], [6.6, 6.15, 5.43, 4.74, 5.07, 4.56, 4.8, 4.6, 4.32, 4.74, 5.03, 4.87, 4.94, 5.59, 5.19, 2.8, 1.96, 1.96, 1.56, 0.95, 0.75, 0, 2.23, 5.53, 7.829, 8.745, 8.463, 7.259, 6.11, 6.21, 6.63, 7.494, 8.913, 9.386, 9.526, 8.754, 8.414, 7.797, 7.37, 7.73, 8.51, 8.71, 8.66, 8.73, 8.69, 7.54, 7.27, 7.02, 5.73, 5.13, 4.94, 5.35, 5.4, 6.25, 6.62, 5.28, 4.697, 4.922, 4.57, 3.88, 4.29, 4.31, 3.0, 1.59, 2.16, 2.23, 3.03, 3.42, 2.87, 2.38, 2.46, 3.09, 3.61, 3.3, 3.2, 3.13, 3.35, 3.2, 3.43, 3.7, 4.17, 4.37, 4.11, 4.02, 3.74, 3.72], [8.39, 7.92, 7.28, 6.69, 7.16, 6.61, 6.81, 6.678, 6.29, 6.67, 7.023, 6.948, 7.021, 7.671, 7.305, 4.832, 3.79, 3.79, 3.278, 2.905, 2.665, 2.23, 0, 3.46, 5.78, 6.67, 6.39, 5.32, 4.2, 4.2, 4.62, 5.57, 6.9, 7.45, 7.59, 6.83, 6.51, 5.89, 5.54, 5.88, 6.7, 6.92, 6.69, 6.78, 6.82, 5.67, 5.3, 5.03, 3.96, 3.56, 3.39, 3.52, 3.61, 4.36, 4.69, 3.39, 2.83, 2.98, 2.64, 2.13, 2.48, 2.82, 1.79, 1.98, 2.89, 3.58, 4.86, 5.15, 4.46, 3.15, 2.73, 3.0, 3.38, 3.21, 3.17, 3.44, 4.18, 4.29, 3.86, 3.41, 3.9, 4.68, 4.88, 4.75, 4.59, 4.67], [11.722, 11.24, 10.56, 9.95, 10.22, 9.89, 10.13, 9.97, 9.498, 9.899, 10.288, 10.259, 10.315, 10.945, 10.673, 8.177, 7.121, 7.121, 6.626, 6.233, 6.013, 5.53, 3.46, 0, 2.5, 3.25, 2.97, 1.9, 1.24, 1.22, 1.54, 2.25, 3.6, 4.17, 4.27, 3.61, 3.37, 2.77, 2.34, 2.78, 3.48, 3.68, 3.41, 3.56, 3.62, 2.53, 2.16, 2.01, 1.92, 2.44, 2.47, 1.76, 1.69, 1.92, 2.01, 1.71, 1.93, 2.08, 2.26, 2.49, 2.14, 2.24, 2.95, 4.56, 6.059, 6.5, 7.92, 8.29, 7.72, 5.87, 4.99, 4.96, 5.08, 5.27, 5.43, 5.98, 6.92, 7.05, 6.52, 5.59, 6.06, 7.18, 7.44, 7.21, 7.05, 7.15], [14.062, 13.56, 12.92, 12.298, 12.62, 12.238, 12.501, 12.261, 11.764, 12.124, 12.672, 12.61, 12.672, 13.202, 13.007, 10.534, 9.466, 9.466, 8.96, 8.567, 8.33, 7.829, 5.78, 2.5, 0, 1.03, 1.27, 1.74, 2.22, 2.16, 1.98, 1.65, 2.18, 2.35, 2.45, 2.17, 2.05, 1.57, 1.86, 1.66, 1.74, 1.86, 1.53, 1.62, 1.7, 1.39, 1.4, 1.47, 2.88, 3.62, 3.63, 3.08, 2.95, 2.58, 2.33, 3.09, 3.75, 3.78, 4.02, 4.35, 4.18, 4.18, 5.27, 6.86, 8.339, 8.84, 10.1, 10.45, 9.88, 8.01, 7.15, 7.06, 7.08, 7.25, 7.47, 8.04, 8.98, 9.19, 8.68, 7.71, 8.14, 9.26, 9.52, 9.21, 9.07, 9.15], [14.932, 14.43, 13.75, 13.16, 13.378, 13.122, 13.351, 13.145, 12.688, 13.028, 13.538, 13.5, 13.556, 14.126, 13.895, 11.41, 10.361, 10.362, 9.85, 9.457, 9.237, 8.745, 6.67, 3.25, 1.03, 0, 0.94, 1.87, 2.81, 2.71, 2.37, 1.74, 1.89, 1.76, 1.84, 1.72, 1.66, 1.36, 2.09, 1.91, 1.51, 1.39, 1.22, 1.21, 1.39, 1.78, 1.91, 2.1, 3.55, 4.37, 4.46, 3.93, 3.76, 3.11, 2.68, 3.72, 4.28, 4.15, 4.43, 4.98, 5.03, 4.91, 6.04, 7.75, 9.209, 9.636, 10.89, 11.24, 10.77, 8.8, 7.7, 7.31, 7.29, 7.5, 7.78, 8.405, 9.37, 9.56, 9.05, 8.08, 8.41, 9.51, 9.73, 9.44, 9.32, 9.38], [14.626, 14.15, 13.51, 12.86, 13.087, 12.837, 13.06, 12.88, 12.408, 12.763, 13.218, 13.203, 13.265, 13.855, 13.617, 11.122, 10.064, 10.065, 9.553, 9.175, 8.94, 8.463, 6.39, 2.97, 1.27, 0.94, 0, 1.45, 2.53, 2.37, 2.05, 1.32, 1.53, 1.86, 2.02, 1.8, 1.6, 1.48, 2.07, 1.91, 1.83, 1.71, 1.52, 1.79, 1.77, 1.5, 1.63, 1.9, 3.37, 4.17, 4.26, 3.71, 3.54, 2.73, 2.18, 3.36, 3.9, 3.69, 4.09, 4.68, 4.77, 4.65, 5.76, 7.47, 8.946, 9.376, 10.59, 10.88, 10.45, 8.46, 7.32, 6.67, 6.63, 6.88, 7.24, 7.903, 8.81, 9.02, 8.53, 7.54, 7.79, 8.85, 9.03, 8.72, 8.62, 8.74], [13.582, 13.1, 12.4, 11.71, 11.86, 11.59, 11.879, 11.619, 11.082, 11.482, 12.032, 11.962, 12.002, 12.532, 12.349, 9.87, 8.826, 8.786, 8.272, 7.899, 7.709, 7.259, 5.32, 1.9, 1.74, 1.87, 1.45, 0, 1.34, 1.44, 1.56, 1.05, 2.26, 2.73, 2.81, 2.29, 2.15, 1.87, 1.76, 2.08, 2.56, 2.6, 2.41, 2.72, 2.62, 1.67, 1.46, 1.65, 2.46, 3.12, 3.11, 2.44, 2.35, 1.8, 1.43, 2.27, 2.73, 2.84, 3.28, 3.63, 3.52, 3.52, 4.47, 6.32, 7.89, 8.212, 9.44, 9.77, 9.32, 7.31, 6.23, 5.78, 5.76, 5.95, 6.19, 6.878, 7.8, 8.05, 7.54, 6.55, 6.9, 7.98, 8.2, 7.87, 7.75, 7.81], [12.487, 12.0, 11.28, 10.55, 10.74, 10.45, 10.724, 10.459, 9.933, 10.356, 10.877, 10.762, 10.819, 11.346, 11.206, 8.69, 7.63, 7.586, 7.132, 6.76, 6.56, 6.11, 4.2, 1.24, 2.22, 2.81, 2.53, 1.34, 0, 0.56, 0.9, 1.61, 3.2, 3.69, 3.77, 3.05, 2.85, 2.19, 2.0, 2.36, 2.94, 3.1, 2.91, 3.14, 3.04, 2.03, 1.68, 1.91, 1.88, 2.38, 2.41, 1.72, 1.51, 1.56, 1.47, 1.53, 1.87, 1.98, 2.32, 2.49, 2.38, 2.52, 3.41, 5.16, 6.77, 7.075, 8.6, 8.97, 8.32, 6.53, 5.51, 5.46, 5.5, 5.63, 5.89, 6.5, 7.46, 7.69, 7.18, 6.19, 6.58, 7.68, 7.9, 7.59, 7.47, 7.51], [12.464, 11.98, 11.3, 10.63, 10.96, 10.55, 10.813, 10.553, 10.076, 10.476, 10.912, 10.85, 10.916, 11.506, 11.303, 8.79, 7.715, 7.695, 7.221, 6.843, 6.643, 6.21, 4.2, 1.22, 2.16, 2.71, 2.37, 1.44, 0.56, 0, 0.9, 1.59, 3.08, 3.57, 3.65, 3.05, 2.89, 2.27, 2.16, 2.4, 2.98, 3.14, 2.87, 3.08, 3.04, 2.01, 1.7, 1.93, 2.02, 2.6, 2.61, 1.92, 1.73, 1.68, 1.57, 1.53, 1.95, 1.94, 2.2, 2.45, 2.48, 2.46, 3.51, 5.28, 6.77, 7.16, 8.54, 8.93, 8.32, 6.51, 5.49, 5.34, 5.36, 5.59, 5.85, 6.5, 7.44, 7.59, 7.1, 6.11, 6.5, 7.6, 7.8, 7.57, 7.43, 7.49], [12.85, 12.38, 11.7, 11.03, 11.3, 10.99, 11.17, 11.07, 10.61, 10.959, 11.42, 11.322, 11.375, 12.005, 11.699, 9.203, 8.146, 8.146, 7.652, 7.259, 7.099, 6.63, 4.62, 1.54, 1.98, 2.37, 2.05, 1.56, 0.9, 0.9, 0, 1.15, 2.78, 3.23, 3.35, 2.79, 2.51, 1.87, 1.98, 2.08, 2.46, 2.48, 2.29, 2.54, 2.5, 1.67, 1.48, 1.61, 2.0, 2.68, 2.81, 2.14, 1.91, 1.58, 1.39, 1.87, 2.35, 2.28, 2.6, 3.01, 2.96, 2.86, 4.01, 5.68, 7.19, 7.598, 9.14, 9.49, 8.82, 7.05, 5.87, 5.7, 5.8, 6.03, 6.33, 6.973, 7.9, 8.07, 7.56, 6.59, 6.92, 8.02, 8.22, 7.95, 7.83, 7.89], [13.894, 13.43, 12.71, 12.0, 12.147, 11.86, 12.134, 11.932, 11.497, 11.857, 12.327, 12.192, 12.257, 12.893, 12.59, 10.097, 9.04, 9.016, 8.519, 8.162, 7.939, 7.494, 5.57, 2.25, 1.65, 1.74, 1.32, 1.05, 1.61, 1.59, 1.15, 0, 1.79, 2.24, 2.38, 1.82, 1.62, 1.56, 1.93, 1.95, 2.15, 2.07, 2.02, 2.27, 2.27, 1.46, 1.47, 1.72, 2.71, 3.43, 3.5, 2.85, 2.74, 2.11, 1.6, 2.58, 2.96, 2.77, 3.27, 3.84, 3.87, 3.77, 4.8, 6.61, 8.24, 8.447, 9.83, 10.2, 9.63, 7.76, 6.46, 6.13, 6.13, 6.42, 6.8, 7.477, 8.35, 8.62, 8.07, 7.08, 7.33, 8.39, 8.59, 8.32, 8.2, 8.26], [15.242, 14.78, 14.12, 13.53, 13.694, 13.404, 13.627, 13.467, 13.01, 13.37, 13.792, 13.668, 13.804, 14.454, 14.077, 11.598, 10.518, 10.518, 10.018, 9.631, 9.4, 8.913, 6.9, 3.6, 2.18, 1.89, 1.53, 2.26, 3.2, 3.08, 2.78, 1.79, 0, 0.95, 1.07, 1.09, 1.25, 1.85, 2.72, 2.6, 2.48, 2.2, 2.37, 2.48, 2.5, 2.37, 2.46, 2.73, 4.0, 4.86, 4.85, 4.32, 4.29, 3.48, 2.79, 3.99, 4.45, 4.1, 4.52, 5.27, 5.38, 5.3, 6.33, 8.06, 9.599, 9.926, 11.077, 11.364, 10.929, 8.927, 7.727, 7.16, 6.94, 7.236, 7.636, 8.249, 9.226, 9.55, 8.78, 7.75, 7.76, 8.72, 8.96, 8.55, 8.63, 8.75], [15.789, 15.33, 14.63, 14.0, 14.13, 13.84, 14.066, 13.926, 13.429, 13.829, 14.242, 14.039, 14.229, 14.873, 14.516, 12.02, 10.88, 10.877, 10.383, 10.03, 9.801, 9.386, 7.45, 4.17, 2.35, 1.76, 1.86, 2.73, 3.69, 3.57, 3.23, 2.24, 0.95, 0, 0.8, 1.04, 1.24, 2.08, 3.15, 2.99, 2.45, 2.05, 2.26, 2.27, 2.31, 2.8, 2.93, 3.22, 4.53, 5.35, 5.32, 4.77, 4.78, 3.99, 3.28, 4.44, 4.9, 4.57, 5.01, 5.76, 5.87, 5.85, 6.74, 8.57, 10.149, 10.422, 11.584, 11.914, 11.479, 9.434, 8.254, 7.684, 7.37, 7.632, 8.049, 8.685, 9.619, 9.96, 9.25, 8.22, 8.23, 9.19, 9.43, 9.02, 9.12, 9.24], [15.932, 15.47, 14.77, 14.14, 14.27, 13.98, 14.206, 14.066, 13.569, 13.969, 14.382, 14.159, 14.349, 14.996, 14.656, 12.14, 11.0, 10.997, 10.506, 10.153, 9.941, 9.526, 7.59, 4.27, 2.45, 1.84, 2.02, 2.81, 3.77, 3.65, 3.35, 2.38, 1.07, 0.8, 0, 0.96, 1.34, 2.06, 3.17, 3.05, 2.49, 2.11, 2.22, 2.23, 2.25, 2.94, 3.07, 3.34, 4.65, 5.49, 5.46, 4.89, 4.88, 4.11, 3.38, 4.58, 4.98, 4.71, 5.15, 5.9, 5.99, 5.95, 6.86, 8.71, 10.289, 10.562, 11.722, 12.06, 11.619, 9.6, 8.389, 7.85, 7.69, 7.992, 8.392, 9.045, 9.962, 10.3, 9.63, 8.6, 8.61, 9.53, 9.79, 9.36, 9.5, 9.6], [15.214, 14.75, 14.03, 13.36, 13.51, 13.22, 13.454, 13.289, 12.817, 13.192, 13.627, 13.376, 13.586, 14.236, 13.893, 11.38, 10.24, 10.22, 9.746, 9.393, 9.187, 8.754, 6.83, 3.61, 2.17, 1.72, 1.8, 2.29, 3.05, 3.05, 2.79, 1.82, 1.09, 1.04, 0.96, 0, 0.82, 1.58, 2.73, 2.61, 2.31, 1.97, 1.98, 2.15, 2.05, 2.4, 2.47, 2.7, 3.91, 4.73, 4.64, 4.15, 4.18, 3.45, 2.72, 4.02, 4.3, 3.97, 4.41, 5.14, 5.25, 5.17, 6.1, 7.95, 9.554, 9.802, 11.067, 11.36, 10.864, 8.9, 7.697, 7.21, 7.07, 7.378, 7.818, 8.451, 9.348, 9.68, 9.05, 8.02, 8.11, 9.13, 9.33, 8.94, 8.96, 9.08], [14.894, 14.43, 13.71, 13.02, 13.187, 12.897, 13.134, 12.969, 12.497, 12.874, 13.327, 13.144, 13.283, 13.933, 13.57, 11.077, 10.0, 9.988, 9.494, 9.11, 8.89, 8.414, 6.51, 3.37, 2.05, 1.66, 1.6, 2.15, 2.85, 2.89, 2.51, 1.62, 1.25, 1.24, 1.34, 0.82, 0, 1.36, 2.53, 2.43, 1.95, 1.71, 1.84, 1.95, 1.89, 2.3, 2.33, 2.58, 3.75, 4.57, 4.48, 3.93, 4.0, 3.27, 2.58, 3.82, 4.12, 3.65, 4.17, 4.82, 4.97, 4.97, 5.8, 7.61, 9.234, 9.464, 10.73, 11.08, 10.55, 8.62, 7.357, 6.93, 6.85, 7.12, 7.56, 8.214, 9.09, 9.42, 8.81, 7.8, 7.95, 9.01, 9.19, 8.82, 8.78, 8.9], [14.24, 13.77, 13.07, 12.38, 12.55, 12.26, 12.517, 12.354, 11.96, 12.36, 12.733, 12.573, 12.697, 13.327, 12.944, 10.471, 9.4, 9.4, 8.894, 8.501, 8.301, 7.797, 5.89, 2.77, 1.57, 1.36, 1.48, 1.87, 2.19, 2.27, 1.87, 1.56, 1.85, 2.08, 2.06, 1.58, 1.36, 0, 1.51, 1.47, 1.47, 1.31, 1.38, 1.35, 1.49, 1.44, 1.55, 1.7, 2.89, 3.79, 3.78, 3.25, 3.14, 2.51, 2.12, 3.32, 3.56, 3.39, 3.69, 4.24, 4.29, 4.11, 5.32, 7.01, 8.58, 8.87, 10.37, 10.72, 10.07, 8.28, 7.08, 6.99, 7.11, 7.38, 7.66, 8.33, 9.25, 9.42, 8.91, 7.94, 8.29, 9.39, 9.59, 9.34, 9.22, 9.28], [13.57, 13.08, 12.38, 11.79, 11.88, 11.61, 11.89, 11.59, 11.285, 11.785, 12.035, 11.875, 11.825, 12.349, 12.04, 9.57, 8.53, 8.49, 8.019, 7.74, 7.6, 7.37, 5.54, 2.34, 1.86, 2.09, 2.07, 1.76, 2.0, 2.16, 1.98, 1.93, 2.72, 3.15, 3.17, 2.73, 2.53, 1.51, 0, 0.78, 1.36, 1.72, 1.95, 2.06, 1.86, 1.01, 1.06, 1.09, 1.92, 2.78, 2.97, 2.26, 2.27, 1.92, 1.91, 2.97, 3.41, 3.66, 3.86, 3.95, 3.4, 3.38, 4.89, 6.6, 7.87, 8.54, 10.2, 10.57, 9.84, 8.11, 7.15, 7.04, 7.12, 7.33, 7.57, 8.16, 9.12, 9.29, 8.74, 7.79, 8.22, 9.32, 9.54, 9.31, 9.17, 9.23], [13.81, 13.32, 12.62, 12.09, 12.26, 11.95, 12.17, 11.85, 11.508, 12.028, 12.255, 12.118, 12.068, 12.589, 12.28, 9.77, 8.77, 8.71, 8.279, 7.98, 7.88, 7.73, 5.88, 2.78, 1.66, 1.91, 1.91, 2.08, 2.36, 2.4, 2.08, 1.95, 2.6, 2.99, 3.05, 2.61, 2.43, 1.47, 0.78, 0, 0.98, 1.44, 1.67, 1.82, 1.62, 0.81, 1.1, 1.09, 2.24, 2.94, 3.13, 2.46, 2.59, 2.32, 2.23, 3.43, 3.91, 3.94, 4.06, 4.23, 3.64, 3.78, 5.35, 7.06, 8.09, 8.98, 10.62, 10.97, 10.26, 8.51, 7.71, 7.58, 7.58, 7.81, 8.07, 8.66, 9.62, 9.77, 9.2, 8.25, 8.72, 9.82, 10.02, 9.75, 9.63, 9.69], [14.77, 14.24, 13.54, 12.93, 12.96, 12.75, 13.09, 12.69, 12.348, 12.868, 13.115, 12.978, 12.928, 13.372, 13.08, 10.59, 9.59, 9.51, 9.082, 8.84, 8.74, 8.51, 6.7, 3.48, 1.74, 1.51, 1.83, 2.56, 2.94, 2.98, 2.46, 2.15, 2.48, 2.45, 2.49, 2.31, 1.95, 1.47, 1.36, 0.98, 0, 0.8, 1.21, 1.24, 1.02, 1.25, 1.56, 1.87, 2.98, 3.84, 3.97, 3.24, 3.35, 2.86, 2.73, 3.93, 4.47, 4.28, 4.38, 4.83, 4.48, 4.46, 5.97, 7.7, 9.01, 9.68, 11.32, 11.69, 10.98, 9.23, 8.27, 8.1, 8.14, 8.41, 8.69, 9.335, 10.3, 10.47, 9.94, 8.97, 9.32, 10.4, 10.58, 10.29, 10.19, 10.27], [15.07, 14.56, 13.86, 13.23, 13.16, 13.01, 13.33, 13.03, 12.668, 13.188, 13.435, 13.238, 13.228, 13.826, 13.44, 10.95, 9.93, 9.89, 9.456, 9.08, 8.98, 8.71, 6.92, 3.68, 1.86, 1.39, 1.71, 2.6, 3.1, 3.14, 2.48, 2.07, 2.2, 2.05, 2.11, 1.97, 1.71, 1.31, 1.72, 1.44, 0.8, 0, 0.93, 0.94, 0.82, 1.37, 1.8, 2.07, 3.28, 4.14, 4.25, 3.62, 3.65, 2.96, 2.63, 3.93, 4.45, 4.28, 4.52, 5.11, 4.84, 4.72, 6.11, 7.94, 9.35, 9.898, 11.48, 11.85, 11.16, 9.41, 8.19, 8.0, 8.14, 8.41, 8.75, 9.413, 10.32, 10.51, 10.0, 9.03, 9.34, 10.4, 10.58, 10.23, 10.17, 10.27], [14.897, 14.43, 13.71, 13.0, 13.27, 12.92, 13.14, 13.0, 12.543, 12.972, 13.41, 13.29, 13.317, 13.932, 13.659, 11.18, 10.14, 10.111, 9.596, 9.223, 9.03, 8.66, 6.69, 3.41, 1.53, 1.22, 1.52, 2.41, 2.91, 2.87, 2.29, 2.02, 2.37, 2.26, 2.22, 1.98, 1.84, 1.38, 1.95, 1.67, 1.21, 0.93, 0, 0.83, 0.83, 1.56, 1.77, 1.92, 3.27, 4.09, 4.26, 3.69, 3.6, 2.81, 2.44, 3.72, 4.3, 4.19, 4.35, 4.92, 4.85, 4.75, 5.96, 7.77, 9.217, 9.67, 11.33, 11.7, 10.97, 9.24, 8.04, 7.85, 7.85, 8.14, 8.42, 9.108, 9.95, 10.22, 9.69, 8.72, 9.01, 10.09, 10.27, 9.98, 9.88, 9.96], [14.95, 14.46, 13.76, 13.23, 13.42, 13.13, 13.37, 13.13, 12.762, 13.205, 13.449, 13.429, 13.464, 14.088, 13.771, 11.298, 10.226, 10.226, 9.72, 9.379, 9.16, 8.73, 6.78, 3.56, 1.62, 1.21, 1.79, 2.72, 3.14, 3.08, 2.54, 2.27, 2.48, 2.27, 2.23, 2.15, 1.95, 1.35, 2.06, 1.82, 1.24, 0.94, 0.83, 0, 0.84, 1.71, 1.84, 2.03, 3.4, 4.28, 4.45, 3.86, 3.79, 3.14, 2.93, 4.03, 4.57, 4.38, 4.54, 5.01, 4.98, 4.84, 6.25, 7.84, 9.27, 9.8, 11.38, 11.75, 11.06, 9.31, 8.23, 8.08, 8.16, 8.43, 8.71, 9.355, 10.32, 10.49, 9.94, 8.99, 9.34, 10.42, 10.62, 10.35, 10.23, 10.29], [14.91, 14.4, 13.68, 13.01, 13.24, 12.91, 13.17, 12.87, 12.482, 12.965, 13.386, 13.266, 13.202, 13.723, 13.532, 11.05, 10.03, 9.986, 9.492, 9.14, 8.92, 8.69, 6.82, 3.62, 1.7, 1.39, 1.77, 2.62, 3.04, 3.04, 2.5, 2.27, 2.5, 2.31, 2.25, 2.05, 1.89, 1.49, 1.86, 1.62, 1.02, 0.82, 0.83, 0.84, 0, 1.39, 1.68, 1.95, 3.18, 3.9, 4.11, 3.48, 3.47, 2.8, 2.65, 3.93, 4.55, 4.32, 4.44, 4.97, 4.72, 4.66, 6.07, 7.88, 9.17, 9.86, 11.5, 11.87, 11.16, 9.41, 8.33, 8.08, 8.12, 8.31, 8.65, 9.313, 10.22, 10.47, 10.0, 9.01, 9.28, 10.34, 10.54, 10.15, 10.07, 10.17], [13.76, 13.25, 12.55, 11.88, 12.07, 11.76, 12.06, 11.72, 11.395, 11.895, 12.199, 12.059, 12.032, 12.613, 12.31, 9.82, 8.78, 8.76, 8.313, 7.93, 7.77, 7.54, 5.67, 2.53, 1.39, 1.78, 1.5, 1.67, 2.03, 2.01, 1.67, 1.46, 2.37, 2.8, 2.94, 2.4, 2.3, 1.44, 1.01, 0.81, 1.25, 1.37, 1.56, 1.71, 1.39, 0, 0.55, 0.92, 2.17, 2.85, 2.96, 2.35, 2.46, 1.81, 1.74, 2.96, 3.5, 3.51, 3.69, 3.88, 3.57, 3.53, 5.06, 6.77, 8.04, 8.75, 10.39, 10.76, 10.05, 8.3, 7.3, 7.07, 7.13, 7.4, 7.7, 8.363, 9.31, 9.48, 8.97, 7.98, 8.33, 9.39, 9.57, 9.3, 9.16, 9.28], [13.39, 12.86, 12.14, 11.57, 11.98, 11.59, 11.77, 11.49, 11.005, 11.468, 11.815, 11.751, 11.801, 12.351, 12.123, 9.615, 8.575, 8.555, 8.06, 7.708, 7.6, 7.27, 5.3, 2.16, 1.4, 1.91, 1.63, 1.46, 1.68, 1.7, 1.48, 1.47, 2.46, 2.93, 3.07, 2.47, 2.33, 1.55, 1.06, 1.1, 1.56, 1.8, 1.77, 1.84, 1.68, 0.55, 0, 0.73, 1.98, 2.66, 2.77, 2.24, 2.29, 1.66, 1.57, 2.63, 3.19, 3.24, 3.38, 3.57, 3.24, 3.24, 4.79, 6.4, 7.63, 8.4, 10.02, 10.39, 9.7, 7.93, 6.95, 6.76, 6.82, 7.05, 7.33, 7.975, 8.94, 9.11, 8.6, 7.63, 7.96, 9.04, 9.22, 8.95, 8.83, 8.93], [13.1, 12.59, 11.89, 11.38, 11.79, 11.36, 11.48, 11.32, 10.835, 11.298, 11.605, 11.512, 11.585, 12.195, 11.893, 9.396, 8.336, 8.336, 7.842, 7.489, 7.35, 7.02, 5.03, 2.01, 1.47, 2.1, 1.9, 1.65, 1.91, 1.93, 1.61, 1.72, 2.73, 3.22, 3.34, 2.7, 2.58, 1.7, 1.09, 1.09, 1.87, 2.07, 1.92, 2.03, 1.95, 0.92, 0.73, 0, 1.69, 2.43, 2.58, 2.07, 2.16, 1.83, 1.88, 2.7, 3.24, 3.59, 3.73, 3.84, 3.11, 3.21, 4.74, 6.25, 7.38, 8.25, 9.73, 10.08, 9.39, 7.68, 6.92, 6.91, 7.03, 7.24, 7.38, 7.97, 8.89, 9.02, 8.49, 7.54, 8.03, 9.15, 9.41, 9.18, 9.02, 9.12], [11.93, 11.4, 10.7, 10.11, 10.36, 10.03, 10.29, 9.97, 9.668, 10.148, 10.375, 10.298, 10.248, 10.795, 10.453, 8.01, 6.95, 6.921, 6.466, 6.18, 6.04, 5.73, 3.96, 1.92, 2.88, 3.55, 3.37, 2.46, 1.88, 2.02, 2.0, 2.71, 4.0, 4.53, 4.65, 3.91, 3.75, 2.89, 1.92, 2.24, 2.98, 3.28, 3.27, 3.4, 3.18, 2.17, 1.98, 1.69, 0, 1.06, 1.29, 0.96, 1.11, 1.32, 1.67, 2.19, 2.69, 3.04, 3.34, 3.31, 2.22, 2.14, 3.55, 5.14, 6.21, 7.22, 8.6, 8.93, 8.24, 6.71, 6.01, 6.06, 6.24, 6.43, 6.51, 7.02, 7.92, 8.05, 7.54, 6.61, 7.12, 8.24, 8.5, 8.29, 8.13, 8.23], [11.13, 10.62, 9.92, 9.39, 9.74, 9.35, 9.51, 9.13, 8.75, 9.23, 9.56, 9.46, 9.41, 9.922, 9.714, 7.209, 6.17, 6.149, 5.695, 5.4, 5.3, 5.13, 3.56, 2.44, 3.62, 4.37, 4.17, 3.12, 2.38, 2.6, 2.68, 3.43, 4.86, 5.35, 5.49, 4.73, 4.57, 3.79, 2.78, 2.94, 3.84, 4.14, 4.09, 4.28, 3.9, 2.85, 2.66, 2.43, 1.06, 0, 0.59, 1.06, 1.25, 1.7, 2.21, 2.03, 2.63, 3.1, 3.48, 3.33, 2.06, 1.84, 3.09, 4.66, 5.67, 6.8, 8.02, 8.35, 7.68, 6.29, 5.65, 5.76, 5.96, 6.09, 6.17, 6.58, 7.38, 7.53, 7.12, 6.29, 6.82, 7.86, 8.1, 7.89, 7.73, 7.85], [11.0, 10.49, 9.77, 9.2, 9.57, 9.14, 9.3, 8.94, 8.54, 8.96, 9.396, 9.296, 9.266, 9.776, 9.53, 7.04, 5.98, 5.98, 5.58, 5.19, 5.11, 4.94, 3.39, 2.47, 3.63, 4.46, 4.26, 3.11, 2.41, 2.61, 2.81, 3.5, 4.85, 5.32, 5.46, 4.64, 4.48, 3.78, 2.97, 3.13, 3.97, 4.25, 4.26, 4.45, 4.11, 2.96, 2.77, 2.58, 1.29, 0.59, 0, 1.03, 1.36, 1.77, 2.28, 1.98, 2.54, 2.91, 3.29, 3.16, 1.97, 1.77, 2.86, 4.51, 5.6, 6.61, 7.81, 8.14, 7.49, 6.1, 5.46, 5.57, 5.79, 5.92, 6.0, 6.43, 7.29, 7.44, 7.01, 6.12, 6.67, 7.69, 7.97, 7.74, 7.58, 7.68], [11.61, 11.1, 10.4, 9.73, 9.92, 9.59, 9.91, 9.49, 9.165, 9.665, 10.029, 9.889, 9.822, 10.323, 10.1, 7.57, 6.59, 6.55, 6.093, 5.76, 5.58, 5.35, 3.52, 1.76, 3.08, 3.93, 3.71, 2.44, 1.72, 1.92, 2.14, 2.85, 4.32, 4.77, 4.89, 4.15, 3.93, 3.25, 2.26, 2.46, 3.24, 3.62, 3.69, 3.86, 3.48, 2.35, 2.24, 2.07, 0.96, 1.06, 1.03, 0, 0.97, 1.36, 1.85, 1.75, 2.33, 2.66, 2.98, 2.89, 1.74, 1.84, 2.97, 4.72, 5.87, 6.72, 8.24, 8.59, 7.88, 6.23, 5.51, 5.62, 5.84, 5.95, 6.03, 6.5, 7.4, 7.57, 7.1, 6.17, 6.66, 7.74, 8.02, 7.79, 7.63, 7.73], [11.68, 11.21, 10.51, 9.8, 9.95, 9.7, 9.98, 9.64, 9.332, 9.795, 10.199, 10.099, 10.032, 10.519, 10.33, 7.86, 6.78, 6.756, 6.309, 5.95, 5.75, 5.4, 3.61, 1.69, 2.95, 3.76, 3.54, 2.35, 1.51, 1.73, 1.91, 2.74, 4.29, 4.78, 4.88, 4.18, 4.0, 3.14, 2.27, 2.59, 3.35, 3.65, 3.6, 3.79, 3.47, 2.46, 2.29, 2.16, 1.11, 1.25, 1.36, 0.97, 0, 1.27, 1.58, 1.28, 1.86, 2.31, 2.71, 2.58, 1.73, 1.81, 3.02, 4.71, 5.94, 6.73, 8.21, 8.56, 7.91, 6.2, 5.44, 5.41, 5.49, 5.54, 5.7, 6.25, 7.19, 7.38, 6.93, 5.94, 6.37, 7.49, 7.75, 7.48, 7.32, 7.4], [12.45, 12.0, 11.28, 10.55, 10.82, 10.51, 10.73, 10.47, 10.062, 10.482, 10.986, 10.866, 10.886, 11.331, 11.197, 8.68, 7.65, 7.64, 7.146, 6.793, 6.6, 6.25, 4.36, 1.92, 2.58, 3.11, 2.73, 1.8, 1.56, 1.68, 1.58, 2.11, 3.48, 3.99, 4.11, 3.45, 3.27, 2.51, 1.92, 2.32, 2.86, 2.96, 2.81, 3.14, 2.8, 1.81, 1.66, 1.83, 1.32, 1.7, 1.77, 1.36, 1.27, 0, 0.95, 1.65, 2.37, 2.66, 3.14, 3.21, 2.64, 2.38, 3.55, 5.38, 6.73, 7.32, 9.0, 9.37, 8.64, 6.91, 5.77, 5.6, 5.7, 5.71, 5.97, 6.653, 7.56, 7.83, 7.4, 6.37, 6.62, 7.68, 7.94, 7.61, 7.43, 7.53], [12.94, 12.47, 11.75, 10.98, 11.19, 10.94, 11.18, 10.98, 10.603, 10.952, 11.453, 11.373, 11.362, 11.932, 11.713, 9.205, 8.18, 8.145, 7.651, 7.278, 7.078, 6.62, 4.69, 2.01, 2.33, 2.68, 2.18, 1.43, 1.47, 1.57, 1.39, 1.6, 2.79, 3.28, 3.38, 2.72, 2.58, 2.12, 1.91, 2.23, 2.73, 2.63, 2.44, 2.93, 2.65, 1.74, 1.57, 1.88, 1.67, 2.21, 2.28, 1.85, 1.58, 0.95, 0, 1.72, 2.34, 2.33, 2.95, 3.24, 2.97, 2.75, 3.86, 5.71, 7.22, 7.625, 9.23, 9.58, 8.91, 7.12, 5.88, 5.61, 5.61, 5.88, 6.24, 6.92, 7.77, 8.04, 7.55, 6.56, 6.75, 7.81, 7.99, 7.64, 7.58, 7.7], [11.56, 11.07, 10.35, 9.7, 9.87, 9.64, 9.9, 9.586, 9.129, 9.572, 9.984, 9.938, 9.989, 10.55, 10.336, 7.86, 6.782, 6.762, 6.268, 5.895, 5.696, 5.28, 3.39, 1.71, 3.09, 3.72, 3.36, 2.27, 1.53, 1.53, 1.87, 2.58, 3.99, 4.44, 4.58, 4.02, 3.82, 3.32, 2.97, 3.43, 3.93, 3.93, 3.72, 4.03, 3.93, 2.96, 2.63, 2.7, 2.19, 2.03, 1.98, 1.75, 1.28, 1.65, 1.72, 0, 1.1, 1.57, 2.11, 2.2, 1.99, 1.57, 2.52, 4.27, 5.834, 6.285, 7.73, 8.12, 7.53, 5.66, 4.46, 4.47, 4.55, 4.72, 4.94, 5.55, 6.43, 6.66, 6.19, 5.22, 5.53, 6.65, 6.91, 6.66, 6.5, 6.6], [11.08, 10.61, 9.89, 9.2, 9.33, 9.04, 9.317, 9.126, 8.68, 9.16, 9.473, 9.393, 9.409, 10.056, 9.796, 7.28, 6.22, 6.213, 5.719, 5.333, 5.136, 4.697, 2.83, 1.93, 3.75, 4.28, 3.9, 2.73, 1.87, 1.95, 2.35, 2.96, 4.45, 4.9, 4.98, 4.3, 4.12, 3.56, 3.41, 3.91, 4.47, 4.45, 4.3, 4.57, 4.55, 3.5, 3.19, 3.24, 2.69, 2.63, 2.54, 2.33, 1.86, 2.37, 2.34, 1.1, 0, 1.01, 1.47, 1.56, 1.55, 1.51, 2.02, 3.83, 5.42, 5.71, 7.21, 7.58, 6.93, 5.14, 3.94, 3.91, 4.03, 4.24, 4.42, 5.05, 5.97, 6.14, 5.61, 4.64, 5.05, 6.15, 6.43, 6.22, 6.06, 6.14], [11.27, 10.8, 10.08, 9.43, 9.64, 9.307, 9.57, 9.376, 8.953, 9.316, 9.743, 9.679, 9.71, 10.357, 10.06, 7.584, 6.503, 6.503, 6.009, 5.636, 5.416, 4.922, 2.98, 2.08, 3.78, 4.15, 3.69, 2.84, 1.98, 1.94, 2.28, 2.77, 4.1, 4.57, 4.71, 3.97, 3.65, 3.39, 3.66, 3.94, 4.28, 4.28, 4.19, 4.38, 4.32, 3.51, 3.24, 3.59, 3.04, 3.1, 2.91, 2.66, 2.31, 2.66, 2.33, 1.57, 1.01, 0, 1.0, 1.39, 1.78, 1.86, 2.27, 4.02, 5.61, 5.872, 7.34, 7.71, 7.08, 5.27, 4.07, 3.88, 3.94, 4.23, 4.59, 5.27, 6.14, 6.37, 5.86, 4.89, 5.14, 6.2, 6.38, 6.11, 5.99, 6.07], [10.827, 10.34, 9.66, 9.05, 9.3, 8.95, 9.23, 8.996, 8.556, 8.962, 9.309, 9.296, 9.347, 9.977, 9.703, 7.221, 6.141, 6.141, 5.646, 5.253, 5.053, 4.57, 2.64, 2.26, 4.02, 4.43, 4.09, 3.28, 2.32, 2.2, 2.6, 3.27, 4.52, 5.01, 5.15, 4.41, 4.17, 3.69, 3.86, 4.06, 4.38, 4.52, 4.35, 4.54, 4.44, 3.69, 3.38, 3.73, 3.34, 3.48, 3.29, 2.98, 2.71, 3.14, 2.95, 2.11, 1.47, 1.0, 0, 0.89, 1.78, 2.32, 2.07, 3.66, 5.187, 5.6, 7.1, 7.47, 6.82, 5.09, 3.97, 3.84, 3.9, 4.13, 4.39, 5.058, 5.98, 6.15, 5.64, 4.67, 5.04, 6.12, 6.3, 6.01, 5.91, 5.99], [10.16, 9.67, 8.95, 8.3, 8.67, 8.26, 8.52, 8.206, 7.812, 8.272, 8.576, 8.596, 8.6, 9.19, 8.95, 6.474, 5.385, 5.385, 4.911, 4.538, 4.318, 3.88, 2.13, 2.49, 4.35, 4.98, 4.68, 3.63, 2.49, 2.45, 3.01, 3.84, 5.27, 5.76, 5.9, 5.14, 4.82, 4.24, 3.95, 4.23, 4.83, 5.11, 4.92, 5.01, 4.97, 3.88, 3.57, 3.84, 3.31, 3.33, 3.16, 2.89, 2.58, 3.21, 3.24, 2.2, 1.56, 1.39, 0.89, 0, 1.53, 2.19, 1.76, 3.05, 4.44, 5.01, 6.55, 6.94, 6.23, 4.52, 3.56, 3.49, 3.55, 3.72, 3.98, 4.61, 5.57, 5.74, 5.23, 4.26, 4.63, 5.73, 5.93, 5.7, 5.56, 5.62], [10.35, 9.84, 9.14, 8.67, 9.04, 8.59, 8.71, 8.31, 7.93, 8.408, 8.695, 8.615, 8.605, 9.117, 8.906, 6.43, 5.37, 5.332, 4.838, 4.6, 4.46, 4.29, 2.48, 2.14, 4.18, 5.03, 4.77, 3.52, 2.38, 2.48, 2.96, 3.87, 5.38, 5.87, 5.99, 5.25, 4.97, 4.29, 3.4, 3.64, 4.48, 4.84, 4.85, 4.98, 4.72, 3.57, 3.24, 3.11, 2.22, 2.06, 1.97, 1.74, 1.73, 2.64, 2.97, 1.99, 1.55, 1.78, 1.78, 1.53, 0, 1.52, 2.05, 3.7, 4.71, 5.7, 7.2, 7.53, 6.84, 5.15, 4.43, 4.52, 4.68, 4.83, 4.93, 5.46, 6.36, 6.51, 6.04, 5.09, 5.54, 6.66, 6.94, 6.73, 6.57, 6.65], [10.47, 9.94, 9.26, 8.69, 9.0, 8.63, 8.89, 8.51, 8.11, 8.59, 8.798, 8.778, 8.788, 9.317, 9.04, 6.561, 5.478, 5.478, 5.003, 4.7, 4.6, 4.31, 2.82, 2.24, 4.18, 4.91, 4.65, 3.52, 2.52, 2.46, 2.86, 3.77, 5.3, 5.85, 5.95, 5.17, 4.97, 4.11, 3.38, 3.78, 4.46, 4.72, 4.75, 4.84, 4.66, 3.53, 3.24, 3.21, 2.14, 1.84, 1.77, 1.84, 1.81, 2.38, 2.75, 1.57, 1.51, 1.86, 2.32, 2.19, 1.52, 0, 1.87, 3.48, 4.75, 5.5, 7.08, 7.45, 6.74, 5.05, 4.13, 4.24, 4.44, 4.63, 4.71, 5.22, 6.08, 6.23, 5.78, 4.81, 5.32, 6.42, 6.68, 6.47, 6.31, 6.41], [9.4, 8.91, 8.19, 7.4, 7.59, 7.26, 7.62, 7.297, 6.863, 7.292, 7.773, 7.633, 7.62, 8.17, 8.002, 5.48, 4.46, 4.4, 3.9, 3.55, 3.37, 3.0, 1.79, 2.95, 5.27, 6.04, 5.76, 4.47, 3.41, 3.51, 4.01, 4.8, 6.33, 6.74, 6.86, 6.1, 5.8, 5.32, 4.89, 5.35, 5.97, 6.11, 5.96, 6.25, 6.07, 5.06, 4.79, 4.74, 3.55, 3.09, 2.86, 2.97, 3.02, 3.55, 3.86, 2.52, 2.02, 2.27, 2.07, 1.76, 2.05, 1.87, 0, 2.11, 3.74, 4.17, 5.57, 5.96, 5.27, 3.68, 2.78, 2.93, 3.17, 3.28, 3.36, 3.79, 4.67, 4.8, 4.37, 3.46, 3.99, 5.03, 5.31, 5.1, 4.94, 5.04], [7.33, 6.84, 6.18, 5.53, 5.78, 5.49, 5.75, 5.481, 5.062, 5.502, 5.877, 5.813, 5.864, 6.468, 6.211, 3.75, 2.77, 2.89, 2.61, 2.2, 2.0, 1.59, 1.98, 4.56, 6.86, 7.75, 7.47, 6.32, 5.16, 5.28, 5.68, 6.61, 8.06, 8.57, 8.71, 7.95, 7.61, 7.01, 6.6, 7.06, 7.7, 7.94, 7.77, 7.84, 7.88, 6.77, 6.4, 6.25, 5.14, 4.66, 4.51, 4.72, 4.71, 5.38, 5.71, 4.27, 3.83, 4.02, 3.66, 3.05, 3.7, 3.48, 2.11, 0, 1.87, 2.34, 3.68, 4.03, 3.34, 1.81, 1.31, 1.82, 2.26, 2.23, 2.31, 2.38, 2.86, 3.01, 2.68, 2.51, 3.04, 3.54, 3.6, 3.51, 3.29, 3.45], [5.88, 5.37, 4.75, 4.38, 4.83, 4.4, 4.5, 4.22, 3.84, 4.3, 4.51, 4.53, 4.571, 5.129, 4.89, 2.66, 2.54, 2.78, 2.48, 2.23, 2.21, 2.16, 2.89, 6.059, 8.339, 9.209, 8.946, 7.89, 6.77, 6.77, 7.19, 8.24, 9.599, 10.149, 10.289, 9.554, 9.234, 8.58, 7.87, 8.09, 9.01, 9.35, 9.217, 9.27, 9.17, 8.04, 7.63, 7.38, 6.21, 5.67, 5.6, 5.87, 5.94, 6.73, 7.22, 5.834, 5.42, 5.61, 5.187, 4.44, 4.71, 4.75, 3.74, 1.87, 0, 1.55, 2.83, 3.1, 2.47, 1.46, 2.08, 2.55, 3.33, 3.2, 3.02, 2.81, 2.53, 2.36, 2.49, 3.04, 3.71, 3.67, 3.39, 3.32, 2.94, 3.08], [5.45, 5.0, 4.28, 3.63, 3.92, 3.51, 3.79, 3.61, 3.19, 3.53, 3.98, 3.913, 3.95, 4.588, 4.3, 2.49, 2.71, 2.83, 2.71, 2.42, 2.44, 2.23, 3.58, 6.5, 8.84, 9.636, 9.376, 8.212, 7.075, 7.16, 7.598, 8.447, 9.926, 10.422, 10.562, 9.802, 9.464, 8.87, 8.54, 8.98, 9.68, 9.898, 9.67, 9.8, 9.86, 8.75, 8.4, 8.25, 7.22, 6.8, 6.61, 6.72, 6.73, 7.32, 7.625, 6.285, 5.71, 5.872, 5.6, 5.01, 5.7, 5.5, 4.17, 2.34, 1.55, 0, 1.78, 2.09, 1.44, 1.25, 2.27, 3.02, 3.88, 3.75, 3.55, 3.08, 2.38, 2.01, 2.48, 3.51, 4.2, 4.08, 3.58, 3.51, 3.07, 2.97], [4.23, 3.78, 3.1, 2.53, 2.78, 2.45, 2.63, 2.47, 2.19, 2.43, 2.76, 2.76, 2.81, 3.46, 3.16, 2.35, 2.97, 3.35, 3.33, 3.1, 3.2, 3.03, 4.86, 7.92, 10.1, 10.89, 10.59, 9.44, 8.6, 8.54, 9.14, 9.83, 11.077, 11.584, 11.722, 11.067, 10.73, 10.37, 10.2, 10.62, 11.32, 11.48, 11.33, 11.38, 11.5, 10.39, 10.02, 9.73, 8.6, 8.02, 7.81, 8.24, 8.21, 9.0, 9.23, 7.73, 7.21, 7.34, 7.1, 6.55, 7.2, 7.08, 5.57, 3.68, 2.83, 1.78, 0, 0.83, 0.92, 2.29, 3.51, 4.22, 5.065, 4.937, 4.74, 4.273, 3.52, 3.03, 3.653, 4.681, 5.365, 5.245, 4.728, 4.586, 4.183, 4.063], [3.92, 3.47, 2.83, 2.3, 2.57, 2.14, 2.34, 2.2, 1.98, 2.22, 2.55, 2.51, 2.68, 3.207, 2.89, 2.5, 3.22, 3.66, 3.62, 3.47, 3.59, 3.42, 5.15, 8.29, 10.45, 11.24, 10.88, 9.77, 8.97, 8.93, 9.49, 10.2, 11.364, 11.914, 12.06, 11.36, 11.08, 10.72, 10.57, 10.97, 11.69, 11.85, 11.7, 11.75, 11.87, 10.76, 10.39, 10.08, 8.93, 8.35, 8.14, 8.59, 8.56, 9.37, 9.58, 8.12, 7.58, 7.71, 7.47, 6.94, 7.53, 7.45, 5.96, 4.03, 3.1, 2.09, 0.83, 0, 0.85, 2.54, 3.84, 4.45, 5.315, 5.207, 5.01, 4.523, 3.703, 3.16, 3.843, 4.931, 5.635, 5.515, 4.998, 4.856, 4.453, 4.353], [4.39, 3.94, 3.3, 2.69, 3.0, 2.57, 2.79, 2.65, 2.29, 2.61, 2.98, 2.94, 3.03, 3.637, 3.34, 2.23, 2.67, 3.13, 3.11, 2.98, 3.08, 2.87, 4.46, 7.72, 9.88, 10.77, 10.45, 9.32, 8.32, 8.32, 8.82, 9.63, 10.929, 11.479, 11.619, 10.864, 10.55, 10.07, 9.84, 10.26, 10.98, 11.16, 10.97, 11.06, 11.16, 10.05, 9.7, 9.39, 8.24, 7.68, 7.49, 7.88, 7.91, 8.64, 8.91, 7.53, 6.93, 7.08, 6.82, 6.23, 6.84, 6.74, 5.27, 3.34, 2.47, 1.44, 0.92, 0.85, 0, 2.11, 3.27, 3.96, 4.86, 4.77, 4.57, 4.08, 3.3, 2.77, 3.42, 4.49, 5.2, 5.1, 4.6, 4.466, 4.05, 3.95], [6.38, 5.93, 5.23, 4.62, 4.91, 4.5, 4.714, 4.6, 4.16, 4.5, 4.944, 4.838, 4.934, 5.584, 5.218, 3.02, 2.86, 3.12, 2.9, 2.69, 2.67, 2.38, 3.15, 5.87, 8.01, 8.8, 8.46, 7.31, 6.53, 6.51, 7.05, 7.76, 8.927, 9.434, 9.6, 8.9, 8.62, 8.28, 8.11, 8.51, 9.23, 9.41, 9.24, 9.31, 9.41, 8.3, 7.93, 7.68, 6.71, 6.29, 6.1, 6.23, 6.2, 6.91, 7.12, 5.66, 5.14, 5.27, 5.09, 4.52, 5.15, 5.05, 3.68, 1.81, 1.46, 1.25, 2.29, 2.54, 2.11, 0, 1.44, 2.03, 2.93, 2.86, 2.88, 2.67, 2.17, 1.98, 2.17, 2.76, 3.43, 3.47, 3.21, 3.1, 2.74, 2.78], [7.56, 7.11, 6.45, 5.88, 6.05, 5.76, 5.971, 5.84, 5.4, 5.74, 6.164, 6.061, 6.177, 6.827, 6.441, 4.0, 3.42, 3.68, 3.4, 3.13, 2.89, 2.46, 2.73, 4.99, 7.15, 7.7, 7.32, 6.23, 5.51, 5.49, 5.87, 6.46, 7.727, 8.254, 8.389, 7.697, 7.357, 7.08, 7.15, 7.71, 8.27, 8.19, 8.04, 8.23, 8.33, 7.3, 6.95, 6.92, 6.01, 5.65, 5.46, 5.51, 5.44, 5.77, 5.88, 4.46, 3.94, 4.07, 3.97, 3.56, 4.43, 4.13, 2.78, 1.31, 2.08, 2.27, 3.51, 3.84, 3.27, 1.44, 0, 0.93, 1.79, 1.9, 2.0, 1.99, 2.23, 2.44, 2.11, 1.98, 2.37, 2.95, 2.99, 2.88, 2.66, 2.78], [8.23, 7.74, 7.14, 6.59, 6.779, 6.509, 6.675, 6.609, 6.17, 6.51, 6.928, 6.865, 6.938, 7.588, 7.239, 4.789, 4.09, 4.39, 4.11, 3.76, 3.54, 3.09, 3.0, 4.96, 7.06, 7.31, 6.67, 5.78, 5.46, 5.34, 5.7, 6.13, 7.16, 7.684, 7.85, 7.21, 6.93, 6.99, 7.04, 7.58, 8.1, 8.0, 7.85, 8.08, 8.08, 7.07, 6.76, 6.91, 6.06, 5.76, 5.57, 5.62, 5.41, 5.6, 5.61, 4.47, 3.91, 3.88, 3.84, 3.49, 4.52, 4.24, 2.93, 1.82, 2.55, 3.02, 4.22, 4.45, 3.96, 2.03, 0.93, 0, 1.08, 1.39, 1.49, 1.78, 2.34, 2.59, 2.16, 1.69, 1.94, 2.64, 2.74, 2.49, 2.31, 2.41], [9.01, 8.54, 7.96, 7.41, 7.613, 7.363, 7.555, 7.423, 6.99, 7.33, 7.742, 7.747, 7.792, 8.402, 8.128, 5.658, 4.67, 4.85, 4.57, 4.26, 4.1, 3.61, 3.38, 5.08, 7.08, 7.29, 6.63, 5.76, 5.5, 5.36, 5.8, 6.13, 6.94, 7.37, 7.69, 7.07, 6.85, 7.11, 7.12, 7.58, 8.14, 8.14, 7.85, 8.16, 8.12, 7.13, 6.82, 7.03, 6.24, 5.96, 5.79, 5.84, 5.49, 5.7, 5.61, 4.55, 4.03, 3.94, 3.9, 3.55, 4.68, 4.44, 3.17, 2.26, 3.33, 3.88, 5.065, 5.315, 4.86, 2.93, 1.79, 1.08, 0, 0.99, 1.23, 1.6, 2.4, 2.71, 2.12, 1.51, 1.7, 2.48, 2.62, 2.39, 2.29, 2.23], [8.88, 8.43, 7.817, 7.264, 7.477, 7.247, 7.43, 7.28, 6.759, 7.079, 7.591, 7.602, 7.632, 8.155, 8.02, 5.55, 4.54, 4.68, 4.32, 3.97, 3.83, 3.3, 3.21, 5.27, 7.25, 7.5, 6.88, 5.95, 5.63, 5.59, 6.03, 6.42, 7.236, 7.632, 7.992, 7.378, 7.12, 7.38, 7.33, 7.81, 8.41, 8.41, 8.14, 8.43, 8.31, 7.4, 7.05, 7.24, 6.43, 6.09, 5.92, 5.95, 5.54, 5.71, 5.88, 4.72, 4.24, 4.23, 4.13, 3.72, 4.83, 4.63, 3.28, 2.23, 3.2, 3.75, 4.937, 5.207, 4.77, 2.86, 1.9, 1.39, 0.99, 0, 0.