[[0, 0.93, 1.43, 1.57, 1.11, 1.13, 2.2, 2.98, 4.024, 4.187, 4.47, 4.927, 3.91, 3.19, 3.31, 3.31, 3.27, 3.05, 3.27, 3.48, 2.93, 2.68, 2.87, 4.607, 6.388, 7.561, 7.808, 7.772, 7.311, 7.467, 7.057, 5.994, 5.63, 4.59, 3.1, 2.68, 2.86, 2.973, 3.053, 2.93, 3.04, 2.65, 2.11, 2.44, 3.43, 3.744, 4.014, 3.857, 3.04, 2.44, 2.77, 3.4, 3.01, 2.27, 2.5, 3.27, 3.22, 2.46, 1.93, 2.01, 2.43, 2.59, 2.82, 3.11, 2.99, 2.6, 2.52, 2.25, 1.43, 1.58, 2.07, 2.07, 1.91, 1.91, 1.99, 2.16, 1.95, 2.0, 1.87, 1.53, 1.46, 1.69, 1.37, 1.4, 1.99, 2.58], [0.93, 0, 0.98, 0.96, 1.02, 1.08, 1.71, 2.35, 3.394, 3.609, 3.957, 4.374, 3.42, 2.92, 2.88, 2.92, 2.86, 2.76, 3.2, 3.13, 2.96, 3.19, 2.88, 4.065, 5.827, 7.0, 7.247, 7.211, 6.749, 6.911, 6.501, 5.432, 5.094, 4.06, 2.71, 2.29, 2.35, 2.48, 2.54, 2.44, 2.57, 2.16, 1.68, 1.75, 2.88, 3.2, 3.458, 3.261, 2.45, 1.87, 2.18, 2.77, 2.36, 1.7, 1.83, 2.62, 2.57, 1.85, 1.54, 2.28, 2.92, 3.04, 3.25, 3.48, 3.34, 2.97, 2.91, 2.6, 1.78, 2.03, 2.38, 2.38, 1.98, 1.96, 2.12, 2.47, 2.14, 2.13, 2.12, 1.66, 1.63, 2.08, 1.54, 1.39, 1.74, 2.09], [1.43, 0.98, 0, 0.74, 1.24, 1.4, 1.27, 1.75, 2.78, 3.02, 3.3, 3.7, 2.8, 2.54, 2.62, 2.62, 2.86, 2.96, 3.38, 3.27, 3.16, 3.63, 3.04, 3.46, 5.118, 6.291, 6.538, 6.502, 6.044, 6.197, 5.787, 4.727, 4.4, 3.58, 2.65, 2.23, 2.11, 2.06, 2.16, 2.12, 2.25, 1.9, 1.4, 1.37, 2.22, 2.58, 2.81, 2.63, 1.79, 1.23, 1.54, 2.29, 1.84, 1.4, 1.57, 1.98, 1.95, 1.31, 1.54, 2.7, 3.36, 3.4, 3.87, 4.12, 4.0, 3.43, 3.35, 3.04, 2.22, 2.49, 3.0, 2.84, 2.34, 2.3, 2.58, 3.07, 2.72, 2.65, 2.72, 2.18, 2.19, 2.48, 1.96, 1.61, 1.5, 1.61], [1.57, 0.96, 0.74, 0, 1.1, 1.32, 1.39, 1.85, 2.96, 3.3, 3.56, 3.9, 3.0, 2.56, 2.72, 2.62, 2.9, 3.06, 3.44, 3.41, 3.28, 3.59, 3.08, 3.58, 5.244, 6.411, 6.661, 6.626, 6.164, 6.314, 5.904, 4.853, 4.62, 3.84, 2.89, 2.47, 2.27, 2.2, 2.36, 2.26, 2.49, 2.02, 1.44, 1.53, 2.44, 2.68, 2.99, 2.77, 1.99, 1.47, 1.8, 2.49, 2.12, 1.68, 1.59, 2.08, 2.15, 1.37, 1.32, 2.6, 3.36, 3.36, 3.71, 3.94, 3.8, 3.39, 3.31, 3.0, 2.2, 2.51, 2.9, 2.74, 2.16, 2.08, 2.4, 2.87, 2.54, 2.49, 2.52, 1.98, 2.09, 2.48, 1.9, 1.51, 1.4, 1.63], [1.11, 1.02, 1.24, 1.1, 0, 0.8, 1.95, 2.807, 3.9, 4.109, 4.469, 4.88, 3.794, 3.02, 3.14, 3.18, 3.24, 3.3, 3.56, 3.67, 3.32, 3.15, 3.3, 4.451, 6.224, 7.397, 7.647, 7.609, 7.147, 7.297, 6.887, 5.836, 5.466, 4.426, 3.29, 2.91, 2.83, 2.946, 3.0, 2.88, 2.95, 2.58, 2.02, 2.05, 3.28, 3.594, 3.856, 3.704, 2.91, 2.33, 2.64, 3.31, 2.9, 2.16, 2.33, 3.058, 3.087, 2.31, 1.36, 2.04, 2.74, 2.72, 3.05, 3.24, 3.16, 2.77, 2.73, 2.44, 1.7, 1.71, 1.96, 1.82, 1.28, 1.3, 1.46, 1.93, 1.6, 1.55, 1.62, 1.14, 1.31, 1.74, 1.32, 1.17, 1.72, 2.267], [1.13, 1.08, 1.4, 1.32, 0.8, 0, 1.93, 2.91, 3.997, 4.209, 4.523, 4.96, 4.0, 3.38, 3.44, 3.44, 3.42, 3.24, 3.74, 3.83, 3.5, 3.33, 3.56, 4.611, 6.393, 7.548, 7.798, 7.762, 7.301, 7.451, 7.041, 5.981, 5.614, 4.56, 3.11, 2.71, 2.97, 3.017, 3.037, 2.994, 3.01, 2.74, 2.38, 2.15, 3.408, 3.74, 4.01, 3.81, 3.05, 2.45, 2.74, 3.39, 3.0, 2.22, 2.43, 3.16, 3.219, 2.47, 1.78, 2.1, 2.66, 2.72, 3.01, 3.18, 3.14, 2.79, 2.81, 2.46, 1.74, 1.71, 1.88, 1.72, 1.32, 1.4, 1.5, 1.89, 1.56, 1.49, 1.56, 1.12, 1.41, 1.78, 1.52, 1.59, 2.14, 2.53], [2.2, 1.71, 1.27, 1.39, 1.95, 1.93, 0, 1.48, 2.47, 2.71, 3.05, 3.41, 2.99, 2.71, 2.87, 2.93, 3.19, 3.29, 3.67, 3.56, 3.57, 4.1, 3.47, 3.03, 4.58, 5.744, 5.994, 5.953, 5.497, 5.65, 5.24, 4.18, 3.89, 3.19, 2.66, 2.44, 2.24, 2.19, 2.23, 2.29, 2.32, 2.07, 1.81, 1.18, 1.71, 1.97, 2.26, 2.16, 1.5, 1.28, 1.31, 1.88, 1.53, 1.67, 1.38, 1.69, 1.76, 1.64, 2.27, 3.41, 3.99, 3.85, 4.06, 4.33, 4.15, 3.74, 3.66, 3.69, 2.89, 2.94, 3.19, 3.05, 2.69, 2.51, 2.93, 3.38, 2.99, 2.92, 2.91, 2.41, 2.44, 2.81, 2.45, 2.16, 1.93, 1.86], [2.98, 2.35, 1.75, 1.85, 2.807, 2.91, 1.48, 0, 1.53, 2.31, 2.27, 2.71, 2.51, 2.51, 2.47, 2.51, 2.65, 2.85, 3.41, 3.3, 3.35, 3.92, 3.09, 2.43, 3.811, 4.955, 5.205, 5.12, 4.667, 4.901, 4.491, 3.48, 3.27, 2.73, 2.36, 2.18, 1.9, 1.79, 1.85, 1.91, 1.98, 1.91, 1.63, 1.5, 1.29, 1.47, 1.7, 1.64, 1.12, 1.14, 0.95, 1.34, 1.09, 1.53, 1.1, 1.41, 1.12, 1.2, 2.09, 3.59, 4.39, 4.41, 4.76, 5.01, 4.93, 4.26, 4.06, 4.07, 3.23, 3.72, 4.347, 4.19, 3.767, 3.65, 4.03, 4.4, 4.05, 4.02, 3.95, 3.29, 3.22, 3.19, 2.87, 2.22, 1.57, 1.4], [4.024, 3.394, 2.78, 2.96, 3.9, 3.997, 2.47, 1.53, 0, 1.14, 1.12, 1.5, 2.02, 2.38, 2.3, 2.56, 2.6, 2.76, 3.2, 3.15, 3.34, 4.17, 3.14, 1.88, 2.669, 3.799, 4.052, 3.982, 3.529, 3.759, 3.35, 2.35, 2.18, 1.98, 2.31, 2.39, 1.95, 1.88, 1.9, 2.0, 1.85, 2.02, 2.32, 2.55, 1.78, 1.5, 1.33, 1.13, 1.33, 1.77, 1.56, 1.35, 1.58, 2.266, 1.91, 1.82, 1.79, 1.95, 3.18, 4.736, 5.5, 5.5, 5.83, 6.08, 6.0, 5.23, 5.23, 5.22, 4.32, 4.799, 5.438, 5.301, 4.82, 4.698, 5.118, 5.468, 5.14, 5.11, 5.06, 4.44, 4.31, 4.28, 3.947, 3.385, 2.46, 2.19], [4.187, 3.609, 3.02, 3.3, 4.109, 4.209, 2.71, 2.31, 1.14, 0, 1.12, 1.14, 1.64, 1.98, 2.18, 2.5, 2.44, 2.68, 2.98, 2.91, 3.2, 4.124, 3.08, 1.84, 2.51, 3.58, 3.83, 3.788, 3.329, 3.54, 3.15, 2.23, 1.94, 1.86, 2.25, 2.43, 1.99, 1.92, 2.0, 2.1, 1.99, 2.298, 2.74, 3.03, 2.42, 2.06, 1.71, 1.65, 1.73, 2.09, 2.12, 1.73, 1.96, 2.512, 2.41, 2.46, 2.33, 2.57, 3.5, 4.98, 5.68, 5.74, 6.09, 6.34, 6.3, 5.51, 5.57, 5.48, 4.48, 5.079, 5.618, 5.501, 5.052, 4.938, 5.338, 5.748, 5.421, 5.402, 5.4, 4.8, 4.65, 4.633, 4.167, 3.725, 2.76, 2.39], [4.47, 3.957, 3.3, 3.56, 4.469, 4.523, 3.05, 2.27, 1.12, 1.12, 0, 1.0, 1.7, 2.12, 2.28, 2.54, 2.68, 2.86, 3.02, 2.93, 3.18, 4.29, 3.22, 1.72, 2.45, 3.594, 3.844, 3.771, 3.33, 3.54, 3.13, 2.23, 1.92, 1.86, 2.57, 2.83, 2.33, 2.08, 2.26, 2.42, 2.37, 2.66, 3.08, 3.33, 2.48, 2.26, 1.77, 1.71, 1.99, 2.29, 2.2, 1.73, 2.14, 2.769, 2.65, 2.64, 2.47, 2.73, 3.74, 5.16, 5.92, 6.04, 6.39, 6.64, 6.62, 5.83, 5.91, 5.74, 4.84, 5.407, 5.992, 5.875, 5.409, 5.332, 5.732, 6.142, 5.8, 5.77, 5.78, 5.18, 5.01, 5.0, 4.561, 4.1, 3.08, 2.79], [4.927, 4.374, 3.7, 3.9, 4.88, 4.96, 3.41, 2.71, 1.5, 1.14, 1.0, 0, 1.36, 2.2, 2.54, 2.72, 2.82, 3.16, 3.08, 2.79, 3.34, 4.61, 3.38, 1.5, 1.99, 3.0, 3.19, 3.117, 2.661, 2.9, 2.51, 1.73, 1.58, 1.66, 2.91, 3.19, 2.71, 2.48, 2.64, 2.8, 2.75, 3.06, 3.42, 3.71, 2.78, 2.48, 2.03, 1.95, 2.21, 2.69, 2.48, 2.13, 2.4, 3.24, 3.07, 2.8, 2.75, 3.09, 4.2, 5.64, 6.32, 6.46, 6.83, 7.08, 7.08, 6.27, 6.37, 6.26, 5.28, 5.83, 6.4, 6.28, 5.82, 5.74, 6.14, 6.55, 6.22, 6.19, 6.2, 5.6, 5.45, 5.4, 4.96, 4.49, 3.46, 3.03], [3.91, 3.42, 2.8, 3.0, 3.794, 4.0, 2.99, 2.51, 2.02, 1.64, 1.7, 1.36, 0, 1.02, 1.34, 1.5, 1.68, 1.96, 1.92, 1.81, 2.14, 3.35, 2.22, 1.44, 2.75, 3.834, 4.084, 4.051, 3.575, 3.785, 3.375, 2.39, 2.16, 1.8, 2.27, 2.43, 1.93, 1.8, 2.0, 1.98, 2.09, 2.16, 2.4, 3.09, 2.64, 2.6, 2.13, 2.03, 2.17, 2.39, 2.18, 2.15, 2.24, 2.62, 2.55, 2.7, 2.55, 2.43, 3.38, 4.88, 5.56, 5.62, 5.97, 6.22, 6.08, 5.25, 5.23, 5.26, 4.22, 4.75, 5.26, 5.12, 4.7, 4.6, 5.0, 5.41, 5.1, 5.09, 5.06, 4.46, 4.31, 4.2, 3.76, 3.29, 2.44, 2.17], [3.19, 2.92, 2.54, 2.56, 3.02, 3.38, 2.71, 2.51, 2.38, 1.98, 2.12, 2.2, 1.02, 0, 0.82, 1.1, 1.34, 1.6, 1.56, 1.63, 1.66, 2.57, 1.8, 1.78, 3.413, 4.566, 4.796, 4.763, 4.307, 4.5, 4.09, 3.09, 2.72, 2.14, 1.95, 2.09, 1.63, 1.6, 1.8, 1.78, 1.99, 1.8, 1.86, 2.85, 2.62, 2.56, 2.21, 2.17, 2.21, 2.25, 2.26, 2.17, 2.24, 2.48, 2.31, 2.86, 2.73, 2.33, 2.82, 4.24, 4.9, 4.9, 5.25, 5.5, 5.34, 4.49, 4.47, 4.6, 3.46, 3.87, 4.4, 4.24, 3.82, 3.7, 4.12, 4.53, 4.2, 4.19, 4.16, 3.58, 3.41, 3.3, 2.9, 2.49, 1.64, 1.97], [3.31, 2.88, 2.62, 2.72, 3.14, 3.44, 2.87, 2.47, 2.3, 2.18, 2.28, 2.54, 1.34, 0.82, 0, 0.7, 1.0, 1.16, 1.34, 1.31, 1.26, 2.25, 1.38, 1.64, 3.33, 4.477, 4.707, 4.674, 4.209, 4.4, 3.99, 2.93, 2.6, 1.84, 1.61, 1.83, 1.41, 1.44, 1.48, 1.48, 1.71, 1.46, 1.72, 2.57, 2.34, 2.44, 2.19, 2.17, 2.31, 2.41, 2.38, 2.25, 2.3, 2.46, 2.23, 2.96, 2.73, 2.33, 2.92, 4.38, 5.04, 5.02, 5.39, 5.62, 5.42, 4.55, 4.55, 4.76, 3.66, 3.91, 4.52, 4.38, 3.98, 3.84, 4.24, 4.61, 4.24, 4.27, 4.18, 3.54, 3.43, 3.3, 3.1, 2.53, 1.82, 2.07], [3.31, 2.92, 2.62, 2.62, 3.18, 3.44, 2.93, 2.51, 2.56, 2.5, 2.54, 2.72, 1.5, 1.1, 0.7, 0, 0.7, 1.04, 1.2, 1.15, 1.06, 2.15, 1.22, 1.74, 3.43, 4.556, 4.746, 4.713, 4.258, 4.468, 4.07, 3.05, 2.72, 1.8, 1.43, 1.67, 1.37, 1.34, 1.38, 1.26, 1.61, 1.44, 1.7, 2.55, 2.48, 2.52, 2.51, 2.43, 2.53, 2.53, 2.52, 2.31, 2.42, 2.34, 2.11, 3.0, 2.71, 2.19, 2.84, 4.18, 4.84, 4.82, 5.21, 5.48, 5.28, 4.45, 4.43, 4.74, 3.7, 3.99, 4.6, 4.44, 4.04, 3.84, 4.3, 4.65, 4.28, 4.27, 4.24, 3.56, 3.45, 3.3, 3.1, 2.51, 1.98, 2.21], [3.27, 2.86, 2.86, 2.9, 3.24, 3.42, 3.19, 2.65, 2.6, 2.44, 2.68, 2.82, 1.68, 1.34, 1.0, 0.7, 0, 0.6, 0.98, 1.05, 1.08, 2.15, 1.22, 1.88, 3.61, 4.69, 4.886, 4.833, 4.358, 4.568, 4.158, 3.11, 2.78, 1.7, 1.15, 1.49, 1.39, 1.46, 1.36, 1.28, 1.31, 1.34, 1.84, 2.61, 2.54, 2.62, 2.47, 2.45, 2.63, 2.69, 2.62, 2.39, 2.48, 2.38, 2.25, 3.08, 2.85, 2.41, 2.92, 4.12, 4.72, 4.74, 5.11, 5.34, 5.14, 4.37, 4.39, 4.7, 3.64, 3.97, 4.5, 4.34, 3.98, 3.84, 4.22, 4.57, 4.22, 4.23, 4.16, 3.46, 3.37, 3.24, 3.08, 2.59, 2.22, 2.39], [3.05, 2.76, 2.96, 3.06, 3.3, 3.24, 3.29, 2.85, 2.76, 2.68, 2.86, 3.16, 1.96, 1.6, 1.16, 1.04, 0.6, 0, 0.86, 1.05, 0.86, 1.75, 1.1, 2.16, 3.93, 4.973, 5.218, 5.165, 4.669, 4.879, 4.449, 3.41, 3.08, 1.96, 1.03, 1.31, 1.43, 1.58, 1.5, 1.44, 1.47, 1.44, 2.0, 2.75, 2.68, 2.8, 2.65, 2.63, 2.81, 2.83, 2.78, 2.53, 2.64, 2.5, 2.49, 3.32, 3.11, 2.67, 3.14, 4.08, 4.62, 4.64, 5.01, 5.26, 5.06, 4.27, 4.23, 4.5, 3.38, 3.79, 4.16, 4.06, 3.88, 3.76, 3.98, 4.29, 3.94, 3.93, 3.8, 3.14, 3.07, 2.92, 2.98, 2.63, 2.32, 2.57], [3.27, 3.2, 3.38, 3.44, 3.56, 3.74, 3.67, 3.41, 3.2, 2.98, 3.02, 3.08, 1.92, 1.56, 1.34, 1.2, 0.98, 0.86, 0, 0.59, 0.68, 1.71, 0.96, 1.94, 3.57, 4.601, 4.825, 4.793, 4.31, 4.48, 4.07, 3.15, 2.8, 1.88, 1.59, 1.91, 1.87, 1.96, 1.88, 1.8, 1.85, 1.86, 2.32, 3.19, 3.08, 3.18, 2.99, 3.05, 3.23, 3.33, 3.36, 3.13, 3.24, 3.1, 3.07, 3.9, 3.67, 3.25, 3.52, 4.42, 5.0, 5.02, 5.41, 5.66, 5.44, 4.67, 4.59, 4.88, 3.72, 4.01, 4.42, 4.3, 4.16, 3.96, 4.22, 4.53, 4.16, 4.31, 4.12, 3.52, 3.39, 3.22, 3.22, 2.89, 2.66, 3.05], [3.48, 3.13, 3.27, 3.41, 3.67, 3.83, 3.56, 3.3, 3.15, 2.91, 2.93, 2.79, 1.81, 1.63, 1.31, 1.15, 1.05, 1.05, 0.59, 0, 0.73, 2.1, 1.09, 1.77, 3.26, 4.274, 4.464, 4.428, 3.94, 4.11, 3.74, 2.9, 2.53, 1.63, 1.66, 1.9, 1.82, 1.87, 1.77, 1.73, 1.86, 1.81, 2.31, 3.1, 2.97, 3.05, 2.92, 3.0, 3.08, 3.22, 3.25, 3.0, 3.13, 3.03, 2.98, 3.83, 3.58, 3.16, 3.69, 4.69, 5.25, 5.29, 5.66, 5.91, 5.71, 4.86, 4.86, 5.11, 3.95, 4.24, 4.77, 4.63, 4.37, 4.25, 4.55, 4.86, 4.47, 4.52, 4.41, 3.83, 3.72, 3.47, 3.39, 3.0, 2.73, 3.06], [2.93, 2.96, 3.16, 3.28, 3.32, 3.5, 3.57, 3.35, 3.34, 3.2, 3.18, 3.34, 2.14, 1.66, 1.26, 1.06, 1.08, 0.86, 0.68, 0.73, 0, 1.51, 0.72, 2.16, 3.85, 4.9, 5.088, 5.055, 4.57, 4.74, 4.35, 3.43, 3.04, 2.08, 1.47, 1.71, 1.75, 1.88, 1.82, 1.76, 1.91, 1.8, 2.18, 3.11, 3.06, 3.14, 3.09, 3.15, 3.13, 3.21, 3.24, 3.01, 3.18, 3.0, 2.93, 3.9, 3.63, 3.11, 3.42, 4.18, 4.74, 4.76, 5.11, 5.36, 5.14, 4.33, 4.31, 4.56, 3.38, 3.75, 4.14, 4.1, 3.9, 3.84, 4.08, 4.31, 3.98, 4.01, 3.88, 3.34, 3.23, 2.94, 2.9, 2.71, 2.46, 2.89], [2.68, 3.19, 3.63, 3.59, 3.15, 3.33, 4.1, 3.92, 4.17, 4.124, 4.29, 4.61, 3.35, 2.57, 2.25, 2.15, 2.15, 1.75, 1.71, 2.1, 1.51, 0, 1.43, 3.43, 5.18, 6.245, 6.474, 6.422, 5.966, 6.13, 5.72, 4.7, 4.33, 3.29, 2.18, 2.28, 2.42, 2.59, 2.53, 2.51, 2.62, 2.57, 2.77, 3.68, 3.71, 3.79, 3.86, 3.88, 3.74, 3.8, 3.81, 3.68, 3.89, 3.59, 3.56, 4.65, 4.36, 3.7, 3.53, 3.49, 3.75, 3.89, 4.12, 4.25, 4.05, 3.38, 3.36, 3.45, 2.77, 2.92, 3.45, 3.35, 3.55, 3.41, 3.49, 3.58, 3.31, 3.58, 3.33, 2.83, 2.68, 2.47, 2.43, 2.42, 2.63, 3.3], [2.87, 2.88, 3.04, 3.08, 3.3, 3.56, 3.47, 3.09, 3.14, 3.08, 3.22, 3.38, 2.22, 1.8, 1.38, 1.22, 1.22, 1.1, 0.96, 1.09, 0.72, 1.43, 0, 2.14, 3.87, 4.91, 5.14, 5.097, 4.622, 4.8, 4.39, 3.33, 3.14, 2.24, 1.47, 1.67, 1.65, 1.64, 1.62, 1.52, 1.77, 1.72, 1.88, 2.89, 2.86, 2.88, 2.85, 2.91, 2.93, 3.01, 3.06, 2.93, 3.06, 3.02, 2.87, 3.64, 3.37, 2.85, 3.14, 3.94, 4.5, 4.5, 4.87, 5.12, 4.94, 4.09, 4.11, 4.32, 3.26, 3.63, 4.22, 4.12, 4.02, 3.88, 4.14, 4.33, 4.0, 4.13, 3.94, 3.48, 3.29, 3.0, 2.84, 2.57, 2.3, 2.67], [4.607, 4.065, 3.46, 3.58, 4.451, 4.611, 3.03, 2.43, 1.88, 1.84, 1.72, 1.5, 1.44, 1.78, 1.64, 1.74, 1.88, 2.16, 1.94, 1.77, 2.16, 3.43, 2.14, 0, 1.89, 2.98, 3.216, 3.183, 2.71, 2.88, 2.49, 1.67, 1.48, 0.88, 1.87, 2.31, 2.01, 1.84, 1.8, 1.94, 1.91, 2.16, 2.64, 2.73, 2.1, 1.92, 1.73, 1.93, 2.17, 2.67, 2.54, 2.35, 2.52, 3.171, 2.77, 2.88, 2.71, 2.97, 4.06, 5.64, 6.34, 6.28, 6.67, 6.92, 6.76, 5.95, 5.91, 6.08, 4.98, 5.39, 5.92, 5.8, 5.4, 5.22, 5.68, 6.09, 5.68, 5.63, 5.56, 4.88, 4.75, 4.68, 4.48, 3.884, 3.02, 2.89], [6.388, 5.827, 5.118, 5.244, 6.224, 6.393, 4.58, 3.811, 2.669, 2.51, 2.45, 1.99, 2.75, 3.413, 3.33, 3.43, 3.61, 3.93, 3.57, 3.26, 3.85, 5.18, 3.87, 1.89, 0, 1.19, 1.54, 1.45, 1.16, 1.17, 0.92, 1.22, 1.49, 2.13, 3.6, 4.02, 3.68, 3.51, 3.49, 3.61, 3.58, 3.93, 4.396, 4.455, 3.19, 2.705, 2.44, 2.663, 3.406, 4.043, 3.858, 3.382, 3.846, 4.828, 4.393, 3.726, 3.78, 4.356, 5.709, 7.283, 7.978, 7.92, 8.31, 8.568, 8.41, 7.64, 7.608, 7.826, 6.73, 7.16, 7.71, 7.582, 7.182, 6.95, 7.439, 7.86, 7.45, 7.38, 7.31, 6.63, 6.52, 6.45, 6.233, 5.637, 4.69, 4.14], [7.561, 7.0, 6.291, 6.411, 7.397, 7.548, 5.744, 4.955, 3.799, 3.58, 3.594, 3.0, 3.834, 4.566, 4.477, 4.556, 4.69, 4.973, 4.601, 4.274, 4.9, 6.245, 4.91, 2.98, 1.19, 0, 0.67, 0.7, 0.79, 0.64, 0.81, 1.77, 2.08, 3.06, 4.634, 5.153, 4.813, 4.64, 4.6, 4.76, 4.67, 5.009, 5.489, 5.485, 4.201, 3.837, 3.57, 3.807, 4.576, 5.21, 4.999, 4.54, 4.979, 5.961, 5.526, 4.779, 4.826, 5.489, 6.822, 8.416, 9.111, 9.065, 9.44, 9.698, 9.55, 8.789, 8.772, 8.971, 7.9, 8.333, 8.877, 8.734, 8.334, 8.097, 8.592, 9.013, 8.609, 8.564, 8.497, 7.794, 7.67, 7.572, 7.386, 6.79, 5.826, 5.33], [7.808, 7.247, 6.538, 6.661, 7.647, 7.798, 5.994, 5.205, 4.052, 3.83, 3.844, 3.19, 4.084, 4.796, 4.707, 4.746, 4.886, 5.218, 4.825, 4.464, 5.088, 6.474, 5.14, 3.216, 1.54, 0.67, 0, 0.61, 0.84, 0.73, 1.08, 1.92, 2.283, 3.303, 4.872, 5.403, 5.063, 4.893, 4.853, 4.97, 4.906, 5.239, 5.739, 5.735, 4.431, 4.087, 3.815, 4.048, 4.806, 5.44, 5.249, 4.773, 5.232, 6.214, 5.776, 5.029, 5.076, 5.739, 7.072, 8.646, 9.341, 9.295, 9.67, 9.937, 9.783, 9.019, 9.022, 9.221, 8.15, 8.563, 9.107, 8.964, 8.564, 8.347, 8.842, 9.243, 8.839, 8.794, 8.727, 8.044, 7.92, 7.822, 7.636, 7.04, 6.076, 5.563], [7.772, 7.211, 6.502, 6.626, 7.609, 7.762, 5.953, 5.12, 3.982, 3.788, 3.771, 3.117, 4.051, 4.763, 4.674, 4.713, 4.833, 5.165, 4.793, 4.428, 5.055, 6.422, 5.097, 3.183, 1.45, 0.7, 0.61, 0, 0.65, 0.62, 0.89, 1.83, 2.2, 3.26, 4.839, 5.35, 5.01, 4.82, 4.78, 4.9, 4.85, 5.206, 5.686, 5.682, 4.378, 4.034, 3.767, 4.004, 4.77, 5.404, 5.193, 4.74, 5.179, 6.161, 5.7, 4.976, 5.003, 5.686, 7.019, 8.553, 9.248, 9.213, 9.597, 9.867, 9.753, 8.972, 8.975, 9.147, 8.085, 8.53, 9.074, 8.932, 8.532, 8.314, 8.809, 9.21, 8.806, 8.747, 8.68, 7.977, 7.85, 7.769, 7.603, 7.007, 6.043, 5.515], [7.311, 6.749, 6.044, 6.164, 7.147, 7.301, 5.497, 4.667, 3.529, 3.329, 3.33, 2.661, 3.575, 4.307, 4.209, 4.258, 4.358, 4.669, 4.31, 3.94, 4.57, 5.966, 4.622, 2.71, 1.16, 0.79, 0.84, 0.65, 0, 0.49, 0.7, 1.36, 1.73, 2.77, 4.36, 4.88, 4.54, 4.35, 4.31, 4.43, 4.38, 4.73, 5.224, 5.22, 3.91, 3.59, 3.32, 3.562, 4.308, 4.951, 4.732, 4.296, 4.717, 5.699, 5.244, 4.569, 4.596, 5.219, 6.563, 8.089, 8.783, 8.757, 9.147, 9.417, 9.303, 8.522, 8.525, 8.697, 7.635, 8.065, 8.61, 8.476, 8.076, 7.859, 8.344, 8.745, 8.341, 8.297, 8.23, 7.527, 7.38, 7.304, 7.147, 6.551, 5.578, 5.065], [7.467, 6.911, 6.197, 6.314, 7.297, 7.451, 5.65, 4.901, 3.759, 3.54, 3.54, 2.9, 3.785, 4.5, 4.4, 4.468, 4.568, 4.879, 4.48, 4.11, 4.74, 6.13, 4.8, 2.88, 1.17, 0.64, 0.73, 0.62, 0.49, 0, 0.55, 1.57, 1.98, 2.94, 4.51, 5.05, 4.71, 4.56, 4.52, 4.64, 4.57, 4.9, 5.38, 5.37, 4.06, 3.74, 3.47, 3.712, 4.484, 5.121, 4.936, 4.466, 4.933, 5.924, 5.478, 4.736, 4.783, 5.446, 6.793, 8.333, 9.027, 9.001, 9.391, 9.661, 9.507, 8.726, 8.709, 8.92, 7.84, 8.25, 8.78, 8.66, 8.26, 8.02, 8.5, 8.93, 8.52, 8.47, 8.4, 7.72, 7.59, 7.5, 7.32, 6.721, 5.74, 5.25], [7.057, 6.501, 5.787, 5.904, 6.887, 7.041, 5.24, 4.491, 3.35, 3.15, 3.13, 2.51, 3.375, 4.09, 3.99, 4.07, 4.158, 4.449, 4.07, 3.74, 4.35, 5.72, 4.39, 2.49, 0.92, 0.81, 1.08, 0.89, 0.7, 0.55, 0, 1.24, 1.59, 2.53, 4.1, 4.64, 4.32, 4.15, 4.11, 4.27, 4.18, 4.49, 4.97, 4.96, 3.65, 3.33, 3.06, 3.302, 4.08, 4.711, 4.526, 4.056, 4.523, 5.514, 5.068, 4.35, 4.4, 5.06, 6.39, 7.97, 8.67, 8.63, 9.0, 9.27, 9.13, 8.32, 8.299, 8.51, 7.43, 7.84, 8.37, 8.25, 7.85, 7.61, 8.09, 8.52, 8.11, 8.06, 7.99, 7.31, 7.18, 7.09, 6.91, 6.311, 5.33, 4.84], [5.994, 5.432, 4.727, 4.853, 5.836, 5.981, 4.18, 3.48, 2.35, 2.23, 2.23, 1.73, 2.39, 3.09, 2.93, 3.05, 3.11, 3.41, 3.15, 2.9, 3.43, 4.7, 3.33, 1.67, 1.22, 1.77, 1.92, 1.83, 1.36, 1.57, 1.24, 0, 0.77, 1.53, 3.06, 3.62, 3.28, 3.11, 3.05, 3.21, 3.12, 3.45, 3.93, 3.94, 2.61, 2.49, 2.2, 2.34, 3.023, 3.68, 3.455, 3.079, 3.486, 4.461, 4.011, 3.57, 3.52, 4.0, 5.35, 6.93, 7.63, 7.57, 7.96, 8.23, 8.05, 7.26, 7.24, 7.43, 6.35, 6.76, 7.31, 7.19, 6.79, 6.57, 7.05, 7.46, 7.03, 6.98, 6.91, 6.23, 6.1, 6.03, 5.85, 5.234, 4.29, 3.82], [5.63, 5.094, 4.4, 4.62, 5.466, 5.614, 3.89, 3.27, 2.18, 1.94, 1.92, 1.58, 2.16, 2.72, 2.6, 2.72, 2.78, 3.08, 2.8, 2.53, 3.04, 4.33, 3.14, 1.48, 1.49, 2.08, 2.283, 2.2, 1.73, 1.98, 1.59, 0.77, 0, 1.14, 2.77, 3.31, 2.99, 2.8, 2.76, 2.92, 2.81, 3.08, 3.64, 3.65, 2.4, 2.48, 2.13, 2.29, 2.85, 3.39, 3.16, 2.93, 3.28, 4.131, 3.681, 3.62, 3.49, 3.83, 5.06, 6.64, 7.36, 7.3, 7.65, 7.92, 7.72, 6.91, 6.87, 7.06, 5.98, 6.39, 6.94, 6.82, 6.42, 6.2, 6.68, 7.107, 6.66, 6.61, 6.54, 5.86, 5.73, 5.66, 5.48, 4.864, 3.96, 3.67], [4.59, 4.06, 3.58, 3.84, 4.426, 4.56, 3.19, 2.73, 1.98, 1.86, 1.86, 1.66, 1.8, 2.14, 1.84, 1.8, 1.7, 1.96, 1.88, 1.63, 2.08, 3.29, 2.24, 0.88, 2.13, 3.06, 3.303, 3.26, 2.77, 2.94, 2.53, 1.53, 1.14, 0, 1.67, 2.21, 1.93, 1.86, 1.72, 1.94, 1.75, 2.04, 2.78, 2.71, 2.1, 2.12, 1.93, 2.07, 2.37, 2.81, 2.72, 2.33, 2.68, 3.131, 2.83, 3.34, 3.15, 3.27, 4.18, 5.62, 6.24, 6.18, 6.57, 6.86, 6.68, 5.83, 5.83, 6.04, 4.96, 5.35, 5.86, 5.74, 5.34, 5.14, 5.6, 6.01, 5.58, 5.53, 5.46, 4.78, 4.65, 4.58, 4.44, 3.91, 3.24, 3.25], [3.1, 2.71, 2.65, 2.89, 3.29, 3.11, 2.66, 2.36, 2.31, 2.25, 2.57, 2.91, 2.27, 1.95, 1.61, 1.43, 1.15, 1.03, 1.59, 1.66, 1.47, 2.18, 1.47, 1.87, 3.6, 4.634, 4.872, 4.839, 4.36, 4.51, 4.1, 3.06, 2.77, 1.67, 0, 0.68, 0.88, 1.03, 0.83, 0.91, 0.84, 1.13, 1.85, 2.08, 1.99, 2.13, 2.04, 2.2, 2.1, 2.22, 2.31, 2.06, 2.25, 2.25, 2.2, 2.87, 2.6, 2.32, 3.23, 4.25, 4.77, 4.77, 5.12, 5.39, 5.21, 4.48, 4.44, 4.71, 3.57, 3.98, 4.29, 4.31, 4.07, 3.85, 4.11, 4.52, 4.09, 4.04, 3.89, 3.21, 3.1, 3.07, 3.15, 2.76, 2.29, 2.46], [2.68, 2.29, 2.23, 2.47, 2.91, 2.71, 2.44, 2.18, 2.39, 2.43, 2.83, 3.19, 2.43, 2.09, 1.83, 1.67, 1.49, 1.31, 1.91, 1.9, 1.71, 2.28, 1.67, 2.31, 4.02, 5.153, 5.403, 5.35, 4.88, 5.05, 4.64, 3.62, 3.31, 2.21, 0.68, 0, 0.88, 1.01, 0.93, 0.87, 0.96, 1.03, 1.51, 1.92, 2.05, 2.09, 2.1, 2.2, 1.94, 2.04, 2.09, 1.94, 2.07, 1.99, 1.92, 2.73, 2.42, 1.98, 2.81, 3.75, 4.31, 4.33, 4.7, 4.99, 4.81, 4.0, 4.02, 4.23, 3.07, 3.54, 3.89, 3.85, 3.65, 3.41, 3.69, 4.12, 3.69, 3.56, 3.47, 2.79, 2.7, 2.61, 2.69, 2.38, 1.91, 2.12], [2.86, 2.35, 2.11, 2.27, 2.83, 2.97, 2.24, 1.9, 1.95, 1.99, 2.33, 2.71, 1.93, 1.63, 1.41, 1.37, 1.39, 1.43, 1.87, 1.82, 1.75, 2.42, 1.65, 2.01, 3.68, 4.813, 5.063, 5.01, 4.54, 4.71, 4.32, 3.28, 2.99, 1.93, 0.88, 0.88, 0, 0.61, 0.61, 0.61, 0.7, 0.89, 1.33, 1.82, 1.93, 1.93, 1.8, 1.84, 1.62, 1.78, 1.85, 1.58, 1.79, 1.73, 1.7, 2.41, 2.12, 1.66, 2.53, 3.83, 4.43, 4.35, 4.74, 4.99, 4.87, 4.08, 4.06, 4.29, 3.21, 3.64, 4.11, 3.99, 3.579, 3.41, 3.83, 4.28, 3.83, 3.78, 3.73, 3.13, 2.92, 2.87, 2.67, 2.24, 1.61, 1.9], [2.973, 2.48, 2.06, 2.2, 2.946, 3.017, 2.19, 1.79, 1.88, 1.92, 2.08, 2.48, 1.8, 1.6, 1.44, 1.34, 1.46, 1.58, 1.96, 1.87, 1.88, 2.59, 1.64, 1.84, 3.51, 4.64, 4.893, 4.82, 4.35, 4.56, 4.15, 3.11, 2.8, 1.86, 1.03, 1.01, 0.61, 0, 0.54, 0.68, 0.95, 1.04, 1.3, 1.85, 1.86, 1.84, 1.73, 1.75, 1.55, 1.71, 1.78, 1.65, 1.76, 1.86, 1.75, 2.32, 2.01, 1.65, 2.52, 3.92, 4.6, 4.54, 4.89, 5.16, 5.02, 4.23, 4.25, 4.42, 3.34, 3.75, 4.3, 4.18, 3.769, 3.58, 4.006, 4.447, 4.02, 3.97, 3.9, 3.28, 3.11, 3.1, 2.88, 2.35, 1.68, 1.75], [3.053, 2.54, 2.16, 2.36, 3.0, 3.037, 2.23, 1.85, 1.9, 2.0, 2.26, 2.64, 2.0, 1.8, 1.48, 1.38, 1.36, 1.5, 1.88, 1.77, 1.82, 2.53, 1.62, 1.8, 3.49, 4.6, 4.853, 4.78, 4.31, 4.52, 4.11, 3.05, 2.76, 1.72, 0.83, 0.93, 0.61, 0.54, 0, 0.46, 0.65, 0.76, 1.34, 1.71, 1.7, 1.72, 1.65, 1.77, 1.61, 1.77, 1.82, 1.63, 1.76, 1.84, 1.73, 2.38, 2.03, 1.79, 2.66, 4.0, 4.64, 4.58, 4.93, 5.2, 5.06, 4.27, 4.283, 4.48, 3.4, 3.81, 4.332, 4.209, 3.82, 3.612, 4.046, 4.467, 4.06, 4.01, 3.94, 3.24, 3.11, 3.08, 2.92, 2.41, 1.78, 1.87], [2.93, 2.44, 2.12, 2.26, 2.88, 2.994, 2.29, 1.91, 2.0, 2.1, 2.42, 2.8, 1.98, 1.78, 1.48, 1.26, 1.28, 1.44, 1.8, 1.73, 1.76, 2.51, 1.52, 1.94, 3.61, 4.76, 4.97, 4.9, 4.43, 4.64, 4.27, 3.21, 2.92, 1.94, 0.91, 0.87, 0.61, 0.68, 0.46, 0, 0.61, 0.74, 1.26, 1.77, 1.86, 1.88, 1.75, 1.85, 1.69, 1.85, 1.9, 1.77, 1.86, 1.92, 1.79, 2.36, 2.01, 1.69, 2.56, 3.84, 4.46, 4.46, 4.81, 5.06, 4.92, 4.15, 4.19, 4.42, 3.3, 3.67, 4.192, 4.069, 3.72, 3.5, 3.926, 4.327, 3.92, 3.87, 3.8, 3.1, 2.95, 2.96, 2.82, 2.35, 1.74, 1.77], [3.04, 2.57, 2.25, 2.49, 2.95, 3.01, 2.32, 1.98, 1.85, 1.99, 2.37, 2.75, 2.09, 1.99, 1.71, 1.61, 1.31, 1.47, 1.85, 1.86, 1.91, 2.62, 1.77, 1.91, 3.58, 4.67, 4.906, 4.85, 4.38, 4.57, 4.18, 3.12, 2.81, 1.75, 0.84, 0.96, 0.7, 0.95, 0.65, 0.61, 0, 0.73, 1.43, 1.84, 1.69, 1.77, 1.7, 1.76, 1.74, 1.92, 1.97, 1.8, 1.87, 1.85, 1.82, 2.39, 2.08, 1.88, 2.81, 4.01, 4.61, 4.59, 4.98, 5.21, 5.05, 4.3, 4.3, 4.55, 3.43, 3.78, 4.25, 4.119, 3.77, 3.57, 3.976, 4.417, 3.97, 3.92, 3.85, 3.15, 3.02, 3.01, 2.91, 2.54, 1.99, 2.1], [2.65, 2.16, 1.9, 2.02, 2.58, 2.74, 2.07, 1.91, 2.02, 2.298, 2.66, 3.06, 2.16, 1.8, 1.46, 1.44, 1.34, 1.44, 1.86, 1.81, 1.8, 2.57, 1.72, 2.16, 3.93, 5.009, 5.239, 5.206, 4.73, 4.9, 4.49, 3.45, 3.08, 2.04, 1.13, 1.03, 0.89, 1.04, 0.76, 0.74, 0.73, 0, 0.96, 1.59, 1.6, 1.8, 1.81, 1.83, 1.61, 1.67, 1.82, 1.69, 1.64, 1.6, 1.47, 2.28, 1.99, 1.63, 2.4, 3.78, 4.34, 4.38, 4.73, 4.96, 4.74, 3.91, 3.93, 4.18, 3.04, 3.39, 3.88, 3.76, 3.38, 3.14, 3.62, 4.05, 3.62, 3.57, 3.5, 2.82, 2.69, 2.7, 2.54, 2.11, 1.54, 1.77], [2.11, 1.68, 1.4, 1.44, 2.02, 2.38, 1.81, 1.63, 2.32, 2.74, 3.08, 3.42, 2.4, 1.86, 1.72, 1.7, 1.84, 2.0, 2.32, 2.31, 2.18, 2.77, 1.88, 2.64, 4.396, 5.489, 5.739, 5.686, 5.224, 5.38, 4.97, 3.93, 3.64, 2.78, 1.85, 1.51, 1.33, 1.3, 1.34, 1.26, 1.43, 0.96, 0, 1.49, 1.68, 1.98, 2.19, 2.09, 1.61, 1.37, 1.54, 1.99, 1.64, 1.5, 1.33, 2.06, 1.83, 1.27, 1.78, 3.18, 3.88, 3.84, 4.21, 4.48, 4.3, 3.45, 3.37, 3.58, 2.52, 2.89, 3.42, 3.3, 2.9, 2.66, 3.14, 3.57, 3.16, 3.11, 3.04, 2.4, 2.23, 2.26, 1.96, 1.51, 1.06, 1.41], [2.44, 1.75, 1.37, 1.53, 2.05, 2.15, 1.18, 1.5, 2.55, 3.03, 3.33, 3.71, 3.09, 2.85, 2.57, 2.55, 2.61, 2.75, 3.19, 3.1, 3.11, 3.68, 2.89, 2.73, 4.455, 5.485, 5.735, 5.682, 5.22, 5.37, 4.96, 3.94, 3.65, 2.71, 2.08, 1.92, 1.82, 1.85, 1.71, 1.77, 1.84, 1.59, 1.49, 0, 1.43, 2.01, 2.36, 2.46, 1.8, 1.56, 1.63, 2.22, 1.81, 1.73, 1.42, 2.01, 1.88, 1.62, 1.97, 3.31, 4.11, 4.05, 4.32, 4.49, 4.39, 4.0, 3.9, 3.79, 2.99, 3.28, 3.51, 3.35, 2.93, 2.71, 3.19, 3.64, 3.19, 3.14, 3.07, 2.45, 2.5, 2.79, 2.57, 1.96, 1.85, 2.0], [3.43, 2.88, 2.22, 2.44, 3.28, 3.408, 1.71, 1.29, 1.78, 2.42, 2.48, 2.78, 2.64, 2.62, 2.34, 2.48, 2.54, 2.68, 3.08, 2.97, 3.06, 3.71, 2.86, 2.1, 3.19, 4.201, 4.431, 4.378, 3.91, 4.06, 3.65, 2.61, 2.4, 2.1, 1.99, 2.05, 1.93, 1.86, 1.7, 1.86, 1.69, 1.6, 1.68, 1.43, 0, 0.96, 1.27, 1.41, 1.25, 1.57, 1.36, 1.57, 1.28, 2.02, 1.55, 1.86, 1.77, 1.87, 2.98, 4.46, 5.14, 5.1, 5.51, 5.78, 5.58, 4.89, 4.71, 4.9, 3.82, 4.23, 4.76, 4.64, 4.24, 4.0, 4.48, 4.91, 4.48, 4.43, 4.36, 3.68, 3.55, 3.56, 3.36, 2.73, 2.04, 1.99], [3.744, 3.2, 2.58, 2.68, 3.594, 3.74, 1.97, 1.47, 1.5, 2.06, 2.26, 2.48, 2.6, 2.56, 2.44, 2.52, 2.62, 2.8, 3.18, 3.05, 3.14, 3.79, 2.88, 1.92, 2.705, 3.837, 4.087, 4.034, 3.59, 3.74, 3.33, 2.49, 2.48, 2.12, 2.13, 2.09, 1.93, 1.84, 1.72, 1.88, 1.77, 1.8, 1.98, 2.01, 0.96, 0, 0.89, 0.99, 1.27, 1.73, 1.56, 1.31, 1.58, 2.34, 1.91, 2.06, 2.03, 2.25, 3.34, 4.84, 5.56, 5.5, 5.89, 6.16, 5.98, 5.21, 5.07, 5.26, 4.18, 4.57, 5.1, 4.98, 4.58, 4.36, 4.82, 5.25, 4.84, 4.79, 4.72, 4.06, 3.93, 3.86, 3.66, 3.03, 2.26, 2.09], [4.014, 3.458, 2.81, 2.99, 3.856, 4.01, 2.26, 1.7, 1.33, 1.71, 1.77, 2.03, 2.13, 2.21, 2.19, 2.51, 2.47, 2.65, 2.99, 2.92, 3.09, 3.86, 2.85, 1.73, 2.44, 3.57, 3.815, 3.767, 3.32, 3.47, 3.06, 2.2, 2.13, 1.93, 2.04, 2.1, 1.8, 1.73, 1.65, 1.75, 1.7, 1.81, 2.19, 2.36, 1.27, 0.89, 0, 0.72, 1.18, 1.84, 1.59, 1.22, 1.61, 2.581, 2.16, 1.95, 2.02, 2.32, 3.55, 5.09, 5.79, 5.73, 6.12, 6.39, 6.23, 5.4, 5.34, 5.53, 4.45, 4.86, 5.39, 5.27, 4.87, 4.65, 5.11, 5.54, 5.13, 5.08, 5.01, 4.35, 4.22, 4.17, 3.93, 3.34, 2.35, 1.96], [3.857, 3.261, 2.63, 2.77, 3.704, 3.81, 2.16, 1.64, 1.13, 1.65, 1.71, 1.95, 2.03, 2.17, 2.17, 2.43, 2.45, 2.63, 3.05, 3.0, 3.15, 3.88, 2.91, 1.93, 2.663, 3.807, 4.048, 4.004, 3.562, 3.712, 3.302, 2.34, 2.29, 2.07, 2.2, 2.2, 1.84, 1.75, 1.77, 1.85, 1.76, 1.83, 2.09, 2.46, 1.41, 0.99, 0.72, 0, 1.02, 1.64, 1.37, 1.04, 1.45, 2.35, 1.9, 1.65, 1.76, 2.04, 3.35, 4.89, 5.59, 5.53, 5.92, 6.19, 6.01, 5.16, 5.1, 5.29, 4.25, 4.66, 5.29, 5.15, 4.75, 4.55, 4.97, 5.34, 4.97, 4.96, 4.91, 4.27, 4.14, 4.13, 3.75, 3.2, 2.23, 1.82], [3.04, 2.45, 1.79, 1.99, 2.91, 3.05, 1.5, 1.12, 1.33, 1.73, 1.99, 2.21, 2.17, 2.21, 2.31, 2.53, 2.63, 2.81, 3.23, 3.08, 3.13, 3.74, 2.93, 2.17, 3.406, 4.576, 4.806, 4.77, 4.308, 4.484, 4.08, 3.023, 2.85, 2.37, 2.1, 1.94, 1.62, 1.55, 1.61, 1.69, 1.74, 1.61, 1.61, 1.8, 1.25, 1.27, 1.18, 1.02, 0, 0.78, 0.75, 0.88, 0.99, 1.61, 1.28, 1.35, 1.38, 1.36, 2.49, 4.07, 4.73, 4.75, 5.12, 5.35, 5.25, 4.44, 4.44, 4.51, 3.47, 3.94, 4.49, 4.37, 3.91, 3.77, 4.15, 4.58, 4.23, 4.2, 4.19, 3.61, 3.48, 3.53, 3.01, 2.62, 1.63, 1.4], [2.44, 1.87, 1.23, 1.47, 2.33, 2.45, 1.28, 1.14, 1.77, 2.09, 2.29, 2.69, 2.39, 2.25, 2.41, 2.53, 2.69, 2.83, 3.33, 3.22, 3.21, 3.8, 3.01, 2.67, 4.043, 5.21, 5.44, 5.404, 4.951, 5.121, 4.711, 3.68, 3.39, 2.81, 2.22, 2.04, 1.78, 1.71, 1.77, 1.85, 1.92, 1.67, 1.37, 1.56, 1.57, 1.73, 1.84, 1.64, 0.78, 0, 0.77, 1.3, 1.19, 1.21, 1.14, 1.41, 1.42, 1.04, 2.05, 3.43, 4.11, 4.15, 4.54, 4.77, 4.69, 3.98, 3.92, 3.85, 2.87, 3.36, 3.89, 3.77, 3.33, 3.19, 3.57, 4.02, 3.67, 3.64, 3.65, 3.09, 2.94, 3.05, 2.51, 2.14, 1.39, 1.36], [2.77, 2.18, 1.54, 1.8, 2.64, 2.74, 1.31, 0.95, 1.56, 2.12, 2.2, 2.48, 2.18, 2.26, 2.38, 2.52, 2.62, 2.78, 3.36, 3.25, 3.24, 3.81, 3.06, 2.54, 3.858, 4.999, 5.249, 5.193, 4.732, 4.936, 4.526, 3.455, 3.16, 2.72, 2.31, 2.09, 1.85, 1.78, 1.82, 1.9, 1.97, 1.82, 1.54, 1.63, 1.36, 1.56, 1.59, 1.37, 0.75, 0.77, 0, 0.99, 0.78, 1.38, 1.11, 1.28, 1.29, 1.23, 2.14, 3.6, 4.32, 4.36, 4.75, 5.02, 4.92, 4.15, 4.05, 4.02, 3.1, 3.65, 4.18, 4.04, 3.62, 3.48, 3.86, 4.29, 3.98, 3.97, 3.94, 3.34, 3.23, 3.28, 2.7, 2.35, 1.48, 1.27], [3.4, 2.77, 2.29, 2.49, 3.31, 3.39, 1.88, 1.34, 1.35, 1.73, 1.73, 2.13, 2.15, 2.17, 2.25, 2.31, 2.39, 2.53, 3.13, 3.0, 3.01, 3.68, 2.93, 2.35, 3.382, 4.54, 4.773, 4.74, 4.296, 4.466, 4.056, 3.079, 2.93, 2.33, 2.06, 1.94, 1.58, 1.65, 1.63, 1.77, 1.8, 1.69, 1.99, 2.22, 1.57, 1.31, 1.22, 1.04, 0.88, 1.3, 0.99, 0, 0.81, 1.53, 1.34, 1.71, 1.76, 1.76, 2.65, 4.13, 4.87, 4.95, 5.32, 5.59, 5.49, 4.68, 4.6, 4.61, 3.75, 4.34, 4.81, 4.67, 4.23, 4.09, 4.51, 4.92, 4.61, 4.6, 4.57, 3.97, 3.82, 3.81, 3.27, 2.9, 1.97, 1.82], [3.01, 2.36, 1.84, 2.12, 2.9, 3.0, 1.53, 1.09, 1.58, 1.96, 2.14, 2.4, 2.24, 2.24, 2.3, 2.42, 2.48, 2.64, 3.24, 3.13, 3.18, 3.89, 3.06, 2.52, 3.846, 4.979, 5.232, 5.179, 4.717, 4.933, 4.523, 3.486, 3.28, 2.68, 2.25, 2.07, 1.79, 1.76, 1.76, 1.86, 1.87, 1.64, 1.64, 1.81, 1.28, 1.58, 1.61, 1.45, 0.99, 1.19, 0.78, 0.81, 0, 1.06, 0.93, 1.22, 1.25, 1.33, 2.22, 3.62, 4.48, 4.56, 4.97, 5.22, 5.04, 4.33, 4.25, 4.16, 3.36, 3.89, 4.42, 4.3, 3.84, 3.68, 4.12, 4.53, 4.2, 4.19, 4.16, 3.58, 3.47, 3.48, 2.92, 2.55, 1.78, 1.69], [2.27, 1.7, 1.4, 1.68, 2.16, 2.22, 1.67, 1.53, 2.266, 2.512, 2.769, 3.24, 2.62, 2.48, 2.46, 2.34, 2.38, 2.5, 3.1, 3.03, 3.0, 3.59, 3.02, 3.171, 4.828, 5.961, 6.214, 6.161, 5.699, 5.924, 5.514, 4.461, 4.131, 3.131, 2.25, 1.99, 1.73, 1.86, 1.84, 1.92, 1.85, 1.6, 1.5, 1.73, 2.02, 2.34, 2.581, 2.35, 1.61, 1.21, 1.38, 1.53, 1.06, 0, 0.91, 1.68, 1.51, 1.15, 1.84, 3.0, 3.78, 3.9, 4.31, 4.56, 4.42, 3.81, 3.71, 3.52, 2.74, 3.23, 3.6, 3.5, 3.02, 2.92, 3.3, 3.73, 3.42, 3.35, 3.4, 2.88, 2.71, 2.9, 2.38, 2.13, 1.78, 1.93], [2.5, 1.83, 1.57, 1.59, 2.33, 2.43, 1.38, 1.1, 1.91, 2.41, 2.65, 3.07, 2.55, 2.31, 2.23, 2.11, 2.25, 2.49, 3.07, 2.98, 2.93, 3.56, 2.87, 2.77, 4.393, 5.526, 5.776, 5.7, 5.244, 5.478, 5.068, 4.011, 3.681, 2.83, 2.2, 1.92, 1.7, 1.75, 1.73, 1.79, 1.82, 1.47, 1.33, 1.42, 1.55, 1.91, 2.16, 1.9, 1.28, 1.14, 1.11, 1.34, 0.93, 0.91, 0, 1.33, 1.28, 0.98, 1.83, 3.21, 3.97, 4.01, 4.3, 4.55, 4.43, 3.92, 3.72, 3.63, 2.87, 3.34, 3.79, 3.65, 3.21, 3.03, 3.47, 3.84, 3.51, 3.5, 3.43, 2.81, 2.7, 2.95, 2.51, 1.96, 1.59, 1.64], [3.27, 2.62, 1.98, 2.08, 3.058, 3.16, 1.69, 1.41, 1.82, 2.46, 2.64, 2.8, 2.7, 2.86, 2.96, 3.0, 3.08, 3.32, 3.9, 3.83, 3.9, 4.65, 3.64, 2.88, 3.726, 4.779, 5.029, 4.976, 4.569, 4.736, 4.35, 3.57, 3.62, 3.34, 2.87, 2.73, 2.41, 2.32, 2.38, 2.36, 2.39, 2.28, 2.06, 2.01, 1.86, 2.06, 1.95, 1.65, 1.35, 1.41, 1.28, 1.71, 1.22, 1.68, 1.33, 0, 0.83, 1.13, 2.34, 3.74, 4.62, 4.64, 5.03, 5.28, 5.16, 4.67, 4.55, 4.32, 3.68, 4.01, 4.56, 4.42, 3.96, 3.8, 4.22, 4.61, 4.26, 4.23, 4.2, 3.62, 3.55, 3.88, 3.4, 2.89, 2.34, 1.85], [3.22, 2.57, 1.95, 2.15, 3.087, 3.219, 1.76, 1.12, 1.79, 2.33, 2.47, 2.75, 2.55, 2.73, 2.73, 2.71, 2.85, 3.11, 3.67, 3.58, 3.63, 4.36, 3.37, 2.71, 3.78, 4.826, 5.076, 5.003, 4.596, 4.783, 4.4, 3.52, 3.49, 3.15, 2.6, 2.42, 2.12, 2.01, 2.03, 2.01, 2.08, 1.99, 1.83, 1.88, 1.77, 2.03, 2.02, 1.76, 1.38, 1.42, 1.29, 1.76, 1.25, 1.51, 1.28, 0.83, 0, 1.02, 2.23, 3.65, 4.49, 4.57, 4.88, 5.15, 5.09, 4.56, 4.4, 4.29, 3.49, 4.04, 4.59, 4.447, 4.013, 3.873, 4.31, 4.703, 4.35, 4.32, 4.27, 3.61, 3.5, 3.69, 3.23, 2.7, 2.15, 1.78], [2.46, 1.85, 1.31, 1.37, 2.31, 2.47, 1.64, 1.2, 1.95, 2.57, 2.73, 3.09, 2.43, 2.33, 2.33, 2.19, 2.41, 2.67, 3.25, 3.16, 3.11, 3.7, 2.85, 2.97, 4.356, 5.489, 5.739, 5.686, 5.219, 5.446, 5.06, 4.0, 3.83, 3.27, 2.32, 1.98, 1.66, 1.65, 1.79, 1.69, 1.88, 1.63, 1.27, 1.62, 1.87, 2.25, 2.32, 2.04, 1.36, 1.04, 1.23, 1.76, 1.33, 1.15, 0.98, 1.13, 1.02, 0, 1.51, 2.97, 3.75, 3.81, 4.18, 4.43, 4.35, 3.86, 3.74, 3.57, 2.73, 3.24, 3.79, 3.67, 3.202, 3.05, 3.47, 3.82, 3.51, 3.48, 3.45, 2.85, 2.7, 3.03, 2.59, 1.98, 1.47, 1.34], [1.93, 1.54, 1.54, 1.32, 1.36, 1.78, 2.27, 2.09, 3.18, 3.5, 3.74, 4.2, 3.38, 2.82, 2.92, 2.84, 2.92, 3.14, 3.52, 3.69, 3.42, 3.53, 3.14, 4.06, 5.709, 6.822, 7.072, 7.019, 6.563, 6.793, 6.39, 5.35, 5.06, 4.18, 3.23, 2.81, 2.53, 2.52, 2.66, 2.56, 2.81, 2.4, 1.78, 1.97, 2.98, 3.34, 3.55, 3.35, 2.49, 2.05, 2.14, 2.65, 2.22, 1.84, 1.83, 2.34, 2.23, 1.51, 0, 1.8, 2.76, 2.92, 3.25, 3.38, 3.4, 3.01, 2.87, 2.4, 1.78, 2.33, 2.68, 2.5, 2.06, 2.04, 2.28, 2.67, 2.32, 2.31, 2.32, 1.84, 1.85, 2.22, 1.66, 1.31, 1.5, 1.87], [2.01, 2.28, 2.7, 2.6, 2.04, 2.1, 3.41, 3.59, 4.736, 4.98, 5.16, 5.64, 4.88, 4.24, 4.38, 4.18, 4.12, 4.08, 4.42, 4.69, 4.18, 3.49, 3.94, 5.64, 7.283, 8.416, 8.646, 8.553, 8.089, 8.333, 7.97, 6.93, 6.64, 5.62, 4.25, 3.75, 3.83, 3.92, 4.0, 3.84, 4.01, 3.78, 3.18, 3.31, 4.46, 4.84, 5.09, 4.89, 4.07, 3.43, 3.6, 4.13, 3.62, 3.0, 3.21, 3.74, 3.65, 2.97, 1.8, 0, 1.2, 1.5, 1.91, 2.14, 2.14, 1.83, 1.79, 1.26, 1.24, 1.45, 1.76, 1.82, 1.88, 2.04, 1.78, 1.77, 1.72, 1.93, 1.98, 2.02, 1.99, 1.86, 1.66, 2.07, 2.96, 3.41], [2.43, 2.92, 3.36, 3.36, 2.74, 2.66, 3.99, 4.39, 5.5, 5.68, 5.92, 6.32, 5.56, 4.9, 5.04, 4.84, 4.72, 4.62, 5.0, 5.25, 4.74, 3.75, 4.5, 6.34, 7.978, 9.111, 9.341, 9.248, 8.783, 9.027, 8.67, 7.63, 7.36, 6.24, 4.77, 4.31, 4.43, 4.6, 4.64, 4.46, 4.61, 4.34, 3.88, 4.11, 5.14, 5.56, 5.79, 5.59, 4.73, 4.11, 4.32, 4.87, 4.48, 3.78, 3.97, 4.62, 4.49, 3.75, 2.76, 1.2, 0, 0.8, 1.21, 1.34, 1.28, 1.01, 1.09, 1.02, 1.74, 1.53, 1.78, 2.22, 2.48, 2.5, 2.16, 1.83, 2.06, 2.35, 2.42, 2.58, 2.49, 2.16, 2.2, 2.73, 3.58, 4.09], [2.59, 3.04, 3.4, 3.36, 2.72, 2.72, 3.85, 4.41, 5.5, 5.74, 6.04, 6.46, 5.62, 4.9, 5.02, 4.82, 4.74, 4.64, 5.02, 5.29, 4.76, 3.89, 4.5, 6.28, 7.92, 9.065, 9.295, 9.213, 8.757, 9.001, 8.63, 7.57, 7.3, 6.18, 4.77, 4.33, 4.35, 4.54, 4.58, 4.46, 4.59, 4.38, 3.84, 4.05, 5.1, 5.5, 5.73, 5.53, 4.75, 4.15, 4.36, 4.95, 4.56, 3.9, 4.01, 4.64, 4.57, 3.81, 2.92, 1.5, 0.8, 0, 0.77, 1.04, 0.9, 0.87, 0.89, 1.14, 1.92, 1.59, 1.64, 2.18, 2.48, 2.48, 2.16, 1.79, 2.0, 2.31, 2.38, 2.5, 2.49, 2.2, 2.2, 2.73, 3.56, 4.09], [2.82, 3.25, 3.87, 3.71, 3.05, 3.01, 4.06, 4.76, 5.83, 6.09, 6.39, 6.83, 5.97, 5.25, 5.39, 5.21, 5.11, 5.01, 5.41, 5.66, 5.11, 4.12, 4.87, 6.67, 8.31, 9.44, 9.67, 9.597, 9.147, 9.391, 9.0, 7.96, 7.65, 6.57, 5.12, 4.7, 4.74, 4.89, 4.93, 4.81, 4.98, 4.73, 4.21, 4.32, 5.51, 5.89, 6.12, 5.92, 5.12, 4.54, 4.75, 5.32, 4.97, 4.31, 4.3, 5.03, 4.88, 4.18, 3.25, 1.91, 1.21, 0.77, 0, 0.51, 0.83, 1.3, 1.36, 1.45, 2.23, 2.02, 1.83, 2.41, 2.77, 2.83, 2.49, 2.1, 2.27, 2.58, 2.59, 2.79, 2.7, 2.59, 2.63, 3.12, 3.93, 4.42], [3.11, 3.48, 4.12, 3.94, 3.24, 3.18, 4.33, 5.01, 6.08, 6.34, 6.64, 7.08, 6.22, 5.5, 5.62, 5.48, 5.34, 5.26, 5.66, 5.91, 5.36, 4.25, 5.12, 6.92, 8.568, 9.698, 9.937, 9.867, 9.417, 9.661, 9.27, 8.23, 7.92, 6.86, 5.39, 4.99, 4.99, 5.16, 5.2, 5.06, 5.21, 4.96, 4.48, 4.49, 5.78, 6.16, 6.39, 6.19, 5.35, 4.77, 5.02, 5.59, 5.22, 4.56, 4.55, 5.28, 5.15, 4.43, 3.38, 2.14, 1.34, 1.04, 0.51, 0, 0.8, 1.31, 1.47, 1.56, 2.44, 2.23, 1.98, 2.46, 2.84, 2.92, 2.6, 2.21, 2.36, 2.67, 2.68, 2.9, 2.91, 2.86, 2.88, 3.37, 4.2, 4.65], [2.99, 3.34, 4.0, 3.8, 3.16, 3.14, 4.15, 4.93, 6.0, 6.3, 6.62, 7.08, 6.08, 5.34, 5.42, 5.28, 5.14, 5.06, 5.44, 5.71, 5.14, 4.05, 4.94, 6.76, 8.41, 9.55, 9.783, 9.753, 9.303, 9.507, 9.13, 8.05, 7.72, 6.68, 5.21, 4.81, 4.87, 5.02, 5.06, 4.92, 5.05, 4.74, 4.3, 4.39, 5.58, 5.98, 6.23, 6.01, 5.25, 4.69, 4.92, 5.49, 5.04, 4.42, 4.43, 5.16, 5.09, 4.35, 3.4, 2.14, 1.28, 0.9, 0.83, 0.8, 0, 1.01, 1.27, 1.46, 2.38, 1.99, 1.9, 2.3, 2.8, 2.84, 2.5, 2.01, 2.2, 2.49, 2.54, 2.84, 2.83, 2.62, 2.7, 3.13, 4.04, 4.53], [2.6, 2.97, 3.43, 3.39, 2.77, 2.79, 3.74, 4.26, 5.23, 5.51, 5.83, 6.27, 5.25, 4.49, 4.55, 4.45, 4.37, 4.27, 4.67, 4.86, 4.33, 3.38, 4.09, 5.95, 7.64, 8.789, 9.019, 8.972, 8.522, 8.726, 8.32, 7.26, 6.91, 5.83, 4.48, 4.0, 4.08, 4.23, 4.27, 4.15, 4.3, 3.91, 3.45, 4.0, 4.89, 5.21, 5.4, 5.16, 4.44, 3.98, 4.15, 4.68, 4.33, 3.81, 3.92, 4.67, 4.56, 3.86, 3.01, 1.83, 1.01, 0.87, 1.3, 1.31, 1.01, 0, 0.64, 1.19, 1.89, 1.46, 1.69, 2.17, 2.51, 2.45, 2.13, 1.82, 1.99, 2.28, 2.31, 2.45, 2.36, 1.89, 1.93, 2.52, 3.19, 3.72], [2.52, 2.91, 3.35, 3.31, 2.73, 2.81, 3.66, 4.06, 5.23, 5.57, 5.91, 6.37, 5.23, 4.47, 4.55, 4.43, 4.39, 4.23, 4.59, 4.86, 4.31, 3.36, 4.11, 5.91, 7.608, 8.772, 9.022, 8.975, 8.525, 8.709, 8.299, 7.24, 6.87, 5.83, 4.44, 4.02, 4.06, 4.25, 4.283, 4.19, 4.3, 3.93, 3.37, 3.9, 4.71, 5.07, 5.34, 5.1, 4.44, 3.92, 4.05, 4.6, 4.25, 3.71, 3.72, 4.55, 4.4, 3.74, 2.87, 1.79, 1.09, 0.89, 1.36, 1.47, 1.27, 0.64, 0, 0.99, 1.71, 1.48, 1.55, 2.05, 2.47, 2.39, 2.07, 1.76, 1.89, 2.26, 2.19, 2.31, 2.16, 1.79, 1.77, 2.32, 3.13, 3.68], [2.25, 2.6, 3.04, 3.0, 2.44, 2.46, 3.69, 4.07, 5.22, 5.48, 5.74, 6.26, 5.26, 4.6, 4.76, 4.74, 4.7, 4.5, 4.88, 5.11, 4.56, 3.45, 4.32, 6.08, 7.826, 8.971, 9.221, 9.147, 8.697, 8.92, 8.51, 7.43, 7.06, 6.04, 4.71, 4.23, 4.29, 4.42, 4.48, 4.42, 4.55, 4.18, 3.58, 3.79, 4.9, 5.26, 5.53, 5.29, 4.51, 3.85, 4.02, 4.61, 4.16, 3.52, 3.63, 4.32, 4.29, 3.57, 2.4, 1.26, 1.02, 1.14, 1.45, 1.56, 1.46, 1.19, 0.99, 0, 1.36, 1.51, 1.58, 2.04, 2.24, 2.24, 1.88, 1.67, 1.76, 2.13, 2.12, 2.22, 2.15, 2.06, 1.98, 2.41, 3.3, 3.75], [1.43, 1.78, 2.22, 2.2, 1.7, 1.74, 2.89, 3.23, 4.32, 4.48, 4.84, 5.28, 4.22, 3.46, 3.66, 3.7, 3.64, 3.38, 3.72, 3.95, 3.38, 2.77, 3.26, 4.98, 6.73, 7.9, 8.15, 8.085, 7.635, 7.84, 7.43, 6.35, 5.98, 4.96, 3.57, 3.07, 3.21, 3.34, 3.4, 3.3, 3.43, 3.04, 2.52, 2.99, 3.82, 4.18, 4.45, 4.25, 3.47, 2.87, 3.1, 3.75, 3.36, 2.74, 2.87, 3.68, 3.49, 2.73, 1.78, 1.24, 1.74, 1.92, 2.23, 2.44, 2.38, 1.89, 1.71, 1.36, 0, 1.03, 1.58, 1.56, 1.74, 1.78, 1.56, 1.55, 1.42, 1.77, 1.64, 1.54, 1.39, 1.32, 1.06, 1.45, 2.18, 2.67], [1.58, 2.03, 2.49, 2.51, 1.71, 1.71, 2.94, 3.72, 4.799, 5.079, 5.407, 5.83, 4.75, 3.87, 3.91, 3.99, 3.97, 3.79, 4.01, 4.24, 3.75, 2.92, 3.63, 5.39, 7.16, 8.333, 8.563, 8.53, 8.065, 8.25, 7.84, 6.76, 6.39, 5.35, 3.98, 3.54, 3.64, 3.75, 3.81, 3.67, 3.78, 3.39, 2.89, 3.28, 4.23, 4.57, 4.86, 4.66, 3.94, 3.36, 3.65, 4.34, 3.89, 3.23, 3.34, 4.01, 4.04, 3.24, 2.33, 1.45, 1.53, 1.59, 2.02, 2.23, 1.99, 1.46, 1.48, 1.51, 1.03, 0, 1.23, 1.33, 1.59, 1.55, 1.33, 1.22, 1.05, 1.48, 1.43, 1.53, 1.4, 1.19, 1.33, 1.7, 2.59, 3.18], [2.07, 2.38, 3.0, 2.9, 1.96, 1.88, 3.19, 4.347, 5.438, 5.618, 5.992, 6.4, 5.26, 4.4, 4.52, 4.6, 4.5, 4.16, 4.42, 4.77, 4.14, 3.45, 4.22, 5.92, 7.71, 8.877, 9.107, 9.074, 8.61, 8.78, 8.37, 7.31, 6.94, 5.86, 4.29, 3.89, 4.11, 4.3, 4.332, 4.192, 4.25, 3.88, 3.42, 3.51, 4.76, 5.1, 5.39, 5.29, 4.49, 3.89, 4.18, 4.81, 4.42, 3.6, 3.79, 4.56, 4.59, 3.79, 2.68, 1.76, 1.78, 1.64, 1.83, 1.98, 1.9, 1.69, 1.55, 1.58, 1.58, 1.23, 0, 0.72, 1.4, 1.36, 0.96, 0.89, 0.88, 1.17, 1.18, 1.44, 1.33, 1.44, 1.62, 2.25, 3.14, 3.79], [2.07, 2.38, 2.84, 2.74, 1.82, 1.72, 3.05, 4.19, 5.301, 5.501, 5.875, 6.28, 5.12, 4.24, 4.38, 4.44, 4.34, 4.06, 4.3, 4.63, 4.1, 3.35, 4.12, 5.8, 7.582, 8.734, 8.964, 8.932, 8.476, 8.66, 8.25, 7.19, 6.82, 5.74, 4.31, 3.85, 3.99, 4.18, 4.209, 4.069, 4.119, 3.76, 3.3, 3.35, 4.64, 4.98, 5.27, 5.15, 4.37, 3.77, 4.04, 4.67, 4.3, 3.5, 3.65, 4.42, 4.447, 3.67, 2.5, 1.82, 2.22, 2.18, 2.41, 2.46, 2.3, 2.17, 2.05, 2.04, 1.56, 1.33, 0.72, 0, 1.02, 1.2, 1.04, 1.05, 0.84, 1.03, 0.96, 1.32, 1.31, 1.44, 1.54, 2.09, 3.02, 3.67], [1.91, 1.98, 2.34, 2.16, 1.28, 1.32, 2.69, 3.767, 4.82, 5.052, 5.409, 5.82, 4.7, 3.82, 3.98, 4.04, 3.98, 3.88, 4.16, 4.37, 3.9, 3.55, 4.02, 5.4, 7.182, 8.334, 8.564, 8.532, 8.076, 8.26, 7.85, 6.79, 6.42, 5.34, 4.07, 3.65, 3.579, 3.769, 3.82, 3.72, 3.77, 3.38, 2.9, 2.93, 4.24, 4.58, 4.87, 4.75, 3.91, 3.33, 3.62, 4.23, 3.84, 3.02, 3.21, 3.96, 4.013, 3.202, 2.06, 1.88, 2.48, 2.48, 2.77, 2.84, 2.8, 2.51, 2.47, 2.24, 1.74, 1.59, 1.4, 1.02, 0, 0.68, 0.84, 1.15, 0.96, 0.83, 0.9, 1.08, 1.27, 1.62, 1.54, 1.89, 2.62, 3.23], [1.91, 1.96, 2.3, 2.08, 1.3, 1.4, 2.51, 3.65, 4.698, 4.938, 5.332, 5.74, 4.6, 3.7, 3.84, 3.84, 3.84, 3.76, 3.96, 4.25, 3.84, 3.41, 3.88, 5.22, 6.95, 8.097, 8.347, 8.314, 7.859, 8.02, 7.61, 6.57, 6.2, 5.14, 3.85, 3.41, 3.41, 3.58, 3.612, 3.5, 3.57, 3.14, 2.66, 2.71, 4.0, 4.36, 4.65, 4.55, 3.77, 3.19, 3.48, 4.09, 3.68, 2.92, 3.03, 3.8, 3.873, 3.05, 2.04, 2.04, 2.5, 2.48, 2.83, 2.92, 2.84, 2.45, 2.39, 2.24, 1.78, 1.55, 1.36, 1.2, 0.68, 0, 0.64, 1.13, 0.9, 0.95, 1.02, 1.04, 1.15, 1.58, 1.6, 1.77, 2.48, 3.15], [1.99, 2.12, 2.58, 2.4, 1.46, 1.5, 2.93, 4.03, 5.118, 5.338, 5.732, 6.14, 5.0, 4.12, 4.24, 4.3, 4.22, 3.98, 4.22, 4.55, 4.08, 3.49, 4.14, 5.68, 7.439, 8.592, 8.842, 8.809, 8.344, 8.5, 8.09, 7.05, 6.68, 5.6, 4.11, 3.69, 3.83, 4.006, 4.046, 3.926, 3.976, 3.62, 3.14, 3.19, 4.48, 4.82, 5.11, 4.97, 4.15, 3.57, 3.86, 4.51, 4.12, 3.3, 3.47, 4.22, 4.31, 3.47, 2.28, 1.78, 2.16, 2.16, 2.49, 2.6, 2.5, 2.13, 2.07, 1.88, 1.56, 1.33, 0.96, 1.04, 0.84, 0.64, 0, 0.71, 0.62, 0.91, 1.04, 1.16, 1.25, 1.5, 1.64, 1.97, 2.82, 3.51], [2.16, 2.47, 3.07, 2.87, 1.93, 1.89, 3.38, 4.4, 5.468, 5.748, 6.142, 6.55, 5.41, 4.53, 4.61, 4.65, 4.57, 4.29, 4.53, 4.86, 4.31, 3.58, 4.33, 6.09, 7.86, 9.013, 9.243, 9.21, 8.745, 8.93, 8.52, 7.46, 7.107, 6.01, 4.52, 4.12, 4.28, 4.447, 4.467, 4.327, 4.417, 4.05, 3.57, 3.64, 4.91, 5.25, 5.54, 5.34, 4.58, 4.02, 4.29, 4.92, 4.53, 3.73, 3.84, 4.61, 4.703, 3.82, 2.67, 1.77, 1.83, 1.79, 2.1, 2.21, 2.01, 1.82, 1.76, 1.67, 1.55, 1.22, 0.89, 1.05, 1.15, 1.13, 0.71, 0, 0.67, 1.08, 1.11, 1.45, 1.62, 1.61, 1.79, 2.3, 3.23, 3.88], [1.95, 2.14, 2.72, 2.54, 1.6, 1.56, 2.99, 4.05, 5.14, 5.421, 5.8, 6.22, 5.1, 4.2, 4.24, 4.28, 4.22, 3.94, 4.16, 4.47, 3.98, 3.31, 4.0, 5.68, 7.45, 8.609, 8.839, 8.806, 8.341, 8.52, 8.11, 7.03, 6.66, 5.58, 4.09, 3.69, 3.83, 4.02, 4.06, 3.92, 3.97, 3.62, 3.16, 3.19, 4.48, 4.84, 5.13, 4.97, 4.23, 3.67, 3.98, 4.61, 4.2, 3.42, 3.51, 4.26, 4.35, 3.51, 2.32, 1.72, 2.06, 2.0, 2.27, 2.36, 2.2, 1.99, 1.89, 1.76, 1.42, 1.05, 0.88, 0.84, 0.96, 0.9, 0.62, 0.67, 0, 0.69, 0.74, 1.06, 1.21, 1.26, 1.5, 1.97, 2.86, 3.53], [2.0, 2.13, 2.65, 2.49, 1.55, 1.49, 2.92, 4.02, 5.11, 5.402, 5.77, 6.19, 5.09, 4.19, 4.27, 4.27, 4