[[0, 0.59, 0.85, 1.1, 1.41, 1.62, 2.43, 3.47, 3.67, 3.08, 1.85, 1.91, 2.19, 1.7, 1.83, 2.29, 2.62, 1.77, 2.23, 1.78, 1.4, 1.68, 1.69, 2.11, 4.1, 4.55, 4.67, 5.24, 4.6, 3.81, 3.91, 5.1, 6.18, 5.48, 5.52, 5.55, 6.15, 7.18, 7.41, 7.32, 8.11, 9.53, 10.622, 11.052, 10.1, 9.782, 9.8, 10.0, 9.11, 8.27, 8.11, 8.25, 8.615, 9.218, 9.298, 9.009, 9.299, 9.918, 10.086, 9.956, 9.149, 8.76, 7.376, 6.396, 6.296, 5.27, 4.45, 3.8, 4.252, 4.311, 3.791, 2.94, 2.77, 2.66, 2.37, 2.07, 3.71, 4.31, 4.3, 4.41, 4.5, 3.74, 3.76, 4.34, 4.53, 4.74], [0.59, 0, 0.52, 0.77, 1.24, 1.37, 2.3, 3.42, 3.64, 3.05, 1.64, 1.78, 1.92, 1.65, 1.88, 2.34, 2.67, 1.76, 2.12, 1.67, 1.39, 1.59, 1.54, 1.94, 4.17, 4.64, 4.76, 5.33, 4.67, 3.88, 3.96, 5.17, 6.29, 5.61, 5.59, 5.62, 6.28, 7.31, 7.54, 7.39, 8.18, 9.68, 10.754, 11.122, 10.182, 9.872, 9.87, 10.11, 9.18, 8.36, 8.24, 8.38, 8.685, 9.288, 9.382, 9.082, 9.432, 10.051, 10.139, 10.009, 9.202, 8.847, 7.466, 6.54, 6.406, 5.381, 4.521, 3.87, 4.346, 4.435, 3.881, 2.87, 2.66, 2.709, 2.36, 1.84, 3.54, 4.16, 4.11, 4.26, 4.35, 3.55, 3.63, 4.19, 4.4, 4.53], [0.85, 0.52, 0, 0.63, 1.06, 1.07, 2.08, 3.28, 3.48, 2.93, 1.56, 1.68, 1.76, 1.67, 2.06, 2.54, 2.85, 1.94, 2.32, 1.77, 1.53, 1.69, 1.62, 2.08, 4.37, 4.84, 4.94, 5.51, 4.83, 4.06, 4.12, 5.33, 6.47, 5.81, 5.77, 5.8, 6.48, 7.49, 7.72, 7.55, 8.4, 9.9, 11.009, 11.379, 10.424, 10.114, 10.13, 10.39, 9.42, 8.6, 8.46, 8.58, 8.905, 9.508, 9.579, 9.319, 9.669, 10.285, 10.376, 10.246, 9.439, 9.041, 7.749, 6.757, 6.589, 5.581, 4.713, 4.105, 4.562, 4.629, 4.052, 3.11, 2.8, 2.909, 2.36, 1.72, 3.32, 4.0, 3.91, 4.04, 4.13, 3.35, 3.39, 3.89, 4.14, 4.35], [1.1, 0.77, 0.63, 0, 0.61, 0.94, 1.93, 3.11, 3.33, 2.8, 1.49, 1.59, 1.51, 1.8, 2.21, 2.61, 2.96, 2.03, 2.25, 1.84, 1.62, 1.82, 1.65, 2.27, 4.5, 4.93, 5.01, 5.54, 4.86, 4.19, 4.17, 5.36, 6.48, 5.82, 5.8, 5.81, 6.49, 7.5, 7.73, 7.6, 8.41, 9.89, 11.093, 11.369, 10.469, 10.179, 10.14, 10.36, 9.39, 8.59, 8.45, 8.57, 8.892, 9.478, 9.592, 9.292, 9.642, 10.261, 10.366, 10.236, 9.429, 9.057, 7.719, 6.787, 6.701, 5.591, 4.737, 4.098, 4.627, 4.733, 4.019, 3.08, 2.87, 3.056, 2.35, 1.59, 3.01, 3.75, 3.6, 3.71, 3.88, 3.04, 3.14, 3.74, 4.01, 4.08], [1.41, 1.24, 1.06, 0.61, 0, 0.75, 1.56, 2.7, 2.94, 2.51, 1.56, 1.52, 1.54, 1.95, 2.48, 2.94, 3.25, 2.36, 2.58, 2.23, 1.99, 2.19, 2.04, 2.62, 4.81, 5.26, 5.32, 5.85, 5.15, 4.5, 4.48, 5.65, 6.79, 6.15, 6.13, 6.12, 6.82, 7.83, 8.04, 7.93, 8.76, 10.24, 11.48, 11.737, 10.83, 10.54, 10.53, 10.73, 9.76, 8.96, 8.82, 8.88, 9.219, 9.808, 9.902, 9.639, 10.009, 10.665, 10.713, 10.583, 9.776, 9.384, 8.114, 7.154, 7.077, 5.981, 5.084, 4.471, 4.994, 4.98, 4.279, 3.416, 3.149, 3.322, 2.74, 1.5, 2.7, 3.42, 3.31, 3.36, 3.57, 2.71, 2.83, 3.43, 3.68, 3.83], [1.62, 1.37, 1.07, 0.94, 0.75, 0, 1.37, 2.53, 2.75, 2.16, 1.45, 1.33, 1.35, 1.9, 2.53, 3.03, 3.3, 2.37, 2.69, 2.26, 2.1, 2.24, 2.05, 2.57, 4.9, 5.33, 5.37, 5.92, 5.24, 4.51, 4.57, 5.72, 6.92, 6.26, 6.24, 6.23, 6.95, 7.94, 8.17, 8.02, 8.847, 10.41, 11.619, 11.898, 10.96, 10.659, 10.68, 10.912, 9.91, 9.13, 8.91, 9.05, 9.395, 9.981, 10.006, 9.786, 10.136, 10.807, 10.843, 10.733, 9.886, 9.502, 8.3, 7.232, 7.142, 6.094, 5.203, 4.618, 5.069, 5.123, 4.4, 3.577, 3.304, 3.457, 2.81, 1.29, 2.69, 3.47, 3.28, 3.41, 3.56, 2.74, 2.8, 3.32, 3.63, 3.78], [2.43, 2.3, 2.08, 1.93, 1.56, 1.37, 0, 1.42, 1.7, 1.19, 2.24, 1.96, 1.88, 2.99, 3.44, 4.04, 4.33, 3.58, 3.8, 3.39, 3.33, 3.53, 3.22, 3.38, 5.91, 6.24, 6.26, 7.01, 6.31, 5.52, 5.62, 6.69, 7.83, 7.25, 7.25, 7.2, 8.06, 8.97, 9.2, 9.15, 10.097, 11.64, 12.853, 13.12, 12.218, 11.916, 11.93, 12.062, 11.037, 10.272, 10.1, 10.2, 10.53, 11.048, 11.191, 10.891, 11.281, 12.014, 12.008, 11.878, 11.051, 10.664, 9.5, 8.497, 8.381, 7.331, 6.362, 5.772, 6.256, 6.231, 5.645, 4.755, 4.505, 4.658, 4.005, 1.74, 2.14, 2.78, 2.83, 2.8, 2.85, 2.21, 2.05, 2.63, 3.02, 3.35], [3.47, 3.42, 3.28, 3.11, 2.7, 2.53, 1.42, 0, 0.84, 1.19, 3.08, 2.68, 2.8, 3.79, 4.24, 4.86, 5.25, 4.54, 4.72, 4.39, 4.31, 4.55, 4.2, 4.36, 6.79, 7.16, 7.32, 7.97, 7.23, 6.46, 6.52, 7.61, 8.71, 8.11, 8.07, 8.08, 8.82, 9.79, 10.1, 10.17, 11.062, 12.533, 13.784, 14.064, 13.198, 12.922, 12.869, 13.001, 11.971, 11.211, 11.06, 11.06, 11.41, 11.939, 12.093, 11.676, 12.186, 12.93, 12.919, 12.68, 11.893, 11.535, 10.408, 9.441, 9.347, 8.237, 7.27, 6.692, 7.264, 7.213, 6.63, 5.761, 5.531, 5.684, 4.991, 2.56, 1.64, 2.02, 2.29, 2.26, 2.43, 2.13, 1.99, 2.17, 2.68, 3.13], [3.67, 3.64, 3.48, 3.33, 2.94, 2.75, 1.7, 0.84, 0, 1.07, 3.24, 2.94, 3.06, 4.05, 4.46, 5.08, 5.51, 4.84, 5.04, 4.67, 4.59, 4.83, 4.48, 4.46, 6.93, 7.34, 7.5, 8.19, 7.51, 6.76, 6.8, 7.89, 8.93, 8.31, 8.33, 8.32, 9.04, 9.99, 10.36, 10.45, 11.354, 12.814, 14.041, 14.356, 13.466, 13.205, 13.132, 13.261, 12.251, 11.471, 11.3, 11.3, 11.664, 12.199, 12.39, 11.956, 12.446, 13.19, 13.19, 12.917, 12.13, 11.747, 10.655, 9.721, 9.584, 8.491, 7.518, 6.925, 7.538, 7.501, 6.898, 6.044, 5.814, 5.967, 5.274, 2.78, 1.96, 2.22, 2.45, 2.42, 2.49, 2.29, 2.15, 2.23, 2.74, 3.17], [3.08, 3.05, 2.93, 2.8, 2.51, 2.16, 1.19, 1.19, 1.07, 0, 2.55, 2.17, 2.33, 3.4, 3.91, 4.43, 4.76, 4.09, 4.37, 3.94, 3.88, 4.1, 3.75, 3.59, 6.02, 6.47, 6.71, 7.42, 6.78, 6.03, 6.11, 7.26, 8.3, 7.58, 7.76, 7.75, 8.39, 9.36, 9.53, 9.706, 10.642, 12.022, 13.275, 13.635, 12.774, 12.481, 12.42, 12.529, 11.579, 10.796, 10.47, 10.527, 11.029, 11.543, 11.698, 11.378, 11.611, 12.406, 12.563, 12.365, 11.558, 11.168, 9.941, 8.883, 8.763, 7.696, 6.682, 6.158, 6.826, 6.792, 6.206, 5.334, 5.09, 5.243, 4.564, 2.11, 2.13, 2.79, 2.94, 3.01, 3.04, 2.5, 2.42, 2.64, 3.19, 3.62], [1.85, 1.64, 1.56, 1.49, 1.56, 1.45, 2.24, 3.08, 3.24, 2.55, 0, 0.96, 1.16, 1.31, 1.78, 2.38, 2.61, 1.96, 2.08, 1.83, 2.01, 2.01, 1.86, 1.74, 4.05, 4.46, 4.6, 5.23, 4.59, 3.78, 3.88, 5.07, 6.13, 5.47, 5.51, 5.52, 6.16, 7.17, 7.44, 7.43, 8.24, 9.66, 10.882, 11.202, 10.298, 10.008, 9.97, 10.07, 9.16, 8.36, 8.24, 8.32, 8.622, 9.205, 9.342, 9.002, 9.372, 10.051, 10.099, 9.929, 9.142, 8.787, 7.506, 6.597, 6.523, 5.413, 4.473, 3.825, 4.445, 4.42, 3.73, 2.97, 2.717, 2.85, 2.26, 1.56, 3.6, 4.24, 4.21, 4.3, 4.33, 3.59, 3.67, 4.35, 4.6, 4.71], [1.91, 1.78, 1.68, 1.59, 1.52, 1.33, 1.96, 2.68, 2.94, 2.17, 0.96, 0, 0.88, 1.75, 2.36, 2.84, 3.15, 2.24, 2.48, 2.17, 2.17, 2.11, 2.06, 2.36, 4.69, 5.14, 5.26, 5.81, 5.13, 4.34, 4.42, 5.63, 6.71, 6.03, 6.05, 6.08, 6.7, 7.71, 7.94, 7.85, 8.62, 10.06, 11.189, 11.585, 10.642, 10.332, 10.31, 10.51, 9.62, 8.78, 8.64, 8.78, 9.145, 9.748, 9.808, 9.525, 9.809, 10.431, 10.596, 10.466, 9.659, 9.273, 7.927, 6.906, 6.849, 5.759, 4.882, 4.274, 4.742, 4.799, 4.099, 3.29, 3.04, 3.167, 2.62, 1.0, 3.04, 3.72, 3.63, 3.74, 3.87, 3.07, 3.17, 3.73, 3.98, 4.15], [2.19, 1.92, 1.76, 1.51, 1.54, 1.35, 1.88, 2.8, 3.06, 2.33, 1.16, 0.88, 0, 1.59, 2.4, 2.84, 3.03, 2.18, 2.28, 2.01, 2.13, 2.03, 1.96, 2.5, 4.71, 5.08, 5.16, 5.63, 4.95, 4.24, 4.32, 5.49, 6.57, 5.91, 5.87, 5.9, 6.58, 7.59, 7.82, 7.71, 8.46, 9.98, 11.14, 11.382, 10.49, 10.189, 10.13, 10.37, 9.4, 8.66, 8.52, 8.66, 8.965, 9.568, 9.628, 9.308, 9.658, 10.297, 10.359, 10.229, 9.422, 9.076, 7.789, 6.868, 6.791, 5.721, 4.861, 4.231, 4.691, 4.66, 3.91, 3.13, 2.9, 3.05, 2.48, 1.08, 2.8, 3.58, 3.41, 3.48, 3.71, 2.83, 3.01, 3.63, 4.0, 3.97], [1.7, 1.65, 1.67, 1.8, 1.95, 1.9, 2.99, 3.79, 4.05, 3.4, 1.31, 1.75, 1.59, 0, 1.07, 1.51, 1.72, 1.21, 1.49, 1.36, 1.56, 1.52, 1.61, 1.41, 3.3, 3.73, 3.81, 4.4, 3.64, 2.97, 3.05, 4.12, 5.26, 4.58, 4.56, 4.59, 5.25, 6.28, 6.53, 6.58, 7.35, 8.91, 10.17, 10.374, 9.494, 9.207, 9.194, 9.377, 8.39, 7.65, 7.39, 7.41, 7.815, 8.378, 8.398, 8.089, 8.499, 9.292, 9.266, 9.044, 8.217, 7.86, 6.801, 5.836, 5.756, 4.71, 3.67, 3.14, 3.704, 3.74, 3.029, 2.24, 2.09, 2.08, 1.65, 2.11, 4.25, 4.99, 4.86, 4.89, 5.12, 4.24, 4.36, 5.02, 5.33, 5.46], [1.83, 1.88, 2.06, 2.21, 2.48, 2.53, 3.44, 4.24, 4.46, 3.91, 1.78, 2.36, 2.4, 1.07, 0, 0.86, 1.27, 1.02, 1.58, 1.35, 1.61, 1.71, 1.88, 1.5, 2.85, 3.24, 3.32, 4.07, 3.29, 2.58, 2.56, 3.57, 4.63, 4.07, 3.97, 3.94, 4.7, 5.67, 6.08, 6.21, 7.056, 8.531, 9.807, 10.043, 9.171, 8.916, 8.866, 9.021, 8.02, 7.251, 7.04, 7.06, 7.424, 7.925, 8.052, 7.647, 8.156, 8.926, 8.893, 8.603, 7.816, 7.464, 6.443, 5.489, 5.388, 4.439, 3.48, 2.87, 3.375, 3.53, 3.09, 2.43, 2.28, 2.01, 1.84, 2.74, 4.92, 5.6, 5.53, 5.5, 5.69, 4.91, 5.01, 5.61, 5.94, 6.13], [2.29, 2.34, 2.54, 2.61, 2.94, 3.03, 4.04, 4.86, 5.08, 4.43, 2.38, 2.84, 2.84, 1.51, 0.86, 0, 0.73, 1.14, 1.84, 1.51, 1.85, 1.93, 2.14, 1.8, 2.53, 2.98, 2.98, 3.61, 2.83, 2.46, 2.16, 3.03, 4.17, 3.55, 3.59, 3.52, 4.1, 5.19, 5.46, 5.71, 6.6, 8.068, 9.35, 9.567, 8.729, 8.48, 8.418, 8.57, 7.56, 6.8, 6.56, 6.531, 6.953, 7.456, 7.587, 7.176, 7.64, 8.449, 8.45, 8.183, 7.376, 6.994, 6.07, 5.23, 5.012, 4.22, 3.28, 2.73, 3.21, 3.45, 3.09, 2.57, 2.46, 2.11, 1.92, 3.18, 5.36, 6.02, 5.95, 6.02, 6.15, 5.41, 5.47, 6.01, 6.4, 6.59], [2.62, 2.67, 2.85, 2.96, 3.25, 3.3, 4.33, 5.25, 5.51, 4.76, 2.61, 3.15, 3.03, 1.72, 1.27, 0.73, 0, 1.13, 1.87, 1.6, 1.94, 1.92, 2.23, 1.87, 2.28, 2.75, 2.65, 3.2, 2.46, 2.09, 1.93, 2.76, 3.8, 3.18, 3.34, 3.31, 3.85, 4.9, 4.97, 5.3, 6.13, 7.598, 8.97, 9.128, 8.237, 7.987, 7.954, 8.16, 7.21, 6.41, 6.09, 6.09, 6.6, 7.089, 7.18, 6.872, 7.236, 8.031, 8.031, 7.804, 6.977, 6.624, 5.68, 4.86, 4.636, 3.85, 3.01, 2.48, 2.9, 3.0, 2.74, 2.26, 2.17, 1.84, 1.71, 3.47, 5.57, 6.35, 6.2, 6.29, 6.44, 5.7, 5.8, 6.24, 6.67, 6.82], [1.77, 1.76, 1.94, 2.03, 2.36, 2.37, 3.58, 4.54, 4.84, 4.09, 1.96, 2.24, 2.18, 1.21, 1.02, 1.14, 1.13, 0, 1.1, 0.85, 1.05, 1.03, 1.38, 1.4, 2.93, 3.32, 3.3, 3.81, 3.05, 2.46, 2.52, 3.53, 4.65, 4.03, 4.03, 4.0, 4.66, 5.67, 5.86, 5.79, 6.58, 8.14, 9.46, 9.673, 8.744, 8.446, 8.47, 8.679, 7.7, 6.92, 6.66, 6.7, 7.15, 7.688, 7.742, 7.476, 7.826, 8.591, 8.602, 8.44, 7.593, 7.244, 6.084, 5.041, 4.94, 3.96, 3.1, 2.61, 2.95, 3.09, 2.69, 1.99, 1.86, 1.57, 1.44, 2.6, 4.72, 5.52, 5.33, 5.44, 5.63, 4.85, 4.95, 5.41, 5.8, 5.91], [2.23, 2.12, 2.32, 2.25, 2.58, 2.69, 3.8, 4.72, 5.04, 4.37, 2.08, 2.48, 2.28, 1.49, 1.58, 1.84, 1.87, 1.1, 0, 0.99, 1.33, 1.15, 1.36, 1.86, 3.49, 3.6, 3.6, 4.01, 3.41, 3.08, 3.08, 3.83, 4.73, 4.27, 4.39, 4.26, 4.86, 5.91, 6.02, 6.07, 6.62, 8.14, 9.58, 9.565, 8.73, 8.42, 8.53, 8.57, 7.76, 7.16, 6.9, 6.86, 7.17, 7.69, 7.67, 7.33, 7.718, 8.468, 8.43, 8.24, 7.43, 7.167, 6.203, 5.3, 5.18, 4.4, 3.68, 3.07, 3.39, 3.43, 2.73, 1.67, 1.48, 2.01, 1.78, 2.9, 4.7, 5.62, 5.21, 5.28, 5.55, 4.77, 4.99, 5.77, 6.12, 6.09], [1.78, 1.67, 1.77, 1.84, 2.23, 2.26, 3.39, 4.39, 4.67, 3.94, 1.83, 2.17, 2.01, 1.36, 1.35, 1.51, 1.6, 0.85, 0.99, 0, 0.8, 0.82, 0.99, 1.51, 3.38, 3.67, 3.61, 4.0, 3.34, 2.95, 2.95, 3.88, 4.96, 4.34, 4.4, 4.35, 5.03, 6.04, 6.17, 6.06, 6.89, 8.41, 9.723, 9.897, 8.98, 8.679, 8.66, 8.84, 7.91, 7.11, 6.97, 7.07, 7.36, 7.929, 8.02, 7.769, 8.117, 8.755, 8.766, 8.676, 7.829, 7.462, 6.263, 5.4, 5.25, 4.27, 3.51, 2.98, 3.3, 3.44, 2.88, 2.04, 1.93, 1.94, 1.77, 2.49, 4.47, 5.33, 5.02, 5.11, 5.38, 4.56, 4.76, 5.26, 5.63, 5.7], [1.4, 1.39, 1.53, 1.62, 1.99, 2.1, 3.33, 4.31, 4.59, 3.88, 2.01, 2.17, 2.13, 1.56, 1.61, 1.85, 1.94, 1.05, 1.33, 0.8, 0, 0.58, 0.63, 1.79, 3.58, 3.91, 3.87, 4.22, 3.62, 3.13, 3.21, 4.2, 5.26, 4.6, 4.66, 4.63, 5.25, 6.32, 6.51, 6.38, 7.11, 8.63, 9.83, 10.118, 9.134, 8.824, 8.88, 9.14, 8.19, 7.39, 7.27, 7.37, 7.692, 8.275, 8.315, 8.095, 8.439, 9.069, 9.106, 9.016, 8.169, 7.8, 6.495, 5.578, 5.41, 4.45, 3.67, 3.1, 3.4, 3.52, 2.88, 2.16, 1.93, 1.96, 1.75, 2.49, 4.35, 5.11, 4.9, 4.99, 5.3, 4.42, 4.64, 5.04, 5.31, 5.46], [1.68, 1.59, 1.69, 1.82, 2.19, 2.24, 3.53, 4.55, 4.83, 4.1, 2.01, 2.11, 2.03, 1.52, 1.71, 1.93, 1.92, 1.03, 1.15, 0.82, 0.58, 0, 0.73, 1.71, 3.52, 3.83, 3.81, 4.1, 3.48, 3.01, 3.11, 4.08, 5.14, 4.5, 4.54, 4.43, 5.15, 6.18, 6.37, 6.24, 6.87, 8.45, 9.61, 9.875, 8.894, 8.584, 8.62, 8.88, 7.97, 7.23, 7.07, 7.21, 7.48, 8.081, 8.098, 7.835, 8.182, 8.812, 8.829, 8.739, 7.892, 7.563, 6.275, 5.398, 5.233, 4.31, 3.61, 2.98, 3.199, 3.3, 2.7, 1.9, 1.81, 1.78, 1.63, 2.59, 4.39, 5.27, 4.94, 5.07, 5.36, 4.48, 4.72, 5.28, 5.57, 5.62], [1.69, 1.54, 1.62, 1.65, 2.04, 2.05, 3.22, 4.2, 4.48, 3.75, 1.86, 2.06, 1.96, 1.61, 1.88, 2.14, 2.23, 1.38, 1.36, 0.99, 0.63, 0.73, 0, 1.8, 3.67, 3.98, 3.96, 4.31, 3.71, 3.28, 3.36, 4.35, 5.39, 4.71, 4.83, 4.8, 5.38, 6.47, 6.64, 6.49, 7.24, 8.8, 9.94, 10.259, 9.25, 8.937, 9.01, 9.27, 8.38, 7.6, 7.4, 7.5, 7.83, 8.405, 8.482, 8.222, 8.572, 9.202, 9.236, 9.146, 8.299, 7.955, 6.631, 5.79, 5.508, 4.66, 3.94, 3.29, 3.669, 3.75, 3.03, 2.09, 1.98, 2.15, 1.82, 2.36, 4.3, 5.08, 4.81, 4.92, 5.25, 4.31, 4.55, 4.99, 5.24, 5.41], [2.11, 1.94, 2.08, 2.27, 2.62, 2.57, 3.38, 4.36, 4.46, 3.59, 1.74, 2.36, 2.5, 1.41, 1.5, 1.8, 1.87, 1.4, 1.86, 1.51, 1.79, 1.71, 1.8, 0, 2.63, 3.14, 3.3, 3.97, 3.41, 2.82, 2.78, 3.89, 5.01, 4.31, 4.43, 4.4, 5.1, 6.11, 6.22, 6.25, 7.174, 8.714, 9.957, 10.202, 9.307, 9.017, 9.01, 9.202, 8.2, 7.432, 7.16, 7.24, 7.644, 8.176, 8.27, 8.036, 8.366, 9.105, 9.124, 8.997, 8.15, 7.767, 6.562, 5.603, 5.423, 4.473, 3.5, 2.93, 3.526, 3.655, 3.078, 2.25, 2.22, 2.21, 1.62, 2.76, 5.08, 5.76, 5.67, 5.8, 5.91, 5.13, 5.17, 5.59, 6.0, 6.21], [4.1, 4.17, 4.37, 4.5, 4.81, 4.9, 5.91, 6.79, 6.93, 6.02, 4.05, 4.69, 4.71, 3.3, 2.85, 2.53, 2.28, 2.93, 3.49, 3.38, 3.58, 3.52, 3.67, 2.63, 0, 1.01, 1.41, 2.04, 1.7, 1.65, 1.47, 1.8, 2.68, 2.1, 2.28, 2.33, 2.99, 3.9, 3.87, 4.28, 5.15, 6.636, 8.01, 8.191, 7.32, 7.07, 6.98, 7.18, 6.19, 5.43, 5.127, 5.17, 5.629, 6.132, 6.232, 5.892, 6.276, 7.074, 7.129, 6.899, 6.077, 5.733, 4.72, 3.82, 3.582, 2.87, 2.17, 1.84, 2.16, 2.34, 2.24, 2.8, 3.25, 2.48, 2.57, 5.13, 7.35, 8.09, 7.98, 8.03, 8.2, 7.36, 7.46, 7.9, 8.31, 8.52], [4.55, 4.64, 4.84, 4.93, 5.26, 5.33, 6.24, 7.16, 7.34, 6.47, 4.46, 5.14, 5.08, 3.73, 3.24, 2.98, 2.75, 3.32, 3.6, 3.67, 3.91, 3.83, 3.98, 3.14, 1.01, 0, 0.9, 1.37, 1.37, 1.54, 1.5, 1.45, 2.01, 1.57, 1.61, 1.76, 2.4, 3.19, 3.28, 3.57, 4.442, 5.896, 7.239, 7.459, 6.592, 6.34, 6.29, 6.41, 5.42, 4.66, 4.4, 4.4, 4.89, 5.333, 5.49, 5.11, 5.543, 6.307, 6.367, 6.137, 5.37, 4.977, 4.01, 3.15, 3.01, 2.42, 1.96, 1.81, 2.07, 2.05, 2.17, 3.07, 3.54, 2.85, 3.0, 5.6, 7.74, 8.48, 8.31, 8.32, 8.57, 7.67, 7.83, 8.29, 8.72, 8.91], [4.67, 4.76, 4.94, 5.01, 5.32, 5.37, 6.26, 7.32, 7.5, 6.71, 4.6, 5.26, 5.16, 3.81, 3.32, 2.98, 2.65, 3.3, 3.6, 3.61, 3.87, 3.81, 3.96, 3.3, 1.41, 0.9, 0, 1.09, 1.33, 1.56, 1.44, 1.29, 1.93, 1.53, 1.55, 1.86, 2.44, 3.13, 3.26, 3.25, 4.134, 5.68, 7.08, 7.189, 6.321, 6.1, 6.07, 6.17, 5.2, 4.38, 4.18, 4.3, 4.73, 5.13, 5.27, 4.97, 5.42, 6.116, 6.062, 5.897, 5.09, 4.82, 4.13, 3.41, 3.17, 2.72, 2.34, 2.07, 2.25, 2.25, 2.29, 3.07, 3.52, 2.81, 2.98, 5.64, 7.84, 8.58, 8.41, 8.42, 8.65, 7.79, 7.93, 8.39, 8.8, 9.01], [5.24, 5.33, 5.51, 5.54, 5.85, 5.92, 7.01, 7.97, 8.19, 7.42, 5.23, 5.81, 5.63, 4.4, 4.07, 3.61, 3.2, 3.81, 4.01, 4.0, 4.22, 4.1, 4.31, 3.97, 2.04, 1.37, 1.09, 0, 1.24, 1.87, 1.87, 1.46, 1.66, 1.2, 1.16, 1.53, 1.79, 2.54, 2.75, 2.64, 3.43, 4.95, 6.41, 6.44, 5.58, 5.31, 5.32, 5.44, 4.57, 3.85, 3.55, 3.61, 3.96, 4.48, 4.52, 4.3, 4.75, 5.436, 5.303, 5.173, 4.326, 4.15, 3.52, 3.04, 2.68, 2.51, 2.45, 2.38, 2.36, 2.14, 2.56, 3.36, 3.83, 3.22, 3.45, 6.17, 8.21, 9.01, 8.76, 8.85, 9.14, 8.3, 8.46, 8.88, 9.31, 9.46], [4.6, 4.67, 4.83, 4.86, 5.15, 5.24, 6.31, 7.23, 7.51, 6.78, 4.59, 5.13, 4.95, 3.64, 3.29, 2.83, 2.46, 3.05, 3.41, 3.34, 3.62, 3.48, 3.71, 3.41, 1.7, 1.37, 1.33, 1.24, 0, 1.15, 1.13, 1.36, 1.86, 1.28, 1.4, 1.43, 2.03, 2.96, 2.97, 3.28, 4.09, 5.532, 7.07, 7.103, 6.2, 5.93, 5.9, 6.04, 5.15, 4.51, 4.09, 4.07, 4.48, 4.986, 5.074, 4.813, 5.203, 6.006, 5.917, 5.742, 4.889, 4.547, 3.58, 2.9, 2.58, 2.25, 1.95, 1.78, 1.88, 1.66, 1.88, 2.64, 3.11, 2.54, 2.77, 5.51, 7.49, 8.35, 7.98, 8.15, 8.42, 7.6, 7.74, 8.22, 8.67, 8.76], [3.81, 3.88, 4.06, 4.19, 4.5, 4.51, 5.52, 6.46, 6.76, 6.03, 3.78, 4.34, 4.24, 2.97, 2.58, 2.46, 2.09, 2.46, 3.08, 2.95, 3.13, 3.01, 3.28, 2.82, 1.65, 1.54, 1.56, 1.87, 1.15, 0, 0.9, 1.71, 2.53, 1.97, 1.89, 2.0, 2.68, 3.63, 3.86, 3.97, 4.8, 6.36, 7.665, 7.844, 6.944, 6.665, 6.652, 6.799, 5.769, 5.02, 4.8, 4.88, 5.225, 5.728, 5.824, 5.507, 5.909, 6.727, 6.69, 6.503, 5.676, 5.337, 4.33, 3.43, 3.31, 2.56, 2.02, 1.61, 1.81, 1.73, 1.99, 2.51, 2.94, 2.07, 2.2, 4.78, 6.84, 7.62, 7.47, 7.5, 7.69, 6.91, 7.03, 7.55, 7.94, 8.03], [3.91, 3.96, 4.12, 4.17, 4.48, 4.57, 5.62, 6.52, 6.8, 6.11, 3.88, 4.42, 4.32, 3.05, 2.56, 2.16, 1.93, 2.52, 3.08, 2.95, 3.21, 3.11, 3.36, 2.78, 1.47, 1.5, 1.44, 1.87, 1.13, 0.9, 0, 1.27, 2.45, 1.85, 1.79, 1.92, 2.68, 3.47, 3.74, 3.89, 4.731, 6.262, 7.585, 7.772, 6.898, 6.631, 6.618, 6.767, 5.757, 5.017, 4.76, 4.76, 5.156, 5.688, 5.759, 5.439, 5.883, 6.663, 6.618, 6.423, 5.576, 5.232, 4.31, 3.53, 3.25, 2.6, 1.96, 1.71, 1.87, 1.91, 2.15, 2.63, 3.02, 2.23, 2.2, 4.82, 6.96, 7.7, 7.57, 7.6, 7.77, 7.01, 7.07, 7.61, 8.02, 8.13], [5.1, 5.17, 5.33, 5.36, 5.65, 5.72, 6.69, 7.61, 7.89, 7.26, 5.07, 5.63, 5.49, 4.12, 3.57, 3.03, 2.76, 3.53, 3.83, 3.88, 4.2, 4.08, 4.35, 3.89, 1.8, 1.45, 1.29, 1.46, 1.36, 1.71, 1.27, 0, 1.44, 1.22, 1.38, 1.57, 2.21, 2.72, 2.81, 3.0, 3.832, 5.389, 6.77, 6.891, 6.06, 5.77, 5.78, 5.879, 4.87, 4.11, 3.87, 3.93, 4.36, 4.78, 4.888, 4.509, 5.015, 5.79, 5.688, 5.438, 4.649, 4.382, 3.72, 2.96, 2.66, 2.15, 1.95, 2.06, 2.02, 2.04, 2.46, 3.34, 3.79, 3.08, 3.27, 6.03, 8.09, 8.87, 8.7, 8.63, 8.92, 8.08, 8.22, 8.78, 9.21, 9.32], [6.18, 6.29, 6.47, 6.48, 6.79, 6.92, 7.83, 8.71, 8.93, 8.3, 6.13, 6.71, 6.57, 5.26, 4.63, 4.17, 3.8, 4.65, 4.73, 4.96, 5.26, 5.14, 5.39, 5.01, 2.68, 2.01, 1.93, 1.66, 1.86, 2.53, 2.45, 1.44, 0, 1.0, 1.3, 1.45, 1.61, 2.1, 1.91, 2.2, 2.97, 4.31, 6.07, 5.94, 5.16, 4.99, 5.02, 4.98, 4.21, 3.47, 3.07, 3.01, 3.66, 3.92, 4.08, 3.56, 4.11, 4.765, 4.78, 4.45, 3.78, 3.53, 3.06, 2.44, 2.06, 2.15, 2.43, 2.8, 2.8, 2.76, 3.36, 4.28, 4.71, 4.24, 4.45, 7.15, 9.07, 9.89, 9.58, 9.61, 9.96, 9.12, 9.32, 9.8, 10.25, 10.36], [5.48, 5.61, 5.81, 5.82, 6.15, 6.26, 7.25, 8.11, 8.31, 7.58, 5.47, 6.03, 5.91, 4.58, 4.07, 3.55, 3.18, 4.03, 4.27, 4.34, 4.6, 4.5, 4.71, 4.31, 2.1, 1.57, 1.53, 1.2, 1.28, 1.97, 1.85, 1.22, 1.0, 0, 1.02, 1.23, 1.43, 2.08, 2.17, 2.54, 3.37, 4.732, 6.21, 6.331, 5.52, 5.23, 5.2, 5.3, 4.49, 3.73, 3.29, 3.27, 3.8, 4.22, 4.417, 3.957, 4.41, 5.168, 5.2, 4.939, 4.132, 3.87, 3.18, 2.54, 2.2, 2.23, 2.27, 2.32, 2.52, 2.4, 2.8, 3.66, 4.13, 3.6, 3.79, 6.47, 8.43, 9.21, 8.98, 9.03, 9.32, 8.48, 8.66, 9.08, 9.55, 9.68], [5.52, 5.59, 5.77, 5.8, 6.13, 6.24, 7.25, 8.07, 8.33, 7.76, 5.51, 6.05, 5.87, 4.56, 3.97, 3.59, 3.34, 4.03, 4.39, 4.4, 4.66, 4.54, 4.83, 4.43, 2.28, 1.61, 1.55, 1.16, 1.4, 1.89, 1.79, 1.38, 1.3, 1.02, 0, 0.87, 1.29, 1.84, 2.41, 2.46, 3.289, 4.783, 6.13, 6.245, 5.407, 5.149, 5.1, 5.193, 4.25, 3.49, 3.23, 3.25, 3.64, 4.158, 4.285, 3.854, 4.39, 5.182, 5.094, 4.767, 4.0, 3.79, 3.16, 2.52, 2.32, 2.13, 1.99, 2.2, 2.26, 2.22, 2.88, 3.84, 4.33, 3.58, 3.75, 6.47, 8.49, 9.27, 9.08, 9.01, 9.34, 8.5, 8.68, 9.22, 9.63, 9.74], [5.55, 5.62, 5.8, 5.81, 6.12, 6.23, 7.2, 8.08, 8.32, 7.75, 5.52, 6.08, 5.9, 4.59, 3.94, 3.52, 3.31, 4.0, 4.26, 4.35, 4.63, 4.43, 4.8, 4.4, 2.33, 1.76, 1.86, 1.53, 1.43, 2.0, 1.92, 1.57, 1.45, 1.23, 0.87, 0, 1.38, 2.17, 2.64, 2.87, 3.64, 5.1, 6.5, 6.592, 5.726, 5.456, 5.421, 5.523, 4.56, 3.86, 3.62, 3.62, 3.969, 4.454, 4.612, 4.132, 4.699, 5.449, 5.403, 5.077, 4.312, 4.005, 3.29, 2.65, 2.43, 2.24, 2.14, 2.19, 2.31, 2.25, 2.73, 3.71, 4.2, 3.51, 3.76, 6.48, 8.38, 9.26, 8.97, 8.92, 9.27, 8.47, 8.65, 9.21, 9.64, 9.73], [6.15, 6.28, 6.48, 6.49, 6.82, 6.95, 8.06, 8.82, 9.04, 8.39, 6.16, 6.7, 6.58, 5.25, 4.7, 4.1, 3.85, 4.66, 4.86, 5.03, 5.25, 5.15, 5.38, 5.1, 2.99, 2.4, 2.44, 1.79, 2.03, 2.68, 2.68, 2.21, 1.61, 1.43, 1.29, 1.38, 0, 1.41, 1.8, 2.01, 2.82, 4.082, 5.62, 5.704, 4.87, 4.56, 4.57, 4.67, 3.9, 3.18, 2.68, 2.6, 3.17, 3.61, 3.77, 3.33, 3.78, 4.57, 4.55, 4.28, 3.493, 3.2, 2.61, 2.35, 2.11, 2.28, 2.46, 2.69, 2.87, 2.91, 3.33, 4.21, 4.7, 4.25, 4.44, 7.12, 9.06, 9.86, 9.55, 9.68, 9.99, 9.15, 9.33, 9.81, 10.22, 10.35], [7.18, 7.31, 7.49, 7.5, 7.83, 7.94, 8.97, 9.79, 9.99, 9.36, 7.17, 7.71, 7.59, 6.28, 5.67, 5.19, 4.9, 5.67, 5.91, 6.04, 6.32, 6.18, 6.47, 6.11, 3.9, 3.19, 3.13, 2.54, 2.96, 3.63, 3.47, 2.72, 2.1, 2.08, 1.84, 2.17, 1.41, 0, 1.13, 1.24, 1.93, 3.05, 4.45, 4.619, 3.82, 3.53, 3.48, 3.58, 2.73, 1.97, 1.57, 1.71, 2.1, 2.52, 2.671, 2.28, 2.67, 3.531, 3.477, 3.136, 2.54, 2.43, 2.1, 2.26, 2.22, 2.61, 3.17, 3.72, 3.74, 3.8, 4.4, 5.36, 5.83, 5.24, 5.43, 8.13, 10.05, 10.85, 10.62, 10.57, 10.94, 10.12, 10.34, 10.82, 11.25, 11.36], [7.41, 7.54, 7.72, 7.73, 8.04, 8.17, 9.2, 10.1, 10.36, 9.53, 7.44, 7.94, 7.82, 6.53, 6.08, 5.46, 4.97, 5.86, 6.02, 6.17, 6.51, 6.37, 6.64, 6.22, 3.87, 3.28, 3.26, 2.75, 2.97, 3.86, 3.74, 2.81, 1.91, 2.17, 2.41, 2.64, 1.8, 1.13, 0, 1.01, 1.86, 2.82, 4.44, 4.49, 3.65, 3.42, 3.43, 3.49, 2.76, 2.02, 1.56, 1.64, 2.15, 2.51, 2.57, 2.27, 2.56, 3.333, 3.39, 3.16, 2.47, 2.1, 1.69, 1.87, 1.79, 2.46, 3.3, 3.89, 3.85, 3.87, 4.49, 5.41, 5.86, 5.43, 5.66, 8.36, 10.22, 11.08, 10.73, 10.88, 11.19, 10.39, 10.57, 10.99, 11.46, 11.55], [7.32, 7.39, 7.55, 7.6, 7.93, 8.02, 9.15, 10.17, 10.45, 9.706, 7.43, 7.85, 7.71, 6.58, 6.21, 5.71, 5.3, 5.79, 6.07, 6.06, 6.38, 6.24, 6.49, 6.25, 4.28, 3.57, 3.25, 2.64, 3.28, 3.97, 3.89, 3.0, 2.2, 2.54, 2.46, 2.87, 2.01, 1.24, 1.01, 0, 1.27, 2.59, 4.11, 4.08, 3.26, 3.03, 3.14, 3.22, 2.45, 1.63, 1.35, 1.51, 1.96, 2.24, 2.3, 2.02, 2.35, 3.0, 3.04, 2.91, 2.26, 2.07, 1.64, 1.94, 1.84, 2.51, 3.33, 3.88, 3.7, 3.82, 4.4, 5.36, 5.81, 5.26, 5.45, 8.15, 10.31, 11.09, 10.84, 10.97, 11.26, 10.36, 10.58, 11.04, 11.41, 11.56], [8.11, 8.18, 8.4, 8.41, 8.76, 8.847, 10.097, 11.062, 11.354, 10.642, 8.24, 8.62, 8.46, 7.35, 7.056, 6.6, 6.13, 6.58, 6.62, 6.89, 7.11, 6.87, 7.24, 7.174, 5.15, 4.442, 4.134, 3.43, 4.09, 4.8, 4.731, 3.832, 2.97, 3.37, 3.289, 3.64, 2.82, 1.93, 1.86, 1.27, 0, 1.86, 3.36, 3.23, 2.39, 2.24, 2.43, 2.45, 1.94, 1.28, 1.14, 1.1, 1.43, 1.67, 1.59, 1.43, 1.74, 2.35, 2.61, 2.44, 2.05, 2.18, 1.97, 2.29, 2.45, 3.22, 4.22, 4.65, 4.33, 4.39, 5.01, 5.93, 6.36, 5.85, 6.18, 9.0, 10.92, 11.84, 11.45, 11.6, 11.85, 11.07, 11.25, 11.95, 12.26, 12.25], [9.53, 9.68, 9.9, 9.89, 10.24, 10.41, 11.64, 12.533, 12.814, 12.022, 9.66, 10.06, 9.98, 8.91, 8.531, 8.068, 7.598, 8.14, 8.14, 8.41, 8.63, 8.45, 8.8, 8.714, 6.636, 5.896, 5.68, 4.95, 5.532, 6.36, 6.262, 5.389, 4.31, 4.732, 4.783, 5.1, 4.082, 3.05, 2.82, 2.59, 1.86, 0, 2.02, 1.81, 1.17, 1.26, 1.25, 1.15, 1.24, 1.46, 1.66, 1.6, 1.37, 1.31, 1.11, 1.21, 1.04, 1.13, 1.75, 1.68, 1.75, 1.64, 2.47, 3.39, 3.55, 4.44, 5.48, 6.05, 5.85, 5.83, 6.47, 7.31, 7.74, 7.45, 7.78, 10.48, 12.3, 13.24, 12.77, 13.0, 13.29, 12.53, 12.73, 13.264, 13.58, 13.59], [10.622, 10.754, 11.009, 11.093, 11.48, 11.619, 12.853, 13.784, 14.041, 13.275, 10.882, 11.189, 11.14, 10.17, 9.807, 9.35, 8.97, 9.46, 9.58, 9.723, 9.83, 9.61, 9.94, 9.957, 8.01, 7.239, 7.08, 6.41, 7.07, 7.665, 7.585, 6.77, 6.07, 6.21, 6.13, 6.5, 5.62, 4.45, 4.44, 4.11, 3.36, 2.02, 0, 1.13, 1.71, 1.82, 1.61, 1.61, 2.3, 2.8, 3.12, 3.1, 2.79, 2.57, 2.29, 2.79, 2.32, 1.91, 2.21, 2.42, 2.93, 3.02, 3.67, 4.57, 4.81, 5.72, 6.717, 7.25, 6.93, 7.01, 7.57, 8.63, 9.0, 8.39, 8.94, 11.609, 13.56, 14.36, 14.11, 14.22, 14.51, 13.67, 13.967, 14.51, 14.752, 14.81], [11.052, 11.122, 11.379, 11.369, 11.737, 11.898, 13.12, 14.064, 14.356, 13.635, 11.202, 11.585, 11.382, 10.374, 10.043, 9.567, 9.128, 9.673, 9.565, 9.897, 10.118, 9.875, 10.259, 10.202, 8.191, 7.459, 7.189, 6.44, 7.103, 7.844, 7.772, 6.891, 5.94, 6.331, 6.245, 6.592, 5.704, 4.619, 4.49, 4.08, 3.23, 1.81, 1.13, 0, 1.32, 1.71, 1.6, 1.34, 2.25, 2.93, 3.224, 3.216, 2.76, 2.38, 2.16, 2.56, 2.17, 1.54, 1.62, 1.93, 2.52, 2.75, 3.76, 4.92, 5.134, 6.044, 7.073, 7.512, 7.1, 7.12, 7.7, 8.6, 8.97, 8.769, 9.233, 11.956, 13.77, 14.697, 14.24, 14.45, 14.72, 13.936, 14.224, 14.935, 15.237, 15.192], [10.1, 10.182, 10.424, 10.469, 10.83, 10.96, 12.218, 13.198, 13.466, 12.774, 10.298, 10.642, 10.49, 9.494, 9.171, 8.729, 8.237, 8.744, 8.73, 8.98, 9.134, 8.894, 9.25, 9.307, 7.32, 6.592, 6.321, 5.58, 6.2, 6.944, 6.898, 6.06, 5.16, 5.52, 5.407, 5.726, 4.87, 3.82, 3.65, 3.26, 2.39, 1.17, 1.71, 1.32, 0, 0.77, 0.94, 1.06, 1.53, 2.09, 2.37, 2.39, 1.94, 1.78, 1.5, 1.8, 1.59, 1.3, 1.36, 1.41, 1.96, 2.09, 2.92, 4.06, 4.24, 5.13, 6.21, 6.64, 6.12, 6.16, 6.66, 7.66, 8.05, 7.72, 8.264, 10.99, 12.887, 13.784, 13.32, 13.51, 13.8, 13.04, 13.354, 13.989, 14.284, 14.249], [9.782, 9.872, 10.114, 10.179, 10.54, 10.659, 11.916, 12.922, 13.205, 12.481, 10.008, 10.332, 10.189, 9.207, 8.916, 8.48, 7.987, 8.446, 8.42, 8.679, 8.824, 8.584, 8.937, 9.017, 7.07, 6.34, 6.1, 5.31, 5.93, 6.665, 6.631, 5.77, 4.99, 5.23, 5.149, 5.456, 4.56, 3.53, 3.42, 3.03, 2.24, 1.26, 1.82, 1.71, 0.77, 0, 0.75, 1.09, 1.34, 1.86, 2.16, 2.16, 1.77, 1.71, 1.41, 1.65, 1.58, 1.53, 1.59, 1.56, 1.95, 2.1, 2.77, 3.81, 3.99, 4.88, 5.96, 6.41, 5.79, 5.89, 6.43, 7.39, 7.76, 7.43, 7.98, 10.68, 12.6, 13.5, 13.01, 13.205, 13.39, 12.738, 13.044, 13.684, 13.974, 13.959], [9.8, 9.87, 10.13, 10.14, 10.53, 10.68, 11.93, 12.869, 13.132, 12.42, 9.97, 10.31, 10.13, 9.194, 8.866, 8.418, 7.954, 8.47, 8.53, 8.66, 8.88, 8.62, 9.01, 9.01, 6.98, 6.29, 6.07, 5.32, 5.9, 6.652, 6.618, 5.78, 5.02, 5.2, 5.1, 5.421, 4.57, 3.48, 3.43, 3.14, 2.43, 1.25, 1.61, 1.6, 0.94, 0.75, 0, 0.8, 1.11, 1.81, 2.11, 2.17, 1.68, 1.6, 1.34, 1.66, 1.39, 1.3, 1.72, 1.65, 2.02, 2.11, 2.82, 3.84, 4.06, 4.83, 5.87, 6.32, 5.78, 5.9, 6.5, 7.52, 8.01, 7.58, 8.01, 10.77, 12.53, 13.49, 12.98, 13.17, 13.28, 12.68, 12.98, 13.64, 13.95, 13.92], [10.0, 10.11, 10.39, 10.36, 10.73, 10.912, 12.062, 13.001, 13.261, 12.529, 10.07, 10.51, 10.37, 9.377, 9.021, 8.57, 8.16, 8.679, 8.57, 8.84, 9.14, 8.88, 9.27, 9.202, 7.18, 6.41, 6.17, 5.44, 6.04, 6.799, 6.767, 5.879, 4.98, 5.3, 5.193, 5.523, 4.67, 3.58, 3.49, 3.22, 2.45, 1.15, 1.61, 1.34, 1.06, 1.09, 0.8, 0, 1.13, 1.85, 2.21, 2.29, 1.66, 1.42, 1.26, 1.64, 1.33, 1.18, 1.6, 1.63, 1.92, 2.13, 3.06, 4.08, 4.28, 5.07, 6.09, 6.54, 6.14, 6.12, 6.76, 7.62, 8.09, 7.82, 8.25, 10.99, 12.67, 13.61, 13.08, 13.27, 13.5, 12.76, 13.12, 13.874, 14.17, 14.1], [9.11, 9.18, 9.42, 9.39, 9.76, 9.91, 11.037, 11.971, 12.251, 11.579, 9.16, 9.62, 9.4, 8.39, 8.02, 7.56, 7.21, 7.7, 7.76, 7.91, 8.19, 7.97, 8.38, 8.2, 6.19, 5.42, 5.2, 4.57, 5.15, 5.769, 5.757, 4.87, 4.21, 4.49, 4.25, 4.56, 3.9, 2.73, 2.76, 2.45, 1.94, 1.24, 2.3, 2.25, 1.53, 1.34, 1.11, 1.13, 0, 0.98, 1.5, 1.64, 1.13, 1.19, 1.05, 1.13, 1.06, 1.45, 2.03, 1.98, 2.09, 1.88, 2.53, 3.27, 3.57, 4.22, 5.2, 5.63, 5.19, 5.29, 5.99, 6.97, 7.44, 6.89, 7.26, 10.04, 11.76, 12.74, 12.27, 12.34, 12.59, 11.91, 12.19, 12.924, 13.26, 13.23], [8.27, 8.36, 8.6, 8.59, 8.96, 9.13, 10.272, 11.211, 11.471, 10.796, 8.36, 8.78, 8.66, 7.65, 7.251, 6.8, 6.41, 6.92, 7.16, 7.11, 7.39, 7.23, 7.6, 7.432, 5.43, 4.66, 4.38, 3.85, 4.51, 5.02, 5.017, 4.11, 3.47, 3.73, 3.49, 3.86, 3.18, 1.97, 2.02, 1.63, 1.28, 1.46, 2.8, 2.93, 2.09, 1.86, 1.81, 1.85, 0.98, 0, 0.8, 1.08, 0.95, 1.31, 1.27, 1.13, 1.4, 1.93, 2.55, 2.36, 2.13, 1.86, 2.11, 2.63, 2.81, 3.44, 4.38, 4.87, 4.67, 4.77, 5.45, 6.43, 6.9, 6.19, 6.48, 9.2, 11.18, 11.98, 11.71, 11.74, 12.07, 11.21, 11.49, 12.13, 12.42, 12.43], [8.11, 8.24, 8.46, 8.45, 8.82, 8.91, 10.1, 11.06, 11.3, 10.47, 8.24, 8.64, 8.52, 7.39, 7.04, 6.56, 6.09, 6.66, 6.9, 6.97, 7.27, 7.07, 7.4, 7.16, 5.127, 4.4, 4.18, 3.55, 4.09, 4.8, 4.76, 3.87, 3.07, 3.29, 3.23, 3.62, 2.68, 1.57, 1.56, 1.35, 1.14, 1.66, 3.12, 3.224, 2.37, 2.16, 2.11, 2.21, 1.5, 0.8, 0, 0.64, 1.05, 1.37, 1.47, 1.25, 1.36, 2.09, 2.65, 2.42, 2.03, 1.78, 1.87, 2.27, 2.35, 3.1, 4.02, 4.59, 4.51, 4.59, 5.19, 6.15, 6.66, 6.11, 6.34, 9.1, 10.96, 11.86, 11.49, 11.64, 11.95, 11.13, 11.33, 11.81, 12.2, 12.23], [8.25, 8.38, 8.58, 8.57, 8.88, 9.05, 10.2, 11.06, 11.3, 10.527, 8.32, 8.78, 8.66, 7.41, 7.06, 6.531, 6.09, 6.7, 6.86, 7.07, 7.37, 7.21, 7.5, 7.24, 5.17, 4.4, 4.3, 3.61, 4.07, 4.88, 4.76, 3.93, 3.01, 3.27, 3.25, 3.62, 2.6, 1.71, 1.64, 1.51, 1.1, 1.6, 3.1, 3.216, 2.39, 2.16, 2.17, 2.29, 1.64, 1.08, 0.64, 0, 0.99, 1.35, 1.35, 1.07, 1.3, 2.11, 2.71, 2.38, 2.05, 1.84, 1.83, 2.29, 2.37, 3.18, 4.08, 4.67, 4.63, 4.67, 5.27, 6.23, 6.72, 6.25, 6.48, 9.18, 11.04, 11.94, 11.55, 11.76, 12.05, 11.25, 11.41, 11.91, 12.32, 12.37], [8.615, 8.685, 8.905, 8.892, 9.219, 9.395, 10.53, 11.41, 11.664, 11.029, 8.622, 9.145, 8.965, 7.815, 7.424, 6.953, 6.6, 7.15, 7.17, 7.36, 7.692, 7.48, 7.83, 7.644, 5.629, 4.89, 4.73, 3.96, 4.48, 5.225, 5.156, 4.36, 3.66, 3.8, 3.64, 3.969, 3.17, 2.1, 2.15, 1.96, 1.43, 1.37, 2.79, 2.76, 1.94, 1.77, 1.68, 1.66, 1.13, 0.95, 1.05, 0.99, 0, 0.74, 0.88, 0.7, 1.11, 2.02, 2.4, 2.17, 2.0, 1.91, 2.1, 2.72, 2.86, 3.61, 4.57, 5.04, 4.8, 4.8, 5.44, 6.34, 6.87, 6.46, 6.75, 9.51, 11.31, 12.265, 11.8, 11.95, 12.26, 11.478, 11.758, 12.38, 12.742, 12.775], [9.218, 9.288, 9.508, 9.478, 9.808, 9.981, 11.048, 11.939, 12.199, 11.543, 9.205, 9.748, 9.568, 8.378, 7.925, 7.456, 7.089, 7.688, 7.69, 7.929, 8.275, 8.081, 8.405, 8.176, 6.132, 5.333, 5.13, 4.48, 4.986, 5.728, 5.688, 4.78, 3.92, 4.22, 4.158, 4.454, 3.61, 2.52, 2.51, 2.24, 1.67, 1.31, 2.57, 2.38, 1.78, 1.71, 1.6, 1.42, 1.19, 1.31, 1.37, 1.35, 0.74, 0, 0.68, 0.76, 0.93, 1.96, 2.26, 2.13, 2.04, 2.05, 2.54, 3.26, 3.3, 4.15, 5.07, 5.6, 5.4, 5.42, 6.04, 6.9, 7.37, 7.08, 7.35, 10.09, 11.95, 12.868, 12.427, 12.554, 12.887, 12.101, 12.381, 12.926, 13.325, 13.378], [9.298, 9.382, 9.579, 9.592, 9.902, 10.006, 11.191, 12.093, 12.39, 11.698, 9.342, 9.808, 9.628, 8.398, 8.052, 7.587, 7.18, 7.742, 7.67, 8.02, 8.315, 8.098, 8.482, 8.27, 6.232, 5.49, 5.27, 4.52, 5.074, 5.824, 5.759, 4.888, 4.08, 4.417, 4.285, 4.612, 3.77, 2.671, 2.57, 2.3, 1.59, 1.11, 2.29, 2.16, 1.5, 1.41, 1.34, 1.26, 1.05, 1.27, 1.47, 1.35, 0.88, 0.68, 0, 0.78, 0.77, 1.7, 2.02, 1.91, 1.88, 1.79, 2.54, 3.24, 3.46, 4.29, 5.23, 5.7, 5.38, 5.38, 5.98, 6.92, 7.39, 7.06, 7.39, 10.17, 11.97, 12.948, 12.475, 12.654, 12.907, 12.181, 12.361, 13.083, 13.439, 13.455], [9.009, 9.082, 9.319, 9.292, 9.639, 9.786, 10.891, 11.676, 11.956, 11.378, 9.002, 9.525, 9.308, 8.089, 7.647, 7.176, 6.872, 7.476, 7.33, 7.769, 8.095, 7.835, 8.222, 8.036, 5.892, 5.11, 4.97, 4.3, 4.813, 5.507, 5.439, 4.509, 3.56, 3.957, 3.854, 4.132, 3.33, 2.28, 2.27, 2.02, 1.43, 1.21, 2.79, 2.56, 1.8, 1.65, 1.66, 1.64, 1.13, 1.13, 1.25, 1.07, 0.7, 0.76, 0.78, 0, 0.79, 1.68, 2.08, 1.81, 1.74, 1.67, 2.28, 2.96, 3.14, 3.99, 4.91, 5.36, 5.06, 5.12, 5.74, 6.64, 7.15, 6.78, 7.15, 9.93, 11.65, 12.608, 12.113, 12.194, 12.507, 11.801, 12.021, 12.786, 13.159, 13.155], [9.299, 9.432, 9.669, 9.642, 10.009, 10.136, 11.281, 12.186, 12.446, 11.611, 9.372, 9.809, 9.658, 8.499, 8.156, 7.64, 7.236, 7.826, 7.718, 8.117, 8.439, 8.182, 8.572, 8.366, 6.276, 5.543, 5.42, 4.75, 5.203, 5.909, 5.883, 5.015, 4.11, 4.41, 4.39, 4.699, 3.78, 2.67, 2.56, 2.35, 1.74, 1.04, 2.32, 2.17, 1.59, 1.58, 1.39, 1.33, 1.06, 1.4, 1.36, 1.3, 1.11, 0.93, 0.77, 0.79, 0, 1.35, 1.99, 1.84, 1.91, 1.82, 2.43, 3.15, 3.33, 4.18, 5.1, 5.65, 5.43, 5.45, 6.09, 7.01, 7.48, 7.13, 7.5, 10.28, 11.94, 12.918, 12.443, 12.607, 12.897, 12.131, 12.351, 13.036, 13.409, 13.385], [9.918, 10.051, 10.285, 10.261, 10.665, 10.807, 12.014, 12.93, 13.19, 12.406, 10.051, 10.431, 10.297, 9.292, 8.926, 8.449, 8.031, 8.591, 8.468, 8.755, 9.069, 8.812, 9.202, 9.105, 7.074, 6.307, 6.116, 5.436, 6.006, 6.727, 6.663, 5.79, 4.765, 5.168, 5.182, 5.449, 4.57, 3.531, 3.333, 3.0, 2.35, 1.13, 1.91, 1.54, 1.3, 1.53, 1.3, 1.18, 1.45, 1.93, 2.09, 2.11, 2.02, 1.96, 1.7, 1.68, 1.35, 0, 1.26, 1.51, 1.76, 1.81, 2.74, 3.7, 3.92, 4.81, 5.85, 6.36, 5.94, 6.02, 6.64, 7.56, 8.03, 7.749, 8.139, 10.896, 12.565, 13.565, 13.033, 13.22, 13.427, 12.773, 13.047, 13.701, 14.022, 13.987], [10.086, 10.139, 10.376, 10.366, 10.713, 10.843, 12.008, 12.919, 13.19, 12.563, 10.099, 10.596, 10.359, 9.266, 8.893, 8.45, 8.031, 8.602, 8.43, 8.766, 9.106, 8.829, 9.236, 9.124, 7.129, 6.367, 6.062, 5.303, 5.917, 6.69, 6.618, 5.688, 4.78, 5.2, 5.094, 5.403, 4.55, 3.477, 3.39, 3.04, 2.61, 1.75, 2.21, 1.62, 1.36, 1.59, 1.72, 1.6, 2.03, 2.55, 2.65, 2.71, 2.4, 2.26, 2.02, 2.08, 1.99, 1.26, 0, 0.63, 1.28, 1.71, 2.84, 3.94, 4.14, 5.03, 6.07, 6.48, 5.96, 6.0, 6.64, 7.52, 7.97, 7.78, 8.19, 10.97, 12.67, 13.622, 13.129, 13.256, 13.42, 12.829, 13.146, 13.917, 14.253, 14.189], [9.956, 10.009, 10.246, 10.236, 10.583, 10.733, 11.878, 12.68, 12.917, 12.365, 9.929, 10.466, 10.229, 9.044, 8.603, 8.183, 7.804, 8.44, 8.24, 8.676, 9.016, 8.739, 9.146, 8.997, 6.899, 6.137, 5.897, 5.173, 5.742, 6.503, 6.423, 5.438, 4.45, 4.939, 4.767, 5.077, 4.28, 3.136, 3.16, 2.91, 2.44, 1.68, 2.42, 1.93, 1.41, 1.56, 1.65, 1.63, 1.98, 2.36, 2.42, 2.38, 2.17, 2.13, 1.91, 1.81, 1.84, 1.51, 0.63, 0, 0.97, 1.36, 2.71, 3.79, 4.03, 4.9, 5.88, 6.31, 5.89, 5.91, 6.55, 7.45, 7.9, 7.69, 8.1, 10.86, 12.54, 13.492, 13.01, 13.12, 13.27, 12.679, 12.956, 13.77, 14.123, 14.059], [9.149, 9.202, 9.439, 9.429, 9.776, 9.886, 11.051, 11.893, 12.13, 11.558, 9.142, 9.659, 9.422, 8.217, 7.816, 7.376, 6.977, 7.593, 7.43, 7.829, 8.169, 7.892, 8.299, 8.15, 6.077, 5.37, 5.09, 4.326, 4.889, 5.676, 5.576, 4.649, 3.78, 4.132, 4.0, 4.312, 3.493, 2.54, 2.47, 2.26, 2.05, 1.75, 2.93, 2.52, 1.96, 1.95, 2.02, 1.92, 2.09, 2.13, 2.03, 2.05, 2.0, 2.04, 1.88, 1.74, 1.91, 1.76, 1.28, 0.97, 0, 0.79, 1.92, 2.98, 3.2, 4.09, 5.07, 5.5, 5.06, 5.06, 5.7, 6.58, 7.03, 6.84, 7.25, 10.03, 11.742, 12.685, 12.204, 12.334, 12.547, 11.901, 12.149, 12.963, 13.316, 13.252], [8.76, 8.847, 9.041, 9.057, 9.384, 9.502, 10.664, 11.535, 11.747, 11.168, 8.787, 9.273, 9.076, 7.86, 7.464, 6.994, 6.624, 7.244, 7.167, 7.462, 7.8, 7.563, 7.955, 7.767, 5.733, 4.977, 4.82, 4.15, 4.547, 5.337, 5.232, 4.382, 3.53, 3.87, 3.79, 4.005, 3.2, 2.43, 2.1, 2.07, 2.18, 1.64, 3.02, 2.75, 2.09, 2.1, 2.11, 2.13, 1.88, 1.86, 1.78, 1.84, 1.91, 2.05, 1.79, 1.67, 1.82, 1.81, 1.71, 1.36, 0.79, 0, 1.51, 2.55, 2.79, 3.68, 4.68, 5.11, 4.77, 4.79, 5.43, 6.33, 6.82, 6.508, 6.889, 9.635, 11.407, 12.376, 11.9, 12.027, 12.32, 11.592, 11.792, 12.565, 12.921, 12.92], [7.376, 7.466, 7.749, 7.719, 8.114, 8.3, 9.5, 10.408, 10.655, 9.941, 7.506, 7.927, 7.789, 6.801, 6.443, 6.07, 5.68, 6.084, 6.203, 6.263, 6.495, 6.275, 6.631, 6.562, 4.72, 4.01, 4.13, 3.52, 3.58, 4.33, 4.31, 3.72, 3.06, 3.18, 3.16, 3.29, 2.61, 2.1, 1.69, 1.64, 1.97, 2.47, 3.67, 3.76, 2.92, 2.77, 2.82, 3.06, 2.53, 2.11, 1.87, 1.83, 2.1, 2.54, 2.54, 2.28, 2.43, 2.74, 2.84, 2.71, 1.92, 1.51, 0, 1.36, 1.56, 2.35, 3.384, 3.84, 3.58, 3.56, 4.14, 5.14, 5.61, 5.18, 5.586, 8.277, 10.205, 11.086, 10.715, 10.88, 11.21, 10.384, 10.664, 11.241, 11.546, 11.541], [6.396, 6.54, 6.757, 6.787, 7.154, 7.232, 8.497, 9.441, 9.721, 8.883, 6.597, 6.906, 6.868, 5.836, 5.489, 5.23, 4.86, 5.041, 5.3, 5.4, 5.578, 5.398, 5.79, 5.603, 3.82, 3.15, 3.41, 3.04, 2.9, 3.43, 3.53, 2.96, 2.44, 2.54, 2.52, 2.65, 2.35, 2.26, 1.87, 1.94, 2.29, 3.39, 4.57, 4.92, 4.06, 3.81, 3.84, 4.08, 3.27, 2.63, 2.27, 2.29, 2.72, 3.26, 3.24, 2.96, 3.15, 3.7, 3.94, 3.79, 2.98, 2.55, 1.36, 0, 0.7, 1.31, 2.27, 2.88, 2.66, 2.78, 3.42, 4.4, 4.89, 4.28, 4.63, 7.365, 9.225, 10.171, 9.818, 9.928, 10.213, 9.458, 9.644, 10.103, 10.422, 10.473], [6.296, 6.406, 6.589, 6.701, 7.077, 7.142, 8.381, 9.347, 9.584, 8.763, 6.523, 6.849, 6.791, 5.756, 5.388, 5.012, 4.636, 4.94, 5.18, 5.25, 5.41, 5.233, 5.508, 5.423, 3.582, 3.01, 3.17, 2.68, 2.58, 3.31, 3.25, 2.66, 2.06, 2.2, 2.32, 2.43, 2.11, 2.22, 1.79, 1.84, 2.45, 3.55, 4.81, 5.134, 4.24, 3.99, 4.06, 4.28, 3.57, 2.81, 2.35, 2.37, 2.86, 3.3, 3.46, 3.14, 3.33, 3.92, 4.14, 4.03, 3.2, 2.79, 1.56, 0.7, 0, 1.17, 2.17, 2.78, 2.62, 2.78, 3.36, 4.28, 4.73, 4.22, 4.508, 7.231, 9.223, 10.14, 9.775, 9.963, 10.29, 9.427, 9.647, 9.93, 10.248, 10.43], [5.27, 5.381, 5.581, 5.591, 5.981, 6.094, 7.331, 8.237, 8.491, 7.696, 5.413, 5.759, 5.721, 4.71, 4.439, 4.22, 3.85, 3.96, 4.4, 4.27, 4.45, 4.31, 4.66, 4.473, 2.87, 2.42, 2.72, 2.51, 2.25, 2.56, 2.6, 2.15, 2.15, 2.23, 2.13, 2.24, 2.28, 2.61, 2.46, 2.51, 3.22, 4.44, 5.72, 6.044, 5.13, 4.88, 4.83, 5.07, 4.22, 3.44, 3.1, 3.18, 3.61, 4.15, 4.29, 3.99, 4.18, 4.81, 5.03, 4.9, 4.09, 3.68, 2.35, 1.31, 1.17, 0, 1.16, 1.71, 1.65, 1.77, 2.39, 3.39, 3.92, 3.27, 3.44, 6.161, 8.115, 9.03, 8.708, 8.881, 9.18, 8.371, 8.537, 8.933, 9.258, 9.36], [4.45, 4.521, 4.713, 4.737, 5.084, 5.203, 6.362, 7.27, 7.518, 6.682, 4.473, 4.882, 4.861, 3.67, 3.48, 3.28, 3.01, 3.1, 3.68, 3.51, 3.67, 3.61, 3.94, 3.5, 2.17, 1.96, 2.34, 2.45, 1.95, 2.02, 1.96, 1.95, 2.43, 2.27, 1.99, 2.14, 2.46, 3.17, 3.3, 3.33, 4.22, 5.48, 6.717, 7.073, 6.21, 5.96, 5.87, 6.09, 5.2, 4.38, 4.02, 4.08, 4.57, 5.07, 5.23, 4.91, 5.1, 5.85, 6.07, 5.88, 5.07, 4.68, 3.384, 2.27, 2.17, 1.16, 0, 1.01, 1.01, 1.37, 1.73, 2.77, 3.24, 2.53, 2.64, 5.293, 7.315, 8.155, 7.928, 8.041, 8.285, 7.451, 7.625, 8.045, 8.393, 8.525], [3.8, 3.87, 4.105, 4.098, 4.471, 4.618, 5.772, 6.692, 6.925, 6.158, 3.825, 4.274, 4.231, 3.14, 2.87, 2.73, 2.48, 2.61, 3.07, 2.98, 3.1, 2.98, 3.29, 2.93, 1.84, 1.81, 2.07, 2.38, 1.78, 1.61, 1.71, 2.06, 2.8, 2.32, 2.2, 2.19, 2.69, 3.72, 3.89, 3.88, 4.65, 6.05, 7.25, 7.512, 6.64, 6.41, 6.32, 6.54, 5.63, 4.87, 4.59, 4.67, 5.04, 5.6, 5.7, 5.36, 5.65, 6.36, 6.48, 6.31, 5.5, 5.11, 3.84, 2.88, 2.78, 1.71, 1.01, 0, 0.96, 1.22, 1.28, 2.08, 2.61, 1.98, 2.05, 4.685, 6.748, 7.545, 7.378, 7.491, 7.675, 6.921, 7.015, 7.578, 7.908, 7.978], [4.252, 4.346, 4.562, 4.627, 4.994, 5.069, 6.256, 7.264, 7.538, 6.826, 4.445, 4.742, 4.691, 3.704, 3.375, 3.21, 2.9, 2.95, 3.39, 3.3, 3.4, 3.199, 3.669, 3.526, 2.16, 2.07, 2.25, 2.36, 1.88, 1.81, 1.87, 2.02, 2.8, 2.52, 2.26, 2.31, 2.87, 3.74, 3.85, 3.7, 4.33, 5.85, 6.93, 7.1, 6.12, 5.79, 5.78, 6.14, 5.19, 4.67, 4.51, 4.63, 4.8, 5.4, 5.38, 5.06, 5.43, 5.94, 5.96, 5.89, 5.06, 4.77, 3.58, 2.66, 2.62, 1.65, 1.01, 0.96, 0, 0.78, 1.22, 2.18, 2.71, 1.94, 2.41, 5.102, 7.051, 7.985, 7.618, 7.751, 7.87, 7.281, 7.441, 8.098, 8.419, 8.398], [4.311, 4.435, 4.629, 4.733, 4.98, 5.123, 6.231, 7.213, 7.501, 6.792, 4.42, 4.799, 4.66, 3.74, 3.53, 3.45, 3.0, 3.09, 3.43, 3.44, 3.52, 3.3, 3.75, 3.655, 2.34, 2.05, 2.25, 2.14, 1.66, 1.73, 1.91, 2.04, 2.76, 2.4, 2.22, 2.25, 2.91, 3.8, 3.87, 3.82, 4.39, 5.83, 7.01, 7.12, 6.16, 5.89, 5.9, 6.12, 5.29, 4.77, 4.59, 4.67, 4.8, 5.42, 5.38, 5.12, 5.45, 6.02, 6.0, 5.91, 5.06, 4.79, 3.56, 2.78, 2.78, 1.77, 1.37, 1.22, 0.78, 0, 1.12, 2.14, 2.63, 2.02, 2.57, 5.15, 6.937, 7.854, 7.51, 7.657, 7.833, 7.19, 7.387, 8.081, 8.379, 8.39], [3.791, 3.881, 4.052, 4.019, 4.279, 4.4, 5.645, 6.63, 6.898, 6.206, 3.73, 4.099, 3.91, 3.029, 3.09, 3.09, 2.74, 2.69, 2.73, 2.88, 2.88, 2.7, 3.03, 3.078, 2.24, 2.17, 2.29, 2.56, 1.88, 1.99, 2.15, 2.46, 3.36, 2.8, 2.88, 2.73, 3.33, 4.4, 4.49, 4.4, 5.01, 6.47, 7.57, 7.7, 6.66, 6.43, 6.5, 6.76, 5.99, 5.45, 5.19, 5.27, 5.44, 6.04, 5.98, 5.74, 6.09, 6.64, 6.64, 6.55, 5.7, 5.43, 4.14, 3.42, 3.36, 2.39, 1.73, 1.28, 1.22, 1.12, 0, 1.38, 1.81, 1.46, 1.83, 4.442, 6.348, 7.216, 6.821, 6.98, 7.253, 6.5, 6.794, 7.441, 7.739, 7.709], [2.94, 2.87, 3.11, 3.08, 3.416, 3.577, 4.755, 5.761, 6.044, 5.334, 2.97, 3.29, 3.13, 2.24, 2.43, 2.57, 2.26, 1.99, 1.67, 2.04, 2.16, 1.9, 2.09, 2.25, 2.8, 3.07, 3.07, 3.36, 2.64, 2.51, 2.63, 3.34, 4.28, 3.66, 3.84, 3.71, 4.21, 5.36, 5.41, 5.36, 5.93, 7.31, 8.63, 8.6, 7.66, 7.39, 7.52, 7.62, 6.97, 6.43, 6.15, 6.23, 6.34, 6.9, 6.92, 6.64, 7.01, 7.56, 7.52, 7.45, 6.58, 6.33, 5.14, 4.4, 4.28, 3.39, 2.77, 2.08, 2.18, 2.14, 1.38, 0, 0.71, 1.04, 1.13, 3.55, 5.47, 6.411, 5.91, 6.097, 6.41, 5.624, 5.923, 6.563, 6.856, 6.818], [2.77, 2.66, 2.8, 2.87, 3.149, 3.304, 4.505, 5.531, 5.814, 5.09, 2.717, 3.04, 2.9, 2.09, 2.28, 2.46, 2.17, 1.86, 1.48, 1.93, 1.93, 1.81, 1.98, 2.22, 3.25, 3.54, 3.52, 3.83, 3.11, 2.94, 3.02, 3.79, 4.71, 4.13, 4.33, 4.2, 4.7, 5.83, 5.86, 5.81, 6.36, 7.74, 9.0, 8.97, 8.05, 7.76, 8.01, 8.09, 7.44, 6.9, 6.66, 6.72, 6.87, 7.37, 7.39, 7.15, 7.48, 8.03, 7.97, 7.9, 7.03, 6.82, 5.61, 4.89, 4.73, 3.92, 3.24, 2.61, 2.71, 2.63, 1.81, 0.71, 0, 1.11, 1.22, 3.28, 5.24, 6.18, 5.69, 5.92, 6.21, 5.447, 5.713, 6.293, 6.563, 6.562], [2.66, 2.709, 2.909, 3.056, 3.322, 3.457, 4.658, 5.684, 5.967, 5.243, 2.85, 3.167, 3.05, 2.08, 2.01, 2.11, 1.84, 1.57, 2.01, 1.94, 1.96, 1.78, 2.15, 2.21, 2.48, 2.85, 2.81, 3.22, 2.54, 2.07, 2.23, 3.08, 4.24, 3.6, 3.58, 3.51, 4.25, 5.24, 5.43, 5.26, 5.85, 7.45, 8.39, 8.769, 7.72, 7.43, 7.58, 7.82, 6.89, 6.19, 6.11, 6.25, 6.46, 7.08, 7.06, 6.78, 7.13, 7.749, 7.78, 7.69, 6.84, 6.508, 5.18, 4.28, 4.22, 3.27, 2.53, 1.98, 1.94, 2.02, 1.46, 1.04, 1.11, 0, 1.03, 3.45, 5.51, 6.37, 6.1, 6.17, 6.46, 5.66, 5.867, 6.477, 6.75, 6.79], [2.37, 2.36, 2.36, 2.35, 2.74, 2.81, 4.005, 4.991, 5.274, 4.564, 2.26, 2.62, 2.48, 1.65, 1.84, 1.92, 1.71, 1.44, 1.78, 1.77, 1.75, 1.63, 1.82, 1.62, 2.57, 3.0, 2.98, 3.45, 2.77, 2.2, 2.2, 3.27, 4.45, 3.79, 3.75, 3.76, 4.44, 5.43, 5.66, 5.45, 6.18, 7.78, 8.94, 9.233,