[[0, 0.77, 0.88, 1.7, 3.47, 3.97, 4.53, 5.02, 4.76, 5.0, 4.9, 4.82, 5.37, 4.28, 3.12, 3.66, 4.79, 5.1, 5.0, 5.07, 5.05, 5.51, 6.81, 6.87, 6.42, 5.74, 4.92, 4.25, 4.7, 5.95, 5.42, 5.24, 4.87, 4.24, 4.98, 5.48, 5.06, 5.57, 6.42, 7.18, 7.7, 7.68, 7.96, 7.5, 7.17, 6.62, 5.95, 7.05, 7.59, 8.55, 8.45, 7.82, 7.19, 7.19, 7.88, 8.17, 8.17, 8.82, 9.04, 9.06, 8.65, 8.93, 10.03, 11.62, 12.34, 12.06, 11.36, 9.75, 8.45, 8.62, 9.28, 9.25, 8.48, 8.18, 6.91, 6.13, 5.53, 4.81, 4.6, 3.84, 3.25, 3.17, 2.98, 3.36, 3.84, 3.84], [0.77, 0, 0.63, 1.59, 3.32, 3.84, 4.44, 4.87, 4.65, 4.87, 4.81, 4.77, 5.36, 4.29, 3.09, 3.63, 4.82, 5.11, 5.01, 5.08, 5.04, 5.52, 6.72, 6.86, 6.35, 5.63, 4.79, 4.16, 4.59, 5.86, 5.41, 5.25, 4.9, 4.23, 4.95, 5.35, 4.89, 5.42, 6.29, 7.03, 7.63, 7.55, 7.93, 7.49, 7.16, 6.63, 5.9, 6.96, 7.48, 8.44, 8.32, 7.67, 7.06, 7.06, 7.75, 8.04, 8.04, 8.71, 8.93, 8.93, 8.52, 8.8, 9.9, 11.49, 12.21, 11.93, 11.23, 9.7, 8.38, 8.63, 9.31, 9.18, 8.39, 8.07, 6.78, 6.04, 5.5, 4.78, 4.47, 3.79, 3.24, 3.2, 2.91, 3.29, 3.69, 3.71], [0.88, 0.63, 0, 1.5, 3.23, 3.67, 4.27, 4.8, 4.54, 4.8, 4.7, 4.68, 5.29, 4.24, 2.94, 3.56, 4.75, 5.06, 4.96, 5.03, 4.99, 5.47, 6.67, 6.71, 6.26, 5.58, 4.7, 4.03, 4.54, 5.79, 5.3, 5.16, 4.81, 4.16, 4.88, 5.16, 4.72, 5.31, 6.16, 6.94, 7.48, 7.48, 7.8, 7.36, 7.03, 6.46, 5.71, 6.75, 7.29, 8.25, 8.13, 7.5, 6.87, 6.87, 7.56, 7.85, 7.85, 8.54, 8.76, 8.74, 8.33, 8.61, 9.71, 11.3, 12.02, 11.74, 11.04, 9.49, 8.19, 8.4, 9.06, 9.07, 8.26, 7.86, 6.61, 6.03, 5.39, 4.61, 4.36, 3.58, 3.01, 2.97, 2.62, 3.0, 3.52, 3.54], [1.7, 1.59, 1.5, 0, 2.05, 2.53, 3.11, 3.64, 3.38, 3.6, 3.52, 3.38, 3.95, 3.06, 2.2, 2.52, 3.59, 3.96, 3.72, 3.77, 3.75, 4.17, 5.49, 5.53, 5.08, 4.36, 3.5, 3.03, 3.4, 4.59, 4.1, 3.92, 3.47, 3.12, 3.68, 4.02, 3.6, 4.11, 5.02, 5.78, 6.34, 6.3, 6.58, 6.08, 5.73, 5.24, 4.47, 5.59, 6.11, 7.07, 6.99, 6.36, 5.73, 5.73, 6.42, 6.71, 6.71, 7.36, 7.58, 7.6, 7.19, 7.47, 8.57, 10.16, 10.88, 10.6, 9.9, 8.35, 7.01, 7.2, 7.88, 7.85, 7.06, 6.74, 5.45, 4.75, 4.19, 3.45, 3.22, 2.46, 1.81, 1.77, 1.54, 2.02, 2.38, 2.38], [3.47, 3.32, 3.23, 2.05, 0, 0.74, 1.4, 1.91, 1.75, 1.89, 2.13, 2.19, 2.54, 1.95, 2.57, 2.37, 2.2, 2.49, 2.29, 2.28, 2.2, 2.64, 3.66, 3.76, 3.29, 2.61, 2.35, 2.34, 2.55, 3.04, 2.65, 2.61, 2.9, 3.37, 2.79, 2.49, 2.25, 2.72, 3.33, 3.91, 4.61, 4.59, 4.99, 4.57, 4.26, 3.59, 2.9, 3.7, 4.24, 5.2, 5.1, 4.47, 3.84, 3.84, 4.53, 4.82, 4.82, 5.59, 5.85, 5.71, 5.3, 5.58, 6.68, 8.27, 8.99, 8.71, 8.03, 6.5, 5.4, 5.63, 6.23, 6.12, 5.25, 4.89, 3.66, 3.04, 2.68, 2.3, 1.99, 2.07, 2.0, 1.76, 2.07, 2.19, 2.27, 2.43], [3.97, 3.84, 3.67, 2.53, 0.74, 0, 0.92, 1.59, 1.35, 1.53, 2.03, 2.21, 2.24, 2.19, 2.85, 2.61, 2.22, 2.45, 2.15, 2.16, 2.0, 2.26, 3.18, 3.28, 3.05, 2.57, 2.37, 2.4, 2.65, 3.0, 2.65, 2.57, 3.04, 3.51, 2.89, 2.01, 1.93, 2.24, 2.79, 3.41, 4.01, 4.05, 4.39, 4.03, 3.72, 3.07, 2.34, 3.2, 3.68, 4.64, 4.54, 3.89, 3.3, 3.28, 3.97, 4.26, 4.26, 5.07, 5.35, 5.15, 4.74, 5.02, 6.12, 7.71, 8.43, 8.15, 7.47, 5.94, 4.9, 5.07, 5.63, 5.64, 4.73, 4.31, 3.18, 2.66, 2.4, 1.98, 1.99, 1.99, 1.96, 1.82, 2.21, 2.33, 2.35, 2.45], [4.53, 4.44, 4.27, 3.11, 1.4, 0.92, 0, 0.81, 0.75, 1.39, 1.97, 2.15, 2.18, 2.17, 2.95, 2.67, 2.28, 2.43, 2.09, 2.08, 1.98, 1.98, 2.6, 2.8, 3.03, 2.63, 2.39, 2.4, 2.67, 3.06, 2.67, 2.59, 2.96, 3.49, 2.83, 1.81, 1.89, 2.14, 2.17, 2.73, 3.31, 3.33, 3.69, 3.35, 3.04, 2.43, 2.08, 2.98, 3.18, 4.12, 3.98, 3.35, 2.76, 2.74, 3.41, 3.7, 3.7, 4.45, 4.77, 4.59, 4.18, 4.46, 5.56, 7.15, 7.87, 7.59, 6.89, 5.36, 4.3, 4.47, 5.05, 5.08, 4.15, 3.73, 2.56, 2.02, 1.64, 1.86, 2.05, 2.01, 2.06, 2.0, 2.43, 2.49, 2.53, 2.57], [5.02, 4.87, 4.8, 3.64, 1.91, 1.59, 0.81, 0, 0.78, 1.34, 1.94, 2.2, 2.33, 2.42, 3.12, 2.9, 2.51, 2.62, 2.2, 2.29, 2.03, 1.85, 2.17, 2.61, 2.82, 2.54, 2.32, 2.43, 2.5, 2.95, 2.66, 2.6, 2.93, 3.64, 2.76, 1.84, 1.92, 2.13, 2.04, 2.44, 2.92, 2.9, 3.3, 3.02, 2.79, 2.28, 2.11, 2.85, 2.79, 3.73, 3.57, 2.94, 2.39, 2.35, 3.0, 3.29, 3.29, 4.1, 4.46, 4.18, 3.77, 4.07, 5.15, 6.74, 7.46, 7.18, 6.5, 5.07, 4.15, 4.34, 4.84, 4.75, 3.82, 3.4, 2.19, 1.71, 1.67, 1.99, 2.08, 2.32, 2.53, 2.59, 2.94, 2.84, 2.66, 2.76], [4.76, 4.65, 4.54, 3.38, 1.75, 1.35, 0.75, 0.78, 0, 1.22, 2.02, 2.1, 2.33, 2.24, 2.88, 2.78, 2.31, 2.36, 2.0, 2.15, 1.93, 1.83, 2.35, 2.69, 2.76, 2.48, 2.16, 2.23, 2.4, 2.91, 2.62, 2.6, 2.91, 3.44, 2.76, 1.66, 1.7, 1.97, 2.02, 2.58, 3.24, 3.24, 3.64, 3.36, 3.03, 2.46, 2.07, 2.85, 3.01, 3.95, 3.81, 3.16, 2.61, 2.57, 3.24, 3.53, 3.53, 4.4, 4.72, 4.46, 4.01, 4.29, 5.39, 6.98, 7.7, 7.42, 6.76, 5.33, 4.31, 4.5, 5.08, 5.09, 4.16, 3.68, 2.47, 1.91, 1.63, 1.73, 1.96, 2.1, 2.21, 2.31, 2.66, 2.66, 2.42, 2.5], [5.0, 4.87, 4.8, 3.6, 1.89, 1.53, 1.39, 1.34, 1.22, 0, 0.98, 1.32, 1.29, 1.74, 2.76, 2.54, 1.69, 1.86, 1.46, 1.33, 1.03, 1.11, 2.01, 2.35, 2.2, 1.88, 1.62, 1.79, 1.96, 2.17, 1.82, 1.78, 2.15, 2.66, 1.92, 1.26, 1.34, 1.47, 1.86, 2.38, 2.92, 2.88, 3.3, 2.92, 2.65, 2.22, 1.31, 2.37, 2.79, 3.75, 3.59, 2.94, 2.33, 2.35, 3.04, 3.31, 3.29, 4.0, 4.26, 4.16, 3.79, 4.09, 5.17, 6.74, 7.44, 7.16, 6.46, 4.99, 3.97, 4.18, 4.74, 4.65, 3.8, 3.42, 2.21, 1.83, 1.77, 1.57, 1.66, 1.84, 2.31, 2.43, 2.66, 2.56, 2.36, 2.42], [4.9, 4.81, 4.7, 3.52, 2.13, 2.03, 1.97, 1.94, 2.02, 0.98, 0, 0.84, 1.31, 1.6, 2.66, 2.36, 1.69, 1.86, 1.58, 1.39, 0.85, 1.23, 2.11, 2.27, 2.04, 1.82, 1.5, 1.71, 1.8, 1.67, 1.42, 1.34, 1.65, 2.08, 1.38, 1.58, 1.66, 1.65, 1.92, 2.46, 2.84, 2.92, 3.18, 2.82, 2.75, 2.42, 1.55, 2.39, 2.91, 3.87, 3.71, 3.06, 2.45, 2.55, 3.28, 3.55, 3.49, 4.14, 4.42, 4.34, 3.95, 4.31, 5.29, 6.86, 7.56, 7.28, 6.58, 5.09, 4.11, 4.28, 4.8, 4.73, 3.9, 3.58, 2.65, 2.37, 2.27, 1.87, 1.7, 1.74, 2.49, 2.47, 2.56, 2.24, 2.18, 2.26], [4.82, 4.77, 4.68, 3.38, 2.19, 2.21, 2.15, 2.2, 2.1, 1.32, 0.84, 0, 0.97, 1.34, 2.4, 2.06, 1.47, 1.62, 1.42, 1.17, 0.83, 1.29, 2.35, 2.35, 2.28, 2.1, 1.82, 2.09, 2.14, 2.07, 1.74, 1.58, 1.43, 1.66, 1.36, 1.9, 1.86, 1.75, 2.12, 2.68, 3.16, 3.3, 3.36, 2.9, 2.67, 2.46, 1.85, 2.65, 3.19, 4.15, 3.99, 3.36, 2.77, 2.95, 3.68, 3.95, 3.85, 4.34, 4.58, 4.6, 4.23, 4.55, 5.57, 7.14, 7.86, 7.58, 6.88, 5.27, 4.15, 4.3, 4.9, 4.87, 4.08, 3.76, 3.15, 2.71, 2.41, 2.05, 1.8, 1.84, 2.25, 2.27, 2.6, 2.56, 2.5, 2.56], [5.37, 5.36, 5.29, 3.95, 2.54, 2.24, 2.18, 2.33, 2.33, 1.29, 1.31, 0.97, 0, 1.39, 2.73, 2.21, 1.4, 1.37, 1.23, 0.9, 0.96, 1.12, 2.16, 2.1, 2.27, 2.17, 2.15, 2.44, 2.51, 2.28, 1.99, 1.73, 1.54, 1.89, 1.65, 1.89, 2.03, 1.8, 2.09, 2.61, 2.99, 3.23, 3.15, 2.67, 2.36, 2.35, 1.74, 2.38, 3.02, 3.86, 3.7, 3.09, 2.6, 2.86, 3.57, 3.88, 3.62, 4.05, 4.33, 4.29, 3.96, 4.2, 5.28, 6.85, 7.55, 7.27, 6.57, 4.98, 3.94, 3.99, 4.59, 4.54, 3.85, 3.55, 3.04, 2.54, 2.32, 2.2, 2.15, 2.27, 2.52, 2.7, 3.13, 3.09, 3.01, 3.01], [4.28, 4.29, 4.24, 3.06, 1.95, 2.19, 2.17, 2.42, 2.24, 1.74, 1.6, 1.34, 1.39, 0, 1.6, 1.28, 0.83, 1.06, 1.14, 1.07, 1.43, 1.71, 3.13, 3.21, 2.82, 2.5, 2.18, 2.35, 2.34, 2.55, 2.02, 1.78, 1.63, 2.12, 1.8, 2.4, 2.4, 2.47, 2.94, 3.56, 4.0, 4.02, 4.22, 3.66, 3.25, 3.06, 2.47, 3.55, 4.09, 5.05, 4.89, 4.24, 3.63, 3.63, 4.38, 4.63, 4.63, 5.26, 5.48, 5.5, 5.09, 5.39, 6.47, 8.06, 8.78, 8.5, 7.8, 6.19, 4.89, 5.1, 5.78, 5.71, 4.98, 4.66, 3.65, 2.85, 2.79, 2.47, 2.32, 2.22, 2.13, 2.19, 2.7, 2.9, 2.78, 2.84], [3.12, 3.09, 2.94, 2.2, 2.57, 2.85, 2.95, 3.12, 2.88, 2.76, 2.66, 2.4, 2.73, 1.6, 0, 0.9, 2.09, 2.42, 2.28, 2.29, 2.59, 3.03, 4.53, 4.61, 4.16, 3.64, 2.86, 2.33, 2.68, 3.67, 3.16, 2.88, 2.33, 1.8, 2.54, 3.34, 3.0, 3.47, 4.16, 4.92, 5.4, 5.4, 5.62, 5.08, 4.69, 4.46, 3.77, 4.99, 5.53, 6.49, 6.33, 5.68, 5.07, 5.07, 5.74, 6.03, 6.03, 6.68, 6.9, 6.92, 6.53, 6.83, 7.91, 9.48, 10.2, 9.92, 9.22, 7.61, 6.33, 6.54, 7.22, 7.15, 6.42, 6.1, 4.81, 3.95, 3.69, 3.07, 2.94, 2.42, 2.03, 2.25, 2.2, 2.2, 2.56, 2.72], [3.66, 3.63, 3.56, 2.52, 2.37, 2.61, 2.67, 2.9, 2.78, 2.54, 2.36, 2.06, 2.21, 1.28, 0.9, 0, 1.77, 1.84, 1.72, 2.01, 2.33, 2.77, 4.11, 4.13, 3.8, 3.4, 2.72, 2.39, 2.58, 3.39, 2.76, 2.54, 2.09, 1.88, 2.34, 3.18, 2.92, 3.33, 3.92, 4.46, 4.94, 4.98, 5.16, 4.58, 4.19, 3.96, 3.31, 4.49, 5.03, 5.99, 5.83, 5.2, 4.59, 4.71, 5.24, 5.51, 5.53, 6.18, 6.38, 6.4, 6.03, 6.33, 7.41, 8.98, 9.68, 9.4, 8.7, 7.09, 5.83, 6.04, 6.72, 6.65, 5.92, 5.6, 4.47, 3.73, 3.49, 2.99, 2.88, 2.38, 2.13, 2.25, 2.22, 2.26, 2.64, 2.74], [4.79, 4.82, 4.75, 3.59, 2.2, 2.22, 2.28, 2.51, 2.31, 1.69, 1.69, 1.47, 1.4, 0.83, 2.09, 1.77, 0, 0.75, 1.01, 1.14, 1.4, 1.68, 2.78, 2.96, 2.73, 2.55, 2.39, 2.6, 2.59, 2.36, 2.03, 1.87, 2.0, 2.55, 2.17, 2.53, 2.55, 2.6, 2.99, 3.35, 3.59, 3.61, 3.73, 3.15, 2.72, 2.49, 1.86, 3.04, 3.5, 4.46, 4.34, 3.79, 3.2, 3.22, 3.79, 4.04, 4.06, 4.69, 4.91, 4.93, 4.52, 4.8, 5.9, 7.49, 8.21, 7.93, 7.23, 5.62, 4.32, 4.51, 5.19, 5.12, 4.39, 4.07, 3.14, 2.62, 2.8, 2.56, 2.45, 2.53, 2.5, 2.56, 3.15, 3.31, 3.13, 3.17], [5.1, 5.11, 5.06, 3.96, 2.49, 2.45, 2.43, 2.62, 2.36, 1.86, 1.86, 1.62, 1.37, 1.06, 2.42, 1.84, 0.75, 0, 0.74, 1.17, 1.59, 1.79, 2.83, 2.87, 2.84, 2.74, 2.58, 2.85, 2.82, 2.63, 2.2, 2.04, 2.25, 2.74, 2.42, 2.62, 2.62, 2.69, 2.96, 3.34, 3.64, 3.76, 3.8, 3.2, 2.83, 2.56, 1.97, 3.05, 3.57, 4.53, 4.37, 3.76, 3.15, 3.39, 3.82, 4.21, 4.09, 4.74, 4.96, 4.98, 4.57, 4.87, 5.95, 7.54, 8.26, 7.98, 7.28, 5.67, 4.37, 4.58, 5.26, 5.19, 4.46, 4.14, 3.41, 2.77, 2.89, 2.73, 2.68, 2.76, 2.71, 2.85, 3.42, 3.6, 3.42, 3.48], [5.0, 5.01, 4.96, 3.72, 2.29, 2.15, 2.09, 2.2, 2.0, 1.46, 1.58, 1.42, 1.23, 1.14, 2.28, 1.72, 1.01, 0.74, 0, 0.85, 1.33, 1.55, 2.63, 2.75, 2.84, 2.62, 2.46, 2.59, 2.64, 2.65, 2.14, 1.98, 2.17, 2.62, 2.32, 2.26, 2.26, 2.35, 2.64, 3.02, 3.42, 3.46, 3.64, 3.06, 2.65, 2.44, 1.85, 2.99, 3.51, 4.47, 4.31, 3.66, 3.05, 3.15, 3.8, 4.05, 4.03, 4.68, 4.9, 4.92, 4.51, 4.81, 5.89, 7.48, 8.2, 7.92, 7.22, 5.61, 4.31, 4.52, 5.2, 5.13, 4.4, 4.08, 3.03, 2.47, 2.53, 2.49, 2.44, 2.5, 2.51, 2.75, 3.16, 3.28, 3.18, 3.24], [5.07, 5.08, 5.03, 3.77, 2.28, 2.16, 2.08, 2.29, 2.15, 1.33, 1.39, 1.17, 0.9, 1.07, 2.29, 2.01, 1.14, 1.17, 0.85, 0, 0.86, 1.2, 2.48, 2.6, 2.55, 2.35, 2.27, 2.52, 2.53, 2.46, 2.07, 1.75, 1.76, 2.15, 1.85, 2.05, 2.19, 2.02, 2.35, 2.89, 3.37, 3.43, 3.59, 3.03, 2.64, 2.55, 1.96, 2.98, 3.48, 4.44, 4.28, 3.63, 3.02, 3.04, 3.83, 4.14, 4.06, 4.67, 4.87, 4.89, 4.48, 4.82, 5.86, 7.45, 8.17, 7.89, 7.19, 5.58, 4.3, 4.49, 5.17, 5.1, 4.37, 4.05, 3.1, 2.46, 2.4, 2.36, 2.33, 2.29, 2.5, 2.72, 3.15, 3.11, 3.13, 3.15], [5.05, 5.04, 4.99, 3.75, 2.2, 2.0, 1.98, 2.03, 1.93, 1.03, 0.85, 0.83, 0.96, 1.43, 2.59, 2.33, 1.4, 1.59, 1.33, 0.86, 0, 0.98, 2.06, 2.14, 2.03, 1.89, 1.79, 2.14, 2.11, 1.94, 1.57, 1.29, 1.62, 2.01, 1.41, 1.71, 1.81, 1.66, 1.93, 2.51, 2.97, 3.05, 3.25, 2.87, 2.56, 2.39, 1.64, 2.52, 3.06, 4.02, 3.86, 3.21, 2.6, 2.7, 3.43, 3.76, 3.62, 4.29, 4.47, 4.47, 4.1, 4.48, 5.44, 7.01, 7.73, 7.45, 6.75, 5.14, 4.12, 4.25, 4.81, 4.76, 3.95, 3.65, 2.76, 2.24, 2.12, 1.94, 1.85, 1.95, 2.52, 2.52, 2.93, 2.75, 2.69, 2.69], [5.51, 5.52, 5.47, 4.17, 2.64, 2.26, 1.98, 1.85, 1.83, 1.11, 1.23, 1.29, 1.12, 1.71, 3.03, 2.77, 1.68, 1.79, 1.55, 1.2, 0.98, 0, 1.58, 1.66, 1.75, 1.67, 1.75, 2.1, 1.97, 1.78, 1.65, 1.47, 1.52, 2.19, 1.43, 1.35, 1.47, 1.28, 1.47, 2.01, 2.45, 2.49, 2.69, 2.27, 2.18, 2.15, 1.34, 2.12, 2.56, 3.52, 3.36, 2.69, 2.12, 2.22, 3.01, 3.4, 3.26, 3.87, 4.13, 4.05, 3.66, 4.02, 4.92, 6.49, 7.21, 6.93, 6.23, 4.74, 3.82, 3.83, 4.41, 4.3, 3.51, 3.23, 2.32, 1.84, 1.6, 1.74, 1.97, 2.27, 2.7, 2.84, 3.25, 3.03, 2.81, 2.79], [6.81, 6.72, 6.67, 5.49, 3.66, 3.18, 2.6, 2.17, 2.35, 2.01, 2.11, 2.35, 2.16, 3.13, 4.53, 4.11, 2.78, 2.83, 2.63, 2.48, 2.06, 1.58, 0, 1.18, 1.55, 1.85, 2.35, 2.96, 2.61, 1.68, 1.97, 2.01, 2.48, 3.19, 2.27, 2.01, 2.39, 2.08, 1.23, 1.43, 1.25, 1.57, 1.69, 1.57, 1.92, 1.75, 1.68, 1.34, 1.4, 2.14, 2.04, 1.31, 1.2, 1.38, 2.07, 2.56, 2.3, 2.99, 3.43, 3.13, 2.66, 2.84, 3.5, 4.97, 5.69, 5.41, 4.83, 3.64, 3.18, 3.17, 3.51, 3.3, 2.43, 2.25, 1.82, 1.72, 1.86, 2.48, 2.77, 3.37, 4.1, 4.18, 4.53, 4.05, 3.65, 3.57], [6.87, 6.86, 6.71, 5.53, 3.76, 3.28, 2.8, 2.61, 2.69, 2.35, 2.27, 2.35, 2.1, 3.21, 4.61, 4.13, 2.96, 2.87, 2.75, 2.6, 2.14, 1.66, 1.18, 0, 1.01, 1.75, 2.39, 3.0, 2.61, 1.66, 1.67, 1.83, 2.56, 3.33, 2.27, 1.99, 2.49, 2.02, 1.37, 1.17, 1.31, 1.71, 1.85, 1.95, 2.42, 2.19, 1.9, 1.58, 1.9, 2.48, 2.32, 1.65, 1.6, 1.78, 2.35, 2.86, 2.6, 3.47, 3.89, 3.55, 3.0, 3.34, 3.96, 5.25, 5.71, 5.49, 5.21, 4.26, 3.6, 3.59, 3.97, 3.88, 3.05, 2.67, 2.36, 2.18, 2.02, 2.42, 2.73, 3.33, 4.06, 4.12, 4.51, 4.09, 3.67, 3.47], [6.42, 6.35, 6.26, 5.08, 3.29, 3.05, 3.03, 2.82, 2.76, 2.2, 2.04, 2.28, 2.27, 2.82, 4.16, 3.8, 2.73, 2.84, 2.84, 2.55, 2.03, 1.75, 1.55, 1.01, 0, 1.14, 1.8, 2.41, 1.94, 0.91, 1.14, 1.38, 2.17, 3.02, 1.86, 1.86, 2.26, 1.95, 1.6, 1.52, 1.9, 2.16, 2.54, 2.58, 3.07, 2.86, 2.09, 1.83, 2.27, 2.87, 2.67, 2.06, 2.01, 2.07, 2.72, 3.05, 3.01, 4.04, 4.44, 4.06, 3.51, 3.83, 4.43, 5.7, 6.08, 6.0, 5.78, 4.81, 4.21, 4.24, 4.68, 4.47, 3.62, 3.26, 2.73, 2.43, 2.19, 2.11, 2.26, 3.02, 3.89, 3.77, 4.06, 3.64, 3.06, 2.92], [5.74, 5.63, 5.58, 4.36, 2.61, 2.57, 2.63, 2.54, 2.48, 1.88, 1.82, 2.1, 2.17, 2.5, 3.64, 3.4, 2.55, 2.74, 2.62, 2.35, 1.89, 1.67, 1.85, 1.75, 1.14, 0, 1.02, 1.65, 1.18, 0.99, 1.14, 1.12, 1.79, 2.8, 1.64, 1.42, 1.58, 1.41, 1.62, 2.06, 2.68, 2.76, 3.1, 2.98, 3.27, 2.96, 2.05, 1.91, 2.33, 3.13, 2.99, 2.28, 2.05, 1.97, 2.84, 3.13, 3.17, 4.22, 4.58, 4.1, 3.53, 3.87, 4.57, 6.08, 6.72, 6.56, 6.06, 5.09, 4.43, 4.5, 4.94, 4.73, 3.78, 3.4, 2.59, 2.33, 1.91, 1.61, 1.7, 2.36, 3.23, 3.15, 3.38, 2.94, 2.26, 2.2], [4.92, 4.79, 4.7, 3.5, 2.35, 2.37, 2.39, 2.32, 2.16, 1.62, 1.5, 1.82, 2.15, 2.18, 2.86, 2.72, 2.39, 2.58, 2.46, 2.27, 1.79, 1.75, 2.35, 2.39, 1.8, 1.02, 0, 0.75, 0.76, 1.37, 1.16, 1.14, 1.71, 2.36, 1.56, 1.34, 1.2, 1.53, 2.12, 2.66, 3.26, 3.24, 3.62, 3.42, 3.37, 3.08, 1.97, 2.37, 2.81, 3.73, 3.57, 2.96, 2.41, 2.33, 3.16, 3.47, 3.39, 4.38, 4.74, 4.38, 3.91, 4.29, 5.17, 6.76, 7.44, 7.18, 6.56, 5.43, 4.61, 4.74, 5.24, 5.13, 4.16, 3.7, 2.59, 2.33, 1.91, 1.41, 1.4, 1.86, 2.73, 2.63, 2.6, 2.1, 1.64, 1.68], [4.25, 4.16, 4.03, 3.03, 2.34, 2.4, 2.4, 2.43, 2.23, 1.79, 1.71, 2.09, 2.44, 2.35, 2.33, 2.39, 2.6, 2.85, 2.59, 2.52, 2.14, 2.1, 2.96, 3.0, 2.41, 1.65, 0.75, 0, 0.77, 1.9, 1.57, 1.57, 1.78, 2.21, 1.81, 1.69, 1.37, 1.92, 2.67, 3.25, 3.85, 3.83, 4.21, 3.93, 3.8, 3.41, 2.26, 3.0, 3.42, 4.38, 4.24, 3.61, 3.02, 3.0, 3.69, 4.0, 3.96, 4.83, 5.21, 4.91, 4.46, 4.84, 5.84, 7.41, 8.11, 7.83, 7.15, 5.9, 4.96, 5.17, 5.65, 5.58, 4.63, 4.23, 2.94, 2.64, 2.08, 1.4, 1.49, 1.65, 2.52, 2.46, 2.23, 1.67, 1.53, 1.57], [4.7, 4.59, 4.54, 3.4, 2.55, 2.65, 2.67, 2.5, 2.4, 1.96, 1.8, 2.14, 2.51, 2.34, 2.68, 2.58, 2.59, 2.82, 2.64, 2.53, 2.11, 1.97, 2.61, 2.61, 1.94, 1.18, 0.76, 0.77, 0, 1.39, 1.26, 1.3, 1.67, 2.24, 1.58, 1.5, 1.42, 1.75, 2.44, 2.96, 3.56, 3.54, 3.92, 3.72, 3.77, 3.44, 2.27, 2.73, 3.09, 4.05, 3.93, 3.24, 2.73, 2.67, 3.34, 3.73, 3.69, 4.76, 5.08, 4.7, 4.21, 4.63, 5.49, 7.04, 7.74, 7.46, 6.84, 5.71, 4.89, 5.06, 5.56, 5.41, 4.44, 4.0, 2.87, 2.45, 1.95, 1.33, 1.4, 1.74, 2.71, 2.61, 2.46, 1.92, 1.6, 1.62], [5.95, 5.86, 5.79, 4.59, 3.04, 3.0, 3.06, 2.95, 2.91, 2.17, 1.67, 2.07, 2.28, 2.55, 3.67, 3.39, 2.36, 2.63, 2.65, 2.46, 1.94, 1.78, 1.68, 1.66, 0.91, 0.99, 1.37, 1.9, 1.39, 0, 0.97, 1.11, 1.86, 2.59, 1.57, 1.91, 2.13, 1.94, 1.83, 1.99, 2.31, 2.55, 2.81, 2.77, 3.18, 2.95, 2.06, 1.8, 2.28, 3.02, 2.88, 2.11, 2.04, 2.14, 2.77, 3.14, 3.06, 4.07, 4.47, 4.07, 3.52, 3.84, 4.46, 5.87, 6.53, 6.31, 5.87, 4.84, 4.26, 4.31, 4.75, 4.54, 3.65, 3.31, 2.74, 2.52, 2.32, 2.1, 2.05, 2.73, 3.7, 3.6, 3.57, 3.15, 2.59, 2.51], [5.42, 5.41, 5.3, 4.1, 2.65, 2.65, 2.67, 2.66, 2.62, 1.82, 1.42, 1.74, 1.99, 2.02, 3.16, 2.76, 2.03, 2.2, 2.14, 2.07, 1.57, 1.65, 1.97, 1.67, 1.14, 1.14, 1.16, 1.57, 1.26, 0.97, 0, 0.56, 1.67, 2.48, 1.28, 1.66, 1.82, 1.77, 1.86, 2.02, 2.54, 2.56, 2.96, 2.94, 3.23, 2.88, 1.87, 2.25, 2.85, 3.67, 3.53, 2.7, 2.45, 2.51, 2.98, 3.37, 3.37, 4.46, 4.84, 4.52, 3.93, 4.37, 5.07, 6.42, 7.04, 6.76, 6.36, 5.33, 4.53, 4.66, 5.14, 5.03, 4.14, 3.74, 2.83, 2.53, 2.15, 1.75, 1.66, 2.14, 3.03, 2.95, 3.1, 2.66, 2.2, 2.0], [5.24, 5.25, 5.16, 3.92, 2.61, 2.57, 2.59, 2.6, 2.6, 1.78, 1.34, 1.58, 1.73, 1.78, 2.88, 2.54, 1.87, 2.04, 1.98, 1.75, 1.29, 1.47, 2.01, 1.83, 1.38, 1.12, 1.14, 1.57, 1.3, 1.11, 0.56, 0, 1.35, 2.18, 1.12, 1.54, 1.68, 1.69, 1.86, 2.3, 2.72, 2.76, 3.0, 2.88, 3.09, 2.84, 1.83, 2.37, 2.95, 3.81, 3.67, 2.84, 2.51, 2.55, 3.16, 3.57, 3.51, 4.48, 4.86, 4.6, 4.05, 4.45, 5.19, 6.64, 7.34, 7.06, 6.52, 5.41, 4.51, 4.62, 5.1, 5.01, 4.14, 3.78, 2.83, 2.51, 2.09, 1.67, 1.62, 2.04, 2.79, 2.73, 2.94, 2.54, 2.18, 2.02], [4.87, 4.9, 4.81, 3.47, 2.9, 3.04, 2.96, 2.93, 2.91, 2.15, 1.65, 1.43, 1.54, 1.63, 2.33, 2.09, 2.0, 2.25, 2.17, 1.76, 1.62, 1.52, 2.48, 2.56, 2.17, 1.79, 1.71, 1.78, 1.67, 1.86, 1.67, 1.35, 0, 1.25, 0.97, 2.13, 1.99, 1.9, 2.27, 3.09, 3.39, 3.65, 3.73, 3.15, 3.28, 3.37, 2.44, 2.8, 3.48, 4.38, 4.26, 3.55, 3.22, 3.36, 4.23, 4.66, 4.48, 4.91, 5.17, 5.15, 4.78, 5.0, 5.8, 7.33, 8.05, 7.77, 7.07, 5.62, 4.86, 4.79, 5.29, 5.08, 4.33, 4.23, 3.52, 3.0, 2.48, 2.02, 2.01, 1.97, 2.52, 2.54, 2.65, 2.43, 2.29, 2.21], [4.24, 4.23, 4.16, 3.12, 3.37, 3.51, 3.49, 3.64, 3.44, 2.66, 2.08, 1.66, 1.89, 2.12, 1.8, 1.88, 2.55, 2.74, 2.62, 2.15, 2.01, 2.19, 3.19, 3.33, 3.02, 2.8, 2.36, 2.21, 2.24, 2.59, 2.48, 2.18, 1.25, 0, 1.52, 2.92, 2.74, 2.71, 3.14, 3.8, 4.12, 4.48, 4.4, 3.88, 3.87, 3.84, 3.11, 3.43, 4.15, 4.97, 4.83, 4.14, 3.85, 4.11, 4.94, 5.39, 5.09, 5.48, 5.66, 5.68, 5.37, 5.53, 6.39, 7.96, 8.68, 8.4, 7.7, 6.13, 5.29, 5.24, 5.8, 5.65, 4.98, 4.82, 4.37, 3.81, 3.43, 2.81, 2.8, 2.34, 2.75, 2.83, 2.72, 2.44, 2.64, 2.74], [4.98, 4.95, 4.88, 3.68, 2.79, 2.89, 2.83, 2.76, 2.76, 1.92, 1.38, 1.36, 1.65, 1.8, 2.54, 2.34, 2.17, 2.42, 2.32, 1.85, 1.41, 1.43, 2.27, 2.27, 1.86, 1.64, 1.56, 1.81, 1.58, 1.57, 1.28, 1.12, 0.97, 1.52, 0, 1.72, 1.72, 1.53, 1.92, 2.52, 2.9, 3.12, 3.3, 3.18, 3.41, 3.28, 2.45, 2.67, 3.41, 4.33, 4.23, 3.38, 2.97, 3.17, 3.9, 4.35, 4.21, 4.92, 5.26, 5.06, 4.67, 5.01, 5.71, 7.073, 7.74, 7.47, 6.8, 5.67, 5.01, 5.0, 5.38, 5.31, 4.44, 4.2, 3.51, 3.13, 2.55, 1.91, 1.78, 1.82, 2.59, 2.53, 2.64, 2.24, 2.1, 2.0], [5.48, 5.35, 5.16, 4.02, 2.49, 2.01, 1.81, 1.84, 1.66, 1.26, 1.58, 1.9, 1.89, 2.4, 3.34, 3.18, 2.53, 2.62, 2.26, 2.05, 1.71, 1.35, 2.01, 1.99, 1.86, 1.42, 1.34, 1.69, 1.5, 1.91, 1.66, 1.54, 2.13, 2.92, 1.72, 0, 0.68, 0.83, 1.3, 1.92, 2.46, 2.54, 3.02, 2.84, 2.91, 2.64, 1.59, 2.07, 2.57, 3.49, 3.35, 2.62, 2.09, 2.05, 2.84, 3.17, 3.15, 4.12, 4.42, 4.1, 3.69, 4.07, 4.87, 6.391, 7.01, 6.77, 6.16, 5.05, 4.21, 4.36, 4.88, 4.83, 3.88, 3.36, 2.33, 2.07, 1.53, 1.11, 1.46, 1.8, 2.53, 2.59, 2.88, 2.44, 2.02, 1.96], [5.06, 4.89, 4.72, 3.6, 2.25, 1.93, 1.89, 1.92, 1.7, 1.34, 1.66, 1.86, 2.03, 2.4, 3.0, 2.92, 2.55, 2.62, 2.26, 2.19, 1.81, 1.47, 2.39, 2.49, 2.26, 1.58, 1.2, 1.37, 1.42, 2.13, 1.82, 1.68, 1.99, 2.74, 1.72, 0.68, 0, 0.93, 1.74, 2.34, 2.92, 3.0, 3.42, 3.18, 3.15, 2.94, 1.73, 2.43, 2.91, 3.87, 3.71, 3.04, 2.41, 2.45, 3.14, 3.55, 3.43, 4.32, 4.62, 4.36, 3.97, 4.35, 5.25, 6.82, 7.48, 7.207, 6.56, 5.29, 4.49, 4.62, 5.14, 5.05, 4.12, 3.64, 2.45, 2.27, 1.65, 1.11, 1.26, 1.46, 2.09, 2.15, 2.44, 2.0, 1.66, 1.64], [5.57, 5.42, 5.31, 4.11, 2.72, 2.24, 2.14, 2.13, 1.97, 1.47, 1.65, 1.75, 1.8, 2.47, 3.47, 3.33, 2.6, 2.69, 2.35, 2.02, 1.66, 1.28, 2.08, 2.02, 1.95, 1.41, 1.53, 1.92, 1.75, 1.94, 1.77, 1.69, 1.9, 2.71, 1.53, 0.83, 0.93, 0, 1.17, 1.87, 2.43, 2.57, 2.93, 2.65, 2.94, 2.83, 1.76, 2.1, 2.72, 3.62, 3.5, 2.69, 2.32, 2.28, 3.15, 3.48, 3.48, 4.25, 4.55, 4.33, 3.98, 4.28, 5.02, 6.37, 7.016, 6.743, 6.11, 5.08, 4.36, 4.39, 4.89, 4.76, 3.85, 3.55, 2.68, 2.48, 1.84, 1.6, 1.77, 2.01, 2.66, 2.7, 3.01, 2.63, 2.35, 2.27], [6.42, 6.29, 6.16, 5.02, 3.33, 2.79, 2.17, 2.04, 2.02, 1.86, 1.92, 2.12, 2.09, 2.94, 4.16, 3.92, 2.99, 2.96, 2.64, 2.35, 1.93, 1.47, 1.23, 1.37, 1.6, 1.62, 2.12, 2.67, 2.44, 1.83, 1.86, 1.86, 2.27, 3.14, 1.92, 1.3, 1.74, 1.17, 0, 1.1, 1.48, 1.8, 2.18, 2.1, 2.63, 2.44, 1.97, 1.71, 2.11, 2.95, 2.83, 1.98, 1.83, 1.87, 2.72, 3.11, 3.03, 3.76, 4.16, 3.82, 3.41, 3.65, 4.33, 5.679, 6.273, 5.993, 5.46, 4.51, 3.93, 3.94, 4.36, 4.19, 3.32, 3.0, 2.49, 2.19, 1.85, 2.09, 2.3, 2.8, 3.59, 3.65, 3.96, 3.5, 3.14, 2.98], [7.18, 7.03, 6.94, 5.78, 3.91, 3.41, 2.73, 2.44, 2.58, 2.38, 2.46, 2.68, 2.61, 3.56, 4.92, 4.46, 3.35, 3.34, 3.02, 2.89, 2.51, 2.01, 1.43, 1.17, 1.52, 2.06, 2.66, 3.25, 2.96, 1.99, 2.02, 2.3, 3.09, 3.8, 2.52, 1.92, 2.34, 1.87, 1.1, 0, 1.02, 1.36, 1.76, 1.94, 2.39, 2.32, 2.09, 1.75, 1.93, 2.43, 2.25, 1.66, 1.49, 1.71, 2.16, 2.51, 2.53, 3.44, 3.86, 3.5, 3.03, 3.27, 3.91, 5.12, 5.5, 5.36, 5.06, 4.23, 3.75, 3.76, 4.2, 3.99, 3.1, 2.76, 2.33, 2.25, 2.23, 2.71, 2.9, 3.5, 4.29, 4.33, 4.58, 4.16, 3.7, 3.58], [7.7, 7.63, 7.48, 6.34, 4.61, 4.01, 3.31, 2.92, 3.24, 2.92, 2.84, 3.16, 2.99, 4.0, 5.4, 4.94, 3.59, 3.64, 3.42, 3.37, 2.97, 2.45, 1.25, 1.31, 1.9, 2.68, 3.26, 3.85, 3.56, 2.31, 2.54, 2.72, 3.39, 4.12, 2.9, 2.46, 2.92, 2.43, 1.48, 1.02, 0, 0.9, 1.08, 1.28, 1.79, 1.86, 2.31, 1.87, 1.77, 1.89, 1.75, 1.36, 1.47, 1.57, 1.94, 2.39, 2.21, 2.9, 3.34, 3.02, 2.51, 2.73, 3.33, 4.54, 4.99, 4.8, 4.5, 3.59, 3.11, 3.08, 3.42, 3.27, 2.54, 2.28, 2.01, 2.37, 2.61, 3.25, 3.5, 4.0, 4.79, 4.81, 5.18, 4.74, 4.32, 4.16], [7.68, 7.55, 7.48, 6.3, 4.59, 4.05, 3.33, 2.9, 3.24, 2.88, 2.92, 3.3, 3.23, 4.02, 5.4, 4.98, 3.61, 3.76, 3.46, 3.43, 3.05, 2.49, 1.57, 1.71, 2.16, 2.76, 3.24, 3.83, 3.54, 2.55, 2.56, 2.76, 3.65, 4.48, 3.12, 2.54, 3.0, 2.57, 1.8, 1.36, 0.9, 0, 0.88, 1.22, 1.69, 1.82, 2.33, 2.43, 2.17, 2.21, 2.03, 1.8, 1.73, 1.73, 1.78, 2.25, 2.17, 2.7, 3.0, 2.76, 2.35, 2.71, 3.25, 4.54, 4.96, 4.74, 4.44, 3.49, 2.79, 2.8, 3.32, 3.15, 2.48, 2.16, 1.77, 2.23, 2.53, 3.31, 3.54, 4.1, 4.81, 4.89, 5.24, 4.8, 4.4, 4.24], [7.96, 7.93, 7.8, 6.58, 4.99, 4.39, 3.69, 3.3, 3.64, 3.3, 3.18, 3.36, 3.15, 4.22, 5.62, 5.16, 3.73, 3.8, 3.64, 3.59, 3.25, 2.69, 1.69, 1.85, 2.54, 3.1, 3.62, 4.21, 3.92, 2.81, 2.96, 3.0, 3.73, 4.4, 3.3, 3.02, 3.42, 2.93, 2.18, 1.76, 1.08, 0.88, 0, 0.98, 1.29, 1.6, 2.33, 2.17, 2.01, 1.99, 2.01, 1.82, 1.71, 1.93, 1.56, 2.09, 1.83, 2.26, 2.6, 2.38, 1.97, 2.27, 2.79, 4.02, 4.64, 4.38, 3.88, 2.99, 2.35, 2.34, 2.78, 2.69, 2.08, 1.76, 1.91, 2.47, 2.91, 3.69, 4.0, 4.4, 5.03, 5.11, 5.52, 5.1, 4.82, 4.66], [7.5, 7.49, 7.36, 6.08, 4.57, 4.03, 3.35, 3.02, 3.36, 2.92, 2.82, 2.9, 2.67, 3.66, 5.08, 4.58, 3.15, 3.2, 3.06, 3.03, 2.87, 2.27, 1.57, 1.95, 2.58, 2.98, 3.42, 3.93, 3.72, 2.77, 2.94, 2.88, 3.15, 3.88, 3.18, 2.84, 3.18, 2.65, 2.1, 1.94, 1.28, 1.22, 0.98, 0, 0.87, 1.34, 1.89, 2.05, 1.75, 1.95, 2.05, 1.68, 1.49, 1.57, 1.78, 2.29, 2.01, 2.28, 2.54, 2.5, 2.15, 2.43, 3.13, 4.5, 5.16, 4.88, 4.28, 3.05, 2.27, 2.22, 2.78, 2.55, 2.0, 1.74, 1.71, 2.15, 2.49, 3.39, 3.88, 4.1, 4.47, 4.59, 5.0, 4.8, 4.66, 4.54], [7.17, 7.16, 7.03, 5.73, 4.26, 3.72, 3.04, 2.79, 3.03, 2.65, 2.75, 2.67, 2.36, 3.25, 4.69, 4.19, 2.72, 2.83, 2.65, 2.64, 2.56, 2.18, 1.92, 2.42, 3.07, 3.27, 3.37, 3.8, 3.77, 3.18, 3.23, 3.09, 3.28, 3.87, 3.41, 2.91, 3.15, 2.94, 2.63, 2.39, 1.79, 1.69, 1.29, 0.87, 0, 0.91, 1.72, 2.52, 1.96, 2.18, 2.3, 2.19, 1.7, 1.76, 1.63, 2.02, 1.76, 2.09, 2.35, 2.31, 2.0, 2.32, 3.3, 4.89, 5.57, 5.29, 4.65, 2.98, 2.0, 1.99, 2.61, 2.52, 1.95, 1.61, 1.54, 1.86, 2.48, 3.28, 3.79, 3.85, 4.18, 4.3, 4.71, 4.63, 4.55, 4.53], [6.62, 6.63, 6.46, 5.24, 3.59, 3.07, 2.43, 2.28, 2.46, 2.22, 2.42, 2.46, 2.35, 3.06, 4.46, 3.96, 2.49, 2.56, 2.44, 2.55, 2.39, 2.15, 1.75, 2.19, 2.86, 2.96, 3.08, 3.41, 3.44, 2.95, 2.88, 2.84, 3.37, 3.84, 3.28, 2.64, 2.94, 2.83, 2.44, 2.32, 1.86, 1.82, 1.6, 1.34, 0.91, 0, 1.57, 2.33, 1.77, 2.21, 2.39, 2.12, 1.65, 1.71, 1.7, 1.99, 1.79, 2.3, 2.6, 2.52, 2.11, 2.41, 3.51, 5.1, 5.8, 5.52, 4.82, 3.25, 2.11, 2.22, 2.78, 2.83, 2.02, 1.66, 1.51, 1.81, 2.27, 2.95, 3.4, 3.44, 3.75, 3.89, 4.26, 4.34, 4.18, 4.16], [5.95, 5.9, 5.71, 4.47, 2.9, 2.34, 2.08, 2.11, 2.07, 1.31, 1.55, 1.85, 1.74, 2.47, 3.77, 3.31, 1.86, 1.97, 1.85, 1.96, 1.64, 1.34, 1.68, 1.9, 2.09, 2.05, 1.97, 2.26, 2.27, 2.06, 1.87, 1.83, 2.44, 3.11, 2.45, 1.59, 1.73, 1.76, 1.97, 2.09, 2.31, 2.33, 2.33, 1.89, 1.72, 1.57, 0, 1.6, 1.76, 2.74, 2.66, 2.13, 1.56, 1.66, 2.05, 2.44, 2.34, 3.07, 3.27, 3.27, 2.9, 3.22, 4.16, 5.75, 6.47, 6.19, 5.53, 4.08, 3.0, 3.09, 3.73, 3.66, 2.87, 2.49, 1.62, 1.76, 1.8, 1.86, 2.33, 2.45, 2.96, 3.02, 3.35, 3.13, 3.03, 2.99], [7.05, 6.96, 6.75, 5.59, 3.7, 3.2, 2.98, 2.85, 2.85, 2.37, 2.39, 2.65, 2.38, 3.55, 4.99, 4.49, 3.04, 3.05, 2.99, 2.98, 2.52, 2.12, 1.34, 1.58, 1.83, 1.91, 2.37, 3.0, 2.73, 1.8, 2.25, 2.37, 2.8, 3.43, 2.67, 2.07, 2.43, 2.1, 1.71, 1.75, 1.87, 2.43, 2.17, 2.05, 2.52, 2.33, 1.6, 0, 1.34, 1.88, 1.86, 1.35, 1.44, 1.68, 2.27, 2.68, 2.38, 2.97, 3.33, 2.89, 2.6, 2.68, 3.24, 4.59, 5.29, 5.03, 4.41, 3.5, 3.22, 3.11, 3.43, 3.28, 2.67, 2.33, 2.38, 2.52, 2.52, 2.56, 2.91, 3.39, 4.18, 4.16, 4.43, 4.07, 3.63, 3.59], [7.59, 7.48, 7.29, 6.11, 4.24, 3.68, 3.18, 2.79, 3.01, 2.79, 2.91, 3.19, 3.02, 4.09, 5.53, 5.03, 3.5, 3.57, 3.51, 3.48, 3.06, 2.56, 1.4, 1.9, 2.27, 2.33, 2.81, 3.42, 3.09, 2.28, 2.85, 2.95, 3.48, 4.15, 3.41, 2.57, 2.91, 2.72, 2.11, 1.93, 1.77, 2.17, 2.01, 1.75, 1.96, 1.77, 1.76, 1.34, 0, 1.22, 1.36, 1.05, 0.96, 1.0, 1.37, 1.62, 1.4, 2.25, 2.71, 2.23, 1.74, 1.9, 2.7, 4.25, 4.91, 4.61, 4.19, 3.16, 2.66, 2.57, 2.93, 2.88, 2.01, 1.55, 1.62, 2.16, 2.38, 2.94, 3.37, 3.926, 4.656, 4.639, 4.909, 4.45, 3.97, 3.99], [8.55, 8.44, 8.25, 7.07, 5.2, 4.64, 4.12, 3.73, 3.95, 3.75, 3.87, 4.15, 3.86, 5.05, 6.49, 5.99, 4.46, 4.53, 4.47, 4.44, 4.02, 3.52, 2.14, 2.48, 2.87, 3.13, 3.73, 4.38, 4.05, 3.02, 3.67, 3.81, 4.38, 4.97, 4.33, 3.49, 3.87, 3.62, 2.95, 2.43, 1.89, 2.21, 1.99, 1.95, 2.18, 2.21, 2.74, 1.88, 1.22, 0, 0.82, 1.17, 1.56, 1.54, 1.55, 1.6, 1.4, 2.07, 2.45, 2.01, 1.56, 1.56, 2.0, 3.55, 3.97, 3.97, 3.75, 2.72, 2.46, 2.39, 2.57, 2.56, 2.13, 1.67, 2.12, 2.84, 3.32, 3.88, 4.243, 4.883, 5.59, 5.576, 5.846, 5.41, 4.89, 4.87], [8.45, 8.32, 8.13, 6.99, 5.1, 4.54, 3.98, 3.57, 3.81, 3.59, 3.71, 3.99, 3.7, 4.89, 6.33, 5.83, 4.34, 4.37, 4.31, 4.28, 3.86, 3.36, 2.04, 2.32, 2.67, 2.99, 3.57, 4.24, 3.93, 2.88, 3.53, 3.67, 4.26, 4.83, 4.23, 3.35, 3.71, 3.5, 2.83, 2.25, 1.75, 2.03, 2.01, 2.05, 2.3, 2.39, 2.66, 1.86, 1.36, 0.82, 0, 1.01, 1.42, 1.5, 1.75, 1.88, 1.64, 2.23, 2.65, 2.17, 1.72, 1.82, 2.26, 3.69, 4.05, 4.17, 3.89, 2.86, 2.7, 2.51, 2.97, 2.86, 2.45, 1.91, 1.98, 2.74, 3.16, 3.76, 4.09, 4.73, 5.48, 5.48, 5.75, 5.27, 4.73, 4.73], [7.82, 7.67, 7.5, 6.36, 4.47, 3.89, 3.35, 2.94, 3.16, 2.94, 3.06, 3.36, 3.09, 4.24, 5.68, 5.2, 3.79, 3.76, 3.66, 3.63, 3.21, 2.69, 1.31, 1.65, 2.06, 2.28, 2.96, 3.61, 3.24, 2.11, 2.7, 2.84, 3.55, 4.14, 3.38, 2.62, 3.04, 2.69, 1.98, 1.66, 1.36, 1.8, 1.82, 1.68, 2.19, 2.12, 2.13, 1.35, 1.05, 1.17, 1.01, 0, 0.83, 1.01, 1.6, 1.91, 1.63, 2.44, 2.88, 2.46, 1.97, 2.03, 2.57, 3.94, 4.62, 4.46, 4.1, 3.17, 2.89, 2.8, 3.26, 3.05, 2.38, 2.0, 1.93, 2.29, 2.49, 3.09, 3.42, 4.12, 4.89, 4.89, 5.18, 4.72, 4.08, 4.04], [7.19, 7.06, 6.87, 5.73, 3.84, 3.3, 2.76, 2.39, 2.61, 2.33, 2.45, 2.77, 2.6, 3.63, 5.07, 4.59, 3.2, 3.15, 3.05, 3.02, 2.6, 2.12, 1.2, 1.6, 2.01, 2.05, 2.41, 3.02, 2.73, 2.04, 2.45, 2.51, 3.22, 3.85, 2.97, 2.09, 2.41, 2.32, 1.83, 1.49, 1.47, 1.73, 1.71, 1.49, 1.7, 1.65, 1.56, 1.44, 0.96, 1.56, 1.42, 0.83, 0, 0.72, 1.29, 1.7, 1.44, 2.25, 2.65, 2.27, 1.86, 2.1, 2.94, 4.49, 5.19, 4.93, 4.41, 3.26, 2.62, 2.67, 3.19, 3.1, 2.17, 1.67, 1.38, 1.66, 1.92, 2.58, 2.95, 3.49, 4.24, 4.24, 4.51, 4.07, 3.65, 3.63], [7.19, 7.06, 6.87, 5.73, 3.84, 3.28, 2.74, 2.35, 2.57, 2.35, 2.55, 2.95, 2.86, 3.63, 5.07, 4.71, 3.22, 3.39, 3.15, 3.04, 2.7, 2.22, 1.38, 1.78, 2.07, 1.97, 2.33, 3.0, 2.67, 2.14, 2.51, 2.55, 3.36, 4.11, 3.17, 2.05, 2.45, 2.28, 1.87, 1.71, 1.57, 1.73, 1.93, 1.57, 1.76, 1.71, 1.66, 1.68, 1.0, 1.54, 1.5, 1.01, 0.72, 0, 1.37, 1.62, 1.6, 2.39, 2.85, 2.41, 1.94, 2.1, 3.0, 4.59, 5.17, 4.97, 4.53, 3.48, 2.82, 2.83, 3.37, 3.32, 2.45, 1.85, 1.36, 1.84, 2.04, 2.56, 2.91, 3.49, 4.18, 4.18, 4.45, 3.99, 3.55, 3.59], [7.88, 7.75, 7.56, 6.42, 4.53, 3.97, 3.41, 3.0, 3.24, 3.04, 3.28, 3.68, 3.57, 4.38, 5.74, 5.24, 3.79, 3.82, 3.8, 3.83, 3.43, 3.01, 2.07, 2.35, 2.72, 2.84, 3.16, 3.69, 3.34, 2.77, 2.98, 3.16, 4.23, 4.94, 3.9, 2.84, 3.14, 3.15, 2.72, 2.16, 1.94, 1.78, 1.56, 1.78, 1.63, 1.7, 2.05, 2.27, 1.37, 1.55, 1.75, 1.6, 1.29, 1.37, 0, 0.83, 0.73, 1.82, 2.2, 1.74, 1.17, 1.51, 2.31, 3.82, 4.5, 4.26, 3.9, 2.85, 2.11, 2.22, 2.76, 2.67, 1.74, 1.36, 1.53, 2.13, 2.63, 3.21, 3.54, 4.14, 4.87, 4.87, 5.14, 4.66, 4.18, 4.12], [8.17, 8.04, 7.85, 6.71, 4.82, 4.26, 3.7, 3.29, 3.53, 3.31, 3.55, 3.95, 3.88, 4.63, 6.03, 5.51, 4.04, 4.21, 4.05, 4.14, 3.76, 3.4, 2.56, 2.86, 3.05, 3.13, 3.47, 4.0, 3.73, 3.14, 3.37, 3.57, 4.66, 5.39, 4.35, 3.17, 3.55, 3.48, 3.11, 2.51, 2.39, 2.25, 2.09, 2.29, 2.02, 1.99, 2.44, 2.68, 1.62, 1.6, 1.88, 1.91, 1.7, 1.62, 0.83, 0, 0.92, 1.75, 2.17, 1.77, 1.34, 1.54, 2.34, 3.81, 4.29, 4.23, 3.99, 2.96, 2.18, 2.33, 2.85, 2.8, 1.91, 1.67, 1.94, 2.54, 3.02, 3.52, 3.83, 4.47, 5.14, 5.14, 5.41, 4.93, 4.39, 4.45], [8.17, 8.04, 7.85, 6.71, 4.82, 4.26, 3.7, 3.29, 3.53, 3.29, 3.49, 3.85, 3.62, 4.63, 6.03, 5.53, 4.06, 4.09, 4.03, 4.06, 3.62, 3.26, 2.3, 2.6, 3.01, 3.17, 3.39, 3.96, 3.69, 3.06, 3.37, 3.51, 4.48, 5.09, 4.21, 3.15, 3.43, 3.48, 3.03, 2.53, 2.21, 2.17, 1.83, 2.01, 1.76, 1.79, 2.34, 2.38, 1.4, 1.4, 1.64, 1.63, 1.44, 1.6, 0.73, 0.92, 0, 1.43, 1.85, 1.51, 1.08, 1.44, 2.32, 3.67, 4.35, 4.07, 3.77, 2.7, 2.04, 2.05, 2.59, 2.42, 1.65, 1.15, 1.54, 2.26, 2.84, 3.48, 3.79, 4.43, 5.14, 5.14, 5.41, 4.97, 4.49, 4.51], [8.82, 8.71, 8.54, 7.36, 5.59, 5.07, 4.45, 4.1, 4.4, 4.0, 4.14, 4.34, 4.05, 5.26, 6.68, 6.18, 4.69, 4.74, 4.68, 4.67, 4.29, 3.87, 2.99, 3.47, 4.04, 4.22, 4.38, 4.83, 4.76, 4.07, 4.46, 4.48, 4.91, 5.48, 4.92, 4.12, 4.32, 4.25, 3.76, 3.44, 2.9, 2.7, 2.26, 2.28, 2.09, 2.3, 3.07, 2.97, 2.25, 2.07, 2.23, 2.44, 2.25, 2.39, 1.82, 1.75, 1.43, 0, 0.82, 0.86, 1.09, 1.01, 1.81, 3.22, 3.74, 3.48, 2.9, 1.65, 1.07, 1.16, 1.54, 1.31, 1.12, 1.22, 2.17, 2.99, 3.63, 4.49, 4.92, 5.26, 5.79, 5.79, 6.08, 5.78, 5.62, 5.6], [9.04, 8.93, 8.76, 7.58, 5.85, 5.35, 4.77, 4.46, 4.72, 4.26, 4.42, 4.58, 4.33, 5.48, 6.9, 6.38, 4.91, 4.96, 4.9, 4.87, 4.47, 4.13, 3.43, 3.89, 4.44, 4.58, 4.74, 5.21, 5.08, 4.47, 4.84, 4.86, 5.17, 5.66, 5.26, 4.42, 4.62, 4.55, 4.16, 3.86, 3.34, 3.0, 2.6, 2.54, 2.35, 2.6, 3.27, 3.33, 2.71, 2.45, 2.65, 2.88, 2.65, 2.85, 2.2, 2.17, 1.85, 0.82, 0, 0.72, 1.27, 1.23, 1.53, 2.84, 3.44, 3.12, 2.56, 1.07, 0.77, 1.08, 1.24, 1.03, 1.1, 1.42, 2.39, 3.11, 3.79, 4.71, 5.3, 5.46, 5.99, 6.01, 6.3, 6.24, 6.0, 5.98], [9.06, 8.93, 8.74, 7.6, 5.71, 5.15, 4.59, 4.18, 4.46, 4.16, 4.34, 4.6, 4.29, 5.5, 6.92, 6.4, 4.93, 4.98, 4.92, 4.89, 4.47, 4.05, 3.13, 3.55, 4.06, 4.1, 4.38, 4.91, 4.7, 4.07, 4.52, 4.6, 5.15, 5.68, 5.06, 4.1, 4.36, 4.33, 3.82, 3.5, 3.02, 2.76, 2.38, 2.5, 2.31, 2.52, 3.27, 2.89, 2.23, 2.01, 2.17, 2.46, 2.27, 2.41, 1.74, 1.77, 1.51, 0.86, 0.72, 0, 0.77, 0.81, 1.25, 2.66, 3.3, 3.02, 2.52, 1.27, 0.97, 1.14, 1.28, 1.27, 1.1, 1.16, 2.27, 3.19, 3.77, 4.45, 4.88, 5.32, 6.01, 6.01, 6.26, 5.96, 5.54, 5.62], [8.65, 8.52, 8.33, 7.19, 5.3, 4.74, 4.18, 3.77, 4.01, 3.79, 3.95, 4.23, 3.96, 5.09, 6.53, 6.03, 4.52, 4.57, 4.51, 4.48, 4.1, 3.66, 2.66, 3.0, 3.51, 3.53, 3.91, 4.46, 4.21, 3.52, 3.93, 4.05, 4.78, 5.37, 4.67, 3.69, 3.97, 3.98, 3.41, 3.03, 2.51, 2.35, 1.97, 2.15, 2.0, 2.11, 2.9, 2.6, 1.74, 1.56, 1.72, 1.97, 1.86, 1.94, 1.17, 1.34, 1.08, 1.09, 1.27, 0.77, 0, 0.64, 1.52, 3.07, 3.71, 3.47, 3.09, 1.96, 1.2, 1.41, 1.73, 1.82, 1.23, 0.95, 1.96, 2.82, 3.42, 4.06, 4.37, 4.97, 5.7, 5.7, 5.97, 5.51, 5.01, 5.09], [8.93, 8.8, 8.61, 7.47, 5.58, 5.02, 4.46, 4.07, 4.29, 4.09, 4.31, 4.55, 4.2, 5.39, 6.83, 6.33, 4.8, 4.87, 4.81, 4.82, 4.48, 4.02, 2.84, 3.34, 3.83, 3.87, 4.29, 4.84, 4.63, 3.84, 4.37, 4.45, 5.0, 5.53, 5.01, 4.07, 4.35, 4.28, 3.65, 3.27, 2.73, 2.71, 2.27, 2.43, 2.32, 2.41, 3.22, 2.68, 1.9, 1.56, 1.82, 2.03, 2.1, 2.1, 1.51, 1.54, 1.44, 1.01, 1.23, 0.81, 0.64, 0, 1.3, 2.83, 3.47, 3.25, 2.85, 1.72, 1.28, 1.37, 1.59, 1.72, 1.27, 1.15, 2.32, 3.22, 3.86, 4.44, 4.75, 5.33, 5.98, 5.98, 6.25, 5.87, 5.39, 5.49], [10.03, 9.9, 9.71, 8.57, 6.68, 6.12, 5.56, 5.15, 5.39, 5.17, 5.29, 5.57, 5.28, 6.47, 7.91, 7.41, 5.9, 5.95, 5.89, 5.86, 5.44, 4.92, 3.5, 3.96, 4.43, 4.57, 5.17, 5.84, 5.49, 4.46, 5.07, 5.19, 5.8, 6.39, 5.71, 4.87, 5.25, 5.02, 4.33, 3.91, 3.33, 3.25, 2.79, 3.13, 3.3, 3.51, 4.16, 3.24, 2.7, 2.0, 2.26, 2.57, 2.94, 3.0, 2.31, 2.34, 2.32, 1.81, 1.53, 1.25, 1.52, 1.3, 0, 1.69, 2.35, 2.17, 1.79, 1.22, 1.82, 1.93, 1.69, 1.74, 1.83, 2.03, 3.28, 4.14, 4.7, 5.3, 5.67, 6.31, 7.04, 7.04, 7.31, 6.83, 6.33, 6.27], [11.62, 11.49, 11.3, 10.16, 8.27, 7.71, 7.15, 6.74, 6.98, 6.74, 6.86, 7.14, 6.85, 8.06, 9.48, 8.98, 7.49, 7.54, 7.48, 7.45, 7.01, 6.49, 4.97, 5.25, 5.7, 6.08, 6.76, 7.41, 7.04, 5.87, 6.42, 6.64, 7.33, 7.96, 7.073, 6.391, 6.82, 6.37, 5.679, 5.12, 4.54, 4.54, 4.02, 4.5, 4.89, 5.1, 5.75, 4.59, 4.25, 3.55, 3.69, 3.94, 4.49, 4.59, 3.82, 3.81, 3.67, 3.22, 2.84, 2.66, 3.07, 2.83, 1.69, 0, 0.98, 0.9, 0.88, 2.03, 3.17, 3.08, 2.52, 2.57, 3.2, 3.5, 4.75, 5.69, 6.21, 6.87, 7.22, 7.88, 8.61, 8.61, 8.88, 8.42, 7.88, 7.84], [12.34, 12.21, 12.02, 10.88, 8.99, 8.43, 7.87, 7.46, 7.7, 7.44, 7.56, 7.86, 7.55, 8.78, 10.2, 9.68, 8.21, 8.26, 8.2, 8.17, 7.73, 7.21, 5.69, 5.71, 6.08, 6.72, 7.44, 8.11, 7.74, 6.53, 7.04, 7.34, 8.05, 8.68, 7.74, 7.01, 7.48, 7.016, 6.273, 5.5, 4.99, 4.96, 4.64, 5.16, 5.57, 5.8, 6.47, 5.29, 4.91, 3.97, 4.05, 4.62, 5.19, 5.17, 4.5, 4.29, 4.35, 3.74, 3.44, 3.3, 3.71, 3.47, 2.35, 0.98, 0, 0.82, 1.16, 2.67, 3.91, 3.76, 3.14, 3.23, 3.9, 4.24, 5.47, 6.39, 6.89, 7.53, 7.88, 8.54, 9.25, 9.25, 9.5, 9.08, 8.52, 8.5], [12.06, 11.93, 11.74, 10.6, 8.71, 8.15, 7.59, 7.18, 7.42, 7.16, 7.28, 7.58, 7.27, 8.5, 9.92, 9.4, 7.93, 7.98, 7.92, 7.89, 7.45, 6.93, 5.41, 5.49, 6.0, 6.56, 7.18, 7.83, 7.46, 6.31, 6.76, 7.06, 7.77, 8.4, 7.47, 6.77, 7.207, 6.743, 5.993, 5.36, 4.8, 4.74, 4.38, 4.88, 5.29, 5.52, 6.19, 5.03, 4.61, 3.97, 4.17, 4.46, 4.93, 4.97, 4.26, 4.23, 4.07, 3.48, 3.12, 3.02, 3.47, 3.25, 2.17, 0.9, 0.82, 0, 0.96, 2.41, 3.65, 3.44, 2.8, 2.91, 3.58, 3.9, 5.17, 6.07, 6.59, 7.31, 7.64, 8.28, 8.99, 8.99, 9.24, 8.8, 8.26, 8.22], [11.36, 11.23, 11.04, 9.9, 8.03, 7.47, 6.89, 6.5, 6.76, 6.46, 6.58, 6.88, 6.57, 7.8, 9.22, 8.7, 7.23, 7.28, 7.22, 7.19, 6.75, 6.23, 4.83, 5.21, 5.78, 6.06, 6.56, 7.15, 6.84, 5.87, 6.36, 6.52, 7.07, 7.7, 6.8, 6.16, 6.56, 6.11, 5.46, 5.06, 4.5, 4.44, 3.88, 4.28, 4.65, 4.82, 5.53, 4.41, 4.19, 3.75, 3.89, 4.1, 4.41, 4.53, 3.9, 3.99, 3.77, 2.9, 2.56, 2.52, 3.09, 2.85, 1.79, 0.88, 1.16, 0.96, 0, 1.83, 2.95, 2.84, 2.2, 2.29, 2.94, 3.26, 4.49, 5.39, 5.89, 6.67, 7.16, 7.6, 8.35, 8.35, 8.62, 8.2, 7.84, 7.7], [9.75, 9.7, 9.49, 8.35, 6.5, 5.94, 5.36, 5.07, 5.33, 4.99, 5.09, 5.27, 4.98, 6.19, 7.61, 7.09, 5.62, 5.67, 5.61, 5.58, 5.14, 4.74, 3.64, 4.26, 4.81, 5.09, 5.43, 5.9, 5.71, 4.84, 5.33, 5.41, 5.62, 6.13, 5.67, 5.05, 5.29, 5.08, 4.51, 4.23, 3.59, 3.49, 2.99, 3.05, 2.98, 3.25, 4.08, 3.5, 3.16, 2.72, 2.86, 3.17, 3.26, 3.48, 2.85, 2.96, 2.7, 1.65, 1.07, 1.27, 1.96, 1.72, 1.22, 2.03, 2.67, 2.41, 1.83, 0, 1.46, 1.35, 1.01, 0.98, 1.53, 1.97, 3.2, 3.9, 4.46, 5.2, 5.87, 6.07, 6.74, 6.74, 7.05, 6.95, 6.69, 6.63], [8.45, 8.38, 8.19, 7.01, 5.4, 4.9, 4.3, 4.15, 4.31, 3.97, 4.11, 4.15, 3.94, 4.89, 6.33, 5.83, 4.32, 4.37, 4.31, 4.3, 4.12, 3.82, 3.18, 3.6, 4.21, 4.43, 4.61, 4.96, 4.89, 4.26, 4.53, 4.51, 4.86, 5.29, 5.01, 4.21, 4.49, 4.36, 3.93, 3.75, 3.11, 2.79, 2.35, 2.27, 2.0, 2.11, 3.0, 3.22, 2.66, 2.46, 2.7, 2.89, 2.62, 2.82, 2.11, 2.18, 2.04, 1.07, 0.77, 0.97, 1.2, 1.28, 1.82, 3.17, 3.91, 3.65, 2.95, 1.46, 0, 0.83, 1.15, 1.2, 1.11, 1.33, 2.38, 2.84, 3.54, 4.42, 5.09, 5.09, 5.5, 5.56, 5.95, 5.93, 5.81, 5.77], [8.62, 8.63, 8.4, 7.2, 5.63, 5.07, 4.47, 4.34, 4.5, 4.18, 4.28, 4.3, 3.99, 5.1, 6.54, 6.04, 4.51, 4.58, 4.52, 4.49, 4.25, 3.83, 3.17, 3.59, 4.24, 4.5, 4.74, 5.17, 5.06, 4.31, 4.66, 4.62, 4.79, 5.24, 5.0, 4.36, 4.62, 4.39, 3.94, 3.76, 3.08, 2.8, 2.34, 2.22, 1.99, 2.22, 3.09, 3.11, 2.57, 2.39, 2.51, 2.8, 2.67, 2.83, 2.22, 2.33, 2.05, 1.16, 1.08, 1.14, 1.41, 1.37, 1.93, 3.08, 3.76, 3.44, 2.84, 1.35, 0.83, 0, 0.92, 0.99, 1.18, 1.34, 2.47, 3.03, 3.65, 4.57, 5.26, 5.22, 5.65, 5.69, 6.04, 6.08, 6.04, 5.96], [9.28, 9.31, 9.06, 7.88, 6.23, 5.63, 5.05, 4.84, 5.08, 4.74, 4.8, 4.9, 4.59, 5.78, 7.22, 6.72, 5.19, 5.26, 5.2, 5.17, 4.81, 4.41, 3.51, 3.97, 4.68, 4.94, 5.24, 5.65, 5.56, 4.75, 5.14, 5.1, 5.29, 5.8, 5.38, 4.88, 5.14, 4.89, 4.36, 4.2, 3.42, 3.32, 2.78, 2.78, 2.61, 2.78, 3.73, 3.43, 2.93, 2.57, 2.97, 3.26, 3.19, 3.37, 2.76, 2.85, 2.59, 1.54, 1.24, 1.28, 1.73, 1.59, 1.69, 2.52, 3.14, 2.8, 2.2, 1.01, 1.15, 0.92, 0, 0.91, 1.34, 1.7, 2.99, 3.67, 4.25, 5.09, 5.78, 5.8, 6.33, 6.35, 6.7, 6.58, 6.52, 6.48], [9.25, 9.18, 9.07, 7.85, 6.12, 5.64, 5.08, 4.75, 5.09, 4.65, 4.73, 4.87, 4.54, 5.71, 7.15, 6.65, 5.12, 5.19, 5.13, 5.1, 4.76, 4.3, 3.3, 3.88, 4.47, 4.73, 5.13, 5.58, 5.41, 4.54, 5.03, 5.01, 5.08, 5.65, 5.31, 4.83, 5.05, 4.76, 4.19, 3.99, 3.27, 3.15, 2.69, 2.55, 2.52, 2.83, 3.66, 3.28, 2.88, 2.56, 2.86, 3.05, 3.1, 3.32, 2.67, 2.8, 2.42, 1.31, 1.03, 1.27, 1.82, 1.72, 1.74, 2.57, 3.23, 2.91, 2.29, 0.98, 1.2, 0.99, 0.91, 0, 1.01, 1.65, 2.78, 3.32, 4.02, 5.0, 5.61, 5.79, 6.36, 6.42, 6.77, 6.71, 6.47, 6.39], [8.48, 8.39, 8.26, 7.06, 5.25, 4.73, 4.15, 3.82, 4.16, 3.8, 3.9, 4.08, 3.85, 4.98, 6.42, 5.92, 4.39, 4.46, 4.4, 4.37, 3.95, 3.51, 2.43, 3.05, 3.62, 3.78, 4.16, 4.63, 4.44, 3.65, 4.14, 4.14, 4.33, 4.98, 4.44, 3.88, 4.12, 3.85, 3.32, 3.1, 2.54, 2.48, 2.08, 2.0, 1.95, 2.02, 2.87, 2.67, 2.01, 2.13, 2.45, 2.38, 2.17, 2.45, 1.74, 1.91, 1.65, 1.12, 1.1, 1.1, 1.23, 1.27, 1.83, 3.2, 3.9, 3.58, 2.94, 1.53, 1.11, 1.18, 1.34, 1.01, 0, 0.82, 1.95, 2.55, 3.21, 4.11, 4.7, 4.94, 5.61, 5.67, 6.0, 5.8, 5.5, 5.44], [8.18, 8.07, 7.86, 6.74, 4.89, 4.31, 3.73, 3.4, 3.68, 3.42, 3.58, 3.76, 3.55, 4.66, 6.1, 5.6, 4.07, 4.14, 4.08, 4.05, 3.65, 3.23, 2.25, 2.67, 3.26, 3.4, 3.7, 4.23, 4.0, 3.31, 3.74, 3.78, 4.23, 4.82, 4.2, 3.36, 3.64, 3.55, 3.0, 2.76, 2.28, 2.16, 1.76, 1.74, 1.61, 1.66, 2.49, 2.33, 1.55, 1.67, 1.91, 2.0, 1.67, 1.85, 1.36, 1.67, 1.15, 1.22, 1.42, 1.16, 0.95, 1.15, 2.03, 3.5, 4.24, 3.9, 3.26, 1.97, 1.33, 1.34, 1.7, 1.65, 0.82, 0, 1.53, 2.29, 2.95, 3.71, 4.26, 4.5, 5.23, 5.25, 5.56, 5.26, 5.0, 4.96], [6.91, 6.78, 6.61, 5.45, 3.66, 3.18, 2.56, 2.19, 2.47, 2.21, 2.65, 3.15, 3.04, 3.65, 4.81, 4.47, 3.14, 3.41, 3.03, 3.1, 2.76, 2.32, 1.82, 2.36, 2.73, 2.59, 2.59, 2.94, 2.87, 2.74, 2.83, 2.83, 3.52, 4.37, 3.51, 2.33, 2.45, 2.68, 2.49, 2.33, 2.01, 1.77, 1.91, 1.71, 1.54, 1.51, 1.62, 2.38, 1.62, 2.12, 1.98, 1.93, 1.38, 1.36, 1.53, 1.94, 1.54, 2.17, 2.39, 2.27, 1.96, 2.32, 3.28, 4.75, 5.47, 5.17, 4.49, 3.2, 2.38, 2.47, 2.99, 2.78, 1.95, 1.53, 0, 1.06, 1.62, 2.46, 3.07, 3.39, 4.04, 4.1, 4.43, 4.15, 3.77, 3.75], [6.13, 6.04, 6.03, 4.75, 3.04, 2.66, 2.02, 1.71, 1.91, 1.83, 2.37, 2.71, 2.54, 2.85, 3.95, 3.73, 2.62, 2.77, 2.47, 2.46, 2.24, 1.84, 1.72, 2.18, 2.43, 2.33, 2.33, 2.64, 2.45, 2.52, 2.53, 2.51, 3.0, 3.81, 3.13, 2.07, 2.27, 2.48, 2.19, 2.25, 2.37, 2.23, 2.47, 2.15, 1.86, 1.81, 1.76, 2.52, 2.16, 2.84, 2.74, 2.29, 1.66, 1.84, 2.13, 2.54, 2.26, 2.99, 3.11, 3.19, 2.82, 3.22, 4.14, 5.69, 6.39, 6.07, 5.39, 3.9, 2.84, 3.03, 3.67, 3.32, 2.55, 2.29, 1.06, 0, 1.08, 2.08, 2.67, 2.91, 3.4, 3.52, 3.89, 3.81, 3.51, 3.41], [5.53, 5.5, 5.39, 4.19, 2.68, 2.4, 1.64, 1.67, 1.63, 1.77, 2.27, 2.41, 2.32, 2.79, 3.69, 3.49, 2.8, 2.89, 2.53, 2.4, 2.12, 1.6, 1.86, 2.02, 2.19, 1.91, 1.91, 2.08, 1.95, 2.32, 2.15, 2.09, 2.48, 3.43, 2.55, 1.53, 1.65, 1.84, 1.85, 2.23, 2.61, 2.53, 2.91, 2.49, 2.48, 2.27, 1.8, 2.52, 2.38, 3.32, 3.16, 2.49, 1.92, 2.04, 2.63, 3.02, 2.84, 3.63, 3.79, 3.77, 3.42, 3.86, 4.7, 6.21, 6.89, 6.59, 5.89, 4.46, 3.54, 3.65, 4.25, 4.02, 3.21, 2.95, 1.62, 1.08, 0, 1.28, 1.91, 2.17, 2.74, 2.84, 3.17, 3.03, 2.75, 2.63], [4.81, 4.78, 4.61, 3.45, 2.3, 1.98, 1.86, 1.99, 1.73, 1.57, 1.87, 2.05, 2.2, 2.47, 3.07, 2.99, 2.56, 2.73, 2.49, 2.36, 1.94, 1.74, 2.48, 2.42, 2.11, 1.61, 1.41, 1.4, 1.33, 2.1, 1.75, 1.67, 2.02, 2.81, 1.91, 1.11, 1.11, 1.6, 2.09, 2.71, 3.25, 3.31, 3.69, 3.39, 3.28, 2.95, 1.86, 2.56, 2.94, 3.88, 3.76, 3.09, 2.58, 2.56, 3.21, 3.52, 3.48, 4.49, 4.71, 4.45, 4.06, 4.44, 5.3, 6.87, 7.53, 7.31, 6.67, 5.2, 4.42, 4.57, 5.09, 5.0, 4.11, 3.71, 2.46, 2.08, 1.28, 0, 1.05, 1.27, 1.94, 2.0, 2.35, 2.09, 1.65, 1.65], [4.6, 4.47, 4.36, 3.22, 1.99, 1.99, 2.05, 2.08, 1.96, 1.66, 1.7, 1.8, 2.15, 2.32, 2.94, 2.88, 2.45, 2.68, 2.44, 2.33, 1.85, 1.97, 2.77, 2.73, 2.26, 1.7, 1.4, 1.49, 1.4, 2.05, 1.66, 1.62, 2.01, 2.8, 1.78, 1.46, 1.26, 1.77, 2.3, 2.9, 3.5, 3.54, 4.0, 3.88, 3.79, 3.4, 2.33, 2.91, 3.37, 4.243, 4.09, 3.42, 2.95, 2.91, 3.54, 3.83, 3.79, 4.92, 5.3, 4.88, 4.37, 4.75, 5.67, 7.22, 7.88, 7.64, 7.16, 5.87, 5.09, 5.26, 5.78, 5.61, 4.7, 4.26, 3.07, 2.67, 1.91, 1.05, 0, 1.06,