[[0, 0.91, 1.33, 1.93, 2.08, 2.16, 1.94, 1.73, 1.83, 2.15, 2.14, 2.32, 2.48, 2.52, 2.67, 3.36, 3.98, 4.09, 4.56, 4.93, 4.28, 4.36, 4.56, 4.91, 5.4, 5.34, 5.4, 6.687, 7.273, 6.659, 6.65, 7.395, 7.65, 7.93, 8.756, 9.424, 8.54, 8.556, 9.09, 8.663, 8.943, 9.186, 9.723, 10.106, 10.079, 9.713, 7.66, 6.21, 6.18, 6.49, 6.53, 6.25, 6.53, 6.5, 6.91, 7.64, 7.09, 5.36, 3.71, 3.3, 2.95, 3.25, 3.84, 4.77, 4.927, 4.87, 5.024, 5.06, 4.97, 4.36, 4.21, 4.05, 4.08, 4.32, 3.92, 3.36, 2.78, 3.1, 3.27, 3.15, 3.3, 4.16, 4.79, 5.04, 4.85, 5.04], [0.91, 0, 0.9, 1.5, 1.63, 1.87, 1.63, 1.44, 1.66, 1.96, 1.81, 1.99, 2.17, 2.35, 2.8, 3.17, 4.01, 4.12, 4.61, 5.0, 4.39, 4.37, 4.57, 4.92, 5.43, 5.47, 5.25, 6.374, 7.006, 6.332, 6.343, 7.168, 7.33, 7.724, 8.452, 9.172, 8.146, 8.324, 8.806, 8.396, 8.696, 8.882, 9.356, 9.819, 9.752, 9.363, 7.371, 5.836, 5.766, 6.413, 6.513, 6.39, 6.413, 6.283, 6.613, 7.346, 6.639, 4.97, 3.4, 2.81, 2.62, 2.9, 3.53, 4.497, 4.64, 4.593, 4.757, 4.683, 4.56, 4.11, 4.0, 3.8, 3.83, 4.07, 3.73, 3.17, 2.83, 2.79, 2.98, 3.3, 3.43, 4.21, 4.62, 4.91, 4.74, 4.87], [1.33, 0.9, 0, 0.88, 1.07, 1.27, 1.21, 1.04, 1.28, 1.6, 1.59, 1.65, 1.67, 2.03, 2.46, 2.91, 3.85, 4.0, 4.47, 4.84, 4.17, 4.27, 4.49, 4.84, 5.29, 5.23, 4.97, 5.747, 6.286, 5.696, 5.798, 6.701, 6.916, 7.224, 7.918, 8.473, 7.666, 7.744, 8.175, 7.845, 8.04, 8.288, 8.765, 9.171, 9.11, 8.695, 6.906, 5.359, 5.306, 6.056, 6.216, 6.073, 6.136, 5.946, 6.216, 6.766, 6.159, 4.35, 2.66, 2.37, 1.94, 2.22, 2.81, 3.78, 3.98, 4.12, 4.101, 4.023, 4.06, 3.73, 3.68, 3.34, 3.19, 3.35, 3.09, 2.65, 2.37, 2.31, 2.64, 3.04, 3.15, 3.91, 4.22, 4.47, 4.34, 4.43], [1.93, 1.5, 0.88, 0, 0.81, 1.09, 1.13, 1.2, 1.24, 1.3, 1.45, 1.49, 1.37, 1.69, 2.2, 2.65, 3.63, 3.76, 4.23, 4.6, 3.99, 4.03, 4.21, 4.56, 5.07, 4.95, 4.65, 5.227, 5.684, 5.116, 5.227, 6.187, 6.496, 6.807, 7.387, 7.884, 7.166, 7.247, 7.521, 7.231, 7.454, 7.717, 8.114, 8.571, 8.504, 8.104, 6.406, 4.959, 4.866, 5.616, 5.816, 5.69, 5.716, 5.466, 5.756, 6.286, 5.699, 3.87, 2.36, 1.95, 1.52, 1.88, 2.45, 3.24, 3.38, 3.56, 3.64, 3.61, 3.64, 3.35, 3.28, 2.9, 2.61, 2.85, 2.57, 2.19, 2.15, 2.13, 2.38, 2.74, 2.85, 3.57, 3.84, 4.07, 3.96, 4.05], [2.08, 1.63, 1.07, 0.81, 0, 0.86, 1.08, 1.27, 1.27, 1.39, 1.32, 1.24, 1.3, 1.6, 1.97, 2.24, 3.14, 3.25, 3.72, 4.05, 3.5, 3.48, 3.64, 4.01, 4.56, 4.56, 4.42, 5.277, 5.796, 5.208, 5.348, 6.277, 6.497, 6.817, 7.448, 8.023, 7.136, 7.217, 7.725, 7.393, 7.553, 7.798, 8.247, 8.673, 8.623, 8.223, 6.404, 4.889, 4.876, 5.643, 5.763, 5.643, 5.663, 5.493, 5.783, 6.336, 5.729, 3.9, 2.13, 1.78, 1.43, 1.83, 2.46, 3.33, 3.57, 3.73, 3.63, 3.6, 3.59, 3.28, 3.21, 2.87, 2.72, 2.88, 2.64, 2.18, 1.88, 1.66, 2.01, 2.39, 2.56, 3.28, 3.61, 3.92, 3.79, 3.84], [2.16, 1.87, 1.27, 1.09, 0.86, 0, 0.72, 1.05, 0.85, 1.01, 1.04, 0.98, 1.1, 1.28, 1.69, 1.88, 2.82, 3.01, 3.46, 3.81, 3.24, 3.28, 3.5, 3.85, 4.26, 4.18, 4.1, 5.13, 5.713, 5.1, 5.183, 6.065, 6.35, 6.67, 7.4, 7.94, 7.04, 7.214, 7.62, 7.29, 7.487, 7.73, 8.244, 8.644, 8.637, 8.217, 6.355, 4.65, 4.58, 5.33, 5.47, 5.47, 5.47, 5.22, 5.49, 6.02, 5.41, 3.66, 1.97, 1.76, 1.45, 1.77, 2.38, 3.25, 3.51, 3.63, 3.59, 3.5, 3.45, 3.12, 2.99, 2.79, 2.58, 2.78, 2.52, 1.96, 1.48, 1.38, 1.61, 1.99, 2.12, 3.0, 3.25, 3.44, 3.37, 3.34], [1.94, 1.63, 1.21, 1.13, 1.08, 0.72, 0, 0.61, 0.67, 1.05, 1.0, 1.06, 1.16, 1.2, 1.61, 2.02, 3.08, 3.25, 3.72, 4.09, 3.42, 3.5, 3.72, 4.07, 4.46, 4.34, 4.34, 5.41, 5.976, 5.359, 5.422, 6.245, 6.43, 6.79, 7.56, 8.199, 7.2, 7.388, 7.784, 7.41, 7.672, 7.895, 8.458, 8.858, 8.854, 8.445, 6.495, 4.83, 4.8, 5.41, 5.57, 5.55, 5.59, 5.32, 5.67, 6.32, 5.67, 3.96, 2.27, 2.04, 1.85, 2.09, 2.62, 3.53, 3.75, 3.73, 3.79, 3.7, 3.61, 3.26, 3.11, 2.91, 2.82, 3.12, 2.8, 2.18, 1.76, 1.76, 1.83, 2.15, 2.3, 3.3, 3.61, 3.8, 3.65, 3.68], [1.73, 1.44, 1.04, 1.2, 1.27, 1.05, 0.61, 0, 0.66, 1.14, 0.87, 1.13, 1.25, 1.43, 1.86, 2.25, 3.23, 3.42, 3.91, 4.24, 3.57, 3.65, 3.87, 4.22, 4.67, 4.61, 4.65, 5.737, 6.266, 5.669, 5.815, 6.622, 6.78, 7.2, 7.992, 8.589, 7.65, 7.741, 8.1, 7.682, 7.982, 8.245, 8.788, 9.168, 9.189, 8.775, 6.85, 5.14, 5.15, 5.72, 5.84, 5.82, 5.88, 5.73, 5.92, 6.61, 5.92, 4.29, 2.6, 2.15, 1.86, 2.2, 2.87, 3.76, 3.98, 3.98, 4.08, 3.99, 3.9, 3.59, 3.42, 3.22, 3.13, 3.35, 3.09, 2.41, 1.91, 1.93, 2.04, 2.42, 2.53, 3.57, 3.9, 4.05, 3.86, 3.93], [1.83, 1.66, 1.28, 1.24, 1.27, 0.85, 0.67, 0.66, 0, 0.78, 0.85, 1.05, 1.15, 1.31, 1.7, 1.89, 2.95, 3.1, 3.57, 3.96, 3.33, 3.41, 3.61, 3.98, 4.33, 4.21, 4.17, 5.477, 6.066, 5.449, 5.557, 6.362, 6.58, 6.913, 7.746, 8.377, 7.32, 7.501, 7.88, 7.487, 7.759, 8.031, 8.591, 8.948, 8.961, 8.575, 6.54, 4.86, 4.83, 5.418, 5.44, 5.44, 5.44, 5.428, 5.58, 6.21, 5.6, 4.03, 2.36, 2.11, 1.8, 2.04, 2.67, 3.56, 3.8, 3.74, 3.88, 3.79, 3.6, 3.29, 3.04, 2.94, 2.89, 3.15, 2.85, 2.15, 1.51, 1.59, 1.7, 1.96, 2.07, 3.03, 3.42, 3.57, 3.42, 3.43], [2.15, 1.96, 1.6, 1.3, 1.39, 1.01, 1.05, 1.14, 0.78, 0, 0.93, 1.31, 1.45, 1.55, 1.96, 1.97, 2.65, 2.8, 3.27, 3.64, 3.01, 3.09, 3.27, 3.62, 4.07, 3.93, 4.15, 5.6, 6.209, 5.572, 5.674, 6.465, 6.633, 7.035, 7.881, 8.492, 7.468, 7.684, 8.023, 7.631, 7.911, 8.191, 8.731, 9.131, 9.118, 8.718, 6.663, 4.984, 4.88, 5.475, 5.59, 5.567, 5.53, 5.445, 5.69, 6.307, 5.589, 3.979, 2.54, 2.25, 1.96, 2.26, 2.77, 3.7, 3.92, 3.88, 4.0, 3.871, 3.76, 3.33, 3.2, 3.12, 3.03, 3.29, 2.95, 2.27, 1.49, 1.61, 1.62, 1.68, 1.77, 2.71, 3.04, 3.29, 3.36, 3.21], [2.14, 1.81, 1.59, 1.45, 1.32, 1.04, 1.0, 0.87, 0.85, 0.93, 0, 0.9, 1.28, 1.38, 1.77, 1.92, 2.86, 3.01, 3.48, 3.95, 3.28, 3.22, 3.44, 3.83, 4.22, 4.3, 4.36, 5.616, 6.139, 5.599, 5.71, 6.528, 6.657, 7.231, 8.071, 8.642, 7.698, 7.874, 8.042, 7.581, 8.041, 8.321, 8.821, 9.221, 9.248, 8.828, 6.821, 5.214, 5.133, 5.591, 5.703, 5.717, 5.76, 5.701, 5.78, 6.413, 5.609, 4.06, 2.49, 1.96, 1.81, 2.11, 2.76, 3.65, 3.89, 4.008, 4.15, 4.061, 3.97, 3.58, 3.39, 3.31, 3.18, 3.26, 2.98, 2.28, 1.52, 1.76, 1.75, 2.03, 2.14, 3.18, 3.53, 3.56, 3.43, 3.56], [2.32, 1.99, 1.65, 1.49, 1.24, 0.98, 1.06, 1.13, 1.05, 1.31, 0.9, 0, 0.78, 1.08, 1.53, 1.76, 2.78, 2.89, 3.36, 3.81, 3.22, 3.18, 3.38, 3.75, 4.16, 4.22, 4.06, 4.987, 5.536, 4.936, 5.167, 5.943, 6.19, 6.69, 7.522, 8.019, 7.12, 7.251, 7.439, 7.004, 7.435, 7.715, 8.158, 8.558, 8.594, 8.185, 6.253, 4.67, 4.5, 5.11, 5.21, 5.21, 5.27, 5.1, 5.19, 5.78, 5.05, 3.66, 2.01, 1.8, 1.53, 1.77, 2.3, 3.07, 3.33, 3.47, 3.59, 3.5, 3.43, 3.16, 2.87, 2.75, 2.64, 2.76, 2.38, 1.84, 1.38, 1.54, 1.59, 1.97, 2.06, 2.96, 3.33, 3.38, 3.29, 3.46], [2.48, 2.17, 1.67, 1.37, 1.3, 1.1, 1.16, 1.25, 1.15, 1.45, 1.28, 0.78, 0, 0.8, 1.21, 1.66, 2.74, 2.89, 3.36, 3.75, 3.2, 3.22, 3.44, 3.79, 4.14, 4.04, 3.86, 4.55, 5.127, 4.55, 4.65, 5.51, 5.75, 6.11, 6.89, 7.51, 6.56, 6.73, 6.95, 6.56, 6.88, 7.16, 7.7, 8.08, 8.13, 7.67, 5.78, 4.23, 4.2, 4.73, 4.89, 4.85, 4.93, 4.72, 4.87, 5.48, 4.85, 3.24, 1.79, 1.72, 1.43, 1.49, 1.98, 2.69, 2.83, 2.91, 2.97, 2.9, 2.91, 2.78, 2.51, 2.25, 2.08, 2.3, 1.98, 1.48, 1.3, 1.4, 1.55, 1.91, 1.9, 2.76, 3.09, 3.2, 2.95, 3.16], [2.52, 2.35, 2.03, 1.69, 1.6, 1.28, 1.2, 1.43, 1.31, 1.55, 1.38, 1.08, 0.8, 0, 0.95, 1.48, 2.5, 2.65, 3.1, 3.57, 2.98, 2.98, 3.22, 3.59, 3.9, 3.82, 3.86, 4.77, 5.31, 4.63, 4.77, 5.61, 5.83, 6.19, 7.01, 7.57, 6.62, 6.69, 7.13, 6.7, 7.04, 7.28, 7.78, 8.18, 8.21, 7.79, 5.76, 4.39, 4.26, 4.71, 4.89, 4.73, 4.89, 4.64, 4.99, 5.72, 5.07, 3.54, 2.03, 1.84, 1.77, 1.83, 2.32, 2.99, 3.13, 2.97, 3.13, 3.12, 3.17, 2.86, 2.69, 2.41, 2.36, 2.64, 2.26, 1.56, 1.32, 1.54, 1.53, 1.79, 1.78, 2.8, 3.25, 3.36, 3.17, 3.26], [2.67, 2.8, 2.46, 2.2, 1.97, 1.69, 1.61, 1.86, 1.7, 1.96, 1.77, 1.53, 1.21, 0.95, 0, 1.27, 2.13, 2.3, 2.73, 3.14, 2.55, 2.51, 2.75, 3.12, 3.29, 3.29, 3.57, 4.66, 5.32, 4.68, 4.82, 5.64, 5.86, 6.14, 7.0, 7.58, 6.63, 6.68, 7.12, 6.71, 7.01, 7.23, 7.73, 8.15, 8.14, 7.72, 5.67, 4.28, 4.23, 4.48, 4.64, 4.4, 4.62, 4.49, 4.92, 5.63, 5.12, 3.55, 2.34, 2.27, 2.24, 2.26, 2.61, 3.26, 3.34, 3.32, 3.32, 3.29, 3.22, 2.99, 2.74, 2.5, 2.41, 2.67, 2.17, 1.55, 1.45, 1.63, 1.62, 1.72, 1.63, 2.47, 2.78, 2.95, 2.86, 3.03], [3.36, 3.17, 2.91, 2.65, 2.24, 1.88, 2.02, 2.25, 1.89, 1.97, 1.92, 1.76, 1.66, 1.48, 1.27, 0, 1.3, 1.45, 1.96, 2.45, 2.18, 2.02, 2.22, 2.55, 2.66, 2.54, 2.9, 4.61, 5.33, 4.73, 4.88, 5.697, 5.81, 6.19, 7.01, 7.649, 6.48, 6.71, 7.13, 6.7, 6.96, 7.18, 7.68, 8.06, 7.93, 7.59, 5.6, 3.99, 3.92, 4.41, 4.47, 4.27, 4.35, 4.48, 4.71, 5.38, 4.59, 3.32, 2.29, 2.32, 2.15, 2.19, 2.54, 3.29, 3.39, 3.35, 3.33, 3.18, 3.03, 2.6, 2.41, 2.39, 2.38, 2.62, 2.08, 1.56, 1.06, 1.12, 1.09, 1.35, 1.1, 1.66, 2.11, 2.3, 2.51, 2.44], [3.98, 4.01, 3.85, 3.63, 3.14, 2.82, 3.08, 3.23, 2.95, 2.65, 2.86, 2.78, 2.74, 2.5, 2.13, 1.3, 0, 0.53, 0.9, 1.41, 1.3, 1.12, 1.3, 1.37, 1.56, 1.7, 3.02, 5.13, 5.85, 5.25, 5.403, 6.2, 6.303, 6.663, 7.52, 8.152, 6.94, 7.166, 7.65, 7.22, 7.48, 7.7, 8.18, 8.58, 8.39, 8.07, 6.04, 4.49, 4.42, 4.85, 4.81, 4.47, 4.69, 4.973, 5.23, 5.88, 5.07, 3.9, 2.95, 2.98, 2.89, 3.09, 3.36, 3.99, 4.01, 3.97, 3.99, 3.78, 3.57, 3.0, 2.85, 2.93, 2.98, 3.22, 2.7, 2.5, 2.06, 1.78, 1.65, 1.49, 1.4, 1.54, 2.11, 2.4, 2.89, 2.78], [4.09, 4.12, 4.0, 3.76, 3.25, 3.01, 3.25, 3.42, 3.1, 2.8, 3.01, 2.89, 2.89, 2.65, 2.3, 1.45, 0.53, 0, 0.87, 1.36, 1.25, 1.03, 1.21, 1.28, 1.53, 1.77, 3.25, 5.36, 6.06, 5.46, 5.62, 6.44, 6.54, 6.9, 7.74, 8.38, 7.15, 7.38, 7.86, 7.43, 7.69, 7.91, 8.39, 8.79, 8.6, 8.28, 6.23, 4.7, 4.63, 5.06, 5.02, 4.66, 4.9, 5.19, 5.44, 6.09, 5.28, 4.09, 3.16, 3.13, 3.06, 3.34, 3.61, 4.26, 4.3, 4.22, 4.24, 4.05, 3.82, 3.25, 3.1, 3.2, 3.21, 3.45, 2.91, 2.65, 2.21, 1.95, 1.74, 1.46, 1.45, 1.75, 2.28, 2.57, 3.16, 3.01], [4.56, 4.61, 4.47, 4.23, 3.72, 3.46, 3.72, 3.91, 3.57, 3.27, 3.48, 3.36, 3.36, 3.1, 2.73, 1.96, 0.9, 0.87, 0, 1.05, 1.32, 1.1, 1.28, 1.13, 1.44, 1.8, 3.24, 5.35, 6.07, 5.47, 5.62, 6.437, 6.54, 6.9, 7.737, 8.389, 7.16, 7.39, 7.87, 7.44, 7.7, 7.92, 8.4, 8.8, 8.59, 8.29, 6.24, 4.71, 4.64, 5.07, 5.03, 4.69, 4.91, 5.2, 5.45, 6.1, 5.29, 4.32, 3.49, 3.56, 3.51, 3.77, 3.98, 4.57, 4.59, 4.51, 4.53, 4.3, 4.03, 3.48, 3.35, 3.41, 3.42, 3.66, 3.28, 3.18, 2.76, 2.44, 2.31, 2.03, 1.96, 1.94, 2.27, 2.7, 3.25, 3.0], [4.93, 5.0, 4.84, 4.6, 4.05, 3.81, 4.09, 4.24, 3.96, 3.64, 3.95, 3.81, 3.75, 3.57, 3.14, 2.45, 1.41, 1.36, 1.05, 0, 0.83, 0.99, 1.01, 0.9, 1.53, 2.01, 3.91, 6.04, 6.751, 6.139, 6.276, 7.093, 7.196, 7.556, 8.393, 9.045, 7.823, 8.059, 8.551, 8.124, 8.384, 8.601, 9.081, 9.49, 9.28, 8.98, 6.93, 5.379, 5.306, 5.748, 5.708, 5.36, 5.582, 5.866, 6.125, 6.778, 5.977, 4.83, 3.98, 4.03, 3.92, 4.2, 4.45, 5.06, 5.08, 5.02, 5.04, 4.83, 4.58, 3.99, 3.84, 3.94, 3.97, 4.27, 3.85, 3.65, 3.15, 2.83, 2.64, 2.36, 2.19, 2.55, 2.86, 3.11, 3.82, 3.65], [4.28, 4.39, 4.17, 3.99, 3.5, 3.24, 3.42, 3.57, 3.33, 3.01, 3.28, 3.22, 3.2, 2.98, 2.55, 2.18, 1.3, 1.25, 1.32, 0.83, 0, 0.72, 0.9, 1.01, 1.7, 2.1, 3.96, 6.09, 6.764, 6.17, 6.286, 7.103, 7.206, 7.586, 8.403, 9.09, 7.86, 8.09, 8.564, 8.154, 8.414, 8.617, 9.1, 9.56, 9.41, 9.09, 6.94, 5.41, 5.34, 5.767, 5.727, 5.43, 5.61, 5.9, 6.15, 6.8, 6.027, 4.72, 3.73, 3.6, 3.53, 3.83, 4.18, 4.79, 4.89, 4.81, 4.85, 4.7, 4.51, 3.92, 3.77, 3.85, 3.9, 4.14, 3.74, 3.24, 2.78, 2.5, 2.25, 1.89, 1.94, 2.4, 2.85, 3.1, 3.81, 3.66], [4.36, 4.37, 4.27, 4.03, 3.48, 3.28, 3.5, 3.65, 3.41, 3.09, 3.22, 3.18, 3.22, 2.98, 2.51, 2.02, 1.12, 1.03, 1.1, 0.99, 0.72, 0, 0.72, 0.85, 1.44, 2.02, 3.68, 5.81, 6.487, 5.89, 5.989, 6.806, 6.909, 7.289, 8.106, 8.793, 7.566, 7.796, 8.267, 7.857, 8.117, 8.32, 8.812, 9.266, 9.124, 8.804, 6.657, 5.13, 5.052, 5.47, 5.45, 5.15, 5.33, 5.62, 5.856, 6.52, 5.75, 4.52, 3.63, 3.34, 3.39, 3.75, 4.08, 4.71, 4.75, 4.69, 4.71, 4.54, 4.31, 3.7, 3.55, 3.65, 3.66, 3.9, 3.52, 3.16, 2.74, 2.46, 2.31, 1.97, 1.86, 2.16, 2.57, 2.84, 3.55, 3.4], [4.56, 4.57, 4.49, 4.21, 3.64, 3.5, 3.72, 3.87, 3.61, 3.27, 3.44, 3.38, 3.44, 3.22, 2.75, 2.22, 1.3, 1.21, 1.28, 1.01, 0.9, 0.72, 0, 0.73, 1.58, 2.04, 3.88, 6.01, 6.687, 6.096, 6.192, 7.009, 7.112, 7.472, 8.309, 8.996, 7.769, 7.999, 8.467, 8.04, 8.3, 8.523, 9.014, 9.449, 9.307, 8.987, 6.86, 5.339, 5.254, 5.673, 5.653, 5.342, 5.55, 5.829, 6.059, 6.729, 5.95, 4.78, 3.97, 3.56, 3.65, 4.03, 4.38, 5.01, 5.07, 4.99, 4.99, 4.76, 4.49, 3.88, 3.75, 3.81, 3.84, 4.08, 3.62, 3.4, 2.96, 2.68, 2.51, 2.17, 2.06, 2.36, 2.81, 3.08, 3.77, 3.62], [4.91, 4.92, 4.84, 4.56, 4.01, 3.85, 4.07, 4.22, 3.98, 3.62, 3.83, 3.75, 3.79, 3.59, 3.12, 2.55, 1.37, 1.28, 1.13, 0.9, 1.01, 0.85, 0.73, 0, 1.07, 1.65, 3.55, 5.66, 6.36, 5.76, 5.899, 6.676, 6.779, 7.139, 7.976, 8.663, 7.436, 7.666, 8.134, 7.707, 7.967, 8.19, 8.682, 9.116, 8.974, 8.654, 6.53, 5.0, 4.93, 5.36, 5.32, 5.0, 5.22, 5.49, 5.74, 6.39, 5.66, 4.67, 4.02, 3.87, 3.98, 4.26, 4.51, 5.08, 5.12, 4.96, 4.94, 4.67, 4.36, 3.81, 3.64, 3.74, 3.67, 4.01, 3.73, 3.67, 3.27, 3.01, 2.7, 2.42, 2.31, 2.41, 2.68, 2.93, 3.6, 3.35], [5.4, 5.43, 5.29, 5.07, 4.56, 4.26, 4.46, 4.67, 4.33, 4.07, 4.22, 4.16, 4.14, 3.9, 3.29, 2.66, 1.56, 1.53, 1.44, 1.53, 1.7, 1.44, 1.58, 1.07, 0, 1.02, 2.76, 4.85, 5.55, 4.95, 5.106, 5.883, 5.986, 6.346, 7.183, 7.87, 6.64, 6.87, 7.341, 6.914, 7.174, 7.397, 7.88, 8.32, 8.17, 7.85, 5.72, 4.19, 4.12, 4.59, 4.55, 4.25, 4.43, 4.74, 4.93, 5.6, 4.95, 4.16, 3.95, 4.3, 4.33, 4.41, 4.46, 4.83, 4.89, 4.75, 4.63, 4.24, 4.01, 3.4, 3.13, 3.27, 3.54, 3.92, 3.68, 3.72, 3.36, 3.12, 2.83, 2.53, 2.56, 2.36, 2.39, 2.54, 3.15, 2.9], [5.34, 5.47, 5.23, 4.95, 4.56, 4.18, 4.34, 4.61, 4.21, 3.93, 4.3, 4.22, 4.04, 3.82, 3.29, 2.54, 1.7, 1.77, 1.8, 2.01, 2.1, 2.02, 2.04, 1.65, 1.02, 0, 1.96, 4.05, 4.77, 4.17, 4.323, 5.12, 5.223, 5.583, 6.42, 7.09, 5.86, 6.09, 6.57, 6.14, 6.4, 6.62, 7.1, 7.52, 7.37, 7.05, 4.94, 3.41, 3.4, 3.91, 3.73, 3.43, 3.63, 3.92, 4.15, 4.82, 4.11, 3.76, 3.69, 4.46, 4.31, 4.19, 4.18, 4.51, 4.51, 4.35, 4.23, 3.8, 3.53, 2.96, 2.73, 2.89, 3.2, 3.52, 3.36, 3.36, 3.16, 3.08, 2.83, 2.43, 2.38, 1.94, 1.91, 2.22, 2.69, 2.34], [5.4, 5.25, 4.97, 4.65, 4.42, 4.1, 4.34, 4.65, 4.17, 4.15, 4.36, 4.06, 3.86, 3.86, 3.57, 2.9, 3.02, 3.25, 3.24, 3.91, 3.96, 3.68, 3.88, 3.55, 2.76, 1.96, 0, 2.15, 2.85, 2.25, 2.41, 3.22, 3.323, 3.663, 4.5, 5.17, 3.94, 4.17, 4.65, 4.22, 4.48, 4.7, 5.18, 5.6, 5.45, 5.13, 3.06, 1.77, 1.84, 2.47, 2.43, 2.33, 2.39, 2.58, 2.63, 3.32, 2.87, 2.58, 3.41, 4.42, 4.11, 3.93, 3.82, 3.65, 3.39, 3.19, 3.03, 2.58, 2.29, 1.92, 1.83, 2.11, 2.54, 2.7, 2.68, 2.86, 3.2, 3.36, 3.31, 3.63, 3.22, 1.96, 1.87, 2.04, 1.65, 1.64], [6.687, 6.374, 5.747, 5.227, 5.277, 5.13, 5.41, 5.737, 5.477, 5.6, 5.616, 4.987, 4.55, 4.77, 4.66, 4.61, 5.13, 5.36, 5.35, 6.04, 6.09, 5.81, 6.01, 5.66, 4.85, 4.05, 2.15, 0, 0.94, 0.86, 1.0, 1.44, 1.86, 2.1, 2.86, 3.26, 2.65, 2.68, 2.78, 2.47, 2.79, 3.07, 3.51, 3.83, 3.92, 3.42, 1.97, 1.32, 1.47, 2.0, 2.1, 1.88, 1.96, 1.69, 1.62, 2.07, 1.98, 2.31, 3.8, 4.73, 4.5, 4.16, 3.79, 3.38, 2.94, 2.76, 2.3, 2.09, 2.26, 2.87, 2.86, 2.9, 2.87, 2.65, 2.91, 3.63, 4.562, 4.79, 4.84, 5.48, 5.03, 3.782, 3.3, 3.07, 2.62, 2.77], [7.273, 7.006, 6.286, 5.684, 5.796, 5.713, 5.976, 6.266, 6.066, 6.209, 6.139, 5.536, 5.127, 5.31, 5.32, 5.33, 5.85, 6.06, 6.07, 6.751, 6.764, 6.487, 6.687, 6.36, 5.55, 4.77, 2.85, 0.94, 0, 0.92, 1.22, 1.46, 1.98, 2.26, 2.86, 2.94, 2.95, 2.64, 2.5, 2.21, 2.49, 2.93, 3.17, 3.51, 3.6, 3.22, 2.31, 1.94, 2.13, 2.58, 2.68, 2.44, 2.48, 2.17, 2.04, 2.47, 2.44, 2.85, 4.08, 4.97, 4.818, 4.518, 4.01, 3.4, 2.92, 3.08, 2.82, 2.57, 2.8, 3.43, 3.48, 3.463, 3.43, 3.11, 3.47, 4.127, 5.224, 5.504, 5.534, 6.137, 5.704, 4.444, 3.98, 3.75, 3.16, 3.35], [6.659, 6.332, 5.696, 5.116, 5.208, 5.1, 5.359, 5.669, 5.449, 5.572, 5.599, 4.936, 4.55, 4.63, 4.68, 4.73, 5.25, 5.46, 5.47, 6.139, 6.17, 5.89, 6.096, 5.76, 4.95, 4.17, 2.25, 0.86, 0.92, 0, 0.76, 1.46, 1.88, 2.32, 2.88, 3.18, 2.79, 2.7, 2.84, 2.51, 2.87, 3.19, 3.57, 3.91, 4.02, 3.52, 2.15, 1.24, 1.51, 2.18, 2.36, 2.22, 2.28, 1.97, 1.9, 2.41, 2.28, 2.31, 3.58, 4.55, 4.28, 4.02, 3.65, 3.04, 2.62, 2.7, 2.34, 2.17, 2.24, 2.77, 2.863, 2.84, 2.79, 2.57, 3.01, 3.59, 4.647, 4.892, 4.954, 5.543, 5.112, 3.853, 3.32, 3.17, 2.6, 2.75], [6.65, 6.343, 5.798, 5.227, 5.348, 5.183, 5.422, 5.815, 5.557, 5.674, 5.71, 5.167, 4.65, 4.77, 4.82, 4.88, 5.403, 5.62, 5.62, 6.276, 6.286, 5.989, 6.192, 5.899, 5.106, 4.323, 2.41, 1.0, 1.22, 0.76, 0, 1.28, 1.68, 2.06, 2.7, 3.2, 2.77, 2.72, 2.84, 2.55, 2.89, 3.21, 3.67, 4.01, 4.1, 3.6, 2.25, 1.48, 1.43, 2.12, 2.34, 2.2, 2.32, 1.99, 1.9, 2.27, 2.22, 2.29, 3.84, 4.67, 4.48, 4.1, 3.77, 3.16, 2.74, 2.56, 2.28, 2.23, 2.24, 2.89, 2.966, 2.94, 2.91, 2.75, 3.13, 3.75, 4.789, 5.049, 5.079, 5.659, 5.249, 3.989, 3.471, 3.25, 2.68, 2.75], [7.395, 7.168, 6.701, 6.187, 6.277, 6.065, 6.245, 6.622, 6.362, 6.465, 6.528, 5.943, 5.51, 5.61, 5.64, 5.697, 6.2, 6.44, 6.437, 7.093, 7.103, 6.806, 7.009, 6.676, 5.883, 5.12, 3.22, 1.44, 1.46, 1.46, 1.28, 0, 0.96, 1.3, 2.0, 2.52, 2.09, 2.06, 2.08, 1.69, 2.11, 2.43, 2.87, 3.29, 3.3, 2.94, 1.67, 1.78, 1.83, 1.98, 2.1, 2.16, 2.0, 1.81, 1.58, 2.05, 2.08, 2.97, 4.72, 5.73, 5.52, 5.08, 4.65, 3.92, 3.38, 3.02, 2.82, 2.89, 3.04, 3.73, 3.776, 3.82, 3.85, 3.81, 4.11, 4.63, 5.566, 5.95, 5.896, 6.476, 6.046, 4.786, 4.3, 4.11, 3.4, 3.63], [7.65, 7.33, 6.916, 6.496, 6.497, 6.35, 6.43, 6.78, 6.58, 6.633, 6.657, 6.19, 5.75, 5.83, 5.86, 5.81, 6.303, 6.54, 6.54, 7.196, 7.206, 6.909, 7.112, 6.779, 5.986, 5.223, 3.323, 1.86, 1.98, 1.88, 1.68, 0.96, 0, 1.04, 1.66, 2.18, 1.61, 1.68, 1.82, 1.37, 1.75, 2.05, 2.53, 2.91, 2.94, 2.58, 1.43, 1.96, 1.99, 1.6, 1.8, 2.1, 1.86, 1.73, 1.5, 1.77, 1.98, 3.37, 5.14, 6.01, 5.88, 5.48, 5.05, 4.38, 3.86, 3.28, 3.14, 3.17, 3.2, 3.79, 3.98, 4.08, 4.23, 4.11, 4.41, 4.87, 5.73, 6.17, 6.039, 6.579, 6.189, 4.909, 4.44, 4.29, 3.6, 3.81], [7.93, 7.724, 7.224, 6.807, 6.817, 6.67, 6.79, 7.2, 6.913, 7.035, 7.231, 6.69, 6.11, 6.19, 6.14, 6.19, 6.663, 6.9, 6.9, 7.556, 7.586, 7.289, 7.472, 7.139, 6.346, 5.583, 3.663, 2.1, 2.26, 2.32, 2.06, 1.3, 1.04, 0, 1.08, 1.62, 1.23, 1.24, 1.36, 1.11, 1.21, 1.47, 2.03, 2.35, 2.36, 1.94, 1.31, 2.3, 2.35, 1.94, 2.1, 2.34, 2.12, 2.01, 1.78, 1.81, 2.44, 3.85, 5.62, 6.59, 6.34, 6.02, 5.69, 4.98, 4.4, 3.7, 3.52, 3.53, 3.52, 4.27, 4.3, 4.3, 4.51, 4.55, 4.77, 5.27, 6.19, 6.41, 6.44, 6.997, 6.607, 5.309, 4.82, 4.81, 4.12, 4.31], [8.756, 8.452, 7.918, 7.387, 7.448, 7.4, 7.56, 7.992, 7.746, 7.881, 8.071, 7.522, 6.89, 7.01, 7.0, 7.01, 7.52, 7.74, 7.737, 8.393, 8.403, 8.106, 8.309, 7.976, 7.183, 6.42, 4.5, 2.86, 2.86, 2.88, 2.7, 2.0, 1.66, 1.08, 0, 0.9, 1.21, 1.06, 1.1, 0.99, 0.83, 0.99, 1.53, 1.67, 1.72, 1.26, 1.59, 3.08, 3.15, 2.76, 2.78, 3.12, 2.84, 2.63, 2.5, 2.17, 3.08, 4.63, 6.3, 7.19, 6.94, 6.66, 6.35, 5.54, 4.94, 4.42, 4.12, 4.13, 4.3, 4.97, 5.1, 5.06, 5.15, 5.23, 5.49, 6.01, 7.09, 7.21, 7.336, 7.92, 7.53, 6.21, 5.66, 5.69, 5.0, 5.17], [9.424, 9.172, 8.473, 7.884, 8.023, 7.94, 8.199, 8.589, 8.377, 8.492, 8.642, 8.019, 7.51, 7.57, 7.58, 7.649, 8.152, 8.38, 8.389, 9.045, 9.09, 8.793, 8.996, 8.663, 7.87, 7.09, 5.17, 3.26, 2.94, 3.18, 3.2, 2.52, 2.18, 1.62, 0.9, 0, 1.33, 1.18, 0.96, 1.21, 0.99, 0.79, 1.15, 1.13, 1.16, 0.88, 2.15, 3.68, 3.75, 3.36, 3.38, 3.72, 3.48, 3.19, 3.02, 2.61, 3.56, 5.07, 6.64, 7.55, 7.4, 7.12, 6.73, 5.84, 5.26, 4.9, 4.68, 4.77, 4.9, 5.619, 5.789, 5.712, 5.75, 5.59, 5.93, 6.51, 7.61, 7.798, 7.88, 8.48, 8.05, 6.782, 6.26, 6.19, 5.6, 5.73], [8.54, 8.146, 7.666, 7.166, 7.136, 7.04, 7.2, 7.65, 7.32, 7.468, 7.698, 7.12, 6.56, 6.62, 6.63, 6.48, 6.94, 7.15, 7.16, 7.823, 7.86, 7.566, 7.769, 7.436, 6.64, 5.86, 3.94, 2.65, 2.95, 2.79, 2.77, 2.09, 1.61, 1.23, 1.21, 1.33, 0, 0.79, 1.33, 1.32, 1.28, 1.16, 1.76, 2.04, 1.87, 1.57, 1.2, 2.61, 2.7, 2.41, 2.31, 2.65, 2.33, 2.22, 2.07, 1.94, 2.67, 4.28, 6.01, 7.02, 6.77, 6.43, 6.14, 5.45, 4.91, 4.15, 4.01, 3.96, 3.83, 4.52, 4.61, 4.69, 4.94, 5.04, 5.26, 5.76, 6.7, 6.7, 6.81, 7.35, 6.96, 5.64, 5.19, 5.24, 4.61, 4.8], [8.556, 8.324, 7.744, 7.247, 7.217, 7.214, 7.388, 7.741, 7.501, 7.684, 7.874, 7.251, 6.73, 6.69, 6.68, 6.71, 7.166, 7.38, 7.39, 8.059, 8.09, 7.796, 7.999, 7.666, 6.87, 6.09, 4.17, 2.68, 2.64, 2.7, 2.72, 2.06, 1.68, 1.24, 1.06, 1.18, 0.79, 0, 1.04, 1.11, 1.03, 1.03, 1.55, 1.71, 1.74, 1.3, 1.35, 2.74, 2.93, 2.56, 2.46, 2.72, 2.52, 2.37, 2.22, 2.17, 2.94, 4.49, 6.06, 6.95, 6.72, 6.46, 6.07, 5.24, 4.62, 4.18, 3.9, 3.99, 4.04, 4.69, 4.82, 4.82, 5.03, 4.99, 5.27, 5.73, 6.81, 6.97, 6.98, 7.52, 7.13, 5.81, 5.42, 5.45, 4.82, 5.05], [9.09, 8.806, 8.175, 7.521, 7.725, 7.62, 7.784, 8.1, 7.88, 8.023, 8.042, 7.439, 6.95, 7.13, 7.12, 7.13, 7.65, 7.86, 7.87, 8.551, 8.564, 8.267, 8.467, 8.134, 7.341, 6.57, 4.65, 2.78, 2.5, 2.84, 2.84, 2.08, 1.82, 1.36, 1.1, 0.96, 1.33, 1.04, 0, 0.73, 0.81, 0.97, 1.11, 1.37, 1.42, 1.1, 1.67, 3.26, 3.33, 2.82, 2.86, 3.2, 3.02, 2.77, 2.48, 2.15, 2.96, 4.63, 6.32, 7.21, 6.94, 6.68, 6.35, 5.5, 4.88, 4.48, 4.32, 4.37, 4.42, 5.21, 5.28, 5.24, 5.29, 5.11, 5.35, 5.97, 7.067, 7.35, 7.374, 7.954, 7.544, 6.264, 5.78, 5.63, 5.04, 5.21], [8.663, 8.396, 7.845, 7.231, 7.393, 7.29, 7.41, 7.682, 7.487, 7.631, 7.581, 7.004, 6.56, 6.7, 6.71, 6.7, 7.22, 7.43, 7.44, 8.124, 8.154, 7.857, 8.04, 7.707, 6.914, 6.14, 4.22, 2.47, 2.21, 2.51, 2.55, 1.69, 1.37, 1.11, 0.99, 1.21, 1.32, 1.11, 0.73, 0, 0.64, 1.02, 1.36, 1.64, 1.71, 1.35, 1.36, 2.85, 2.94, 2.41, 2.45, 2.77, 2.61, 2.38, 2.09, 1.84, 2.57, 4.3, 5.97, 6.9, 6.65, 6.37, 6.02, 5.15, 4.47, 4.05, 3.95, 4.0, 4.05, 4.78, 4.87, 4.87, 4.98, 4.86, 5.08, 5.58, 6.62, 6.96, 6.924, 7.527, 7.094, 5.832, 5.37, 5.26, 4.57, 4.9], [8.943, 8.696, 8.04, 7.454, 7.553, 7.487, 7.672, 7.982, 7.759, 7.911, 8.041, 7.435, 6.88, 7.04, 7.01, 6.96, 7.48, 7.69, 7.7, 8.384, 8.414, 8.117, 8.3, 7.967, 7.174, 6.4, 4.48, 2.79, 2.49, 2.87, 2.89, 2.11, 1.75, 1.21, 0.83, 0.99, 1.28, 1.03, 0.81, 0.64, 0, 0.86, 1.2, 1.24, 1.37, 1.05, 1.6, 3.09, 3.22, 2.73, 2.73, 3.03, 2.87, 2.68, 2.47, 2.18, 3.01, 4.7, 6.31, 7.2, 6.99, 6.73, 6.36, 5.47, 4.81, 4.39, 4.17, 4.2, 4.29, 5.032, 5.122, 5.09, 5.22, 5.18, 5.4, 5.94, 7.0, 7.16, 7.23, 7.83, 7.42, 6.117, 5.67, 5.66, 5.03, 5.26], [9.186, 8.882, 8.288, 7.717, 7.798, 7.73, 7.895, 8.245, 8.031, 8.191, 8.321, 7.715, 7.16, 7.28, 7.23, 7.18, 7.7, 7.91, 7.92, 8.601, 8.617, 8.32, 8.523, 8.19, 7.397, 6.62, 4.7, 3.07, 2.93, 3.19, 3.21, 2.43, 2.05, 1.47, 0.99, 0.79, 1.16, 1.03, 0.97, 1.02, 0.86, 0, 0.86, 1.02, 0.99, 0.83, 1.74, 3.33, 3.46, 2.95, 2.97, 3.29, 3.07, 2.92, 2.73, 2.42, 3.29, 4.98, 6.61, 7.56, 7.29, 7.03, 6.7, 5.85, 5.23, 4.71, 4.49, 4.5, 4.59, 5.26, 5.35, 5.328, 5.46, 5.46, 5.72, 6.2, 7.28, 7.42, 7.51, 8.09, 7.7, 6.38, 5.91, 5.92, 5.29, 5.54], [9.723, 9.356, 8.765, 8.114, 8.247, 8.244, 8.458, 8.788, 8.591, 8.731, 8.821, 8.158, 7.7, 7.78, 7.73, 7.68, 8.18, 8.39, 8.4, 9.081, 9.1, 8.812, 9.014, 8.682, 7.88, 7.1, 5.18, 3.51, 3.17, 3.57, 3.67, 2.87, 2.53, 2.03, 1.53, 1.15, 1.76, 1.55, 1.11, 1.36, 1.2, 0.86, 0, 0.86, 0.69, 0.85, 2.22, 3.83, 3.92, 3.47, 3.53, 3.79, 3.57, 3.38, 3.17, 2.88, 3.77, 5.48, 7.07, 7.94, 7.73, 7.47, 7.1, 6.23, 5.55, 5.21, 4.99, 4.98, 5.13, 5.82, 5.907, 5.89, 6.0, 5.92, 6.14, 6.68, 7.76, 7.9, 7.97, 8.567, 8.197, 6.877, 6.37, 6.36, 5.81, 6.02], [10.106, 9.819, 9.171, 8.571, 8.673, 8.644, 8.858, 9.168, 8.948, 9.131, 9.221, 8.558, 8.08, 8.18, 8.15, 8.06, 8.58, 8.79, 8.8, 9.49, 9.56, 9.266, 9.449, 9.116, 8.32, 7.52, 5.6, 3.83, 3.51, 3.91, 4.01, 3.29, 2.91, 2.35, 1.67, 1.13, 2.04, 1.71, 1.37, 1.64, 1.24, 1.02, 0.86, 0, 0.77, 0.77, 2.68, 4.25, 4.38, 3.89, 3.89, 4.13, 4.01, 3.82, 3.59, 3.24, 4.15, 5.84, 7.39, 8.3, 8.09, 7.83, 7.46, 6.57, 5.89, 5.59, 5.35, 5.38, 5.53, 6.24, 6.33, 6.282, 6.36, 6.26, 6.5, 7.08, 8.1, 8.28, 8.37, 8.99, 8.52, 7.24, 6.81, 6.78, 6.21, 6.44], [10.079, 9.752, 9.11, 8.504, 8.623, 8.637, 8.854, 9.189, 8.961, 9.118, 9.248, 8.594, 8.13, 8.21, 8.14, 7.93, 8.39, 8.6, 8.59, 9.28, 9.41, 9.124, 9.307, 8.974, 8.17, 7.37, 5.45, 3.92, 3.6, 4.02, 4.1, 3.3, 2.94, 2.36, 1.72, 1.16, 1.87, 1.74, 1.42, 1.71, 1.37, 0.99, 0.69, 0.77, 0, 0.68, 2.51, 4.22, 4.31, 3.9, 3.88, 4.08, 3.92, 3.79, 3.6, 3.29, 4.16, 5.91, 7.5, 8.41, 8.2, 7.94, 7.57, 6.66, 6.02, 5.56, 5.42, 5.43, 5.48, 6.17, 6.26, 6.24, 6.41, 6.37, 6.53, 7.11, 8.13, 8.11, 8.32, 8.96, 8.53, 7.21, 6.78, 6.79, 6.24, 6.43], [9.713, 9.363, 8.695, 8.104, 8.223, 8.217, 8.445, 8.775, 8.575, 8.718, 8.828, 8.185, 7.67, 7.79, 7.72, 7.59, 8.07, 8.28, 8.29, 8.98, 9.09, 8.804, 8.987, 8.654, 7.85, 7.05, 5.13, 3.42, 3.22, 3.52, 3.6, 2.94, 2.58, 1.94, 1.26, 0.88, 1.57, 1.3, 1.1, 1.35, 1.05, 0.83, 0.85, 0.77, 0.68, 0, 2.19, 3.82, 3.91, 3.46, 3.52, 3.72, 3.58, 3.41, 3.2, 2.83, 3.74, 5.43, 7.02, 7.95, 7.7, 7.44, 7.09, 6.24, 5.64, 5.22, 4.98, 4.97, 5.06, 5.83, 5.914, 5.857, 5.91, 5.87, 6.07, 6.69, 7.73, 7.77, 7.92, 8.56, 8.13, 6.847, 6.36, 6.39, 5.8, 6.03], [7.66, 7.371, 6.906, 6.406, 6.404, 6.355, 6.495, 6.85, 6.54, 6.663, 6.821, 6.253, 5.78, 5.76, 5.67, 5.6, 6.04, 6.23, 6.24, 6.93, 6.94, 6.657, 6.86, 6.53, 5.72, 4.94, 3.06, 1.97, 2.31, 2.15, 2.25, 1.67, 1.43, 1.31, 1.59, 2.15, 1.2, 1.35, 1.67, 1.36, 1.6, 1.74, 2.22, 2.68, 2.51, 2.19, 0, 1.91, 2.06, 1.77, 1.61, 1.87, 1.57, 1.46, 1.41, 1.7, 1.99, 3.66, 5.37, 6.36, 6.05, 5.75, 5.44, 4.69, 4.15, 3.53, 3.29, 3.34, 3.21, 3.86, 3.91, 3.91, 4.12, 4.18, 4.4, 4.82, 5.74, 5.88, 5.91, 6.49, 6.12, 4.78, 4.35, 4.38, 3.77, 4.0], [6.21, 5.836, 5.359, 4.959, 4.889, 4.65, 4.83, 5.14, 4.86, 4.984, 5.214, 4.67, 4.23, 4.39, 4.28, 3.99, 4.49, 4.7, 4.71, 5.379, 5.41, 5.13, 5.339, 5.0, 4.19, 3.41, 1.77, 1.32, 1.94, 1.24, 1.48, 1.78, 1.96, 2.3, 3.08, 3.68, 2.61, 2.74, 3.26, 2.85, 3.09, 3.33, 3.83, 4.25, 4.22, 3.82, 1.91, 0, 0.85, 1.54, 1.46, 1.54, 1.34, 1.39, 1.34, 2.07, 1.82, 2.01, 3.78, 4.77, 4.48, 4.16, 3.93, 3.28, 2.72, 2.42, 2.06, 2.01, 1.64, 2.17, 2.28, 2.5, 2.71, 2.75, 3.05, 3.47, 4.15, 4.27, 4.3, 4.84, 4.45, 3.147, 2.7, 2.75, 2.16, 2.35], [6.18, 5.766, 5.306, 4.866, 4.876, 4.58, 4.8, 5.15, 4.83, 4.88, 5.133, 4.5, 4.2, 4.26, 4.23, 3.92, 4.42, 4.63, 4.64, 5.306, 5.34, 5.052, 5.254, 4.93, 4.12, 3.4, 1.84, 1.47, 2.13, 1.51, 1.43, 1.83, 1.99, 2.35, 3.15, 3.75, 2.7, 2.93, 3.33, 2.94, 3.22, 3.46, 3.92, 4.38, 4.31, 3.91, 2.06, 0.85, 0, 1.09, 1.23, 1.27, 1.27, 1.2, 1.11, 1.72, 1.51, 1.96, 3.73, 4.74, 4.47, 4.13, 3.84, 3.17, 2.65, 2.15, 1.83, 1.74, 1.55, 2.16, 2.21, 2.47, 2.64, 2.72, 2.94, 3.38, 4.1, 4.24, 4.23, 4.79, 4.42, 3.097, 2.55, 2.64, 2.07, 2.2], [6.49, 6.413, 6.056, 5.616, 5.643, 5.33, 5.41, 5.72, 5.418, 5.475, 5.591, 5.11, 4.73, 4.71, 4.48, 4.41, 4.85, 5.06, 5.07, 5.748, 5.767, 5.47, 5.673, 5.36, 4.59, 3.91, 2.47, 2.0, 2.58, 2.18, 2.12, 1.98, 1.6, 1.94, 2.76, 3.36, 2.41, 2.56, 2.82, 2.41, 2.73, 2.95, 3.47, 3.89, 3.9, 3.46, 1.77, 1.54, 1.09, 0, 0.76, 1.04, 1.02, 1.11, 1.08, 1.27, 1.3, 2.59, 4.38, 5.41, 5.08, 4.8, 4.47, 3.76, 3.2, 2.52, 2.38, 2.29, 2.2, 2.77, 2.78, 3.0, 3.21, 3.27, 3.53, 3.93, 4.43, 4.91, 4.82, 5.18, 4.79, 3.55, 3.14, 3.19, 2.5, 2.81], [6.53, 6.513, 6.216, 5.816, 5.763, 5.47, 5.57, 5.84, 5.44, 5.59, 5.703, 5.21, 4.89, 4.89, 4.64, 4.47, 4.81, 5.02, 5.03, 5.708, 5.727, 5.45, 5.653, 5.32, 4.55, 3.73, 2.43, 2.1, 2.68, 2.36, 2.34, 2.1, 1.8, 2.1, 2.78, 3.38, 2.31, 2.46, 2.86, 2.45, 2.73, 2.97, 3.53, 3.89, 3.88, 3.52, 1.61, 1.46, 1.23, 0.76, 0, 0.82, 0.74, 0.97, 0.94, 1.25, 1.14, 2.77, 4.56, 5.59, 5.28, 4.98, 4.69, 3.96, 3.42, 2.78, 2.6, 2.53, 2.32, 2.81, 2.8, 3.14, 3.45, 3.47, 3.75, 4.09, 4.55, 4.97, 4.88, 5.18, 4.79, 3.51, 3.26, 3.29, 2.64, 2.93], [6.25, 6.39, 6.073, 5.69, 5.643, 5.47, 5.55, 5.82, 5.44, 5.567, 5.717, 5.21, 4.85, 4.73, 4.4, 4.27, 4.47, 4.66, 4.69, 5.36, 5.43, 5.15, 5.342, 5.0, 4.25, 3.43, 2.33, 1.88, 2.44, 2.22, 2.2, 2.16, 2.1, 2.34, 3.12, 3.72, 2.65, 2.72, 3.2, 2.77, 3.03, 3.29, 3.79, 4.13, 4.08, 3.72, 1.87, 1.54, 1.27, 1.04, 0.82, 0, 0.88, 0.89, 0.9, 1.63, 1.5, 2.75, 4.54, 5.57, 5.26, 4.96, 4.61, 3.96, 3.38, 2.62, 2.52, 2.41, 2.28, 2.77, 2.78, 3.02, 3.35, 3.41, 3.55, 3.97, 4.37, 4.81, 4.78, 4.9, 4.55, 3.33, 3.18, 3.25, 2.64, 2.93], [6.53, 6.413, 6.136, 5.716, 5.663, 5.47, 5.59, 5.88, 5.44, 5.53, 5.76, 5.27, 4.93, 4.89, 4.62, 4.35, 4.69, 4.9, 4.91, 5.582, 5.61, 5.33, 5.55, 5.22, 4.43, 3.63, 2.39, 1.96, 2.48, 2.28, 2.32, 2.0, 1.86, 2.12, 2.84, 3.48, 2.33, 2.52, 3.02, 2.61, 2.87, 3.07, 3.57, 4.01, 3.92, 3.58, 1.57, 1.34, 1.27, 1.02, 0.74, 0.88, 0, 0.81, 0.8, 1.47, 1.4, 2.79, 4.58, 5.61, 5.32, 5.0, 4.67, 3.96, 3.42, 2.72, 2.58, 2.45, 2.26, 2.83, 2.84, 3.06, 3.39, 3.53, 3.75, 4.11, 4.55, 4.87, 4.88, 5.1, 4.73, 3.41, 3.02, 3.17, 2.64, 2.83], [6.5, 6.283, 5.946, 5.466, 5.493, 5.22, 5.32, 5.73, 5.428, 5.445, 5.701, 5.1, 4.72, 4.64, 4.49, 4.48, 4.973, 5.19, 5.2, 5.866, 5.9, 5.62, 5.829, 5.49, 4.74, 3.92, 2.58, 1.69, 2.17, 1.97, 1.99, 1.81, 1.73, 2.01, 2.63, 3.19, 2.22, 2.37, 2.77, 2.38, 2.68, 2.92, 3.38, 3.82, 3.79, 3.41, 1.46, 1.39, 1.2, 1.11, 0.97, 0.89, 0.81, 0, 0.63, 1.38, 1.43, 2.54, 4.25, 5.26, 5.01, 4.67, 4.34, 3.71, 3.15, 2.45, 2.31, 2.22, 2.15, 2.74, 2.79, 2.95, 3.16, 3.22, 3.44, 3.86, 4.52, 4.9, 4.87, 5.31, 4.92, 3.64, 3.21, 3.26, 2.61, 2.8], [6.91, 6.613, 6.216, 5.756, 5.783, 5.49, 5.67, 5.92, 5.58, 5.69, 5.78, 5.19, 4.87, 4.99, 4.92, 4.71, 5.23, 5.44, 5.45, 6.125, 6.15, 5.856, 6.059, 5.74, 4.93, 4.15, 2.63, 1.62, 2.04, 1.9, 1.9, 1.58, 1.5, 1.78, 2.5, 3.02, 2.07, 2.22, 2.48, 2.09, 2.47, 2.73, 3.17, 3.59, 3.6, 3.2, 1.41, 1.34, 1.11, 1.08, 0.94, 0.9, 0.8, 0.63, 0, 1.03, 1.26, 2.65, 4.46, 5.47, 5.18, 4.86, 4.53, 3.84, 3.3, 2.68, 2.54, 2.45, 2.36, 3.07, 3.02, 3.24, 3.43, 3.37, 3.63, 4.05, 4.69, 5.03, 5.04, 5.534, 5.124, 3.844, 3.34, 3.25, 2.72, 2.91], [7.64, 7.346, 6.766, 6.286, 6.336, 6.02, 6.32, 6.61, 6.21, 6.307, 6.413, 5.78, 5.48, 5.72, 5.63, 5.38, 5.88, 6.09, 6.1, 6.778, 6.8, 6.52, 6.729, 6.39, 5.6, 4.82, 3.32, 2.07, 2.47, 2.41, 2.27, 2.05, 1.77, 1.81, 2.17, 2.61, 1.94, 2.17, 2.15, 1.84, 2.18, 2.42, 2.88, 3.24, 3.29, 2.83, 1.7, 2.07, 1.72, 1.27, 1.25, 1.63, 1.47, 1.38, 1.03, 0, 1.15, 2.88, 4.85, 5.78, 5.59, 5.15, 4.78, 4.11, 3.75, 3.29, 3.11, 3.02, 2.93, 3.68, 3.65, 3.89, 3.94, 3.76, 4.1, 4.7, 5.42, 5.6, 5.65, 6.176, 5.749, 4.486, 4.01, 3.76, 3.35, 3.44], [7.09, 6.639, 6.159, 5.699, 5.729, 5.41, 5.67, 5.92, 5.6, 5.589, 5.609, 5.05, 4.85, 5.07, 5.12, 4.59, 5.07, 5.28, 5.29, 5.977, 6.027, 5.75, 5.95, 5.66, 4.95, 4.11, 2.87, 1.98, 2.44, 2.28, 2.22, 2.08, 1.98, 2.44, 3.08, 3.56, 2.67, 2.94, 2.96, 2.57, 3.01, 3.29, 3.77, 4.15, 4.16, 3.74, 1.99, 1.82, 1.51, 1.3, 1.14, 1.5, 1.4, 1.43, 1.26, 1.15, 0, 2.15, 4.12, 5.07, 4.9, 4.48, 4.09, 3.44, 3.02, 2.74, 2.5, 2.45, 2.38, 2.89, 3.0, 3.28, 3.45, 3.17, 3.47, 4.03, 4.75, 4.97, 4.86, 5.42, 4.97, 3.71, 3.26, 3.03, 2.64, 2.75], [5.36, 4.97, 4.35, 3.87, 3.9, 3.66, 3.96, 4.29, 4.03, 3.979, 4.06, 3.66, 3.24, 3.54, 3.55, 3.32, 3.9, 4.09, 4.32, 4.83, 4.72, 4.52, 4.78, 4.67, 4.16, 3.76, 2.58, 2.31, 2.85, 2.31, 2.29, 2.97, 3.37, 3.85, 4.63, 5.07, 4.28, 4.49, 4.63, 4.3, 4.7, 4.98, 5.48, 5.84, 5.91, 5.43, 3.66, 2.01, 1.96, 2.59, 2.77, 2.75, 2.79, 2.54, 2.65, 2.88, 2.15, 0, 2.23, 3.26, 3.03, 2.67, 2.3, 1.83, 1.47, 1.65, 1.23, 1.38, 1.35, 1.64, 1.83, 1.87, 1.88, 1.58, 1.92, 2.46, 3.26, 3.4, 3.43, 4.03, 3.64, 2.6, 2.33, 1.96, 1.73, 1.84], [3.71, 3.4, 2.66, 2.36, 2.13, 1.97, 2.27, 2.6, 2.36, 2.54, 2.49, 2.01, 1.79, 2.03, 2.34, 2.29, 2.95, 3.16, 3.49, 3.98, 3.73, 3.63, 3.97, 4.02, 3.95, 3.69, 3.41, 3.8, 4.08, 3.58, 3.84, 4.72, 5.14, 5.62, 6.3, 6.64, 6.01, 6.06, 6.32, 5.97, 6.31, 6.61, 7.07, 7.39, 7.5, 7.02, 5.37, 3.78, 3.73, 4.38, 4.56, 4.54, 4.58, 4.25, 4.46, 4.85, 4.12, 2.23, 0, 1.45, 1.2, 1.1, 1.13, 1.62, 1.92, 2.42, 2.32, 2.31, 2.44, 2.29, 2.18, 1.88, 1.67, 1.59, 1.55, 1.47, 1.71, 1.99, 2.06, 2.72, 2.67, 2.45, 2.58, 2.61, 2.44, 2.51], [3.3, 2.81, 2.37, 1.95, 1.78, 1.76, 2.04, 2.15, 2.11, 2.25, 1.96, 1.8, 1.72, 1.84, 2.27, 2.32, 2.98, 3.13, 3.56, 4.03, 3.6, 3.34, 3.56, 3.87, 4.3, 4.46, 4.42, 4.73, 4.97, 4.55, 4.67, 5.73, 6.01, 6.59, 7.19, 7.55, 7.02, 6.95, 7.21, 6.9, 7.2, 7.56, 7.94, 8.3, 8.41, 7.95, 6.36, 4.77, 4.74, 5.41, 5.59, 5.57, 5.61, 5.26, 5.47, 5.78, 5.07, 3.26, 1.45, 0, 0.81, 1.05, 1.54, 2.29, 2.77, 3.27, 3.23, 3.28, 3.41, 3.06, 3.03, 2.67, 2.36, 2.32, 2.2, 2.0, 2.02, 2.0, 2.13, 2.93, 2.76, 3.34, 3.57, 3.5, 3.41, 3.36], [2.95, 2.62, 1.94, 1.52, 1.43, 1.45, 1.85, 1.86, 1.8, 1.96, 1.81, 1.53, 1.43, 1.77, 2.24, 2.15, 2.89, 3.06, 3.51, 3.92, 3.53, 3.39, 3.65, 3.98, 4.33, 4.31, 4.11, 4.5, 4.818, 4.28, 4.48, 5.52, 5.88, 6.34, 6.94, 7.4, 6.77, 6.72, 6.94, 6.65, 6.99, 7.29, 7.73, 8.09, 8.2, 7.7, 6.05, 4.48, 4.47, 5.08, 5.28, 5.26, 5.32, 5.01, 5.18, 5.59, 4.9, 3.03, 1.2, 0.81, 0, 0.72, 1.39, 2.16, 2.64, 3.04, 2.96, 3.03, 3.1, 2.87, 2.74, 2.34, 2.01, 1.99, 1.87, 1.69, 1.63, 1.79, 1.96, 2.6, 2.51, 2.95, 3.22, 3.27, 3.06, 3.13], [3.25, 2.9, 2.22, 1.88, 1.83, 1.77, 2.09, 2.2, 2.04, 2.26, 2.11, 1.77, 1.49, 1.83, 2.26, 2.19, 3.09, 3.34, 3.77, 4.2, 3.83, 3.75, 4.03, 4.26, 4.41, 4.19, 3.93, 4.16, 4.518, 4.02, 4.1, 5.08, 5.48, 6.02, 6.66, 7.12, 6.43, 6.46, 6.68, 6.37, 6.73, 7.03, 7.47, 7.83, 7.94, 7.44, 5.75, 4.16, 4.13, 4.8, 4.98, 4.96, 5.0, 4.67, 4.86, 5.15, 4.48, 2.67, 1.1, 1.05, 0.72, 0, 0.91, 1.82, 2.26, 2.66, 2.6, 2.69, 2.86, 2.55, 2.42, 2.14, 1.71, 1.75, 1.75, 1.55, 1.63, 1.83, 2.0, 2.62, 2.53, 2.79, 3.08, 3.07, 2.84, 2.91], [3.84, 3.53, 2.81, 2.45, 2.46, 2.38, 2.62, 2.87, 2.67, 2.77, 2.76, 2.3, 1.98, 2.32, 2.61, 2.54, 3.36, 3.61, 3.98, 4.45, 4.18, 4.08, 4.38, 4.51, 4.46, 4.18, 3.82, 3.79, 4.01, 3.65, 3.77, 4.65, 5.05, 5.69, 6.35, 6.73, 6.14, 6.07, 6.35, 6.02, 6.36, 6.7, 7.1, 7.46, 7.57, 7.09, 5.44, 3.93, 3.84, 4.47, 4.69, 4.61, 4.67, 4.34, 4.53, 4.78, 4.09, 2.3, 1.13, 1.54, 1.39, 0.91, 0, 1.21, 1.79, 2.39, 2.27, 2.32, 2.53, 2.3, 2.15, 1.87, 1.5, 1.4, 1.56, 1.72, 2.04, 2.3, 2.41, 3.13, 2.88, 2.82, 2.95, 2.94, 2.69, 2.82], [4.77, 4.497, 3.78, 3.24, 3.33, 3.25, 3.53, 3.76, 3.56, 3.7, 3.65, 3.07, 2.69, 2.99, 3.26, 3.29, 3.99, 4.26, 4.57, 5.06, 4.79, 4.71, 5.01, 5.08, 4.83, 4.51, 3.65, 3.38, 3.4, 3.04, 3.16, 3.92, 4.38, 4.98, 5.54, 5.84, 5.45, 5.24, 5.5, 5.15, 5.47, 5.85, 6.23, 6.57, 6.66, 6.24, 4.69, 3.28, 3.17, 3.76, 3.96, 3.96, 3.96, 3.71, 3.84, 4.11, 3.44, 1.83, 1.62, 2.29, 2.16, 1.82, 1.21, 0, 0.98, 1.74, 1.68, 1.91, 2.06, 2.17, 2.06, 1.8, 1.57, 1.33, 1.63, 1.95, 2.73, 3.03, 3.12, 3.78, 3.59, 2.95, 3.08, 2.85, 2.54, 2.81], [4.927, 4.64, 3.98, 3.38, 3.57, 3.51, 3.75, 3.98, 3.8, 3.92, 3.89, 3.33, 2.83, 3.13, 3.34, 3.39, 4.01, 4.3, 4.59, 5.08, 4.89, 4.75, 5.07, 5.12, 4.89, 4.51, 3.39, 2.94, 2.92, 2.62, 2.74, 3.38, 3.86, 4.4, 4.94, 5.26, 4.91, 4.62, 4.88, 4.47, 4.81, 5.23, 5.55, 5.89, 6.02, 5.64, 4.15, 2.72, 2.65, 3.2, 3.42, 3.38, 3.42, 3.15, 3.3, 3.75, 3.02, 1.47, 1.92, 2.77, 2.64, 2.26, 1.79, 0.98, 0, 1.12, 1.06, 1.37, 1.5, 1.81, 1.94, 1.8, 1.69, 1.45, 1.75, 2.01, 2.97, 3.25, 3.34, 4.0, 3.69, 2.83, 2.7, 2.55, 2.22, 2.55], [4.87, 4.593, 4.12, 3.56, 3.73, 3.63, 3.73, 3.98, 3.74, 3.88, 4.008, 3.47, 2.91, 2.97, 3.32, 3.35, 3.97, 4.22, 4.51, 5.02, 4.81, 4.69, 4.99, 4.96, 4.75, 4.35, 3.19, 2.76, 3.08, 2.7, 2.56, 3.02, 3.28, 3.7, 4.42, 4.9, 4.15, 4.18, 4.48, 4.05, 4.39, 4.71, 5.21, 5.59, 5.56, 5.22, 3.53, 2.42, 2.15, 2.52, 2.78, 2.62, 2.72, 2.45, 2.68, 3.29, 2.74, 1.65, 2.42, 3.27, 3.04, 2.66, 2.39, 1.74, 1.12, 0, 0.76, 1.21, 1.18, 1.75, 1.86, 1.78, 1.83, 1.81, 2.03, 2.15, 3.03, 3.31, 3.3, 3.9, 3.65, 2.79, 2.64, 2.57, 2.12, 2.45], [5.024, 4.757, 4.101, 3.64, 3.63, 3.59, 3.79, 4.08, 3.88, 4.0, 4.15, 3.59, 2.97, 3.13, 3.32, 3.33, 3.99, 4.24, 4.53, 5.04, 4.85, 4.71, 4.99, 4.94, 4.63, 4.23, 3.03, 2.3, 2.82, 2.34, 2.28, 2.82, 3.14, 3.52, 4.12, 4.68, 4.01, 3.9, 4.32, 3.95, 4.17, 4.49, 4.99, 5.35, 5.42, 4.98, 3.29, 2.06, 1.83, 2.38, 2.6, 2.52, 2.58, 2.31, 2.54, 3.11, 2.5, 1.23, 2.32, 3.23, 2.96, 2.6, 2.27, 1.68, 1.06, 0.76, 0, 0.79, 1.04, 1.59, 1.76, 1.66, 1.67, 1.59, 1.93, 2.17, 3.13, 3.37, 3.4, 4.04, 3.69, 2.81, 2.6, 2.49, 1.96, 2.35], [5.06, 4.683, 4.023, 3.61, 3.6, 3.5, 3.7, 3.99, 3.79, 3.871, 4.061, 3.5, 2.9, 3.12, 3.29, 3.18, 3.78, 4.05, 4.3, 4.83, 4.7, 4.54, 4.76, 4.67, 4.24, 3.8, 2.58, 2.09, 2.57, 2.17, 2.23, 2.89, 3.17, 3.53, 4.13, 4.77, 3.96, 3.99, 4.37, 4.0, 4.2, 4.5, 4.98, 5.38, 5.43, 4.97, 3.34, 2.01, 1.74, 2.29, 2.53, 2.41, 2.45, 2.22, 2.45, 3.02, 2.45, 1.38, 2.31, 3.28, 3.03, 2.69, 2.32, 1.91, 1.37, 1.21, 0.79, 0, 0.81, 1.2, 1.35, 1.37, 1.52, 1.54, 1.84, 2.26, 3.1, 3.24, 3.33, 3.95, 3.64, 2.58, 2.27, 2.26, 1.65, 1.94], [4.97, 4.56, 4.06, 3.64, 3.59, 3.45, 3.61, 3.9, 3.6, 3.76, 3.97, 3.43, 2.91, 3.17, 3.22, 3.03, 3.57, 3.82, 4.03, 4.58, 4.51, 4.31, 4.49, 4.36, 4.01, 3.53, 2.29, 2.26, 2.8, 2.24, 2.24, 3.04, 3.2, 3.52, 4.3, 4.9, 3.83, 4.04, 4.42, 4.05, 4.29, 4.59, 5.13, 5.53, 5.48, 5.06, 3.21, 1.64, 1.55, 2.2, 2.32, 2.28, 2.26, 2.15, 2.36, 2.93, 2.38, 1.35, 2.44, 3.41, 3.1, 2.86, 2.53, 2.06, 1.5, 1.18, 1.04, 0.81, 0, 0.93, 1.18, 1.3, 1.51, 1.47, 1.77, 2.27, 3.01, 3.11, 3.12, 3.74, 3.37, 2.31, 2.06, 2.11, 1.48, 1.75], [4.36, 4.11, 3.73, 3.35, 3.28, 3.12, 3.26, 3.59, 3.29, 3.33, 3.58, 3.16, 2.78, 2.86, 2.99, 2.6, 3.0, 3.25, 3.48, 3.99, 3.92, 3.7, 3.88, 3.81, 3.4, 2.96, 1.92, 2.87, 3.43, 2.77, 2.89, 3.73, 3.79, 4.27, 4.97, 5.619, 4.52, 4.69, 5.21, 4.78, 5.032, 5.26, 5.82, 6.24, 6.17, 5.83, 3.86, 2.17, 2.16, 2.77, 2.81, 2.77, 2.83, 2.74, 3.07, 3.68, 2.89, 1.64, 2.29, 3.06, 2.87, 2.55, 2.3, 2.17, 1.81, 1.75, 1.59, 1.2, 0.93, 0, 0.65, 1.09, 1.38, 1.42, 1.68, 2.06, 2.64, 2.82, 2.77, 3.23, 2.86, 1.74, 1.87, 1.94, 1.45, 1.64], [4.21, 4.0, 3.68, 3.28, 3.21, 2.99, 3.11, 3.42, 3.04, 3.2, 3.39, 2.87, 2.51, 2.69, 2.74, 2.41, 2.85, 3.1, 3.35, 3.84, 3.77, 3.55, 3.75, 3.64, 3.13, 2.73, 1.83, 2.86, 3.48, 2.863, 2.966, 3.776, 3.98, 4.3, 5.1, 5.789, 4.61, 4.82, 5.28, 4.87, 5.122, 5.35, 5.907, 6.33, 6.26, 5.914, 3.91, 2.28, 2.21, 2.78, 2.8, 2.78, 2.84, 2.79, 3.02, 3.65, 3.0, 1.83, 2.18, 3.03, 2.74, 2.42, 2.15, 2.06, 1.94, 1.86, 1.76, 1.35, 1.18, 0.65, 0, 0.78, 1.09, 1.43, 1.49, 1.79, 2.39, 2.51, 2.58, 3.06, 2.69, 1.65, 1.94, 1.97, 1.58, 1.69], [4.05, 3.8, 3.34, 2.9, 2.87, 2.79, 2.91, 3.22, 2.94, 3.12, 3.31, 2.75, 2.25, 2.41, 2.5, 2.39, 2.93, 3.2, 3.41, 3.94, 3.85, 3.65, 3.81, 3.74, 3.27, 2.89, 2.11, 2.9, 3.463, 2.84, 2.94, 3.82, 4.08, 4.3, 5.06, 5.712, 4.69, 4.82, 5.24, 4.87, 5.09, 5.328, 5.89, 6.282, 6.24, 5.857, 3.91, 2.5, 2.47, 3.0, 3.14, 3.02, 3.06, 2.95, 3.24, 3.89, 3.28, 1.87, 1.88, 2.67, 2.34, 2.14, 1.87, 1.8, 1.8, 1.78, 1.66, 1.37, 1.3, 1.09, 0.78, 0, 0.73, 1.11, 1.23, 1.61, 2.27, 2.35, 2.52, 3.12, 2.77, 1.97, 2.08, 2.17, 1.74, 1.91], [4.08, 3.83, 3.19, 2.61, 2.72, 2.58, 2.82, 3.13, 2.89, 3.03, 3.18, 2.64, 2.08, 2.36, 2.41, 2.38, 2.98, 3.21, 3.42, 3.97, 3.9, 3.66, 3.84, 3.67, 3.54, 3.2, 2.54, 2.87, 3.43, 2.79, 2.91, 3.85, 4.23, 4.51, 5.15, 5.75, 4.94, 5.03, 5.29, 4.98, 5.22, 5.46, 6.0, 6.36, 6.41, 5.91, 4.12, 2.71, 2.64, 3.21, 3.45, 3.35, 3.39, 3.16, 3.43, 3.94, 3.45, 1.88, 1.67, 2.36, 2.01, 1.71, 1.5, 1.57, 1.69, 1.83, 1.67, 1.52, 1.51, 1.38, 1.09, 0.73, 0, 0.72, 0.96, 1.52, 2.18, 2.28, 2.49, 3.13, 2.74, 2.06, 2.07, 2.26, 1.93, 1.98], [4.32, 4.07, 3.35, 2.85, 2.88, 2.78, 3.12, 3.35, 3.15, 3.29, 3.26, 2.76, 2.3, 2.64, 2.67, 2.62, 3.22, 3.45, 3.66, 4.27, 4.14, 3.9, 4.08, 4.01, 3.92, 3.52, 2.7, 2.65, 3.11, 2.57, 2.75, 3.81, 4.11, 4.55, 5.23, 5.59, 5.04, 4.99, 5.11, 4.86, 5.18, 5.46, 5.92, 6.26, 6.37, 5.87, 4.18, 2.75, 2.72, 3.27, 3.47, 3.41, 3.53, 3.22, 3.37, 3.76, 3.17, 1.58, 1.59, 2.32, 1.99, 1.75, 1.4, 1.33, 1.45, 1.81, 1.59, 1.54, 1.47, 1.42, 1.43, 1.11, 0.72, 0, 0.74, 1.42, 2.26, 2.52, 2.65, 3.29, 2.88, 2.0, 2.21, 2.12, 1.89, 1.98], [3.92, 3.73, 3.09, 2.57, 2.64, 2.52, 2.8, 3.09, 2.85, 2.95, 2.98, 2.38, 1.98, 2.26, 2.17, 2.08, 2.7, 2.91, 3.28, 3.85, 3.74, 3.52, 3.62, 3.73, 3.68, 3.36, 2.68, 2.91, 3.47, 3.01, 3.13, 4.11, 4.41, 4.77, 5.49, 5.93, 5.26, 5.27, 5.35, 5.08, 5.4, 5.72, 6.14, 6.5, 6.53, 6.07, 4.4, 3.05, 2.94, 3.53, 3.75, 3.55, 3.75, 3.44, 3.63, 4.1, 3.47, 1.92, 1.55, 2.2, 1.87, 1.75, 1.56, 1.63, 1.75, 2.03, 1.93, 1.84, 1.77, 1.68, 1.49, 1.23, 0.96, 0.74, 0, 0.94, 1.84, 2.1, 2.17, 2.81, 2.38, 1.76, 2.09, 2.08, 1.93, 2.0], [3.36, 3.17, 2.65, 2.19, 2.18, 1.96, 2.18, 2.41, 2.15, 2.27, 2.28, 1.84, 1.48, 1.56, 1.55, 1.56, 2.5, 2.65, 3.18, 3.65, 3.24, 3.16, 3.4, 3.67, 3.72, 3.36, 2.86, 3.63, 4.127, 3.59, 3.75, 4.63, 4.87, 5.27, 6.01, 6.51, 5.76, 5.73, 5.97, 5.58, 5.94, 6.2, 6.68, 7.08, 7.11, 6.69, 4.82, 3.47, 3.38, 3.93, 4.09, 3.97, 4.11, 3.86, 4.05, 4.7, 4.03, 2.46, 1.47, 2.0, 1.69, 1.55, 1.72, 1.95, 2.01, 2.15, 2.17, 2.26, 2.27, 2.06, 1.79, 1.61, 1.52, 1.42, 0.94, 0, 1.16, 1.54, 1.55, 2.11, 1.82, 1.76, 2.19, 2.16, 2.11, 2.26], [2.78, 2.83, 2.37, 2.15, 1.88, 1.48, 1.76, 1.91, 1.51, 1.49, 1.52, 1.38, 1.3, 1.32, 1.45, 1.06, 2.06, 2.21, 2.76, 3.15, 2.78, 2.74, 2.96, 3.27, 3.36, 3.16, 3.2, 4.562, 5.224, 4.647, 4.789, 5.566, 5.73, 6.19, 7.09, 7.61, 6.7, 6.81, 7.067, 6.62, 7.0, 7.28, 7.76, 8.1, 8.13, 7.73, 5.74, 4.15, 4.1, 4.43, 4.55, 4.37, 4.55, 4.52, 4.69, 5.42, 4.75, 3.26, 1.71, 2.02, 1.63, 1.63, 2.04, 2.73, 2.97, 3.03, 3.13, 3.1, 3.01, 2.64, 2.39, 2.27, 2.18, 2.26, 1.84, 1.16, 0, 0.98, 1.05, 1.29, 1.26, 2.0, 2.45, 2.56, 2.51, 2.56], [3.1, 2.79, 2.31, 2.13, 1.66, 1.38, 1.76