[[0, 0.81, 1.09, 1.33, 2.18, 3.534, 4.262, 4.268, 5.519, 5.488, 3.61, 2.71, 2.71, 2.74, 2.53, 2.85, 3.12, 3.05, 3.09, 2.79, 3.07, 3.24, 3.5, 3.97, 3.96, 4.58, 5.31, 5.08, 4.82, 4.8, 6.633, 8.368, 8.398, 9.138, 8.678, 8.155, 7.73, 7.22, 6.04, 4.73, 3.81, 3.66, 4.13, 4.32, 3.67, 3.23, 3.51, 3.96, 4.07, 3.91, 3.8, 3.32, 3.44, 3.51, 3.32, 3.28, 3.09, 3.1, 3.32, 3.35, 2.87, 2.01, 1.59, 1.63, 2.48, 3.9, 4.189, 2.63, 2.5, 2.84, 2.61, 2.7, 3.019, 3.764, 3.548, 2.58, 2.83, 3.07, 4.15, 3.96, 3.12, 3.06, 3.3, 3.62, 3.34, 3.22], [0.81, 0, 0.8, 1.06, 2.23, 3.607, 4.314, 4.358, 5.549, 5.481, 3.48, 2.4, 2.32, 2.31, 2.28, 2.46, 2.63, 2.62, 2.68, 2.44, 2.62, 2.83, 3.05, 3.56, 3.53, 4.123, 5.078, 4.883, 4.463, 4.446, 6.474, 8.378, 8.391, 9.142, 8.688, 8.0, 7.458, 6.786, 5.63, 4.22, 3.36, 3.19, 3.66, 3.87, 3.2, 2.88, 3.1, 3.49, 3.62, 3.46, 3.549, 3.17, 3.409, 3.48, 3.143, 3.17, 3.1, 3.09, 3.33, 3.343, 2.92, 2.32, 1.62, 1.82, 2.25, 3.762, 4.216, 2.6, 2.49, 2.868, 2.58, 2.676, 3.069, 3.797, 3.609, 2.668, 2.738, 2.78, 3.98, 3.79, 2.91, 2.85, 3.05, 3.35, 3.11, 3.03], [1.09, 0.8, 0, 1.04, 2.35, 3.73, 4.474, 4.501, 5.695, 5.681, 3.54, 2.32, 2.18, 2.11, 2.28, 2.22, 2.29, 2.28, 2.46, 2.24, 2.36, 2.65, 3.03, 3.5, 3.64, 4.377, 5.301, 5.097, 4.58, 4.6, 6.674, 8.561, 8.591, 9.311, 8.871, 8.2, 7.641, 6.883, 5.49, 4.02, 3.14, 2.83, 3.28, 3.53, 2.9, 2.6, 2.84, 3.33, 3.42, 3.456, 3.606, 3.277, 3.414, 3.618, 3.237, 3.351, 3.061, 3.179, 3.391, 3.463, 2.94, 2.26, 1.44, 1.58, 2.21, 3.882, 4.336, 2.72, 2.53, 2.988, 2.6, 2.862, 3.209, 3.877, 3.761, 2.87, 2.841, 2.44, 3.58, 3.33, 2.43, 2.37, 2.57, 3.01, 2.69, 2.55], [1.33, 1.06, 1.04, 0, 1.59, 2.95, 3.74, 3.738, 4.952, 4.958, 3.0, 2.14, 2.12, 1.91, 1.76, 2.12, 2.35, 2.28, 2.3, 2.22, 2.34, 2.37, 2.69, 3.1, 3.13, 3.75, 4.56, 4.47, 3.99, 4.01, 5.931, 7.818, 7.848, 8.568, 8.128, 7.477, 6.898, 6.41, 5.09, 3.76, 3.04, 3.09, 3.5, 3.61, 2.9, 2.52, 2.72, 3.11, 3.08, 3.04, 3.07, 2.69, 2.81, 2.88, 2.59, 2.77, 2.58, 2.63, 2.79, 2.8, 2.76, 2.34, 1.82, 1.82, 1.87, 3.17, 3.63, 2.24, 2.33, 2.51, 2.18, 2.33, 2.56, 3.32, 3.22, 2.43, 2.1, 2.64, 4.2, 3.95, 3.11, 3.11, 3.41, 3.77, 3.49, 3.37], [2.18, 2.23, 2.35, 1.59, 0, 1.56, 2.35, 2.47, 3.53, 3.67, 2.21, 2.25, 2.55, 2.04, 1.61, 2.75, 3.12, 3.11, 2.93, 2.79, 2.73, 2.56, 2.5, 2.69, 2.6, 3.14, 3.79, 3.58, 3.42, 3.4, 4.8, 6.41, 6.44, 7.1, 6.7, 6.36, 6.09, 5.84, 4.78, 3.75, 3.33, 3.84, 4.41, 4.42, 3.27, 2.89, 2.95, 3.22, 3.11, 2.77, 2.36, 2.14, 1.92, 1.89, 1.9, 2.14, 1.95, 1.96, 2.16, 2.11, 2.31, 2.09, 2.55, 2.11, 1.9, 2.26, 2.54, 2.29, 2.4, 2.18, 2.01, 2.1, 2.01, 2.67, 2.47, 2.06, 1.79, 3.25, 5.23, 5.16, 4.32, 4.4, 4.72, 5.16, 4.86, 4.74], [3.534, 3.607, 3.73, 2.95, 1.56, 0, 1.15, 1.53, 2.29, 2.65, 2.25, 3.01, 3.35, 2.82, 2.45, 3.67, 4.04, 3.99, 3.77, 3.59, 3.47, 3.38, 3.02, 3.01, 2.62, 2.8, 2.87, 2.8, 2.92, 2.98, 3.92, 5.27, 5.4, 5.98, 5.7, 5.44, 5.17, 5.26, 4.7, 4.03, 3.93, 4.68, 5.19, 5.2, 4.09, 3.73, 3.59, 3.7, 3.59, 3.21, 2.74, 2.64, 2.26, 1.95, 2.14, 2.46, 2.43, 2.24, 2.22, 2.11, 2.41, 2.75, 3.77, 2.97, 2.58, 1.96, 1.94, 2.59, 2.72, 2.38, 2.31, 2.24, 2.03, 2.45, 2.43, 2.28, 2.37, 4.09, 6.17, 6.58, 5.66, 5.72, 6.04, 6.54, 6.2, 6.0], [4.262, 4.314, 4.474, 3.74, 2.35, 1.15, 0, 1.26, 1.82, 2.22, 2.24, 3.2, 3.58, 3.21, 2.78, 3.94, 4.47, 4.28, 3.96, 3.72, 3.62, 3.55, 3.21, 3.06, 2.77, 2.59, 2.6, 2.37, 2.55, 2.71, 3.49, 4.58, 4.71, 5.27, 4.97, 4.71, 4.52, 4.93, 4.33, 4.02, 4.14, 4.91, 5.38, 5.37, 4.26, 3.98, 3.86, 3.91, 3.8, 3.38, 2.91, 2.85, 2.53, 2.16, 2.41, 2.65, 2.72, 2.57, 2.55, 2.4, 2.6, 3.56, 4.5, 3.68, 2.81, 2.11, 1.73, 2.62, 2.77, 2.37, 2.5, 2.29, 1.94, 2.3, 2.3, 2.33, 2.54, 4.34, 6.96, 7.39, 6.47, 6.45, 6.77, 7.27, 6.93, 6.73], [4.268, 4.358, 4.501, 3.738, 2.47, 1.53, 1.26, 0, 1.5, 1.68, 1.54, 2.84, 3.26, 3.01, 2.46, 3.64, 4.39, 4.06, 3.64, 3.44, 3.16, 2.85, 2.53, 2.18, 1.93, 1.63, 1.76, 1.61, 1.81, 1.89, 2.87, 4.3, 4.33, 5.05, 4.67, 4.35, 4.04, 4.05, 3.47, 3.06, 3.5, 4.77, 5.2, 5.21, 4.12, 3.6, 3.26, 3.09, 2.9, 2.52, 2.09, 1.97, 1.73, 1.26, 1.67, 1.77, 2.12, 2.07, 2.01, 2.24, 2.98, 3.86, 4.56, 3.74, 2.71, 1.49, 1.45, 2.18, 2.31, 1.91, 2.2, 2.09, 1.8, 1.96, 2.06, 2.29, 2.08, 4.18, 6.92, 7.33, 6.45, 6.43, 6.77, 7.27, 6.93, 6.73], [5.519, 5.549, 5.695, 4.952, 3.53, 2.29, 1.82, 1.5, 0, 0.86, 2.3, 4.1, 4.5, 4.29, 3.78, 4.88, 5.57, 5.28, 4.84, 4.6, 4.34, 3.93, 3.65, 3.14, 2.63, 1.95, 1.34, 1.15, 1.55, 1.75, 1.95, 3.12, 3.33, 3.85, 3.59, 3.31, 3.06, 3.39, 2.89, 3.38, 4.6, 5.85, 6.38, 6.41, 5.28, 4.58, 4.08, 3.79, 3.44, 3.02, 2.67, 2.77, 2.49, 2.2, 2.65, 2.59, 2.8, 2.77, 2.73, 2.94, 3.76, 4.72, 5.64, 4.82, 3.87, 2.39, 2.13, 3.36, 3.45, 3.03, 3.36, 3.21, 3.02, 2.68, 2.98, 3.41, 3.24, 5.28, 8.08, 8.41, 7.55, 7.57, 7.89, 8.39, 8.13, 7.97], [5.488, 5.481, 5.681, 4.958, 3.67, 2.65, 2.22, 1.68, 0.86, 0, 2.18, 4.02, 4.38, 4.21, 3.72, 4.8, 5.53, 5.26, 4.8, 4.58, 4.3, 3.79, 3.55, 3.0, 2.47, 1.81, 1.0, 1.07, 1.51, 1.55, 1.61, 3.04, 3.03, 3.75, 3.41, 3.01, 2.62, 2.93, 2.65, 3.24, 4.44, 5.67, 6.34, 6.41, 5.2, 4.58, 3.98, 3.61, 3.28, 2.84, 2.51, 2.61, 2.37, 2.22, 2.65, 2.57, 2.8, 2.89, 2.89, 3.44, 4.26, 4.96, 5.62, 4.8, 3.93, 2.47, 2.35, 3.42, 3.53, 3.03, 3.38, 3.37, 3.22, 3.08, 3.4, 3.61, 3.16, 5.12, 7.96, 8.31, 7.39, 7.43, 7.75, 8.25, 8.01, 7.89], [3.61, 3.48, 3.54, 3.0, 2.21, 2.25, 2.24, 1.54, 2.3, 2.18, 0, 1.88, 2.24, 2.05, 1.54, 2.64, 3.41, 3.14, 2.72, 2.52, 2.36, 1.89, 1.59, 1.28, 0.95, 1.25, 1.98, 1.69, 1.43, 1.41, 3.29, 5.08, 5.09, 5.87, 5.41, 4.83, 4.36, 3.73, 2.79, 2.06, 2.48, 3.69, 4.3, 4.35, 3.14, 2.58, 2.1, 1.85, 1.8, 1.36, 1.07, 0.97, 0.85, 0.94, 1.25, 1.19, 1.48, 1.61, 1.97, 2.46, 3.3, 3.76, 3.66, 2.96, 2.01, 1.23, 1.81, 2.16, 2.23, 1.83, 2.04, 2.27, 2.34, 2.62, 2.7, 2.51, 1.64, 3.16, 5.92, 6.27, 5.33, 5.37, 5.67, 6.19, 5.87, 5.73], [2.71, 2.4, 2.32, 2.14, 2.25, 3.01, 3.2, 2.84, 4.1, 4.02, 1.88, 0, 0.56, 0.79, 1.0, 1.26, 1.89, 1.68, 1.46, 1.18, 1.22, 1.07, 1.09, 1.6, 1.79, 2.53, 3.64, 3.39, 2.81, 2.91, 5.03, 6.92, 6.93, 7.71, 7.25, 6.59, 5.98, 4.81, 3.43, 2.32, 1.52, 2.19, 2.68, 2.65, 1.6, 1.44, 1.32, 1.43, 1.58, 1.66, 1.97, 1.65, 1.79, 2.04, 1.81, 1.77, 1.74, 1.79, 2.17, 2.4, 2.78, 3.38, 2.92, 2.24, 1.39, 2.27, 2.75, 1.68, 1.79, 1.79, 1.8, 1.93, 2.16, 2.78, 2.56, 2.07, 1.5, 2.1, 4.34, 4.71, 3.87, 3.75, 4.09, 4.57, 4.29, 4.11], [2.71, 2.32, 2.18, 2.12, 2.55, 3.35, 3.58, 3.26, 4.5, 4.38, 2.24, 0.56, 0, 0.85, 1.24, 1.14, 1.63, 1.46, 1.26, 1.22, 1.28, 1.09, 1.23, 1.8, 2.03, 2.85, 3.9, 3.75, 3.17, 3.15, 5.37, 7.3, 7.27, 8.09, 7.63, 6.85, 6.22, 5.09, 3.55, 2.28, 1.44, 1.89, 2.44, 2.37, 1.44, 1.28, 1.18, 1.41, 1.58, 1.86, 2.15, 1.87, 2.11, 2.38, 2.19, 2.03, 1.92, 1.99, 2.35, 2.56, 2.9, 3.48, 2.9, 2.32, 1.57, 2.67, 3.164, 1.86, 1.85, 1.95, 1.92, 2.13, 2.46, 2.98, 2.86, 2.21, 1.78, 1.94, 4.04, 4.41, 3.63, 3.49, 3.75, 4.21, 4.01, 3.95], [2.74, 2.31, 2.11, 1.91, 2.04, 2.82, 3.21, 3.01, 4.29, 4.21, 2.05, 0.79, 0.85, 0, 0.85, 1.03, 1.74, 1.55, 1.35, 1.21, 1.33, 1.0, 1.3, 1.77, 2.02, 2.72, 3.79, 3.58, 2.98, 3.04, 5.2, 7.11, 7.12, 7.9, 7.44, 6.72, 6.13, 5.1, 3.5, 2.11, 1.57, 2.22, 2.73, 2.68, 1.69, 1.53, 1.45, 1.62, 1.67, 1.83, 2.04, 1.82, 1.94, 2.17, 1.9, 2.08, 2.03, 2.16, 2.48, 2.55, 2.97, 3.33, 2.87, 2.21, 1.54, 2.44, 2.96, 2.05, 2.12, 2.02, 1.97, 2.2, 2.41, 3.07, 2.77, 2.28, 1.71, 2.05, 4.23, 4.52, 3.62, 3.56, 3.88, 4.36, 4.12, 3.9], [2.53, 2.28, 2.28, 1.76, 1.61, 2.45, 2.78, 2.46, 3.78, 3.72, 1.54, 1.0, 1.24, 0.85, 0, 1.34, 2.19, 1.88, 1.7, 1.56, 1.44, 1.27, 1.25, 1.58, 1.71, 2.43, 3.34, 3.13, 2.61, 2.67, 4.71, 6.6, 6.63, 7.39, 6.93, 6.27, 5.74, 4.87, 3.61, 2.5, 2.08, 2.81, 3.08, 3.17, 2.16, 1.8, 1.84, 1.99, 1.92, 1.7, 1.65, 1.51, 1.53, 1.7, 1.39, 1.71, 1.74, 1.89, 2.17, 2.24, 2.62, 3.02, 2.7, 2.08, 1.23, 1.93, 2.53, 1.72, 1.83, 1.79, 1.72, 1.81, 1.96, 2.74, 2.52, 2.01, 1.38, 2.32, 4.76, 4.99, 4.05, 4.07, 4.41, 4.91, 4.53, 4.31], [2.85, 2.46, 2.22, 2.12, 2.75, 3.67, 3.94, 3.64, 4.88, 4.8, 2.64, 1.26, 1.14, 1.03, 1.34, 0, 1.23, 1.16, 1.02, 1.14, 1.36, 1.23, 1.67, 2.24, 2.45, 3.23, 4.36, 4.21, 3.57, 3.57, 5.77, 7.7, 7.71, 8.49, 8.03, 7.29, 6.68, 5.59, 3.91, 2.14, 1.24, 1.75, 2.08, 2.23, 1.36, 1.3, 1.42, 1.71, 1.94, 2.34, 2.63, 2.35, 2.53, 2.78, 2.35, 2.47, 2.42, 2.45, 2.79, 2.84, 3.06, 3.44, 2.94, 2.38, 1.71, 3.01, 3.55, 2.16, 2.25, 2.43, 2.34, 2.31, 2.68, 3.42, 3.2, 2.59, 2.18, 1.8, 3.74, 3.95, 3.27, 3.23, 3.59, 4.01, 3.91, 3.53], [3.12, 2.63, 2.29, 2.35, 3.12, 4.04, 4.47, 4.39, 5.57, 5.53, 3.41, 1.89, 1.63, 1.74, 2.19, 1.23, 0, 0.65, 0.99, 1.47, 1.81, 2.0, 2.36, 3.01, 3.2, 3.92, 5.09, 4.94, 4.28, 4.34, 6.5, 8.43, 8.44, 9.18, 8.74, 8.02, 7.41, 6.32, 4.64, 2.71, 1.41, 1.04, 1.47, 1.64, 1.05, 1.29, 1.85, 2.36, 2.65, 3.05, 3.34, 3.08, 3.26, 3.49, 3.08, 3.14, 2.91, 2.98, 3.24, 3.37, 3.09, 3.51, 2.97, 2.55, 2.08, 3.72, 4.26, 2.73, 2.66, 3.04, 2.67, 3.0, 3.23, 3.87, 3.87, 3.08, 2.67, 1.29, 2.97, 3.22, 2.78, 2.68, 3.06, 3.4, 3.36, 2.96], [3.05, 2.62, 2.28, 2.28, 3.11, 3.99, 4.28, 4.06, 5.28, 5.26, 3.14, 1.68, 1.46, 1.55, 1.88, 1.16, 0.65, 0, 0.8, 1.18, 1.56, 1.75, 2.21, 2.82, 3.01, 3.75, 4.82, 4.65, 4.01, 4.09, 6.21, 8.14, 8.15, 8.89, 8.45, 7.75, 7.14, 6.11, 4.47, 2.54, 1.28, 1.21, 1.5, 1.65, 1.16, 1.2, 1.7, 2.21, 2.46, 2.78, 3.07, 2.79, 2.97, 3.2, 2.83, 2.87, 2.66, 2.71, 2.97, 3.1, 3.08, 3.58, 3.04, 2.48, 1.87, 3.43, 3.97, 2.42, 2.35, 2.73, 2.42, 2.65, 2.92, 3.54, 3.58, 2.81, 2.46, 1.16, 3.12, 3.43, 2.93, 2.89, 3.25, 3.63, 3.55, 3.17], [3.09, 2.68, 2.46, 2.3, 2.93, 3.77, 3.96, 3.64, 4.84, 4.8, 2.72, 1.46, 1.26, 1.35, 1.7, 1.02, 0.99, 0.8, 0, 0.9, 1.32, 1.39, 1.87, 2.5, 2.73, 3.43, 4.42, 4.19, 3.65, 3.69, 5.83, 7.7, 7.71, 8.45, 8.01, 7.31, 6.8, 5.83, 4.15, 2.16, 1.08, 1.31, 1.82, 1.93, 1.2, 0.96, 1.38, 1.91, 2.16, 2.46, 2.61, 2.37, 2.53, 2.8, 2.37, 2.45, 2.26, 2.33, 2.71, 2.7, 2.96, 3.58, 3.06, 2.42, 1.63, 2.99, 3.53, 2.0, 2.05, 2.27, 2.1, 2.23, 2.46, 3.16, 3.14, 2.53, 2.04, 1.3, 3.58, 3.87, 3.41, 3.31, 3.67, 4.03, 4.03, 3.65], [2.79, 2.44, 2.24, 2.22, 2.79, 3.59, 3.72, 3.44, 4.6, 4.58, 2.52, 1.18, 1.22, 1.21, 1.56, 1.14, 1.47, 1.18, 0.9, 0, 0.92, 1.15, 1.73, 2.28, 2.51, 3.13, 4.14, 3.85, 3.33, 3.45, 5.53, 7.4, 7.43, 8.13, 7.71, 7.09, 6.54, 5.53, 3.95, 2.24, 1.28, 1.69, 2.16, 2.27, 1.5, 0.84, 1.24, 1.81, 1.98, 2.24, 2.51, 2.21, 2.37, 2.64, 2.17, 2.31, 2.12, 2.15, 2.61, 2.6, 2.72, 3.3, 2.76, 2.14, 1.37, 2.65, 3.19, 1.72, 1.83, 1.99, 1.94, 1.83, 2.18, 2.88, 2.68, 2.11, 1.66, 1.24, 3.74, 4.15, 3.31, 3.33, 3.65, 4.13, 3.91, 3.71], [3.07, 2.62, 2.36, 2.34, 2.73, 3.47, 3.62, 3.16, 4.34, 4.3, 2.36, 1.22, 1.28, 1.33, 1.44, 1.36, 1.81, 1.56, 1.32, 0.92, 0, 0.77, 1.39, 1.94, 2.13, 2.79, 3.7, 3.55, 3.03, 3.13, 5.07, 6.9, 6.93, 7.63, 7.21, 6.57, 5.94, 4.99, 3.47, 1.98, 1.34, 2.11, 2.44, 2.65, 1.64, 1.18, 1.2, 1.47, 1.52, 1.7, 2.21, 1.95, 2.17, 2.36, 1.87, 2.03, 1.96, 2.11, 2.53, 2.62, 2.92, 3.52, 3.06, 2.42, 1.41, 2.37, 2.93, 1.76, 1.85, 2.03, 2.02, 1.93, 2.16, 2.6, 2.4, 2.31, 1.48, 1.64, 4.28, 4.67, 3.79, 3.81, 4.13, 4.61, 4.35, 4.13], [3.24, 2.83, 2.65, 2.37, 2.56, 3.38, 3.55, 2.85, 3.93, 3.79, 1.89, 1.07, 1.09, 1.0, 1.27, 1.23, 2.0, 1.75, 1.39, 1.15, 0.77, 0, 0.92, 1.47, 1.7, 2.3, 3.29, 3.08, 2.6, 2.6, 4.64, 6.55, 6.54, 7.32, 6.86, 6.14, 5.53, 4.56, 2.98, 1.63, 1.11, 2.18, 2.65, 2.74, 1.53, 1.19, 0.95, 1.0, 1.01, 1.27, 1.66, 1.48, 1.66, 1.87, 1.6, 1.64, 1.79, 1.88, 2.14, 2.49, 3.13, 3.69, 3.23, 2.53, 1.58, 2.18, 2.74, 1.81, 1.9, 1.8, 2.01, 1.98, 2.23, 2.59, 2.41, 2.28, 1.41, 1.75, 4.43, 4.76, 3.9, 3.92, 4.26, 4.72, 4.56, 4.44], [3.5, 3.05, 3.03, 2.69, 2.5, 3.02, 3.21, 2.53, 3.65, 3.55, 1.59, 1.09, 1.23, 1.3, 1.25, 1.67, 2.36, 2.21, 1.87, 1.73, 1.39, 0.92, 0, 0.81, 1.12, 1.84, 2.99, 2.9, 2.3, 2.22, 4.44, 6.37, 6.34, 7.16, 6.7, 5.9, 5.23, 4.24, 2.96, 1.67, 1.27, 2.58, 3.07, 3.1, 1.83, 1.81, 1.31, 1.06, 1.09, 1.03, 1.3, 1.14, 1.36, 1.59, 1.52, 1.44, 1.67, 1.82, 2.08, 2.59, 3.31, 3.91, 3.55, 2.75, 1.78, 1.88, 2.48, 1.95, 2.06, 1.84, 2.11, 2.18, 2.45, 2.83, 2.71, 2.48, 1.57, 2.43, 4.89, 5.28, 4.38, 4.2, 4.6, 5.08, 4.92, 4.74], [3.97, 3.56, 3.5, 3.1, 2.69, 3.01, 3.06, 2.18, 3.14, 3.0, 1.28, 1.6, 1.8, 1.77, 1.58, 2.24, 3.01, 2.82, 2.5, 2.28, 1.94, 1.47, 0.81, 0, 0.65, 1.39, 2.44, 2.35, 1.79, 1.67, 3.91, 5.84, 5.81, 6.63, 6.17, 5.37, 4.7, 3.81, 2.59, 1.6, 1.9, 3.23, 3.72, 3.71, 2.5, 2.46, 1.78, 1.27, 1.2, 0.96, 0.95, 1.11, 1.21, 1.32, 1.57, 1.49, 1.84, 2.03, 2.37, 2.9, 3.76, 4.26, 4.06, 3.22, 2.09, 1.57, 2.33, 2.32, 2.41, 2.11, 2.4, 2.55, 2.64, 2.84, 2.92, 2.81, 1.86, 3.02, 5.58, 5.97, 5.03, 4.83, 5.23, 5.75, 5.53, 5.35], [3.96, 3.53, 3.64, 3.13, 2.6, 2.62, 2.77, 1.93, 2.63, 2.47, 0.95, 1.79, 2.03, 2.02, 1.71, 2.45, 3.2, 3.01, 2.73, 2.51, 2.13, 1.7, 1.12, 0.65, 0, 1.0, 1.99, 1.92, 1.38, 1.24, 3.44, 5.37, 5.34, 6.16, 5.7, 4.9, 4.25, 3.46, 2.48, 1.65, 2.15, 3.38, 4.01, 4.04, 2.81, 2.67, 1.99, 1.48, 1.33, 1.03, 0.96, 0.94, 1.08, 1.19, 1.24, 1.34, 1.79, 1.96, 2.26, 2.81, 3.63, 4.15, 4.05, 3.25, 2.14, 1.36, 2.04, 2.25, 2.38, 2.04, 2.33, 2.5, 2.57, 2.67, 2.83, 2.76, 1.75, 3.25, 5.79, 6.16, 5.2, 5.1, 5.44, 5.96, 5.7, 5.54], [4.58, 4.123, 4.377, 3.75, 3.14, 2.8, 2.59, 1.63, 1.95, 1.81, 1.25, 2.53, 2.85, 2.72, 2.43, 3.23, 3.92, 3.75, 3.43, 3.13, 2.79, 2.3, 1.84, 1.39, 1.0, 0, 1.29, 1.14, 0.74, 0.8, 2.64, 4.59, 4.56, 5.34, 4.9, 4.14, 3.53, 2.8, 2.08, 1.85, 2.81, 4.14, 4.67, 4.72, 3.51, 3.25, 2.53, 2.0, 1.75, 1.47, 1.38, 1.58, 1.62, 1.49, 1.6, 1.66, 2.15, 2.36, 2.46, 3.15, 4.09, 4.63, 4.67, 3.91, 2.76, 1.54, 2.12, 2.59, 2.7, 2.38, 2.63, 2.8, 2.85, 2.93, 3.15, 3.12, 2.17, 3.81, 6.45, 6.78, 5.9, 5.84, 6.18, 6.68, 6.48, 6.28], [5.31, 5.078, 5.301, 4.56, 3.79, 2.87, 2.6, 1.76, 1.34, 1.0, 1.98, 3.64, 3.9, 3.79, 3.34, 4.36, 5.09, 4.82, 4.42, 4.14, 3.7, 3.29, 2.99, 2.44, 1.99, 1.29, 0, 0.73, 0.97, 1.03, 1.55, 3.4, 3.37, 4.19, 3.73, 2.97, 2.44, 2.41, 2.23, 2.62, 3.92, 5.29, 5.86, 5.91, 4.64, 4.24, 3.6, 3.15, 2.8, 2.34, 2.13, 2.33, 2.37, 2.0, 2.31, 2.31, 2.82, 3.07, 3.03, 3.6, 4.52, 5.22, 5.52, 4.66, 3.63, 2.07, 2.25, 2.94, 3.09, 2.77, 3.14, 3.17, 3.14, 3.02, 3.34, 3.45, 2.72, 4.72, 7.54, 7.99, 7.07, 7.05, 7.37, 7.87, 7.55, 7.45], [5.08, 4.883, 5.097, 4.47, 3.58, 2.8, 2.37, 1.61, 1.15, 1.07, 1.69, 3.39, 3.75, 3.58, 3.13, 4.21, 4.94, 4.65, 4.19, 3.85, 3.55, 3.08, 2.9, 2.35, 1.92, 1.14, 0.73, 0, 0.8, 0.9, 1.98, 3.67, 3.66, 4.36, 3.96, 3.4, 2.89, 2.64, 2.22, 2.51, 3.79, 5.12, 5.67, 5.72, 4.47, 3.89, 3.25, 2.96, 2.61, 2.19, 1.9, 2.14, 2.1, 1.79, 2.06, 2.24, 2.61, 2.8, 2.84, 3.41, 4.31, 5.03, 5.09, 4.41, 3.26, 1.9, 2.02, 2.83, 2.98, 2.54, 2.85, 2.96, 2.95, 2.83, 3.17, 3.28, 2.59, 4.41, 7.33, 7.74, 6.86, 6.8, 7.12, 7.62, 7.38, 7.26], [4.82, 4.463, 4.58, 3.99, 3.42, 2.92, 2.55, 1.81, 1.55, 1.51, 1.43, 2.81, 3.17, 2.98, 2.61, 3.57, 4.28, 4.01, 3.65, 3.33, 3.03, 2.6, 2.3, 1.79, 1.38, 0.74, 0.97, 0.8, 0, 0.72, 2.28, 4.23, 4.22, 4.94, 4.52, 3.82, 3.21, 2.5, 1.88, 2.07, 3.21, 4.54, 5.07, 5.06, 3.89, 3.45, 2.79, 2.44, 2.13, 1.69, 1.6, 1.9, 1.92, 1.65, 1.76, 2.04, 2.43, 2.64, 2.68, 3.37, 4.31, 4.93, 4.83, 4.11, 2.92, 1.74, 2.18, 2.71, 2.84, 2.58, 2.75, 2.98, 3.03, 3.01, 3.27, 3.32, 2.37, 4.03, 6.79, 7.14, 6.28, 6.24, 6.56, 7.06, 6.8, 6.64], [4.8, 4.446, 4.6, 4.01, 3.4, 2.98, 2.71, 1.89, 1.75, 1.55, 1.41, 2.91, 3.15, 3.04, 2.67, 3.57, 4.34, 4.09, 3.69, 3.45, 3.13, 2.6, 2.22, 1.67, 1.24, 0.8, 1.03, 0.9, 0.72, 0, 2.36, 4.33, 4.28, 5.06, 4.64, 3.82, 3.19, 2.62, 2.06, 2.01, 3.15, 4.52, 5.15, 5.18, 3.85, 3.57, 2.89, 2.42, 2.05, 1.65, 1.44, 1.66, 1.78, 1.65, 1.8, 1.88, 2.43, 2.64, 2.74, 3.41, 4.35, 4.93, 4.87, 4.13, 3.0, 1.86, 2.44, 2.89, 3.0, 2.64, 2.91, 3.12, 3.17, 3.13, 3.37, 3.38, 2.39, 4.11, 6.85, 7.18, 6.2, 6.08, 6.44, 6.96, 6.8, 6.66], [6.633, 6.474, 6.674, 5.931, 4.8, 3.92, 3.49, 2.87, 1.95, 1.61, 3.29, 5.03, 5.37, 5.2, 4.71, 5.77, 6.5, 6.21, 5.83, 5.53, 5.07, 4.64, 4.44, 3.91, 3.44, 2.64, 1.55, 1.98, 2.28, 2.36, 0, 1.99, 2.04, 2.76, 2.32, 1.68, 1.37, 1.78, 2.18, 3.89, 5.29, 6.62, 7.27, 7.32, 6.07, 5.49, 4.87, 4.44, 4.09, 3.63, 3.46, 3.64, 3.5, 3.25, 3.64, 3.54, 3.95, 4.12, 4.02, 4.55, 5.45, 6.23, 6.85, 5.91, 5.02, 3.42, 3.3, 4.33, 4.4, 4.08, 4.43, 4.5, 4.31, 3.91, 4.27, 4.46, 3.99, 6.03, 8.89, 9.24, 8.4, 8.44, 8.76, 9.26, 9.02, 8.86], [8.368, 8.378, 8.561, 7.818, 6.41, 5.27, 4.58, 4.3, 3.12, 3.04, 5.08, 6.92, 7.3, 7.11, 6.6, 7.7, 8.43, 8.14, 7.7, 7.4, 6.9, 6.55, 6.37, 5.84, 5.37, 4.59, 3.4, 3.67, 4.23, 4.33, 1.99, 0, 0.61, 1.05, 0.69, 0.93, 1.4, 2.37, 3.99, 5.78, 7.22, 8.57, 9.16, 9.25, 8.0, 7.42, 6.8, 6.41, 6.06, 5.6, 5.37, 5.57, 5.29, 5.02, 5.49, 5.35, 5.58, 5.69, 5.51, 5.86, 6.52, 7.72, 8.54, 7.66, 6.71, 5.13, 4.61, 6.0, 6.11, 5.65, 6.08, 5.95, 5.66, 4.94, 5.32, 5.89, 5.8, 7.86, 10.78, 11.21, 10.37, 10.41, 10.73, 11.23, 10.93, 10.79], [8.398, 8.391, 8.591, 7.848, 6.44, 5.4, 4.71, 4.33, 3.33, 3.03, 5.09, 6.93, 7.27, 7.12, 6.63, 7.71, 8.44, 8.15, 7.71, 7.43, 6.93, 6.54, 6.34, 5.81, 5.34, 4.56, 3.37, 3.66, 4.22, 4.28, 2.04, 0.61, 0, 0.92, 0.68, 0.86, 1.23, 2.3, 3.98, 5.77, 7.21, 8.52, 9.19, 9.26, 7.97, 7.39, 6.75, 6.34, 5.97, 5.51, 5.28, 5.48, 5.3, 5.03, 5.52, 5.32, 5.57, 5.7, 5.56, 6.09, 6.83, 7.79, 8.57, 7.71, 6.74, 5.2, 4.7, 6.03, 6.12, 5.66, 6.11, 6.0, 5.71, 5.19, 5.63, 6.08, 5.83, 7.83, 10.77, 11.16, 10.28, 10.36, 10.68, 11.18, 10.9, 10.8], [9.138, 9.142, 9.311, 8.568, 7.1, 5.98, 5.27, 5.05, 3.85, 3.75, 5.87, 7.71, 8.09, 7.9, 7.39, 8.49, 9.18, 8.89, 8.45, 8.13, 7.63, 7.32, 7.16, 6.63, 6.16, 5.34, 4.19, 4.36, 4.94, 5.06, 2.76, 1.05, 0.92, 0, 0.64, 1.34, 2.01, 3.14, 4.74, 6.57, 8.01, 9.32, 9.93, 10.0, 8.79, 8.07, 7.41, 7.06, 6.71, 6.29, 6.04, 6.24, 6.02, 5.79, 6.22, 6.1, 6.27, 6.36, 6.22, 6.63, 7.31, 8.39, 9.23, 8.43, 7.44, 5.88, 5.36, 6.75, 6.86, 6.44, 6.83, 6.68, 6.35, 5.71, 6.11, 6.7, 6.55, 8.61, 11.57, 11.92, 11.02, 11.14, 11.46, 11.96, 11.72, 11.58], [8.678, 8.688, 8.871, 8.128, 6.7, 5.7, 4.97, 4.67, 3.59, 3.41, 5.41, 7.25, 7.63, 7.44, 6.93, 8.03, 8.74, 8.45, 8.01, 7.71, 7.21, 6.86, 6.7, 6.17, 5.7, 4.9, 3.73, 3.96, 4.52, 4.64, 2.32, 0.69, 0.68, 0.64, 0, 0.94, 1.63, 2.7, 4.3, 6.11, 7.55, 8.86, 9.47, 9.56, 8.33, 7.67, 7.05, 6.68, 6.33, 5.87, 5.64, 5.84, 5.6, 5.33, 5.8, 5.66, 5.85, 6.02, 5.9, 6.35, 7.03, 8.11, 8.81, 8.01, 7.04, 5.48, 4.96, 6.31, 6.42, 6.0, 6.43, 6.28, 5.97, 5.41, 5.83, 6.3, 6.11, 8.15, 11.11, 11.48, 10.64, 10.72, 11.04, 11.54, 11.26, 11.12], [8.155, 8.0, 8.2, 7.477, 6.36, 5.44, 4.71, 4.35, 3.31, 3.01, 4.83, 6.59, 6.85, 6.72, 6.27, 7.29, 8.02, 7.75, 7.31, 7.09, 6.57, 6.14, 5.9, 5.37, 4.9, 4.14, 2.97, 3.4, 3.82, 3.82, 1.68, 0.93, 0.86, 1.34, 0.94, 0, 0.89, 1.98, 3.56, 5.35, 6.79, 8.1, 8.79, 8.84, 7.53, 7.03, 6.35, 5.86, 5.51, 5.03, 4.84, 5.08, 5.04, 4.79, 5.16, 5.02, 5.47, 5.7, 5.62, 6.09, 6.83, 7.83, 8.39, 7.47, 6.56, 4.98, 4.52, 5.71, 5.84, 5.48, 5.99, 5.94, 5.67, 5.17, 5.63, 5.92, 5.53, 7.55, 10.45, 10.76, 9.82, 9.9, 10.22, 10.72, 10.5, 10.38], [7.73, 7.458, 7.641, 6.898, 6.09, 5.17, 4.52, 4.04, 3.06, 2.62, 4.36, 5.98, 6.22, 6.13, 5.74, 6.68, 7.41, 7.14, 6.8, 6.54, 5.94, 5.53, 5.23, 4.7, 4.25, 3.53, 2.44, 2.89, 3.21, 3.19, 1.37, 1.4, 1.23, 2.01, 1.63, 0.89, 0, 1.37, 2.93, 4.74, 6.16, 7.53, 8.18, 8.23, 6.9, 6.54, 5.78, 5.29, 4.94, 4.42, 4.35, 4.59, 4.65, 4.36, 4.65, 4.55, 5.14, 5.39, 5.35, 5.88, 6.66, 7.54, 7.9, 7.0, 6.07, 4.45, 4.25, 5.22, 5.39, 5.07, 5.58, 5.47, 5.32, 4.98, 5.44, 5.69, 5.08, 7.04, 9.84, 10.19, 9.25, 9.21, 9.55, 10.05, 9.87, 9.77], [7.22, 6.786, 6.883, 6.41, 5.84, 5.26, 4.93, 4.05, 3.39, 2.93, 3.73, 4.81, 5.09, 5.1, 4.87, 5.59, 6.32, 6.11, 5.83, 5.53, 4.99, 4.56, 4.24, 3.81, 3.46, 2.8, 2.41, 2.64, 2.5, 2.62, 1.78, 2.37, 2.3, 3.14, 2.7, 1.98, 1.37, 0, 1.76, 3.75, 5.17, 6.44, 6.99, 7.02, 5.79, 5.65, 4.85, 4.24, 3.85, 3.67, 3.8, 4.18, 4.18, 4.03, 4.2, 4.34, 4.87, 5.08, 5.16, 5.87, 6.81, 7.37, 7.23, 6.49, 5.28, 4.16, 4.56, 5.21, 5.34, 4.98, 5.25, 5.44, 5.43, 5.23, 5.59, 5.72, 4.73, 6.15, 8.71, 9.06, 8.24, 8.1, 8.42, 8.92, 8.72, 8.62], [6.04, 5.63, 5.49, 5.09, 4.78, 4.7, 4.33, 3.47, 2.89, 2.65, 2.79, 3.43, 3.55, 3.5, 3.61, 3.91, 4.64, 4.47, 4.15, 3.95, 3.47, 2.98, 2.96, 2.59, 2.48, 2.08, 2.23, 2.22, 1.88, 2.06, 2.18, 3.99, 3.98, 4.74, 4.3, 3.56, 2.93, 1.76, 0, 2.13, 3.53, 4.74, 5.29, 5.32, 4.19, 3.97, 3.19, 2.6, 2.33, 2.53, 2.64, 3.02, 3.16, 3.27, 3.42, 3.4, 3.65, 3.94, 4.24, 4.95, 5.85, 6.33, 6.01, 5.27, 4.2, 3.46, 4.0, 4.45, 4.54, 4.26, 4.51, 4.68, 4.75, 4.59, 4.87, 4.94, 3.75, 4.63, 7.03, 7.36, 6.66, 6.54, 6.82, 7.3, 7.18, 7.06], [4.73, 4.22, 4.02, 3.76, 3.75, 4.03, 4.02, 3.06, 3.38, 3.24, 2.06, 2.32, 2.28, 2.11, 2.5, 2.14, 2.71, 2.54, 2.16, 2.24, 1.98, 1.63, 1.67, 1.6, 1.65, 1.85, 2.62, 2.51, 2.07, 2.01, 3.89, 5.78, 5.77, 6.57, 6.11, 5.35, 4.74, 3.75, 2.13, 0, 1.54, 2.85, 3.46, 3.51, 2.28, 2.22, 1.62, 1.35, 1.16, 1.32, 1.69, 1.87, 2.09, 2.28, 2.53, 2.15, 2.3, 2.69, 2.97, 3.7, 4.62, 5.18, 4.7, 3.98, 3.01, 2.55, 3.11, 3.2, 3.25, 3.03, 3.34, 3.43, 3.64, 3.52, 3.7, 3.69, 2.64, 2.7, 5.16, 5.59, 4.95, 4.87, 5.21, 5.63, 5.57, 5.31], [3.81, 3.36, 3.14, 3.04, 3.33, 3.93, 4.14, 3.5, 4.6, 4.44, 2.48, 1.52, 1.44, 1.57, 2.08, 1.24, 1.41, 1.28, 1.08, 1.28, 1.34, 1.11, 1.27, 1.9, 2.15, 2.81, 3.92, 3.79, 3.21, 3.15, 5.29, 7.22, 7.21, 8.01, 7.55, 6.79, 6.16, 5.17, 3.53, 1.54, 0, 1.45, 2.08, 2.13, 1.0, 1.12, 1.04, 1.29, 1.52, 1.88, 2.27, 2.01, 2.27, 2.58, 2.41, 2.11, 2.16, 2.23, 2.61, 3.06, 3.74, 4.38, 3.86, 3.16, 2.29, 2.77, 3.35, 2.48, 2.49, 2.45, 2.62, 2.69, 2.96, 3.38, 3.26, 3.01, 2.14, 1.5, 3.8, 4.19, 3.71, 3.61, 3.95, 4.35, 4.37, 4.05], [3.66, 3.19, 2.83, 3.09, 3.84, 4.68, 4.91, 4.77, 5.85, 5.67, 3.69, 2.19, 1.89, 2.22, 2.81, 1.75, 1.04, 1.21, 1.31, 1.69, 2.11, 2.18, 2.58, 3.23, 3.38, 4.14, 5.29, 5.12, 4.54, 4.52, 6.62, 8.57, 8.52, 9.32, 8.86, 8.1, 7.53, 6.44, 4.74, 2.85, 1.45, 0, 1.03, 1.28, 1.09, 1.37, 1.99, 2.4, 2.71, 3.15, 3.48, 3.26, 3.5, 3.83, 3.48, 3.38, 3.23, 3.3, 3.56, 3.73, 3.51, 4.01, 3.49, 2.99, 2.5, 4.12, 4.66, 3.01, 2.88, 3.18, 2.91, 3.14, 3.53, 4.15, 4.03, 3.24, 2.99, 1.05, 2.57, 2.88, 2.82, 2.78, 3.02, 3.4, 3.54, 3.22], [4.13, 3.66, 3.28, 3.5, 4.41, 5.19, 5.38, 5.2, 6.38, 6.34, 4.3, 2.68, 2.44, 2.73, 3.08, 2.08, 1.47, 1.5, 1.82, 2.16, 2.44, 2.65, 3.07, 3.72, 4.01, 4.67, 5.86, 5.67, 5.07, 5.15, 7.27, 9.16, 9.19, 9.93, 9.47, 8.79, 8.18, 6.99, 5.29, 3.46, 2.08, 1.03, 0, 0.61, 1.6, 1.98, 2.6, 3.01, 3.34, 3.82, 4.15, 3.95, 4.11, 4.34, 3.93, 4.01, 3.78, 3.85, 4.09, 4.24, 4.06, 4.58, 4.02, 3.54, 2.89, 4.55, 5.07, 3.38, 3.29, 3.73, 3.38, 3.53, 3.9, 4.62, 4.5, 3.79, 3.46, 1.6, 2.4, 3.15, 3.33, 3.17, 3.35, 3.73, 3.93, 3.63], [4.32, 3.87, 3.53, 3.61, 4.42, 5.2, 5.37, 5.21, 6.41, 6.41, 4.35, 2.65, 2.37, 2.68, 3.17, 2.23, 1.64, 1.65, 1.93, 2.27, 2.65, 2.74, 3.1, 3.71, 4.04, 4.72, 5.91, 5.72, 5.06, 5.18, 7.32, 9.25, 9.26, 10.0, 9.56, 8.84, 8.23, 7.02, 5.32, 3.51, 2.13, 1.28, 0.61, 0, 1.55, 2.09, 2.73, 3.06, 3.41, 3.87, 4.18, 3.96, 4.16, 4.41, 4.04, 4.02, 3.87, 3.92, 4.2, 4.41, 4.39, 4.91, 4.27, 3.81, 3.14, 4.56, 5.1, 3.55, 3.46, 3.82, 3.47, 3.76, 4.11, 4.73, 4.59, 3.9, 3.55, 1.93, 2.67, 3.48, 3.6, 3.4, 3.6, 3.98, 4.16, 3.84], [3.67, 3.2, 2.9, 2.9, 3.27, 4.09, 4.26, 4.12, 5.28, 5.2, 3.14, 1.6, 1.44, 1.69, 2.16, 1.36, 1.05, 1.16, 1.2, 1.5, 1.64, 1.53, 1.83, 2.5, 2.81, 3.51, 4.64, 4.47, 3.89, 3.85, 6.07, 8.0, 7.97, 8.79, 8.33, 7.53, 6.9, 5.79, 4.19, 2.28, 1.0, 1.09, 1.6, 1.55, 0, 1.1, 1.56, 1.91, 2.16, 2.54, 2.89, 2.69, 2.93, 3.2, 2.97, 2.81, 2.72, 2.83, 3.21, 3.54, 3.64, 4.22, 3.58, 3.12, 2.39, 3.47, 3.97, 2.78, 2.73, 2.85, 2.74, 2.97, 3.24, 3.9, 3.66, 3.07, 2.58, 1.24, 3.18, 3.59, 3.11, 2.89, 3.29, 3.65, 3.73, 3.41], [3.23, 2.88, 2.6, 2.52, 2.89, 3.73, 3.98, 3.6, 4.58, 4.58, 2.58, 1.44, 1.28, 1.53, 1.8, 1.3, 1.29, 1.2, 0.96, 0.84, 1.18, 1.19, 1.81, 2.46, 2.67, 3.25, 4.24, 3.89, 3.45, 3.57, 5.49, 7.42, 7.39, 8.07, 7.67, 7.03, 6.54, 5.65, 3.97, 2.22, 1.12, 1.37, 1.98, 2.09, 1.1, 0, 0.94, 1.69, 1.92, 2.18, 2.43, 2.15, 2.35, 2.68, 2.29, 2.27, 2.04, 2.03, 2.53, 2.64, 2.94, 3.58, 3.08, 2.52, 1.67, 2.87, 3.39, 2.04, 1.99, 2.15, 2.04, 2.17, 2.54, 3.08, 3.0, 2.57, 1.92, 1.04, 3.6, 3.91, 3.21, 3.35, 3.65, 4.09, 3.99, 3.85], [3.51, 3.1, 2.84, 2.72, 2.95, 3.59, 3.86, 3.26, 4.08, 3.98, 2.1, 1.32, 1.18, 1.45, 1.84, 1.42, 1.85, 1.7, 1.38, 1.24, 1.2, 0.95, 1.31, 1.78, 1.99, 2.53, 3.6, 3.25, 2.79, 2.89, 4.87, 6.8, 6.75, 7.41, 7.05, 6.35, 5.78, 4.85, 3.19, 1.62, 1.04, 1.99, 2.6, 2.73, 1.56, 0.94, 0, 0.85, 1.04, 1.44, 1.75, 1.63, 1.77, 2.22, 2.25, 1.83, 1.62, 1.65, 2.03, 2.56, 3.3, 3.9, 3.4, 2.78, 1.91, 2.35, 2.81, 2.1, 2.13, 2.03, 2.22, 2.31, 2.62, 2.98, 3.0, 2.71, 1.88, 1.78, 4.26, 4.59, 3.77, 3.91, 4.23, 4.65, 4.59, 4.47], [3.96, 3.49, 3.33, 3.11, 3.22, 3.7, 3.91, 3.09, 3.79, 3.61, 1.85, 1.43, 1.41, 1.62, 1.99, 1.71, 2.36, 2.21, 1.91, 1.81, 1.47, 1.0, 1.06, 1.27, 1.48, 2.0, 3.15, 2.96, 2.44, 2.42, 4.44, 6.41, 6.34, 7.06, 6.68, 5.86, 5.29, 4.24, 2.6, 1.35, 1.29, 2.4, 3.01, 3.06, 1.91, 1.69, 0.85, 0, 0.61, 1.01, 1.34, 1.32, 1.54, 2.07, 2.22, 1.62, 1.63, 1.84, 2.18, 2.95, 3.75, 4.33, 3.93, 3.21, 2.3, 2.18, 2.76, 2.45, 2.5, 2.36, 2.61, 2.66, 2.97, 3.11, 3.19, 2.96, 2.11, 2.35, 4.81, 5.08, 4.28, 4.28, 4.6, 5.08, 5.04, 4.86], [4.07, 3.62, 3.42, 3.08, 3.11, 3.59, 3.8, 2.9, 3.44, 3.28, 1.8, 1.58, 1.58, 1.67, 1.92, 1.94, 2.65, 2.46, 2.16, 1.98, 1.52, 1.01, 1.09, 1.2, 1.33, 1.75, 2.8, 2.61, 2.13, 2.05, 4.09, 6.06, 5.97, 6.71, 6.33, 5.51, 4.94, 3.85, 2.33, 1.16, 1.52, 2.71, 3.34, 3.41, 2.16, 1.92, 1.04, 0.61, 0, 0.74, 1.23, 1.21, 1.45, 1.9, 2.01, 1.57, 1.66, 2.05, 2.29, 3.02, 3.92, 4.44, 4.06, 3.36, 2.37, 2.09, 2.65, 2.6, 2.69, 2.39, 2.7, 2.81, 3.0, 3.0, 3.12, 3.05, 2.04, 2.56, 5.08, 5.35, 4.43, 4.49, 4.83, 5.27, 5.19, 5.11], [3.91, 3.46, 3.456, 3.04, 2.77, 3.21, 3.38, 2.52, 3.02, 2.84, 1.36, 1.66, 1.86, 1.83, 1.7, 2.34, 3.05, 2.78, 2.46, 2.24, 1.7, 1.27, 1.03, 0.96, 1.03, 1.47, 2.34, 2.19, 1.69, 1.65, 3.63, 5.6, 5.51, 6.29, 5.87, 5.03, 4.42, 3.67, 2.53, 1.32, 1.88, 3.15, 3.82, 3.87, 2.54, 2.18, 1.44, 1.01, 0.74, 0, 0.73, 0.81, 1.11, 1.52, 1.73, 1.27, 1.42, 1.77, 2.01, 2.7, 3.64, 4.16, 3.86, 3.06, 2.09, 1.73, 2.29, 2.32, 2.35, 2.11, 2.42, 2.51, 2.72, 2.8, 2.88, 2.75, 1.76, 2.78, 5.52, 5.79, 4.85, 4.87, 5.21, 5.71, 5.51, 5.41], [3.8, 3.549, 3.606, 3.07, 2.36, 2.74, 2.91, 2.09, 2.67, 2.51, 1.07, 1.97, 2.15, 2.04, 1.65, 2.63, 3.34, 3.07, 2.61, 2.51, 2.21, 1.66, 1.3, 0.95, 0.96, 1.38, 2.13, 1.9, 1.6, 1.44, 3.46, 5.37, 5.28, 6.04, 5.64, 4.84, 4.35, 3.8, 2.64, 1.69, 2.27, 3.48, 4.15, 4.18, 2.89, 2.43, 1.75, 1.34, 1.23, 0.73, 0, 0.66, 0.82, 1.19, 1.44, 1.2, 1.41, 1.62, 1.9, 2.57, 3.49, 3.95, 3.81, 3.05, 2.04, 1.42, 2.02, 2.23, 2.28, 1.96, 2.21, 2.4, 2.53, 2.79, 2.83, 2.6, 1.61, 2.99, 5.81, 6.08, 5.1, 5.1, 5.44, 5.92, 5.8, 5.7], [3.32, 3.17, 3.277, 2.69, 2.14, 2.64, 2.85, 1.97, 2.77, 2.61, 0.97, 1.65, 1.87, 1.82, 1.51, 2.35, 3.08, 2.79, 2.37, 2.21, 1.95, 1.48, 1.14, 1.11, 0.94, 1.58, 2.33, 2.14, 1.9, 1.66, 3.64, 5.57, 5.48, 6.24, 5.84, 5.08, 4.59, 4.18, 3.02, 1.87, 2.01, 3.26, 3.95, 3.96, 2.69, 2.15, 1.63, 1.32, 1.21, 0.81, 0.66, 0, 0.62, 1.01, 1.22, 0.78, 1.05, 1.24, 1.64, 2.23, 3.03, 3.55, 3.41, 2.65, 1.84, 1.36, 2.02, 1.81, 1.9, 1.6, 1.89, 2.06, 2.25, 2.47, 2.49, 2.26, 1.35, 2.77, 5.57, 5.82, 4.86, 4.9, 5.22, 5.72, 5.52, 5.44], [3.44, 3.409, 3.414, 2.81, 1.92, 2.26, 2.53, 1.73, 2.49, 2.37, 0.85, 1.79, 2.11, 1.94, 1.53, 2.53, 3.26, 2.97, 2.53, 2.37, 2.17, 1.66, 1.36, 1.21, 1.08, 1.62, 2.37, 2.1, 1.92, 1.78, 3.5, 5.29, 5.3, 6.02, 5.6, 5.04, 4.65, 4.18, 3.16, 2.09, 2.27, 3.5, 4.11, 4.16, 2.93, 2.35, 1.77, 1.54, 1.45, 1.11, 0.82, 0.62, 0, 0.79, 1.2, 0.9, 1.05, 1.18, 1.4, 1.99, 2.81, 3.35, 3.49, 2.59, 1.78, 1.2, 1.62, 1.81, 1.9, 1.44, 1.75, 1.98, 2.03, 2.23, 2.23, 2.04, 1.39, 2.91, 5.73, 6.02, 5.08, 5.12, 5.44, 5.94, 5.72, 5.62], [3.51, 3.48, 3.618, 2.88, 1.89, 1.95, 2.16, 1.26, 2.2, 2.22, 0.94, 2.04, 2.38, 2.17, 1.7, 2.78, 3.49, 3.2, 2.8, 2.64, 2.36, 1.87, 1.59, 1.32, 1.19, 1.49, 2.0, 1.79, 1.65, 1.65, 3.25, 5.02, 5.03, 5.79, 5.33, 4.79, 4.36, 4.03, 3.27, 2.28, 2.58, 3.83, 4.34, 4.41, 3.2, 2.68, 2.22, 2.07, 1.9, 1.52, 1.19, 1.01, 0.79, 0, 0.91, 1.07, 1.38, 1.43, 1.59, 1.98, 2.84, 3.48, 3.74, 2.82, 1.99, 1.03, 1.45, 1.7, 1.81, 1.41, 1.64, 1.85, 1.84, 1.96, 2.08, 2.01, 1.42, 3.28, 6.0, 6.33, 5.45, 5.45, 5.79, 6.29, 5.99, 5.87], [3.32, 3.143, 3.237, 2.59, 1.9, 2.14, 2.41, 1.67, 2.65, 2.65, 1.25, 1.81, 2.19, 1.9, 1.39, 2.35, 3.08, 2.83, 2.37, 2.17, 1.87, 1.6, 1.52, 1.57, 1.24, 1.6, 2.31, 2.06, 1.76, 1.8, 3.64, 5.49, 5.52, 6.22, 5.8, 5.16, 4.65, 4.2, 3.42, 2.53, 2.41, 3.48, 3.93, 4.04, 2.97, 2.29, 2.25, 2.22, 2.01, 1.73, 1.44, 1.22, 1.2, 0.91, 0, 1.32, 1.65, 1.76, 1.88, 1.95, 2.69, 3.27, 3.43, 2.59, 1.56, 1.08, 1.66, 1.45, 1.62, 1.5, 1.55, 1.68, 1.75, 1.95, 2.07, 2.02, 1.11, 2.97, 5.67, 5.94, 5.1, 5.14, 5.46, 5.96, 5.66, 5.44], [3.28, 3.17, 3.351, 2.77, 2.14, 2.46, 2.65, 1.77, 2.59, 2.57, 1.19, 1.77, 2.03, 2.08, 1.71, 2.47, 3.14, 2.87, 2.45, 2.31, 2.03, 1.64, 1.44, 1.49, 1.34, 1.66, 2.31, 2.24, 2.04, 1.88, 3.54, 5.35, 5.32, 6.1, 5.66, 5.02, 4.55, 4.34, 3.4, 2.15, 2.11, 3.38, 4.01, 4.02, 2.81, 2.27, 1.83, 1.62, 1.57, 1.27, 1.2, 0.78, 0.9, 1.07, 1.32, 0, 0.87, 1.1, 1.24, 1.79, 2.57, 3.19, 3.39, 2.71, 1.78, 1.22, 1.74, 1.41, 1.46, 1.3, 1.57, 1.6, 1.87, 1.99, 2.03, 1.86, 1.33, 2.83, 5.65, 5.94, 5.06, 5.06, 5.38, 5.88, 5.66, 5.5], [3.09, 3.1, 3.061, 2.58, 1.95, 2.43, 2.72, 2.12, 2.8, 2.8, 1.48, 1.74, 1.92, 2.03, 1.74, 2.42, 2.91, 2.66, 2.26, 2.12, 1.96, 1.79, 1.67, 1.84, 1.79, 2.15, 2.82, 2.61, 2.43, 2.43, 3.95, 5.58, 5.57, 6.27, 5.85, 5.47, 5.14, 4.87, 3.65, 2.3, 2.16, 3.23, 3.78, 3.87, 2.72, 2.04, 1.62, 1.63, 1.66, 1.42, 1.41, 1.05, 1.05, 1.38, 1.65, 0.87, 0, 0.69, 0.99, 1.62, 2.38, 2.96, 3.1, 2.4, 1.71, 1.45, 1.83, 1.54, 1.55, 1.49, 1.56, 1.67, 1.9, 2.1, 2.2, 1.95, 1.44, 2.66, 5.4, 5.75, 4.91, 4.99, 5.31, 5.81, 5.51, 5.33], [3.1, 3.09, 3.179, 2.63, 1.96, 2.24, 2.57, 2.07, 2.77, 2.89, 1.61, 1.79, 1.99, 2.16, 1.89, 2.45, 2.98, 2.71, 2.33, 2.15, 2.11, 1.88, 1.82, 2.03, 1.96, 2.36, 3.07, 2.8, 2.64, 2.64, 4.12, 5.69, 5.7, 6.36, 6.02, 5.7, 5.39, 5.08, 3.94, 2.69, 2.23, 3.3, 3.85, 3.92, 2.83, 2.03, 1.65, 1.84, 2.05, 1.77, 1.62, 1.24, 1.18, 1.43, 1.76, 1.1, 0.69, 0, 0.84, 1.21, 2.05, 2.61, 3.11, 2.31, 1.5, 1.48, 1.84, 1.57, 1.56, 1.42, 1.43, 1.48, 1.69, 1.85, 1.99, 1.78, 1.39, 2.69, 5.43, 5.8, 4.96, 5.02, 5.34, 5.84, 5.56, 5.4], [3.32, 3.33, 3.391, 2.79, 2.16, 2.22, 2.55, 2.01, 2.73, 2.89, 1.97, 2.17, 2.35, 2.48, 2.17, 2.79, 3.24, 2.97, 2.71, 2.61, 2.53, 2.14, 2.08, 2.37, 2.26, 2.46, 3.03, 2.84, 2.68, 2.74, 4.02, 5.51, 5.56, 6.22, 5.9, 5.62, 5.35, 5.16, 4.24, 2.97, 2.61, 3.56, 4.09, 4.2, 3.21, 2.53, 2.03, 2.18, 2.29, 2.01, 1.9, 1.64, 1.4, 1.59, 1.88, 1.24, 0.99, 0.84, 0, 0.93, 1.77, 2.63, 3.35, 2.57, 1.78, 1.68, 1.82, 1.47, 1.48, 1.4, 1.27, 1.44, 1.65, 1.65, 1.71, 1.54, 1.51, 2.91, 5.65, 6.06, 5.22, 5.28, 5.6, 6.1, 5.8, 5.62], [3.35, 3.343, 3.463, 2.8, 2.11, 2.11, 2.4, 2.24, 2.94, 3.44, 2.46, 2.4, 2.56, 2.55, 2.24, 2.84, 3.37, 3.1, 2.7, 2.6, 2.62, 2.49, 2.59, 2.9, 2.81, 3.15, 3.6, 3.41, 3.37, 3.41, 4.55, 5.86, 6.09, 6.63, 6.35, 6.09, 5.88, 5.87, 4.95, 3.7, 3.06, 3.73, 4.24, 4.41, 3.54, 2.64, 2.56, 2.95, 3.02, 2.7, 2.57, 2.23, 1.99, 1.98, 1.95, 1.79, 1.62, 1.21, 0.93, 0, 1.16, 2.38, 3.44, 2.52, 1.67, 1.95, 2.03, 1.44, 1.49, 1.35, 1.38, 1.23, 1.34, 1.5, 1.44, 1.35, 1.64, 3.16, 5.84, 6.19, 5.35, 5.41, 5.73, 6.23, 5.93, 5.73], [2.87, 2.92, 2.94, 2.76, 2.31, 2.41, 2.6, 2.98, 3.76, 4.26, 3.3, 2.78, 2.9, 2.97, 2.62, 3.06, 3.09, 3.08, 2.96, 2.72, 2.92, 3.13, 3.31, 3.76, 3.63, 4.09, 4.52, 4.31, 4.31, 4.35, 5.45, 6.52, 6.83, 7.31, 7.03, 6.83, 6.66, 6.81, 5.85, 4.62, 3.74, 3.51, 4.06, 4.39, 3.64, 2.94, 3.3, 3.75, 3.92, 3.64, 3.49, 3.03, 2.81, 2.84, 2.69, 2.57, 2.38, 2.05, 1.77, 1.16, 0, 1.86, 2.8, 2.1, 1.87, 2.95, 2.87, 1.76, 1.67, 1.93, 1.7, 1.49, 1.62, 2.0, 1.54, 1.35, 2.28, 2.84, 5.28, 5.57, 4.69, 4.75, 5.07, 5.57, 5.23, 5.05], [2.01, 2.32, 2.26, 2.34, 2.09, 2.75, 3.56, 3.86, 4.72, 4.96, 3.76, 3.38, 3.48, 3.33, 3.02, 3.44, 3.51, 3.58, 3.58, 3.3, 3.52, 3.69, 3.91, 4.26, 4.15, 4.63, 5.22, 5.03, 4.93, 4.93, 6.23, 7.72, 7.79, 8.39, 8.11, 7.83, 7.54, 7.37, 6.33, 5.18, 4.38, 4.01, 4.58, 4.91, 4.22, 3.58, 3.9, 4.33, 4.44, 4.16, 3.95, 3.55, 3.35, 3.48, 3.27, 3.19, 2.96, 2.61, 2.63, 2.38, 1.86, 0, 1.3, 1.36, 2.35, 3.53, 3.79, 2.68, 2.61, 2.77, 2.34, 2.39, 2.56, 3.06, 3.04, 2.33, 2.8, 3.38, 4.04, 3.99, 3.13, 3.25, 3.53, 4.01, 3.67, 3.49], [1.59, 1.62, 1.44, 1.82, 2.55, 3.77, 4.5, 4.56, 5.64, 5.62, 3.66, 2.92, 2.9, 2.87, 2.7, 2.94, 2.97, 3.04, 3.06, 2.76, 3.06, 3.23, 3.55, 4.06, 4.05, 4.67, 5.52, 5.09, 4.83, 4.87, 6.85, 8.54, 8.57, 9.23, 8.81, 8.39, 7.9, 7.23, 6.01, 4.7, 3.86, 3.49, 4.02, 4.27, 3.58, 3.08, 3.4, 3.93, 4.06, 3.86, 3.81, 3.41, 3.49, 3.74, 3.43, 3.39, 3.1, 3.11, 3.35, 3.44, 2.8, 1.3, 0, 1.24, 2.31, 4.01, 4.47, 2.88, 2.71, 3.15, 2.6, 2.81, 3.24, 3.96, 3.8, 2.89, 3.02, 2.84, 3.26, 2.99, 2.15, 2.31, 2.53, 2.89, 2.57, 2.39], [1.63, 1.82, 1.58, 1.82, 2.11, 2.97, 3.68, 3.74, 4.82, 4.8, 2.96, 2.24, 2.32, 2.21, 2.08, 2.38, 2.55, 2.48, 2.42, 2.14, 2.42, 2.53, 2.75, 3.22, 3.25, 3.91, 4.66, 4.41, 4.11, 4.13, 5.91, 7.66, 7.71, 8.43, 8.01, 7.47, 7.0, 6.49, 5.27, 3.98, 3.16, 2.99, 3.54, 3.81, 3.12, 2.52, 2.78, 3.21, 3.36, 3.06, 3.05, 2.65, 2.59, 2.82, 2.59, 2.71, 2.4, 2.31, 2.57, 2.52, 2.1, 1.36, 1.24, 0, 1.53, 3.11, 3.55, 2.08, 2.01, 2.33, 1.98, 2.03, 2.38, 3.1, 3.02, 2.09, 2.14, 2.38, 3.46, 3.75, 2.87, 2.93, 3.27, 3.73, 3.41, 3.23], [2.48, 2.25, 2.21, 1.87, 1.9, 2.58, 2.81, 2.71, 3.87, 3.93, 2.01, 1.39, 1.57, 1.54, 1.23, 1.71, 2.08, 1.87, 1.63, 1.37, 1.41, 1.58, 1.78, 2.09, 2.14, 2.76, 3.63, 3.26, 2.92, 3.0, 5.02, 6.71, 6.74, 7.44, 7.04, 6.56, 6.07, 5.28, 4.2, 3.01, 2.29, 2.5, 2.89, 3.14, 2.39, 1.67, 1.91, 2.3, 2.37, 2.09, 2.04, 1.84, 1.78, 1.99, 1.56, 1.78, 1.71, 1.5, 1.78, 1.67, 1.87, 2.35, 2.31, 1.53, 0, 1.94, 2.4, 1.21, 1.24, 1.38, 1.11, 1.16, 1.31, 1.99, 1.99, 1.44, 1.13, 1.87, 4.43, 4.88, 4.04, 4.04, 4.36, 4.86, 4.52, 4.32], [3.9, 3.762, 3.882, 3.17, 2.26, 1.96, 2.11, 1.49, 2.39, 2.47, 1.23, 2.27, 2.67, 2.44, 1.93, 3.01, 3.72, 3.43, 2.99, 2.65, 2.37, 2.18, 1.88, 1.57, 1.36, 1.54, 2.07, 1.9, 1.74, 1.86, 3.42, 5.13, 5.2, 5.88, 5.48, 4.98, 4.45, 4.16, 3.46, 2.55, 2.77, 4.12, 4.55, 4.56, 3.47, 2.87, 2.35, 2.18, 2.09, 1.73, 1.42, 1.36, 1.2, 1.03, 1.08, 1.22, 1.45, 1.48, 1.68, 1.95, 2.95, 3.53, 4.01, 3.11, 1.94, 0, 1.04, 1.69, 1.84, 1.56, 1.73, 1.7, 1.65, 1.75, 2.15, 2.18, 1.35, 3.43, 6.25, 6.72, 5.88, 5.86, 6.18, 6.68, 6.34, 6.14], [4.189, 4.216, 4.336, 3.63, 2.54, 1.94, 1.73, 1.45, 2.13, 2.35, 1.81, 2.75, 3.164, 2.96, 2.53, 3.55, 4.26, 3.97, 3.53, 3.19, 2.93, 2.74, 2.48, 2.33, 2.04, 2.12, 2.25, 2.02, 2.18, 2.44, 3.3, 4.61, 4.7, 5.36, 4.96, 4.52, 4.25, 4.56, 4.0, 3.11, 3.35, 4.66, 5.07, 5.1, 3.97, 3.39, 2.81, 2.76, 2.65, 2.29, 2.02, 2.02, 1.62, 1.45, 1.66, 1.74, 1.83, 1.84, 1.82, 2.03, 2.87, 3.79, 4.47, 3.55, 2.4, 1.04, 0, 1.77, 2.0, 1.56, 1.93, 1.84, 1.45, 1.39, 1.83, 1.96, 1.77, 3.99, 6.79, 7.26, 6.42, 6.36, 6.68, 7.18, 6.84, 6.64], [2.63, 2.6, 2.72, 2.24, 2.29, 2.59, 2.62, 2.18, 3.36, 3.42, 2.16, 1.68, 1.86, 2.05, 1.72, 2.16, 2.73, 2.42, 2.0, 1.72, 1.76, 1.81, 1.95, 2.32, 2.25, 2.59, 2.94, 2.83, 2.71, 2.89, 4.33, 6.0, 6.03, 6.75, 6.31, 5.71, 5.22, 5.21, 4.45, 3.2, 2.48, 3.01, 3.38, 3.55, 2.78, 2.04, 2.1, 2.45, 2.6, 2.32, 2.23, 1.81, 1.81, 1.7, 1.45, 1.41, 1.54, 1.57, 1.47, 1.44, 1.76, 2.68, 2.88, 2.08, 1.21, 1.69, 1.77, 0, 0.47, 0.67, 0.84, 0.69, 0.88, 1.44, 1.4, 1.05, 1.1, 2.34, 5.1, 5.51, 4.67, 4.63, 4.95, 5.45, 5.11, 4.91], [2.5, 2.49, 2.53, 2.33, 2.4, 2.72, 2.77, 2.31, 3.45, 3.53, 2.23, 1.79, 1.85, 2.12, 1.83, 2.25, 2.66, 2.35, 2.05, 1.83, 1.85, 1.9, 2.06, 2.41, 2.38, 2.7, 3.09, 2.98, 2.84, 3.0, 4.4, 6.11, 6.12, 6.86, 6.42, 5.84, 5.39, 5.34, 4.54, 3.25, 2.49, 2.88, 3.29, 3.46, 2.73, 1.99, 2.13, 2.5, 2.69, 2.35, 2.28, 1.9, 1.9, 1.81, 1.62, 1.46, 1.55, 1.56, 1.48, 1.49, 1.67, 2.61, 2.71, 2.01, 1.24, 1.84, 2.0, 0.47, 0, 0.7, 0.81, 0.72, 1.09, 1.53, 1.53, 1.12, 1.29, 2.19, 4.87, 5.32, 4.48, 4.44, 4.76, 5.26, 4.92, 4.76], [2.84, 2.868, 2.988, 2.51, 2.18, 2.38, 2.37, 1.91, 3.03, 3.03, 1.83, 1.79, 1.95, 2.02, 1.79, 2.43, 3.04, 2.73, 2.27, 1.99, 2.03, 1.8, 1.84, 2.11, 2.04, 2.38, 2.77, 2.54, 2.58, 2.64, 4.08, 5.65, 5.66, 6.44, 6.0, 5.48, 5.07, 4.98, 4.26, 3.03, 2.45, 3.18, 3.73, 3.82, 2.85, 2.15, 2.03, 2.36, 2.39, 2.11, 1.96, 1.6, 1.44, 1.41, 1.5, 1.3, 1.49, 1.42, 1.4, 1.35, 1.93, 2.77, 3.15, 2.33, 1.38, 1.56, 1.56, 0.67, 0.7, 0, 0.69, 0.76, 0.87, 1.25, 1.27, 1.08, 1.05, 2.53, 5.33, 5.82, 4.94, 4.88, 5.18, 5.68, 5.34, 5.24], [2.61, 2.58, 2.6, 2.18, 2.01, 2.31, 2.5, 2.2, 3.36, 3.38, 2.04, 1.8, 1.92, 1.97, 1.72, 2.34, 2.67, 2.42, 2.1, 1.94, 2.02, 2.01, 2.11, 2.4, 2.33, 2.63, 3.14, 2.85, 2.75, 2.91, 4.43, 6.08, 6.11, 6.83, 6.43, 5.99, 5.58, 5.25, 4.51, 3.34, 2.62, 2.91, 3.38, 3.47, 2.74, 2.04, 2.22, 2.61, 2.7, 2.42, 2.21, 1.89, 1.75, 1.64, 1.55, 1.57, 1.56, 1.43, 1.27, 1.38, 1.7, 2.34, 2.6, 1.98, 1.11, 1.73, 1.93, 0.84, 0.81, 0.69, 0, 0.87, 1.08, 1.5, 1.54, 0.99, 1.04, 2.2, 4.9, 5.37, 4.53, 4.49, 4.81, 5.31, 4.97, 4.79], [2.7, 2.676, 2.862, 2.33, 2.1, 2.24, 2.29, 2.09, 3.21, 3.37, 2.27, 1.93, 2.13, 2.2, 1.81, 2.31, 3.0, 2.65, 2.23, 1.83, 1.93, 1.98, 2.18, 2.55, 2.5, 2.8, 3.17, 2.96, 2.98, 3.12, 4.5, 5.95, 6.0, 6.68, 6.28, 5.94, 5.47, 5.44, 4.68, 3.43, 2.69, 3.14, 3.53, 3.76, 2.97, 2.17, 2.31, 2.66, 2.81, 2.51, 2.4, 2.06, 1.98, 1.85, 1.68, 1.6, 1.67, 1.48, 1.44, 1.23, 1.49, 2.39, 2.81, 2.03, 1.16, 1.7, 1.84, 0.69, 0.72, 0.76, 0.87, 0, 0.69, 1.35, 1.25, 0.98, 1.29, 2.47, 5.17, 5.64, 4.8, 4.78, 5.1, 5.6, 5.26, 5.08], [3.019, 3.069, 3.209, 2.56, 2.01, 2.03, 1.94, 1.8, 3.02, 3.22, 2.34, 2.16, 2.46, 2.41, 1.96, 2.68, 3.23, 2.92, 2.46, 2.18, 2.16, 2.23, 2.45, 2.64, 2.57, 2.85, 3.14, 2.95, 3.03, 3.17, 4.31, 5.66, 5.71, 6.35, 5.97, 5.67, 5.32, 5.43, 4.75, 3.64, 2.96, 3.53, 3.9, 4.11, 3.24, 2.54, 2.62, 2.97, 3.0, 2.72, 2.53, 2.25, 2.03, 1.84, 1.75, 1.87, 1.9, 1.69, 1.65, 1.34, 1.62, 2.56, 3.24, 2.38, 1.31, 1.65, 1.45, 0.88, 1.09, 0.87, 1.08, 0.69, 0, 1.04, 1.1, 1.11, 1.16, 2.78, 5.6, 6.07, 5.23, 5.21, 5.53, 6.03, 5.69, 5.49], [3.764, 3.797, 3.877, 3.32, 2.67, 2.45, 2.3, 1.96, 2.68, 3.08, 2.62, 2.78, 2.98, 3.07, 2.74, 3.42, 3.87, 3.54, 3.16, 2.88, 2.6, 2.59, 2.83, 2.84, 2.67, 2.93, 3.02, 2.83, 3.01, 3.13, 3.91, 4.94, 5.19, 5.71, 5.41, 5.17, 4.98, 5.23, 4.59, 3.52, 3.38, 4.15, 4.62, 4.73, 3.9, 3.08, 2.98, 3.11, 3.0, 2.8, 2.79, 2.47, 2.23, 1.96, 1.95, 1.99, 2.1, 1.85, 1.65, 1.5, 2.0, 3.06, 3.96, 3.1, 1.99, 1.75, 1.39, 1.44, 1.53, 1.25, 1.5, 1.35, 1.04, 0, 1.04, 1.41, 1.6, 3.44, 6.32, 6.79, 5.95, 5.89, 6.19, 6.69, 6.35, 6.15], [3.548, 3.609, 3.761, 3.22, 2.47, 2.43, 2.3, 2.06, 2.98, 3.4, 2.7, 2.56, 2.86, 2.77, 2.52, 3.2, 3.87, 3.58, 3.14, 2.68, 2.4, 2.41, 2.71, 2.92, 2.83, 3.15, 3.34, 3.17, 3.27, 3.37, 4.27, 5.32, 5.63, 6.11, 5.83, 5.63, 5.44, 5.59, 4.87, 3.7, 3.26, 4.03, 4.5, 4.59, 3.66, 3.0, 3.0, 3.19, 3.12, 2.88, 2.83, 2.49, 2.23, 2.08, 2.07, 2.03, 2.2, 1.99, 1.71, 1.44, 1.54, 3.04, 3.8, 3.02, 1.99, 2.15, 1.83, 1.4, 1.53, 1.27, 1.54, 1.25, 1.1, 1.04, 0, 1.11, 1.52, 3.3, 6.18, 6.65, 5.81, 5.75, 6.05, 6.55, 6.21, 6.05], [2.58, 2.668, 2.87, 2.43, 2.06, 2.28, 2.33, 2.29, 3.41, 3.61, 2.51, 2.07, 2.21, 2.28, 2.01, 2.59, 3.08, 2.81, 2.53, 2.11, 2.31, 2.28, 2.48, 2.81, 2.76, 3.12, 3.45, 3.28, 3.32, 3.38, 4.46, 5.89, 6.08, 6.7, 6.3, 5.92, 5.69, 5.72, 4.94, 3.69, 3.01, 3.24, 3.79, 3.9, 3.07, 2.57, 2.71, 2.96, 3.05, 2.75, 2.6, 2.26, 2.04, 2.01, 2.02, 1.86, 1.95, 1.78, 1.54, 1.35, 1.35, 2.33, 2.89, 2.09, 1.44, 2.18, 1.96, 1.05, 1.12, 1.08, 0.99, 0.98, 1.11, 1.41, 1.11, 0, 1.39, 2.49, 5.13, 5.6, 4.74, 4.68, 4.98, 5.48, 5.14, 5.02], [2.83, 2.738, 2.841, 2.1, 1.79, 2.37, 2.54, 2.08, 3.24, 3.16, 1.64, 1.5, 1.78, 1.71, 1.38, 2.18, 2.67, 2.46, 2.04, 1.66, 1.48, 1.41, 1.57, 1.86, 1.75, 2.17, 2.72, 2.59, 2.37, 2.39, 3.99, 5.8, 5.83, 6.55, 6.11, 5.53, 5.08, 4.73, 3.75, 2.64, 2.14, 2.99, 3.46, 3.55, 2.58, 1.92, 1.88, 2.11, 2.04, 1.76, 1.61, 1.35, 1.39, 1.42, 1.11, 1.33, 1.44, 1.39, 1.51, 1.64, 2.28, 2.8, 3.02, 2.14, 1.13, 1.35, 1.77, 1.1, 1.29, 1.05, 1.04, 1.29, 1.16, 1.6, 1.52, 1.39, 0, 2.36, 5.14, 5.61, 4.77, 4.79, 5.11, 5.61, 5.27, 5.07], [3.07, 2.78, 2.44, 2.64, 3.25, 4.09, 4.34, 4.18, 5.28, 5.12, 3.16, 2.1, 1.94, 2.05, 2.32, 1.8, 1.29, 1.16, 1.3, 1.24, 1.64, 1.75, 2.43, 3.02, 3.25, 3.81, 4.72, 4.41, 4.03, 4.11, 6.03, 7.86, 7.83, 8.61, 8.15, 7.55, 7.04, 6.15, 4.63, 2.7, 1.5, 1.05, 1.6, 1.93, 1.24, 1.04, 1.78, 2.35, 2.56, 2.78, 2.99, 2.77, 2.91, 3.28, 2.97, 2.83, 2.66, 2.69, 2.91, 3.16, 2.84, 3.38, 2.84, 2.38, 1.87, 3.43, 3.99, 2.34, 2.19, 2.53, 2.2, 2.47, 2.78, 3.44, 3.3, 2.49, 2.36, 0, 3.0, 3.37, 2.69, 2.73, 3.01, 3.45, 3.41, 3.17], [4.15, 3.98, 3.58, 4.2, 5.23, 6.17, 6.96, 6.92, 8.08, 7.96, 5.92, 4.34, 4.04, 4.23, 4.76, 3.74, 2.97, 3.12, 3.58, 3.74, 4.28, 4.43, 4.89, 5.58, 5.79, 6.45, 7.54, 7.33, 6.79, 6.85, 8.89, 10.78, 10.77, 11.57, 11.11, 10.45, 9.84, 8.71, 7.03, 5.16, 3.8, 2.57, 2.4, 2.67, 3.18, 3.6, 4.26, 4.81