[[0, 0.73, 1.22, 1.02, 0.84, 0.98, 0.71, 0.93, 1.37, 1.43, 3.23, 1.85, 1.04, 1.67, 1.92, 3.69, 3.23, 4.11, 5.45, 4.87, 5.45, 6.521, 6.797, 6.077, 5.238, 4.67, 4.806, 5.236, 5.046, 5.15, 4.62, 4.66, 5.32, 5.44, 5.6, 8.56, 10.79, 10.827, 12.167, 13.1, 12.823, 11.556, 11.193, 11.726, 12.033, 12.22, 12.98, 12.94, 12.667, 12.354, 12.409, 11.919, 11.618, 13.798, 14.691, 14.045, 13.821, 13.948, 13.176, 12.347, 11.864, 11.744, 11.948, 11.859, 11.746, 10.725, 10.179, 9.669, 8.32, 5.96, 4.88, 4.41, 4.01, 3.99, 4.05, 4.78, 5.89, 6.42, 6.88, 5.07, 2.27, 3.48, 3.07, 3.22, 3.55, 3.91], [0.73, 0, 0.87, 0.69, 0.73, 0.91, 0.94, 1.18, 1.36, 1.42, 2.8, 1.4, 0.83, 1.58, 2.23, 4.16, 3.68, 4.54, 5.9, 5.26, 5.72, 6.974, 7.241, 6.524, 5.62, 4.78, 4.799, 5.186, 4.976, 5.076, 4.59, 4.61, 5.25, 5.39, 5.53, 9.03, 11.22, 11.28, 12.6, 13.533, 13.256, 11.989, 11.629, 12.156, 12.469, 12.65, 13.408, 13.373, 13.1, 12.784, 12.873, 12.389, 12.088, 14.262, 15.121, 14.478, 14.291, 14.418, 13.64, 12.775, 12.294, 12.177, 12.392, 12.292, 12.176, 11.149, 10.606, 10.096, 8.79, 6.39, 5.31, 4.82, 4.34, 4.26, 4.28, 5.09, 6.2, 6.77, 7.25, 5.54, 2.56, 3.47, 3.16, 3.21, 3.54, 3.84], [1.22, 0.87, 0, 0.64, 0.86, 0.96, 1.19, 1.41, 1.51, 1.41, 2.81, 1.41, 1.1, 1.85, 2.62, 4.59, 3.99, 4.85, 6.25, 5.33, 5.83, 7.132, 7.399, 6.614, 5.721, 4.944, 4.843, 5.033, 4.803, 4.803, 4.38, 4.36, 5.04, 5.16, 5.26, 9.14, 11.47, 11.602, 12.907, 13.84, 13.563, 12.316, 11.99, 12.52, 12.83, 13.054, 13.806, 13.752, 13.427, 13.152, 13.306, 12.793, 12.503, 14.678, 15.55, 14.905, 14.689, 14.83, 14.067, 13.207, 12.727, 12.544, 12.702, 12.67, 12.535, 11.51, 10.947, 10.437, 9.092, 6.76, 5.7, 5.11, 4.41, 4.25, 4.25, 5.06, 6.17, 6.74, 7.24, 5.55, 2.81, 3.72, 3.33, 3.14, 3.43, 3.59], [1.02, 0.69, 0.64, 0, 0.64, 0.82, 1.11, 1.11, 1.35, 1.45, 2.67, 1.31, 0.96, 1.65, 2.48, 4.45, 3.85, 4.71, 6.11, 5.31, 5.81, 7.041, 7.308, 6.574, 5.67, 4.91, 4.76, 5.17, 4.94, 4.986, 4.54, 4.52, 5.16, 5.3, 5.44, 9.08, 11.33, 11.464, 12.787, 13.72, 13.443, 12.176, 11.85, 12.38, 12.69, 12.914, 13.666, 13.612, 13.287, 13.012, 13.166, 12.659, 12.363, 14.538, 15.408, 14.765, 14.549, 14.69, 13.927, 13.067, 12.587, 12.401, 12.562, 12.53, 12.398, 11.37, 10.81, 10.3, 8.96, 6.62, 5.56, 4.95, 4.41, 4.35, 4.37, 5.18, 6.29, 6.86, 7.32, 5.59, 2.71, 3.64, 3.25, 3.12, 3.45, 3.81], [0.84, 0.73, 0.86, 0.64, 0, 0.7, 0.93, 0.99, 1.39, 1.33, 2.91, 1.51, 0.9, 1.51, 2.1, 4.05, 3.63, 4.49, 5.85, 5.13, 5.69, 6.81, 7.117, 6.377, 5.495, 4.841, 4.803, 5.173, 5.006, 5.066, 4.6, 4.62, 5.22, 5.32, 5.52, 8.88, 11.13, 11.19, 12.55, 13.483, 13.206, 11.939, 11.559, 12.089, 12.399, 12.546, 13.306, 13.323, 13.05, 12.7, 12.763, 12.287, 11.978, 14.161, 15.017, 14.373, 14.186, 14.313, 13.539, 12.673, 12.193, 12.115, 12.342, 12.242, 12.092, 11.099, 10.556, 10.046, 8.62, 6.34, 5.26, 4.67, 4.23, 4.21, 4.25, 5.0, 6.11, 6.68, 7.14, 5.35, 2.43, 3.58, 3.19, 3.16, 3.57, 3.87], [0.98, 0.91, 0.96, 0.82, 0.7, 0, 0.77, 0.83, 1.27, 1.57, 2.79, 1.37, 1.02, 1.37, 2.0, 3.91, 3.63, 4.49, 5.77, 5.33, 5.85, 6.987, 7.277, 6.577, 5.67, 4.95, 5.026, 5.456, 5.266, 5.37, 4.98, 4.9, 5.56, 5.68, 5.82, 9.06, 11.21, 11.09, 12.45, 13.386, 13.109, 11.848, 11.462, 11.992, 12.308, 12.426, 13.215, 13.232, 12.97, 12.6, 12.64, 12.15, 11.835, 14.038, 14.917, 14.259, 14.029, 14.176, 13.419, 12.602, 12.105, 12.096, 12.311, 12.151, 11.995, 11.048, 10.485, 9.975, 8.66, 6.28, 5.2, 4.79, 4.45, 4.39, 4.43, 5.22, 6.33, 6.9, 7.36, 5.57, 2.61, 3.58, 3.37, 3.58, 3.89, 4.21], [0.71, 0.94, 1.19, 1.11, 0.93, 0.77, 0, 0.72, 1.62, 1.76, 3.36, 1.94, 1.15, 1.74, 1.97, 3.44, 3.04, 3.9, 5.2, 4.7, 5.22, 6.374, 6.647, 5.947, 5.048, 4.34, 4.48, 4.903, 4.72, 4.96, 4.63, 4.57, 5.13, 5.23, 5.25, 8.43, 10.62, 10.54, 11.88, 12.816, 12.539, 11.272, 10.912, 11.422, 11.752, 11.91, 12.679, 12.665, 12.4, 12.05, 12.15, 11.672, 11.368, 13.542, 14.418, 13.758, 13.576, 13.698, 12.926, 12.066, 11.595, 11.489, 11.704, 11.584, 11.445, 10.441, 9.909, 9.408, 8.11, 5.71, 4.59, 4.2, 3.84, 3.76, 3.82, 4.59, 5.7, 6.27, 6.73, 4.94, 2.1, 3.13, 2.86, 3.25, 3.34, 3.7], [0.93, 1.18, 1.41, 1.11, 0.99, 0.83, 0.72, 0, 1.6, 1.56, 3.04, 1.8, 1.39, 1.76, 2.33, 3.78, 3.3, 4.16, 5.5, 5.02, 5.64, 6.58, 6.887, 6.187, 5.368, 4.7, 4.75, 5.19, 5.0, 5.2, 4.75, 4.61, 5.15, 5.27, 5.49, 8.69, 10.84, 10.76, 12.12, 13.056, 12.779, 11.512, 11.152, 11.662, 11.992, 12.167, 12.942, 12.899, 12.62, 12.31, 12.481, 11.988, 11.684, 13.867, 14.749, 14.092, 13.887, 14.014, 13.257, 12.409, 11.846, 11.74, 11.961, 11.818, 11.685, 10.698, 10.172, 9.642, 8.31, 5.93, 4.85, 4.44, 4.12, 4.12, 4.18, 4.87, 5.98, 6.53, 6.99, 5.16, 2.36, 3.39, 3.08, 3.39, 3.64, 3.88], [1.37, 1.36, 1.51, 1.35, 1.39, 1.27, 1.62, 1.6, 0, 1.24, 2.54, 1.54, 1.33, 1.16, 2.196, 4.36, 3.84, 4.68, 6.02, 5.68, 6.26, 7.183, 7.49, 6.79, 6.05, 5.503, 5.693, 6.123, 5.913, 5.996, 5.39, 5.43, 6.05, 6.19, 6.45, 9.33, 11.32, 11.32, 12.537, 13.47, 13.193, 11.964, 11.694, 12.184, 12.564, 12.759, 13.551, 13.488, 13.18, 12.89, 13.07, 12.548, 12.264, 14.45, 15.349, 14.692, 14.482, 14.609, 13.846, 12.998, 12.538, 12.372, 12.407, 12.407, 12.264, 11.264, 10.621, 10.154, 8.97, 6.53, 5.47, 5.14, 4.82, 4.8, 4.88, 5.57, 6.68, 7.21, 7.63, 5.74, 3.22, 4.35, 4.0, 4.01, 4.4, 4.7], [1.43, 1.42, 1.41, 1.45, 1.33, 1.57, 1.76, 1.56, 1.24, 0, 2.4, 1.62, 1.65, 1.72, 2.81, 4.833, 4.26, 5.0, 6.54, 5.7, 6.32, 7.203, 7.43, 6.61, 5.945, 5.311, 5.284, 5.534, 5.404, 5.293, 4.65, 4.65, 5.17, 5.31, 5.75, 9.19, 11.44, 11.537, 12.877, 13.81, 13.533, 12.266, 11.903, 12.436, 12.883, 13.056, 13.773, 13.73, 13.497, 13.324, 13.517, 13.031, 12.712, 14.895, 15.742, 15.097, 14.916, 15.059, 14.276, 13.42, 12.842, 12.642, 12.712, 12.769, 12.694, 11.606, 11.063, 10.513, 9.124, 6.73, 5.69, 5.08, 4.6, 4.66, 4.62, 5.37, 6.48, 7.01, 7.45, 5.62, 2.96, 4.11, 3.8, 3.43, 3.8, 3.98], [3.23, 2.8, 2.81, 2.67, 2.91, 2.79, 3.36, 3.04, 2.54, 2.4, 0, 1.8, 2.85, 2.3, 4.475, 6.656, 6.24, 7.02, 8.44, 7.78, 8.28, 9.417, 9.664, 8.944, 8.014, 7.145, 7.055, 7.408, 7.218, 6.884, 6.351, 6.268, 6.59, 6.69, 7.445, 11.43, 13.64, 13.48, 14.86, 15.799, 15.522, 14.258, 13.875, 14.405, 14.798, 14.916, 15.725, 15.722, 15.46, 15.21, 15.372, 14.865, 14.541, 16.753, 17.646, 16.954, 16.744, 16.891, 16.148, 15.332, 14.755, 14.643, 14.741, 14.701, 14.568, 13.578, 13.015, 12.465, 11.13, 8.75, 7.69, 7.2, 6.76, 6.66, 6.7, 7.51, 8.62, 9.19, 9.67, 7.94, 5.0, 5.65, 5.66, 5.15, 5.48, 5.72], [1.85, 1.4, 1.41, 1.31, 1.51, 1.37, 1.94, 1.8, 1.54, 1.62, 1.8, 0, 1.55, 1.42, 3.027, 5.14, 4.94, 5.8, 7.1, 6.56, 7.0, 8.274, 8.541, 7.824, 6.911, 6.034, 5.864, 6.103, 5.933, 5.793, 5.15, 5.15, 5.63, 5.77, 6.33, 10.33, 12.54, 12.36, 13.76, 14.699, 14.422, 13.158, 12.775, 13.305, 13.618, 13.702, 14.545, 14.562, 14.28, 13.93, 13.89, 13.406, 13.074, 15.277, 16.19, 15.498, 15.299, 15.435, 14.672, 13.912, 13.375, 13.423, 13.641, 13.481, 13.308, 12.378, 11.815, 11.305, 9.97, 7.61, 6.53, 6.1, 5.64, 5.52, 5.54, 6.35, 7.48, 8.05, 8.55, 6.84, 3.84, 4.47, 4.4, 3.97, 4.3, 4.52], [1.04, 0.83, 1.1, 0.96, 0.9, 1.02, 1.15, 1.39, 1.33, 1.65, 2.85, 1.55, 0, 1.35, 2.06, 3.95, 3.71, 4.49, 5.83, 5.29, 5.75, 7.007, 7.29, 6.574, 5.644, 4.879, 4.889, 5.219, 5.01, 5.13, 4.72, 4.78, 5.44, 5.56, 5.58, 9.06, 11.21, 11.11, 12.49, 13.429, 13.152, 11.885, 11.505, 12.035, 12.345, 12.469, 13.292, 13.289, 12.99, 12.66, 12.7, 12.196, 11.872, 14.084, 14.997, 14.31, 14.063, 14.207, 13.479, 12.679, 12.179, 12.127, 12.348, 12.208, 12.038, 11.085, 10.542, 10.044, 8.64, 6.32, 5.24, 4.77, 4.39, 4.25, 4.29, 5.1, 6.23, 6.78, 7.3, 5.57, 2.59, 3.36, 3.25, 3.4, 3.63, 4.01], [1.67, 1.58, 1.85, 1.65, 1.51, 1.37, 1.74, 1.76, 1.16, 1.72, 2.3, 1.42, 1.35, 0, 2.35, 4.36, 4.3, 5.12, 6.34, 5.86, 6.42, 7.557, 7.84, 7.124, 6.228, 5.64, 5.77, 6.2, 6.0, 6.04, 5.39, 5.41, 6.03, 6.17, 6.49, 9.61, 11.78, 11.6, 13.0, 13.939, 13.662, 12.398, 12.015, 12.545, 12.858, 12.942, 13.785, 13.802, 13.52, 13.17, 13.13, 12.666, 12.302, 14.537, 15.43, 14.718, 14.545, 14.675, 13.912, 13.172, 12.615, 12.663, 12.881, 12.721, 12.548, 11.618, 11.055, 10.545, 9.21, 6.85, 5.77, 5.36, 4.98, 4.96, 5.02, 5.75, 6.86, 7.41, 7.87, 6.12, 3.28, 4.29, 4.06, 4.11, 4.46, 4.72], [1.92, 2.23, 2.62, 2.48, 2.1, 2.0, 1.97, 2.33, 2.196, 2.81, 4.475, 3.027, 2.06, 2.35, 0, 2.67, 2.73, 3.57, 5.01, 5.11, 5.67, 6.46, 6.49, 6.03, 5.64, 5.36, 5.59, 5.98, 5.79, 5.95, 5.64, 5.7, 6.38, 6.48, 6.36, 8.6, 10.21, 9.89, 10.99, 11.86, 11.62, 10.65, 10.29, 10.62, 11.01, 11.04, 11.9, 11.94, 11.77, 11.34, 11.22, 10.51, 10.109, 12.485, 13.485, 12.805, 12.615, 12.623, 11.97, 11.33, 10.89, 10.861, 11.108, 10.865, 10.635, 9.85, 9.31, 8.94, 7.68, 5.46, 4.48, 4.51, 4.45, 4.43, 4.43, 4.9, 5.97, 6.46, 6.84, 4.89, 2.79, 3.94, 3.95, 4.36, 4.59, 4.99], [3.69, 4.16, 4.59, 4.45, 4.05, 3.91, 3.44, 3.78, 4.36, 4.833, 6.656, 5.14, 3.95, 4.36, 2.67, 0, 1.24, 1.44, 2.76, 2.98, 3.52, 4.33, 4.26, 4.18, 4.13, 4.03, 4.36, 4.79, 4.98, 5.74, 5.53, 5.51, 6.07, 6.11, 5.39, 6.11, 7.78, 7.54, 8.86, 9.805, 9.528, 8.318, 7.924, 8.437, 8.764, 8.828, 9.691, 9.728, 9.48, 9.07, 8.87, 8.375, 7.994, 10.272, 11.305, 10.567, 10.357, 10.441, 9.698, 9.058, 8.58, 8.614, 8.807, 8.647, 8.414, 7.564, 6.995, 6.525, 5.27, 3.15, 2.59, 2.52, 2.76, 2.94, 3.06, 3.03, 3.6, 4.01, 4.35, 2.82, 2.9, 2.93, 3.04, 4.23, 4.24, 4.5], [3.23, 3.68, 3.99, 3.85, 3.63, 3.63, 3.04, 3.3, 3.84, 4.26, 6.24, 4.94, 3.71, 4.3, 2.73, 1.24, 0, 1.22, 2.94, 2.94, 3.6, 4.45, 4.22, 4.26, 4.21, 4.11, 4.5, 4.95, 5.14, 5.88, 5.67, 5.63, 6.19, 6.25, 5.53, 6.15, 7.74, 7.7, 8.937, 9.87, 9.593, 8.378, 8.09, 8.6, 8.84, 9.084, 9.824, 9.762, 9.44, 9.17, 9.39, 8.866, 8.564, 10.75, 11.629, 10.977, 10.759, 10.891, 10.128, 9.289, 8.8, 8.608, 8.738, 8.68, 8.573, 7.55, 7.035, 6.625, 5.37, 3.33, 2.79, 2.66, 2.88, 3.04, 3.2, 3.07, 3.66, 4.11, 4.35, 2.86, 2.76, 3.01, 3.12, 4.21, 4.34, 4.56], [4.11, 4.54, 4.85, 4.71, 4.49, 4.49, 3.9, 4.16, 4.68, 5.0, 7.02, 5.8, 4.49, 5.12, 3.57, 1.44, 1.22, 0, 2.38, 2.4, 2.84, 3.65, 3.46, 3.6, 3.65, 3.71, 4.2, 4.63, 4.86, 5.86, 5.65, 5.63, 6.17, 6.11, 5.05, 5.27, 6.8, 6.76, 8.08, 9.013, 8.736, 7.536, 7.296, 7.826, 8.069, 8.239, 8.999, 8.953, 8.62, 8.382, 8.587, 8.08, 7.778, 9.947, 10.811, 10.168, 9.97, 10.106, 9.343, 8.48, 8.0, 7.834, 7.875, 7.872, 7.773, 6.689, 6.14, 5.668, 4.37, 2.61, 2.33, 2.14, 2.76, 3.0, 3.12, 3.01, 3.1, 3.35, 3.69, 2.62, 3.26, 2.83, 2.98, 4.23, 4.14, 4.34], [5.45, 5.9, 6.25, 6.11, 5.85, 5.77, 5.2, 5.5, 6.02, 6.54, 8.44, 7.1, 5.83, 6.34, 5.01, 2.76, 2.94, 2.38, 0, 1.26, 1.48, 2.15, 2.08, 2.34, 2.63, 3.15, 3.7, 4.13, 4.44, 5.52, 5.41, 5.59, 6.11, 6.07, 4.41, 3.65, 5.6, 5.56, 6.74, 7.69, 7.43, 6.24, 5.92, 6.37, 6.707, 6.87, 7.634, 7.61, 7.36, 6.99, 7.17, 6.617, 6.333, 8.525, 9.43, 8.77, 8.56, 8.669, 7.924, 7.08, 6.66, 6.477, 6.59, 6.51, 6.356, 5.467, 4.844, 4.41, 3.21, 1.45, 1.37, 1.78, 2.7, 2.9, 3.12, 2.75, 2.84, 2.91, 2.69, 2.76, 4.12, 3.63, 3.7, 4.99, 4.68, 4.9], [4.87, 5.26, 5.33, 5.31, 5.13, 5.33, 4.7, 5.02, 5.68, 5.7, 7.78, 6.56, 5.29, 5.86, 5.11, 2.98, 2.94, 2.4, 1.26, 0, 1.04, 2.05, 2.16, 1.8, 1.83, 2.37, 2.86, 3.23, 3.54, 4.62, 4.51, 4.65, 5.19, 5.13, 3.51, 3.81, 6.16, 6.4, 7.68, 8.63, 8.37, 7.117, 6.834, 7.364, 7.706, 7.902, 8.642, 8.564, 8.24, 8.05, 8.258, 7.737, 7.456, 9.621, 10.452, 9.82, 9.633, 9.78, 9.023, 8.14, 7.62, 7.404, 7.469, 7.497, 7.419, 6.374, 5.734, 5.262, 3.93, 1.71, 1.39, 1.34, 1.74, 1.98, 2.18, 1.97, 2.26, 2.37, 2.29, 2.22, 3.42, 2.99, 2.9, 3.97, 3.72, 3.88], [5.45, 5.72, 5.83, 5.81, 5.69, 5.85, 5.22, 5.64, 6.26, 6.32, 8.28, 7.0, 5.75, 6.42, 5.67, 3.52, 3.6, 2.84, 1.48, 1.04, 0, 1.53, 1.72, 1.56, 1.69, 2.29, 2.68, 3.05, 3.34, 4.46, 4.47, 4.75, 5.13, 5.05, 3.35, 3.45, 5.74, 6.02, 7.3, 8.23, 7.97, 6.734, 6.454, 6.984, 7.346, 7.556, 8.296, 8.216, 7.897, 7.69, 7.884, 7.36, 7.076, 9.244, 10.063, 9.437, 9.255, 9.402, 8.646, 7.757, 7.257, 7.038, 7.097, 7.152, 7.062, 5.994, 5.352, 4.902, 3.53, 1.63, 1.65, 1.7, 2.1, 2.1, 2.38, 2.07, 2.04, 2.13, 2.23, 2.32, 3.9, 3.29, 3.2, 4.27, 3.96, 4.12], [6.521, 6.974, 7.132, 7.041, 6.81, 6.987, 6.374, 6.58, 7.183, 7.203, 9.417, 8.274, 7.007, 7.557, 6.46, 4.33, 4.45, 3.65, 2.15, 2.05, 1.53, 0, 0.87, 1.15, 1.76, 2.68, 2.83, 3.26, 3.61, 5.03, 5.28, 5.62, 5.94, 5.72, 4.02, 2.46, 4.57, 4.87, 6.11, 7.02, 6.76, 5.51, 5.27, 5.82, 6.266, 6.465, 7.145, 7.071, 6.775, 6.68, 6.89, 6.366, 6.076, 8.236, 9.069, 8.432, 8.256, 8.394, 7.658, 6.754, 6.209, 5.965, 5.99, 6.081, 6.02, 4.926, 4.303, 3.825, 2.5, 1.54, 2.16, 2.45, 3.05, 3.13, 3.41, 2.76, 2.41, 2.2, 2.08, 2.63, 4.79, 4.22, 4.23, 5.02, 4.67, 4.91], [6.797, 7.241, 7.399, 7.308, 7.117, 7.277, 6.647, 6.887, 7.49, 7.43, 9.664, 8.541, 7.29, 7.84, 6.49, 4.26, 4.22, 3.46, 2.08, 2.16, 1.72, 0.87, 0, 1.1, 1.95, 2.81, 3.08, 3.45, 3.84, 5.3, 5.55, 5.87, 6.15, 5.93, 4.27, 2.21, 4.16, 4.5, 5.7, 6.61, 6.35, 5.12, 4.86, 5.41, 5.823, 6.041, 6.721, 6.684, 6.454, 6.315, 6.529, 6.005, 5.72, 7.886, 8.713, 8.073, 7.897, 8.044, 7.291, 6.396, 5.865, 5.61, 5.629, 5.736, 5.672, 4.599, 3.971, 3.478, 2.13, 1.41, 2.35, 2.7, 3.28, 3.44, 3.62, 2.83, 2.32, 2.17, 1.81, 2.52, 4.88, 4.31, 4.36, 5.23, 4.86, 5.12], [6.077, 6.524, 6.614, 6.574, 6.377, 6.577, 5.947, 6.187, 6.79, 6.61, 8.944, 7.824, 6.574, 7.124, 6.03, 4.18, 4.26, 3.6, 2.34, 1.8, 1.56, 1.15, 1.1, 0, 1.11, 1.95, 2.24, 2.57, 2.98, 4.516, 4.73, 5.05, 5.35, 5.13, 3.47, 2.85, 4.98, 5.28, 6.54, 7.47, 7.19, 5.96, 5.7, 6.23, 6.66, 6.847, 7.55, 7.473, 7.217, 7.103, 7.315, 6.79, 6.506, 8.675, 9.491, 8.862, 8.686, 8.833, 8.079, 7.184, 6.636, 6.37, 6.392, 6.531, 6.441, 5.368, 4.759, 4.266, 2.91, 1.43, 1.73, 2.14, 2.54, 2.6, 2.82, 2.41, 1.98, 1.83, 1.65, 2.08, 4.16, 3.55, 3.5, 4.39, 4.08, 4.24], [5.238, 5.62, 5.721, 5.67, 5.495, 5.67, 5.048, 5.368, 6.05, 5.945, 8.014, 6.911, 5.644, 6.228, 5.64, 4.13, 4.21, 3.65, 2.63, 1.83, 1.69, 1.76, 1.95, 1.11, 0, 1.08, 1.45, 1.84, 2.31, 3.75, 3.92, 4.22, 4.52, 4.26, 2.68, 3.58, 5.87, 6.19, 7.47, 8.36, 8.08, 6.85, 6.59, 7.12, 7.513, 7.697, 8.439, 8.363, 8.087, 7.94, 8.159, 7.629, 7.345, 9.514, 10.323, 9.701, 9.528, 9.675, 8.912, 8.023, 7.484, 7.206, 7.242, 7.361, 7.289, 6.213, 5.587, 5.097, 3.74, 2.0, 1.84, 1.85, 2.09, 2.09, 2.35, 2.16, 1.83, 1.88, 2.0, 2.09, 3.37, 2.72, 2.61, 3.56, 3.21, 3.41], [4.67, 4.78, 4.944, 4.91, 4.841, 4.95, 4.34, 4.7, 5.503, 5.311, 7.145, 6.034, 4.879, 5.64, 5.36, 4.03, 4.11, 3.71, 3.15, 2.37, 2.29, 2.68, 2.81, 1.95, 1.08, 0, 0.97, 1.4, 1.75, 3.03, 3.16, 3.491, 3.796, 3.54, 2.16, 4.4, 6.65, 6.91, 8.17, 9.04, 8.76, 7.51, 7.27, 7.8, 8.258, 8.448, 9.154, 9.077, 8.801, 8.696, 8.939, 8.403, 8.093, 10.262, 11.089, 10.449, 10.294, 10.432, 9.672, 8.78, 8.232, 7.974, 7.973, 8.104, 8.034, 6.949, 6.352, 5.839, 4.54, 2.58, 2.18, 1.93, 1.97, 1.95, 2.25, 2.12, 2.01, 2.28, 2.7, 2.33, 2.97, 2.1, 2.01, 2.82, 2.43, 2.636], [4.806, 4.799, 4.843, 4.76, 4.803, 5.026, 4.48, 4.75, 5.693, 5.284, 7.055, 5.864, 4.889, 5.77, 5.59, 4.36, 4.5, 4.2, 3.7, 2.86, 2.68, 2.83, 3.08, 2.24, 1.45, 0.97, 0, 0.89, 1.3, 2.6, 2.75, 3.07, 3.366, 3.11, 2.01, 4.63, 7.0, 7.32, 8.54, 9.41, 9.15, 7.9, 7.7, 8.25, 8.69, 8.895, 9.572, 9.495, 9.199, 9.11, 9.335, 8.796, 8.506, 10.66, 11.482, 10.856, 10.695, 10.833, 10.088, 9.178, 8.627, 8.389, 8.42, 8.505, 8.45, 7.365, 6.748, 6.255, 4.91, 3.07, 2.75, 2.48, 2.06, 1.92, 2.2, 2.19, 2.34, 2.57, 2.99, 2.64, 3.1, 2.31, 2.2, 2.37, 2.14, 2.34], [5.236, 5.186, 5.033, 5.17, 5.173, 5.456, 4.903, 5.19, 6.123, 5.534, 7.408, 6.103, 5.219, 6.2, 5.98, 4.79, 4.95, 4.63, 4.13, 3.23, 3.05, 3.26, 3.45, 2.57, 1.84, 1.4, 0.89, 0, 0.73, 1.99, 2.24, 2.56, 2.86, 2.64, 1.5, 4.84, 7.39, 7.75, 8.85, 9.78, 9.5, 8.29, 8.121, 8.671, 9.109, 9.331, 9.961, 9.91, 9.679, 9.618, 9.824, 9.3, 9.01, 11.164, 11.971, 11.36, 11.184, 11.322, 10.594, 9.682, 9.122, 8.853, 8.868, 8.985, 8.956, 7.854, 7.237, 6.761, 5.418, 3.4, 3.12, 2.81, 2.29, 2.21, 2.29, 2.22, 2.31, 2.52, 3.0, 2.73, 3.39, 2.48, 2.49, 2.4, 2.17, 2.17], [5.046, 4.976, 4.803, 4.94, 5.006, 5.266, 4.72, 5.0, 5.913, 5.404, 7.218, 5.933, 5.01, 6.0, 5.79, 4.98, 5.14, 4.86, 4.44, 3.54, 3.34, 3.61, 3.84, 2.98, 2.31, 1.75, 1.3, 0.73, 0, 1.58, 1.87, 2.19, 2.55, 2.41, 1.59, 5.19, 7.751, 8.142, 9.18, 10.13, 9.863, 8.651, 8.484, 9.034, 9.47, 9.728, 10.305, 10.293, 10.075, 10.016, 10.228, 9.697, 9.407, 11.559, 12.363, 11.755, 11.579, 11.717, 10.992, 10.077, 9.517, 9.23, 9.258, 9.374, 9.353, 8.252, 7.635, 7.159, 5.822, 3.73, 3.45, 3.08, 2.5, 2.24, 2.26, 2.33, 2.48, 2.83, 3.33, 2.9, 3.3, 2.63, 2.52, 2.23, 1.96, 2.04], [5.15, 5.076, 4.803, 4.986, 5.066, 5.37, 4.96, 5.2, 5.996, 5.293, 6.884, 5.793, 5.13, 6.04, 5.95, 5.74, 5.88, 5.86, 5.52, 4.62, 4.46, 5.03, 5.3, 4.516, 3.75, 3.03, 2.6, 1.99, 1.58, 0, 0.97, 1.05, 1.41, 1.57, 1.55, 6.77, 9.318, 9.719, 10.76, 11.671, 11.4, 10.197, 10.055, 10.604, 11.04, 11.301, 11.835, 11.85, 11.619, 11.583, 11.799, 11.269, 10.975, 13.127, 13.928, 13.322, 13.15, 13.289, 12.559, 11.644, 11.084, 10.787, 10.803, 10.939, 10.92, 9.819, 9.206, 8.73, 7.394, 5.07, 4.61, 4.12, 3.32, 3.0, 2.86, 3.11, 3.62, 3.89, 4.41, 3.76, 3.72, 3.61, 3.38, 2.51, 2.36, 2.2], [4.62, 4.59, 4.38, 4.54, 4.6, 4.98, 4.63, 4.75, 5.39, 4.65, 6.351, 5.15, 4.72, 5.39, 5.64, 5.53, 5.67, 5.65, 5.41, 4.51, 4.47, 5.28, 5.55, 4.73, 3.92, 3.16, 2.75, 2.24, 1.87, 0.97, 0, 0.78, 1.46, 1.62, 1.9, 6.98, 9.534, 9.93, 10.97, 11.911, 11.653, 10.441, 10.274, 10.82, 11.256, 11.497, 12.083, 12.06, 11.83, 11.785, 12.001, 11.47, 11.177, 13.329, 14.13, 13.524, 13.352, 13.49, 12.761, 11.847, 11.287, 10.994, 11.01, 11.141, 11.123, 10.021, 9.407, 8.932, 7.595, 5.16, 4.48, 3.95, 3.07, 2.81, 2.61, 2.96, 3.71, 4.12, 4.76, 3.67, 3.49, 3.34, 3.01, 1.98, 1.93, 1.65], [4.66, 4.61, 4.36, 4.52, 4.62, 4.9, 4.57, 4.61, 5.43, 4.65, 6.268, 5.15, 4.78, 5.41, 5.7, 5.51, 5.63, 5.63, 5.59, 4.65, 4.75, 5.62, 5.87, 5.05, 4.22, 3.491, 3.07, 2.56, 2.19, 1.05, 0.78, 0, 0.98, 1.26, 1.9, 7.3, 9.854, 10.266, 11.29, 12.216, 11.953, 10.749, 10.605, 11.155, 11.588, 11.832, 12.357, 12.382, 12.149, 12.116, 12.329, 11.802, 11.517, 13.669, 14.461, 13.856, 13.683, 13.83, 13.092, 12.178, 11.618, 11.329, 11.339, 11.473, 11.454, 10.364, 9.739, 9.263, 7.924, 5.52, 4.68, 4.11, 3.13, 2.89, 2.67, 3.28, 4.01, 4.36, 5.02, 3.77, 3.41, 3.38, 3.05, 1.98, 1.93, 1.65], [5.32, 5.25, 5.04, 5.16, 5.22, 5.56, 5.13, 5.15, 6.05, 5.17, 6.59, 5.63, 5.44, 6.03, 6.38, 6.07, 6.19, 6.17, 6.11, 5.19, 5.13, 5.94, 6.15, 5.35, 4.52, 3.796, 3.366, 2.86, 2.55, 1.41, 1.46, 0.98, 0, 0.6, 2.18, 7.56, 10.13, 10.53, 11.57, 12.484, 12.205, 11.028, 10.862, 11.411, 11.844, 12.106, 12.648, 12.64, 12.403, 12.379, 12.592, 12.062, 11.777, 13.931, 14.724, 14.118, 13.943, 14.09, 13.36, 12.44, 11.88, 11.591, 11.601, 11.735, 11.716, 10.627, 10.005, 9.532, 8.202, 5.84, 5.2, 4.65, 3.63, 3.33, 3.13, 3.62, 4.27, 4.6, 5.26, 4.07, 3.97, 3.84, 3.47, 2.54, 2.45, 2.17], [5.44, 5.39, 5.16, 5.3, 5.32, 5.68, 5.23, 5.27, 6.19, 5.31, 6.69, 5.77, 5.56, 6.17, 6.48, 6.11, 6.25, 6.11, 6.07, 5.13, 5.05, 5.72, 5.93, 5.13, 4.26, 3.54, 3.11, 2.64, 2.41, 1.57, 1.62, 1.26, 0.6, 0, 2.12, 7.36, 9.87, 10.29, 11.35, 12.24, 11.977, 10.79, 10.612, 11.153, 11.586, 11.841, 12.426, 12.418, 12.19, 12.12, 12.355, 11.811, 11.527, 13.672, 14.47, 13.859, 13.703, 13.85, 13.102, 12.182, 11.622, 11.349, 11.362, 11.484, 11.457, 10.367, 9.754, 9.281, 7.942, 5.7, 5.14, 4.59, 3.63, 3.35, 3.13, 3.62, 4.03, 4.38, 5.1, 3.95, 4.07, 3.74, 3.41, 2.52, 2.41, 2.11], [5.6, 5.53, 5.26, 5.44, 5.52, 5.82, 5.25, 5.49, 6.45, 5.75, 7.445, 6.33, 5.58, 6.49, 6.36, 5.39, 5.53, 5.05, 4.41, 3.51, 3.35, 4.02, 4.27, 3.47, 2.68, 2.16, 2.01, 1.5, 1.59, 1.55, 1.9, 1.9, 2.18, 2.12, 0, 5.76, 8.23, 8.67, 9.73, 10.58, 10.3, 9.13, 8.961, 9.511, 9.943, 10.198, 10.746, 10.784, 10.561, 10.478, 10.724, 10.179, 9.875, 12.047, 12.83, 12.216, 12.078, 12.225, 11.453, 10.539, 9.987, 9.727, 9.737, 9.856, 9.815, 8.725, 8.116, 7.638, 6.313, 3.96, 3.48, 3.27, 2.93, 2.79, 2.75, 2.82, 2.85, 2.94, 3.46, 3.19, 3.81, 2.88, 2.87, 2.58, 2.27, 2.05], [8.56, 9.03, 9.14, 9.08, 8.88, 9.06, 8.43, 8.69, 9.33, 9.19, 11.43, 10.33, 9.06, 9.61, 8.6, 6.11, 6.15, 5.27, 3.65, 3.81, 3.45, 2.46, 2.21, 2.85, 3.58, 4.4, 4.63, 4.84, 5.19, 6.77, 6.98, 7.3, 7.56, 7.36, 5.76, 0, 2.59, 2.97, 4.05, 4.98, 4.72, 3.53, 3.375, 3.885, 4.3, 4.553, 5.159, 5.139, 4.935, 4.832, 5.038, 4.517, 4.236, 6.387, 7.202, 6.574, 6.398, 6.545, 5.814, 4.899, 4.339, 4.087, 4.109, 4.223, 4.17, 3.146, 2.643, 2.42, 1.78, 3.18, 4.24, 4.45, 4.87, 5.05, 5.25, 4.36, 3.57, 3.4, 3.04, 4.35, 6.53, 5.9, 5.97, 6.7, 6.31, 6.57], [10.79, 11.22, 11.47, 11.33, 11.13, 11.21, 10.62, 10.84, 11.32, 11.44, 13.64, 12.54, 11.21, 11.78, 10.21, 7.78, 7.74, 6.8, 5.6, 6.16, 5.74, 4.57, 4.16, 4.98, 5.87, 6.65, 7.0, 7.39, 7.751, 9.318, 9.534, 9.854, 10.13, 9.87, 8.23, 2.59, 0, 1.04, 1.96, 2.57, 2.35, 1.46, 1.4, 1.83, 2.08, 2.21, 2.676, 2.71, 2.42, 2.59, 2.73, 2.48, 2.49, 3.857, 4.684, 4.042, 3.869, 4.016, 3.333, 2.511, 2.1, 1.91, 1.732, 1.899, 1.89, 1.44, 1.6, 1.79, 2.65, 4.95, 6.07, 6.48, 7.277, 7.406, 7.623, 6.77, 5.965, 5.664, 5.167, 6.42, 8.82, 8.17, 8.28, 9.17, 8.74, 9.04], [10.827, 11.28, 11.602, 11.464, 11.19, 11.09, 10.54, 10.76, 11.32, 11.537, 13.48, 12.36, 11.11, 11.6, 9.89, 7.54, 7.7, 6.76, 5.56, 6.4, 6.02, 4.87, 4.5, 5.28, 6.19, 6.91, 7.32, 7.75, 8.142, 9.719, 9.93, 10.266, 10.53, 10.29, 8.67, 2.97, 1.04, 0, 1.5, 2.41, 2.29, 1.52, 1.4, 1.63, 1.96, 1.89, 2.47, 2.43, 2.22, 2.35, 2.35, 2.06, 2.05, 3.519, 4.419, 3.731, 3.521, 3.648, 3.0, 2.24, 1.84, 1.81, 1.62, 1.58, 1.53, 1.28, 1.46, 1.75, 2.69, 4.95, 6.01, 6.54, 7.54, 7.7, 8.0, 7.11, 6.36, 6.03, 5.51, 6.8, 8.94, 8.09, 8.4, 9.53, 9.14, 9.36], [12.167, 12.6, 12.907, 12.787, 12.55, 12.45, 11.88, 12.12, 12.537, 12.877, 14.86, 13.76, 12.49, 13.0, 10.99, 8.86, 8.937, 8.08, 6.74, 7.68, 7.3, 6.11, 5.7, 6.54, 7.47, 8.17, 8.54, 8.85, 9.18, 10.76, 10.97, 11.29, 11.57, 11.35, 9.73, 4.05, 1.96, 1.5, 0, 1.35, 1.43, 1.84, 1.96, 1.79, 1.98, 2.07, 2.15, 2.09, 2.12, 2.27, 2.13, 1.98, 2.17, 2.91, 3.61, 2.978, 2.77, 2.86, 2.54, 2.2, 2.3, 2.07, 1.7, 1.58, 1.63, 2.14, 2.42, 2.83, 4.05, 6.21, 7.29, 7.9, 8.76, 8.96, 9.2, 8.327, 7.5, 7.25, 6.77, 7.98, 10.22, 9.45, 9.74, 10.71, 10.3, 10.56], [13.1, 13.533, 13.84, 13.72, 13.483, 13.386, 12.816, 13.056, 13.47, 13.81, 15.799, 14.699, 13.429, 13.939, 11.86, 9.805, 9.87, 9.013, 7.69, 8.63, 8.23, 7.02, 6.61, 7.47, 8.36, 9.04, 9.41, 9.78, 10.13, 11.671, 11.911, 12.216, 12.484, 12.24, 10.58, 4.98, 2.57, 2.41, 1.35, 0, 0.72, 1.65, 1.99, 1.58, 1.47, 1.64, 1.6, 1.64, 1.69, 1.86, 1.84, 1.77, 2.14, 2.26, 2.81, 2.29, 2.14, 2.13, 1.95, 1.89, 2.09, 1.94, 1.63, 1.71, 1.64, 2.55, 3.05, 3.52, 4.88, 7.16, 8.226, 8.833, 9.679, 9.859, 10.096, 9.2, 8.327, 8.08, 7.58, 8.876, 11.133, 10.366, 10.65, 11.569, 11.144, 11.436], [12.823, 13.256, 13.563, 13.443, 13.206, 13.109, 12.539, 12.779, 13.193, 13.533, 15.522, 14.422, 13.152, 13.662, 11.62, 9.528, 9.593, 8.736, 7.43, 8.37, 7.97, 6.76, 6.35, 7.19, 8.08, 8.76, 9.15, 9.5, 9.863, 11.4, 11.653, 11.953, 12.205, 11.977, 10.3, 4.72, 2.35, 2.29, 1.43, 0.72, 0, 1.37, 1.73, 1.34, 1.17, 1.34, 1.46, 1.44, 1.53, 1.96, 1.98, 1.91, 1.98, 2.34, 2.95, 2.43, 2.28, 2.37, 2.13, 1.93, 2.13, 1.88, 1.57, 1.65, 1.6, 2.37, 2.91, 3.28, 4.62, 6.886, 7.949, 8.556, 9.402, 9.582, 9.836, 8.943, 8.09, 7.823, 7.323, 8.616, 10.876, 10.089, 10.373, 11.312, 10.887, 11.173], [11.556, 11.989, 12.316, 12.176, 11.939, 11.848, 11.272, 11.512, 11.964, 12.266, 14.258, 13.158, 11.885, 12.398, 10.65, 8.318, 8.378, 7.536, 6.24, 7.117, 6.734, 5.51, 5.12, 5.96, 6.85, 7.51, 7.9, 8.29, 8.651, 10.197, 10.441, 10.749, 11.028, 10.79, 9.13, 3.53, 1.46, 1.52, 1.84, 1.65, 1.37, 0, 0.74, 0.91, 1.18, 1.33, 1.77, 1.87, 1.74, 1.91, 2.03, 1.88, 1.95, 2.983, 3.896, 3.216, 3.05, 3.165, 2.54, 1.88, 1.82, 1.51, 1.32, 1.4, 1.41, 1.62, 2.04, 2.33, 3.37, 5.619, 6.697, 7.289, 8.154, 8.334, 8.589, 7.716, 6.843, 6.596, 6.076, 7.369, 9.589, 8.822, 9.106, 10.064, 9.64, 9.926], [11.193, 11.629, 11.99, 11.85, 11.559, 11.462, 10.912, 11.152, 11.694, 11.903, 13.875, 12.775, 11.505, 12.015, 10.29, 7.924, 8.09, 7.296, 5.92, 6.834, 6.454, 5.27, 4.86, 5.7, 6.59, 7.27, 7.7, 8.121, 8.484, 10.055, 10.274, 10.605, 10.862, 10.612, 8.961, 3.375, 1.4, 1.4, 1.96, 1.99, 1.73, 0.74, 0, 0.73, 1.2, 1.39, 2.05, 2.07, 1.98, 2.11, 2.19, 2.0, 1.93, 3.166, 4.059, 3.399, 3.21, 3.308, 2.7, 1.98, 1.88, 1.65, 1.4, 1.48, 1.39, 1.48, 1.94, 2.15, 3.09, 5.314, 6.357, 6.949, 7.954, 8.074, 8.329, 7.496, 6.654, 6.413, 5.856, 7.149, 9.269, 8.462, 8.797, 9.864, 9.44, 9.751], [11.726, 12.156, 12.52, 12.38, 12.089, 11.992, 11.422, 11.662, 12.184, 12.436, 14.405, 13.305, 12.035, 12.545, 10.62, 8.437, 8.6, 7.826, 6.37, 7.364, 6.984, 5.82, 5.41, 6.23, 7.12, 7.8, 8.25, 8.671, 9.034, 10.604, 10.82, 11.155, 11.411, 11.153, 9.511, 3.885, 1.83, 1.63, 1.79, 1.58, 1.34, 0.91, 0.73, 0, 0.93, 0.94, 1.66, 1.82, 1.79, 2.06, 2.1, 1.85, 1.84, 2.74, 3.563, 2.91, 2.72, 2.81, 2.37, 1.77, 1.85, 1.68, 1.43, 1.29, 1.14, 1.61, 2.19, 2.52, 3.64, 5.846, 6.892, 7.479, 8.504, 8.624, 8.859, 8.066, 7.224, 6.963, 6.426, 7.699, 9.799, 9.012, 9.327, 10.414, 9.984, 10.301], [12.033, 12.469, 12.83, 12.69, 12.399, 12.308, 11.752, 11.992, 12.564, 12.883, 14.798, 13.618, 12.345, 12.858, 11.01, 8.764, 8.84, 8.069, 6.707, 7.706, 7.346, 6.266, 5.823, 6.66, 7.513, 8.258, 8.69, 9.109, 9.47, 11.04, 11.256, 11.588, 11.844, 11.586, 9.943, 4.3, 2.08, 1.96, 1.98, 1.47, 1.17, 1.18, 1.2, 0.93, 0, 0.93, 1.51, 1.57, 1.72, 1.85, 2.05, 1.88, 1.95, 2.49, 3.04, 2.5, 2.39, 2.52, 2.14, 1.62, 1.66, 1.51, 1.4, 1.22, 1.09, 1.62, 2.36, 2.69, 3.882, 6.239, 7.302, 7.969, 8.939, 9.068, 9.311, 8.486, 7.656, 7.372, 6.838, 8.091, 10.229, 9.482, 9.657, 10.857, 10.43, 10.75], [12.22, 12.65, 13.054, 12.914, 12.546, 12.426, 11.91, 12.167, 12.759, 13.056, 14.916, 13.702, 12.469, 12.942, 11.04, 8.828, 9.084, 8.239, 6.87, 7.902, 7.556, 6.465, 6.041, 6.847, 7.697, 8.448, 8.895, 9.331, 9.728, 11.301, 11.497, 11.832, 12.106, 11.841, 10.198, 4.553, 2.21, 1.89, 2.07, 1.64, 1.34, 1.33, 1.39, 0.94, 0.93, 0, 1.02, 1.24, 1.31, 1.72, 1.9, 1.81, 1.9, 2.1, 2.84, 2.17, 2.06, 2.15, 1.69, 1.15, 1.29, 1.38, 1.27, 1.15, 1.0, 1.71, 2.35, 2.7, 4.046, 6.394, 7.437, 8.101, 9.141, 9.264, 9.544, 8.679, 7.863, 7.559, 7.025, 8.344, 10.407, 9.626, 9.882, 11.076, 10.689, 10.943], [12.98, 13.408, 13.806, 13.666, 13.306, 13.215, 12.679, 12.942, 13.551, 13.773, 15.725, 14.545, 13.292, 13.785, 11.9, 9.691, 9.824, 8.999, 7.634, 8.642, 8.296, 7.145, 6.721, 7.55, 8.439, 9.154, 9.572, 9.961, 10.305, 11.835, 12.083, 12.357, 12.648, 12.426, 10.746, 5.159, 2.676, 2.47, 2.15, 1.6, 1.46, 1.77, 2.05, 1.66, 1.51, 1.02, 0, 0.6, 1.07, 1.74, 1.96, 1.91, 2.3, 1.68, 2.31, 1.83, 1.78, 1.89, 1.35, 0.95, 1.35, 1.46, 1.37, 1.39, 1.5, 2.35, 2.95, 3.42, 4.789, 7.092, 8.129, 8.793, 9.81, 9.956, 10.212, 9.353, 8.509, 8.228, 7.696, 8.992, 11.007, 10.312, 10.63, 11.725, 11.295, 11.621], [12.94, 13.373, 13.752, 13.612, 13.323, 13.232, 12.665, 12.899, 13.488, 13.73, 15.722, 14.562, 13.289, 13.802, 11.94, 9.728, 9.762, 8.953, 7.61, 8.564, 8.216, 7.071, 6.684, 7.473, 8.363, 9.077, 9.495, 9.91, 10.293, 11.85, 12.06, 12.382, 12.64, 12.418, 10.784, 5.139, 2.71, 2.43, 2.09, 1.64, 1.44, 1.87, 2.07, 1.82, 1.57, 1.24, 0.6, 0, 0.93, 1.54, 1.72, 1.87, 2.22, 1.58, 2.21, 1.71, 1.72, 1.83, 1.23, 0.99, 1.43, 1.34, 1.33, 1.29, 1.52, 2.31, 2.91, 3.36, 4.786, 7.049, 8.095, 8.793, 9.749, 9.878, 10.172, 9.294, 8.469, 8.168, 7.636, 8.972, 11.073, 10.349, 10.579, 11.685, 11.295, 11.555], [12.667, 13.1, 13.427, 13.287, 13.05, 12.97, 12.4, 12.62, 13.18, 13.497, 15.46, 14.28, 12.99, 13.52, 11.77, 9.48, 9.44, 8.62, 7.36, 8.24, 7.897, 6.775, 6.454, 7.217, 8.087, 8.801, 9.199, 9.679, 10.075, 11.619, 11.83, 12.149, 12.403, 12.19, 10.561, 4.935, 2.42, 2.22, 2.12, 1.69, 1.53, 1.74, 1.98, 1.79, 1.72, 1.31, 1.07, 0.93, 0, 1.19, 1.41, 1.66, 2.13, 1.79, 2.42, 1.9, 1.83, 1.98, 1.36, 1.16, 1.34, 1.47, 1.16, 1.52, 1.57, 2.1, 2.68, 3.09, 4.49, 6.85, 7.89, 8.56, 9.499, 9.614, 9.934, 9.081, 8.245, 7.929, 7.378, 8.734, 10.88, 10.15, 10.237, 11.446, 11.056, 11.313], [12.354, 12.784, 13.152, 13.012, 12.7, 12.6, 12.05, 12.31, 12.89, 13.324, 15.21, 13.93, 12.66, 13.17, 11.34, 9.07, 9.17, 8.382, 6.99, 8.05, 7.69, 6.68, 6.315, 7.103, 7.94, 8.696, 9.11, 9.618, 10.016, 11.583, 11.785, 12.116, 12.379, 12.12, 10.478, 4.832, 2.59, 2.35, 2.27, 1.86, 1.96, 1.91, 2.11, 2.06, 1.85, 1.72, 1.74, 1.54, 1.19, 0, 0.96, 1.11, 1.74, 1.94, 2.59, 2.11, 2.06, 2.13, 1.59, 1.35, 1.59, 1.42, 1.45, 1.65, 1.52, 2.17, 2.57, 2.98, 4.22, 6.68, 7.7, 8.37, 9.389, 9.492, 9.801, 8.956, 8.142, 7.816, 7.262, 8.598, 10.71, 9.94, 10.013, 11.353, 10.957, 11.206], [12.409, 12.873, 13.306, 13.166, 12.763, 12.64, 12.15, 12.481, 13.07, 13.517, 15.372, 13.89, 12.7, 13.13, 11.22, 8.87, 9.39, 8.587, 7.17, 8.258, 7.884, 6.89, 6.529, 7.315, 8.159, 8.939, 9.335, 9.824, 10.228, 11.799, 12.001, 12.329, 12.592, 12.355, 10.724, 5.038, 2.73, 2.35, 2.13, 1.84, 1.98, 2.03, 2.19, 2.1, 2.05, 1.9, 1.96, 1.72, 1.41, 0.96, 0, 0.87, 1.5, 1.58, 2.474, 1.93, 1.82, 1.83, 1.35, 1.61, 1.79, 1.72, 1.69, 1.83, 1.68, 2.35, 2.75, 3.14, 4.44, 6.876, 7.902, 8.572, 9.597, 9.708, 10.029, 9.167, 8.366, 8.039, 7.478, 8.82, 10.857, 10.113, 10.241, 11.576, 11.18, 11.414], [11.919, 12.389, 12.793, 12.659, 12.287, 12.15, 11.672, 11.988, 12.548, 13.031, 14.865, 13.406, 12.196, 12.666, 10.51, 8.375, 8.866, 8.08, 6.617, 7.737, 7.36, 6.366, 6.005, 6.79, 7.629, 8.403, 8.796, 9.3, 9.697, 11.269, 11.47, 11.802, 12.062, 11.811, 10.179, 4.517, 2.48, 2.06, 1.98, 1.77, 1.91, 1.88, 2.0, 1.85, 1.88, 1.81, 1.91, 1.87, 1.66, 1.11, 0.87, 0, 0.87, 2.05, 3.078, 2.42, 2.29, 2.24, 1.62, 1.52, 1.7, 1.53, 1.56, 1.66, 1.51, 2.08, 2.36, 2.71, 3.921, 6.372, 7.38, 8.07, 9.076, 9.187, 9.501, 8.646, 7.827, 7.508, 6.957, 8.298, 10.353, 9.606, 9.731, 11.04, 10.647, 10.893], [11.618, 12.088, 12.503, 12.363, 11.978, 11.835, 11.368, 11.684, 12.264, 12.712, 14.541, 13.074, 11.872, 12.302, 10.109, 7.994, 8.564, 7.778, 6.333, 7.456, 7.076, 6.076, 5.72, 6.506, 7.345, 8.093, 8.506, 9.01, 9.407, 10.975, 11.177, 11.517, 11.777, 11.527, 9.875, 4.236, 2.49, 2.05, 2.17, 2.14, 1.98, 1.95, 1.93, 1.84, 1.95, 1.9, 2.3, 2.22, 2.13, 1.74, 1.5, 0.87, 0, 2.56, 3.63, 2.93, 2.72, 2.71, 2.09, 1.77, 1.77, 1.68, 1.73, 1.57, 1.56, 1.95, 2.29, 2.58, 3.637, 6.05, 7.079, 7.749, 8.791, 8.912, 9.217, 8.361, 7.56, 7.233, 6.679, 8.014, 10.072, 9.27, 9.436, 10.77, 10.375, 10.608], [13.798, 14.262, 14.678, 14.538, 14.161, 14.038, 13.542, 13.867, 14.45, 14.895, 16.753, 15.277, 14.084, 14.537, 12.485, 10.272, 10.75, 9.947, 8.525, 9.621, 9.244, 8.236, 7.886, 8.675, 9.514, 10.262, 10.66, 11.164, 11.559, 13.127, 13.329, 13.669, 13.931, 13.672, 12.047, 6.387, 3.857, 3.519, 2.91, 2.26, 2.34, 2.983, 3.166, 2.74, 2.49, 2.1, 1.68, 1.58, 1.79, 1.94, 1.58, 2.05, 2.56, 0, 1.21, 0.93, 0.98, 0.99, 1.07, 1.69, 2.25, 2.42, 2.381, 2.33, 2.38, 3.37, 3.953, 4.446, 5.806, 8.234, 9.245, 9.935, 10.96, 11.072, 11.383, 10.524, 9.702, 9.387, 8.836, 10.18, 12.237, 11.494, 11.607, 12.912, 12.52, 12.771], [14.691, 15.121, 15.55, 15.408, 15.017, 14.917, 14.418, 14.749, 15.349, 15.742, 17.646, 16.19, 14.997, 15.43, 13.485, 11.305, 11.629, 10.811, 9.43, 10.452, 10.063, 9.069, 8.713, 9.491, 10.323, 11.089, 11.482, 11.971, 12.363, 13.928, 14.13, 14.461, 14.724, 14.47, 12.83, 7.202, 4.684, 4.419, 3.61, 2.81, 2.95, 3.896, 4.059, 3.563, 3.04, 2.84, 2.31, 2.21, 2.42, 2.59, 2.474, 3.078, 3.63, 1.21, 0, 0.94, 1.25, 1.28, 1.74, 2.387, 2.938, 3.184, 3.2, 3.08, 3.19, 4.183, 4.806, 5.293, 6.656, 9.136, 10.142, 10.782, 11.799, 11.905, 12.196, 11.331, 10.521, 10.194, 9.646, 10.996, 13.108, 12.364, 12.46, 13.743, 13.349, 13.587], [14.045, 14.478, 14.905, 14.765, 14.373, 14.259, 13.758, 14.092, 14.692, 15.097, 16.954, 15.498, 14.31, 14.718, 12.805, 10.567, 10.977, 10.168, 8.77, 9.82, 9.437, 8.432, 8.073, 8.862, 9.701, 10.449, 10.856, 11.36, 11.755, 13.322, 13.524, 13.856, 14.118, 13.859, 12.216, 6.574, 4.042, 3.731, 2.978, 2.29, 2.43, 3.216, 3.399, 2.91, 2.5, 2.17, 1.83, 1.71, 1.9, 2.11, 1.93, 2.42, 2.93, 0.93, 0.94, 0, 0.51, 0.64, 1.1, 1.78, 2.36, 2.57, 2.56, 2.44, 2.51, 3.563, 4.146, 4.653, 6.01, 8.478, 9.484, 10.139, 11.168, 11.273, 11.57, 10.711, 9.89, 9.574, 9.023, 10.367, 12.465, 11.695, 11.814, 13.114, 12.707, 12.958], [13.821, 14.291, 14.689, 14.549, 14.186, 14.029, 13.576, 13.887, 14.482, 14.916, 16.744, 15.299, 14.063, 14.545, 12.615, 10.357, 10.759, 9.97, 8.56, 9.633, 9.255, 8.256, 7.897, 8.686, 9.528, 10.294, 10.695, 11.184, 11.579, 13.15, 13.352, 13.683, 13.943, 13.703, 12.078, 6.398, 3.869, 3.521, 2.77, 2.14, 2.28, 3.05, 3.21, 2.72, 2.39, 2.06, 1.78, 1.72, 1.83, 2.06, 1.82, 2.29, 2.72, 0.98, 1.25, 0.51, 0, 0.45, 1.05, 1.67, 2.27, 2.46, 2.41, 2.29, 2.4, 3.393, 3.99, 4.483, 5.8, 8.268, 9.294, 9.958, 10.971, 11.083, 11.397, 10.535, 9.723, 9.404, 8.847, 10.191, 12.272, 11.485, 11.616, 12.936, 12.543, 12.782], [13.948, 14.418, 14.83, 14.69, 14.313, 14.176, 13.698, 14.014, 14.609, 15.059, 16.891, 15.435, 14.207, 14.675, 12.623, 10.441, 10.891, 10.106, 8.669, 9.78, 9.402, 8.394, 8.044, 8.833, 9.675, 10.432, 10.833, 11.322, 11.717, 13.289, 13.49, 13.83, 14.09, 13.85, 12.225, 6.545, 4.016, 3.648, 2.86, 2.13, 2.37, 3.165, 3.308, 2.81, 2.52, 2.15, 1.89, 1.83, 1.98, 2.13, 1.83, 2.24, 2.71, 0.99, 1.28, 0.64, 0.45, 0, 1.04, 1.78, 2.38, 2.59, 2.56, 2.46, 2.51, 3.531, 4.12, 4.63, 5.947, 8.397, 9.416, 10.096, 11.118, 11.23, 11.544, 10.682, 9.87, 9.551, 8.994, 10.338, 12.399, 11.632, 11.763, 13.083, 12.69, 12.93], [13.176, 13.64, 14.067, 13.927, 13.539, 13.419, 12.926, 13.257, 13.846, 14.276, 16.148, 14.672, 13.479, 13.912, 11.97, 9.698, 10.128, 9.343, 7.924, 9.023, 8.646, 7.658, 7.291, 8.079, 8.912, 9.672, 10.088, 10.594, 10.992, 12.559, 12.761, 13.092, 13.36, 13.102, 11.453, 5.814, 3.333, 3.0, 2.54, 1.95, 2.13, 2.54, 2.7, 2.37, 2.14, 1.69, 1.35, 1.23, 1.36, 1.59, 1.35, 1.62, 2.09, 1.07, 1.74, 1.1, 1.05, 1.04, 0, 1.0, 1.62, 1.85, 1.86, 1.92, 1.99, 2.82, 3.36, 3.85, 5.184, 7.635, 8.658, 9.313, 10.37, 10.476, 10.787, 9.932, 9.124, 8.797, 8.243, 9.585, 11.616, 10.889, 11.0, 12.335, 11.939, 12.187], [12.347, 12.775, 13.207, 13.067, 12.673, 12.602, 12.066, 12.409, 12.998, 13.42, 15.332, 13.912, 12.679, 13.172, 11.33, 9.058, 9.289, 8.48, 7.08, 8.14, 7.757, 6.754, 6.396, 7.184, 8.023, 8.78, 9.178, 9.682, 10.077, 11.644, 11.847, 12.178, 12.44, 12.182, 10.539, 4.899, 2.511, 2.24, 2.2, 1.89, 1.93, 1.88, 1.98, 1.77, 1.62, 1.15, 0.95, 0.99, 1.16, 1.35, 1.61, 1.52, 1.77, 1.69, 2.387, 1.78, 1.67, 1.78, 1.0, 0, 0.8, 1.21, 1.22, 1.26, 1.35, 2.0, 2.48, 2.97, 4.336, 6.789, 7.795, 8.465, 9.487, 9.593, 9.895, 9.037, 8.215, 7.9, 7.348, 8.696, 10.765, 10.059, 10.12, 11.437, 11.032, 11.284], [11.864, 12.294, 12.727, 12.587, 12.193, 12.105, 11.595, 11.846, 12.538, 12.842, 14.755, 13.375, 12.179, 12.615, 10.89, 8.58, 8.8, 8.0, 6.66, 7.62, 7.257, 6.209, 5.865, 6.636, 7.484, 8.232, 8.627, 9.122, 9.517, 11.084, 11.287, 11.618, 11.88, 11.622, 9.987, 4.339, 2.1, 1.84, 2.3, 2.09, 2.13, 1.82, 1.88, 1.85, 1.66, 1.29, 1.35, 1.43, 1.34, 1.59, 1.79, 1.7, 1.77, 2.25, 2.938, 2.36, 2.27, 2.38, 1.62, 0.8, 0, 0.87, 1.08, 1.18, 1.25, 1.68, 2.1, 2.51, 3.776, 6.249, 7.29, 7.905, 8.927, 9.039, 9.347, 8.494, 7.667, 7.354, 6.803, 8.144, 10.205, 9.486, 9.571, 10.877, 10.496, 10.738], [11.744, 12.177, 12.544, 12.401, 12.115, 12.096, 11.489, 11.74, 12.372, 12.642, 14.643, 13.423, 12.127, 12.663, 10.861, 8.614, 8.608, 7.834, 6.477, 7.404, 7.038, 5.965, 5.61, 6.37, 7.206, 7.974, 8.389, 8.853, 9.23, 10.787, 10.994, 11.329, 11.591, 11.349, 9.727, 4.087, 1.91, 1.81, 2.07, 1.94, 1.88, 1.51, 1.65, 1.68, 1.51, 1.38, 1.46, 1.34, 1.47, 1.42, 1.72, 1.53, 1.68, 2.42, 3.184, 2.57, 2.46, 2.59, 1.85, 1.21, 0.87, 0, 0.73, 1.03, 1.26, 1.51, 1.99, 2.42, 3.684, 6.042, 7.044, 7.702, 8.661, 8.769, 9.089, 8.222, 7.406, 7.076, 6.531, 7.93, 10.028, 9.35, 9.391, 10.616, 10.229, 10.466], [11.948, 12.392, 12.702, 12.562, 12.342, 12.311, 11.704, 11.961, 12.407, 12.712, 14.741, 13.641, 12.348, 12.881, 11.108, 8.807, 8.738, 7.875, 6.59, 7.469, 7.097, 5.99, 5.629, 6.392, 7.242, 7.973, 8.42, 8.868, 9.258, 10.803, 11.01, 11.339, 11.601, 11.362, 9.737, 4.109, 1.732, 1.62, 1.7, 1.63, 1.57, 1.32, 1.4, 1.43, 1.4, 1.27, 1.37, 1.33, 1.16, 1.45, 1.69, 1.56, 1.73, 2.381, 3.2, 2.56, 2.41, 2.56, 1.86, 1.22, 1.08, 0.73, 0, 0.88, 1.15, 1.46, 1.9, 2.37, 3.768, 6.151, 7.174, 7.792, 8.714, 8.803, 9.108, 8.255, 7.422, 7.092, 6.552, 7.908, 10.152, 9.431, 9.492, 10.653, 10.268, 10.488], [11.859, 12.292, 12.67, 12.53, 12.242, 12.151, 11.584, 11.818, 12.407, 12.769, 14.701, 13.481, 12.208, 12.721, 10.865, 8.647, 8.68, 7.872, 6.51, 7.497, 7.152, 6.081, 5.736, 6.531, 7.361, 8.104, 8.505, 8.985, 9.374, 10.939, 11.141, 11.473, 11.735, 11.484, 9.856, 4.223, 1.899, 1.58, 1.58, 1.71, 1.65, 1.4, 1.48, 1.29, 1.22, 1.15, 1.39, 1.29, 1.52, 1.65, 1.83, 1.66, 1.57, 2.33, 3.08, 2.44, 2.29, 2.46, 1.92, 1.26, 1.18, 1.03, 0.88, 0, 0.77, 1.32, 1.94, 2.35, 3.725, 6.128, 7.134, 7.832, 8.817, 8.92, 9.222, 8.369, 7.541, 7.229, 6.678, 8.019, 10.152, 9.428, 9.497, 10.76, 10.361, 10.613], [11.746, 12.176, 12.535, 12.398, 12.092, 11.995, 11.445, 11.685, 12.264, 12.694, 14.568, 13.308, 12.038, 12.548, 10.635, 8.414, 8.573, 7.773, 6.356, 7.419, 7.062, 6.02, 5.672, 6.441, 7.289, 8.034, 8.45, 8.956, 9.353, 10.92, 11.123, 11.454, 11.716, 11.457, 9.815, 4.17, 1.89, 1.53, 1.63, 1.64, 1.6, 1.41, 1.39, 1.14, 1.09, 1.0, 1.5, 1.52, 1.57, 1.52, 1.68, 1.51, 1.56, 2.38, 3.19, 2.51, 2.4, 2.51, 1.99, 1.35, 1.25, 1.26, 1.15, 0.77, 0, 1.17, 1.77, 2.24, 3.595, 6.046, 7.075, 7.742, 8.726, 8.838, 9.149, 8.305, 7.48, 7.165, 6.611, 7.946, 10.082, 9.315, 9.379, 10.69, 10.295, 10.543], [10.725, 11.149, 11.51, 11.37, 11.099, 11.048, 10.441, 10.698, 11.264, 11.606, 13.578, 12.378, 11.085, 11.618, 9.85, 7.564, 7.55, 6.689, 5.467, 6.374, 5.994, 4.926, 4.599, 5.368, 6.213, 6.949, 7.365, 7.854, 8.252, 9.819, 10.021, 10.364, 10.627, 10.367, 8.725, 3.146, 1.44, 1.28, 2.14, 2.55, 2.37, 1.62, 1.48, 1.61, 1.62, 1.71, 2.35, 2.31, 2.1, 2.17, 2.35, 2.08, 1.95, 3.37, 4.183, 3.563, 3.393, 3.531, 2.82, 2.0, 1.68, 1.51, 1.46, 1.32, 1.17, 0, 0.94, 1.27, 2.565, 5.034, 6.034, 6.669, 7.688, 7.791, 8.07, 7.223, 6.405, 6.089, 5.535, 6.87, 9.049, 8.288, 8.317, 9.632, 9.207, 9.467], [10.179, 10.606, 10.947, 10.81, 10.556, 10.485, 9.909, 10.172, 10.621, 11.063, 13.015, 11.815, 10.542, 11.055, 9.31, 6.995, 7.035, 6.14, 4.844, 5.734, 5.352, 4.303, 3.971, 4.759, 5.587, 6.352, 6.748, 7.237, 7.635, 9.206, 9.407, 9.739, 10.005, 9.754, 8.116, 2.643, 1.6, 1.46, 2.42, 3.05, 2.91, 2.04, 1.94, 2.19, 2.36, 2.35, 2.95, 2.91, 2.68, 2.57, 2.75, 2.36, 2.29, 3.953, 4.806, 4.146, 3.99, 4.12, 3.36, 2.48, 2.1, 1.99, 1.9, 1.94, 1.77, 0.94, 0, 0.65, 2.05, 4.471, 5.511, 6.126, 7.074, 7.177, 7.453, 6.609, 5.805, 5.457, 4.909, 6.27, 8.486, 7.742, 7.76, 9.015, 8.599, 8.847], [9.669, 10.096, 10.437, 10.3, 10.046, 9.975, 9.408, 9.642, 10.154, 10.513, 12.465, 11.305, 10.044, 10.545, 8.94, 6.525, 6.625, 5.668, 4.41, 5.262, 4.902, 3.825, 3.478, 4.266, 5.097, 5.839, 6.255, 6.761, 7.159, 8.73, 8.932, 9.263, 9.532, 9.281, 7.638, 2.42, 1.79, 1.75, 2.83, 3.52, 3.28, 2.33, 2.15, 2.52, 2.69, 2.7, 3.42, 3.36, 3.09, 2.98, 3.14, 2.71, 2.58, 4.446, 5.293, 4.653, 4.483, 4.63, 3.85, 2.97, 2.51, 2.42, 2.37, 2.35, 2.24, 1.27, 0.65, 0, 1.54, 3.933, 4.99, 5.6, 6.575, 6.678, 6.963, 6.116, 5.292, 4.976, 4.422, 5.763, 7.936, 7.192, 7.25, 8.519, 8.106, 8.355], [8.32, 8.79, 9.092, 8.96, 8.62, 8.66, 8.11, 8.31, 8.97, 9.124, 11.13, 9.97, 8.64, 9.21, 7.68, 5.27, 5.37, 4.37, 3.21, 3.93, 3.53, 2.5, 2.13, 2.91, 3.74, 4.54, 4.91, 5.418, 5.822, 7.394, 7.595, 7.924, 8.202, 7.942, 6.313, 1.78, 2.65, 2.69, 4.05, 4.88, 4.62, 3.37, 3.09, 3.64, 3.882, 4.046, 4.789, 4.786, 4.49, 4.22, 4.44, 3.921, 3.637, 5.806, 6.656, 6.01, 5.8, 5.947, 5.184, 4.336, 3.776, 3.684, 3.768, 3.725, 3.595, 2.565, 2.05, 1.54, 0, 2.68, 3.72, 4.17, 5.216, 5.316, 5.621, 4.756, 3.963, 3.659, 3.14, 4.418, 6.57, 5.8, 5.91, 7.153, 6.778, 7.009], [5.96, 6.39, 6.76, 6.62, 6.34, 6.28, 5.71, 5.93, 6.53, 6.73, 8.75, 7.61, 6.32, 6.85, 5.46, 3.15, 3.33, 2.61, 1.45, 1.71, 1.63, 1.54, 1.41, 1.43, 2.0, 2.58, 3.07, 3.4, 3.73, 5.07, 5.16, 5.52, 5.84, 5.7, 3.96, 3.18, 4.95, 4.95, 6.21, 7.16, 6.886, 5.619, 5.314, 5.846, 6.239, 6.394, 7.092, 7.049, 6.85, 6.68, 6.876, 6.372, 6.05, 8.234, 9.136, 8.478, 8.268, 8.397, 7.635, 6.789, 6.249, 6.042, 6.151, 6.128, 6.046, 5.034, 4.471, 3.933, 2.68, 0, 1.14, 1.77, 2.81, 2.97, 3.25, 2.38, 2.13, 2.04, 1.92, 2.27, 4.09, 3.4, 3.67, 4.82, 4.45, 4.67], [4.88, 5.31, 5.7, 5.56, 5.26, 5.2, 4.59, 4.85, 5.47, 5.69, 7.69, 6.53, 5.24, 5.77, 4.48, 2.59, 2.79, 2.33, 1.37, 1.39, 1.65, 2.16, 2.35, 1.73, 1.84, 2.18, 2.75, 3.12, 3.45, 4.61, 4.48, 4.68, 5.2, 5.14, 3.48, 4.24, 6.07, 6.01, 7.29, 8.226, 7.949, 6.697, 6.357, 6.