[[0, 1.21, 1.4, 2.1, 2.56, 2.77, 2.98, 3.24, 3.34, 3.37, 3.02, 2.72, 2.47, 2.25, 2.6, 2.93, 3.66, 3.87, 4.33, 4.01, 3.16, 3.38, 4.09, 4.53, 4.46, 4.57, 4.52, 4.35, 3.87, 4.34, 4.27, 3.39, 2.91, 2.91, 2.31, 4.06, 5.67, 6.58, 6.26, 6.02, 6.83, 6.83, 6.95, 7.05, 6.96, 7.3, 7.26, 7.26, 6.45, 5.73, 4.1, 2.74, 2.16, 2.27, 3.09, 3.06, 2.75, 2.02, 1.61, 1.5, 2.21, 2.6, 3.35, 3.61, 3.78, 3.95, 3.89, 3.69, 3.03, 1.94, 1.78, 1.69, 2.08, 1.89, 1.87, 2.26, 2.4, 2.62, 2.41, 1.92, 1.71, 1.88, 2.25, 2.49, 3.207, 4.5], [1.21, 0, 1.03, 2.09, 2.57, 2.52, 2.91, 3.25, 3.33, 3.28, 2.99, 2.77, 2.38, 1.94, 2.25, 2.72, 3.61, 3.92, 4.48, 4.2, 3.37, 3.45, 4.06, 4.36, 4.23, 4.08, 3.77, 3.6, 3.2, 3.55, 3.48, 2.58, 2.1, 2.06, 1.92, 4.09, 5.68, 6.61, 6.27, 6.09, 6.84, 6.84, 6.96, 7.06, 6.97, 7.31, 7.21, 7.23, 6.5, 5.84, 4.35, 2.91, 2.23, 2.6, 3.04, 2.95, 2.82, 2.23, 1.8, 1.83, 2.46, 2.67, 3.66, 3.86, 4.05, 4.2, 4.14, 3.98, 3.12, 1.87, 1.77, 1.7, 2.21, 1.98, 2.1, 2.57, 2.67, 2.75, 2.8, 2.23, 1.96, 1.71, 2.3, 2.4, 2.94, 3.93], [1.4, 1.03, 0, 1.46, 1.82, 1.85, 2.22, 2.52, 2.6, 2.55, 2.28, 2.02, 1.61, 1.41, 1.64, 2.09, 2.9, 3.21, 3.85, 3.77, 3.04, 3.18, 3.95, 4.09, 3.78, 3.71, 3.66, 3.45, 3.21, 3.6, 3.57, 2.53, 2.05, 1.99, 1.41, 3.32, 4.99, 5.86, 5.54, 5.32, 6.13, 6.09, 6.19, 6.29, 6.22, 6.54, 6.5, 6.52, 5.77, 5.11, 4.1, 2.76, 2.16, 2.55, 2.75, 2.56, 2.41, 1.98, 1.71, 1.84, 2.73, 2.7, 3.43, 3.73, 3.88, 4.05, 3.99, 3.75, 3.01, 1.72, 1.7, 2.05, 2.5, 2.43, 2.45, 2.82, 2.98, 2.86, 2.95, 2.42, 2.07, 2.12, 2.43, 2.75, 3.596, 4.618], [2.1, 2.09, 1.46, 0, 1.08, 1.63, 1.62, 1.66, 1.78, 1.93, 1.7, 1.52, 1.15, 1.59, 1.98, 1.91, 2.0, 2.25, 2.99, 2.97, 2.7, 3.04, 3.53, 3.69, 3.78, 4.05, 4.12, 3.87, 3.81, 4.24, 4.11, 3.09, 2.61, 2.65, 1.63, 2.2, 3.95, 4.78, 4.4, 4.28, 5.03, 4.97, 5.03, 5.11, 5.1, 5.4, 5.4, 5.38, 4.67, 4.21, 3.28, 3.0, 2.8, 2.23, 2.23, 2.14, 1.81, 1.86, 1.97, 2.38, 3.459, 3.22, 3.19, 3.55, 3.58, 3.41, 3.37, 3.15, 3.05, 2.2, 2.32, 2.884, 3.234, 3.019, 2.87, 2.86, 2.92, 2.68, 2.77, 2.56, 2.37, 2.917, 3.184, 3.724, 4.679, 5.652], [2.56, 2.57, 1.82, 1.08, 0, 0.93, 1.3, 1.34, 1.52, 1.59, 1.34, 1.04, 1.27, 1.57, 1.76, 1.45, 1.6, 2.05, 2.69, 2.65, 2.52, 2.76, 3.35, 3.45, 3.2, 3.45, 3.64, 3.43, 3.33, 3.66, 3.77, 2.85, 2.37, 2.27, 1.17, 1.96, 3.83, 4.58, 4.32, 4.32, 4.91, 4.91, 4.93, 4.89, 4.92, 5.16, 5.24, 5.18, 4.65, 4.43, 3.74, 3.28, 3.2, 2.41, 2.41, 2.06, 1.71, 2.2, 2.45, 2.96, 3.964, 3.6, 3.65, 3.99, 3.94, 4.03, 3.87, 3.59, 3.53, 2.48, 2.52, 3.353, 3.76, 3.73, 3.51, 3.56, 3.52, 3.46, 3.59, 3.26, 2.93, 3.423, 3.61, 4.187, 5.17, 6.157], [2.77, 2.52, 1.85, 1.63, 0.93, 0, 0.85, 1.31, 1.47, 1.44, 1.33, 1.51, 1.58, 1.88, 1.87, 1.38, 1.71, 2.2, 2.74, 2.72, 2.35, 2.47, 3.18, 3.28, 2.89, 2.82, 3.05, 2.8, 2.86, 3.25, 3.3, 2.44, 2.1, 2.08, 1.1, 2.11, 4.0, 4.79, 4.49, 4.49, 5.08, 5.12, 5.14, 5.08, 5.03, 5.31, 5.41, 5.31, 4.8, 4.58, 4.19, 3.71, 3.57, 2.46, 2.62, 2.35, 2.16, 2.85, 2.96, 3.33, 4.32, 3.97, 4.34, 4.64, 4.69, 4.6, 4.46, 4.3, 3.96, 2.73, 2.71, 3.48, 3.83, 3.66, 3.54, 3.85, 4.03, 3.83, 4.0, 3.59, 3.24, 3.51, 3.94, 4.32, 5.2, 6.21], [2.98, 2.91, 2.22, 1.62, 1.3, 0.85, 0, 0.86, 1.1, 1.25, 1.32, 1.56, 1.67, 2.13, 2.12, 1.29, 1.38, 1.87, 2.45, 2.33, 1.98, 2.16, 2.77, 3.03, 2.86, 2.95, 3.12, 2.89, 2.91, 3.46, 3.41, 2.61, 2.43, 2.49, 1.61, 1.86, 3.43, 4.28, 3.92, 3.8, 4.43, 4.45, 4.51, 4.55, 4.42, 4.76, 4.8, 4.68, 4.09, 3.95, 3.94, 3.94, 3.78, 2.55, 2.45, 2.48, 2.39, 2.98, 3.15, 3.52, 4.45, 4.24, 4.35, 4.61, 4.66, 4.53, 4.43, 4.29, 4.03, 3.02, 3.14, 3.91, 4.24, 4.03, 3.83, 3.98, 4.08, 3.76, 3.97, 3.8, 3.47, 3.9, 4.19, 4.71, 5.67, 6.677], [3.24, 3.25, 2.52, 1.66, 1.34, 1.31, 0.86, 0, 0.72, 1.11, 1.24, 1.36, 1.69, 2.39, 2.24, 1.51, 1.06, 1.45, 2.03, 2.01, 1.86, 2.16, 2.65, 2.87, 2.9, 3.13, 3.26, 3.01, 3.05, 3.56, 3.45, 2.81, 2.71, 2.85, 1.89, 1.58, 2.99, 3.78, 3.52, 3.36, 3.97, 4.01, 4.05, 4.05, 4.0, 4.28, 4.26, 4.16, 3.61, 3.61, 3.64, 4.02, 3.96, 2.61, 2.27, 2.44, 2.35, 2.9, 3.13, 3.56, 4.69, 4.22, 4.05, 4.35, 4.42, 4.27, 4.23, 4.03, 3.85, 3.28, 3.38, 4.11, 4.5, 4.31, 4.05, 4.1, 4.14, 3.8, 3.97, 3.84, 3.53, 4.18, 4.41, 4.99, 5.964, 6.974], [3.34, 3.33, 2.6, 1.78, 1.52, 1.47, 1.1, 0.72, 0, 0.73, 1.1, 1.5, 1.73, 2.27, 2.2, 1.47, 0.88, 1.75, 2.31, 2.25, 2.1, 2.24, 2.91, 3.13, 3.0, 3.23, 3.36, 3.15, 3.19, 3.66, 3.63, 2.91, 2.79, 2.89, 1.87, 1.56, 2.81, 3.56, 3.3, 3.28, 3.93, 3.91, 3.89, 3.85, 3.92, 4.16, 4.18, 4.22, 3.63, 3.57, 3.54, 3.9, 3.9, 2.65, 2.39, 2.5, 2.45, 3.06, 3.29, 3.68, 4.692, 4.16, 4.01, 4.21, 4.34, 4.13, 4.09, 3.87, 3.51, 3.22, 3.28, 4.09, 4.42, 4.33, 4.11, 4.2, 4.28, 4.02, 4.21, 3.96, 3.61, 4.16, 4.39, 4.961, 5.964, 6.934], [3.37, 3.28, 2.55, 1.93, 1.59, 1.44, 1.25, 1.11, 0.73, 0, 0.83, 1.63, 1.74, 2.08, 2.09, 1.5, 1.31, 2.28, 2.8, 2.78, 2.53, 2.65, 3.38, 3.58, 3.35, 3.36, 3.55, 3.34, 3.46, 3.97, 3.86, 2.98, 2.84, 2.92, 1.84, 1.67, 3.18, 3.75, 3.37, 3.35, 3.96, 3.92, 3.92, 4.0, 3.89, 4.21, 4.55, 4.47, 3.9, 3.8, 3.59, 3.83, 3.91, 2.8, 2.48, 2.53, 2.42, 3.09, 3.38, 3.75, 4.7, 4.13, 4.08, 4.32, 4.35, 4.02, 3.82, 3.74, 3.42, 3.19, 3.31, 4.14, 4.41, 4.32, 4.14, 4.35, 4.43, 4.21, 4.4, 4.13, 3.76, 4.13, 4.42, 4.94, 5.9, 6.89], [3.02, 2.99, 2.28, 1.7, 1.34, 1.33, 1.32, 1.24, 1.1, 0.83, 0, 1.38, 1.41, 1.81, 1.74, 1.25, 1.32, 2.27, 2.97, 2.93, 2.74, 2.86, 3.55, 3.69, 3.44, 3.51, 3.7, 3.49, 3.47, 3.78, 3.79, 2.73, 2.61, 2.53, 1.59, 1.94, 3.59, 4.14, 3.72, 3.76, 4.33, 4.25, 4.31, 4.35, 4.18, 4.6, 5.04, 4.88, 4.23, 4.15, 3.74, 3.52, 3.58, 2.81, 2.65, 2.44, 2.17, 2.82, 3.01, 3.4, 4.39, 3.78, 3.93, 4.21, 4.22, 3.99, 3.81, 3.79, 3.39, 2.94, 3.02, 3.81, 4.12, 4.09, 3.83, 4.02, 4.12, 3.96, 4.09, 3.84, 3.47, 3.88, 4.11, 4.65, 5.59, 6.6], [2.72, 2.77, 2.02, 1.52, 1.04, 1.51, 1.56, 1.36, 1.5, 1.63, 1.38, 0, 1.09, 1.57, 1.52, 1.11, 1.48, 1.83, 2.57, 2.51, 2.44, 2.7, 3.27, 3.31, 3.2, 3.41, 3.64, 3.43, 3.31, 3.54, 3.71, 2.99, 2.39, 2.23, 1.35, 1.8, 3.53, 4.18, 4.04, 4.0, 4.51, 4.57, 4.55, 4.57, 4.56, 4.86, 5.02, 5.08, 4.35, 4.21, 3.88, 3.46, 3.2, 2.47, 2.31, 2.04, 1.67, 2.28, 2.53, 2.98, 4.05, 3.58, 3.61, 4.01, 4.0, 4.05, 3.89, 3.65, 3.55, 2.46, 2.58, 3.35, 3.74, 3.81, 3.55, 3.62, 3.5, 3.5, 3.61, 3.22, 2.87, 3.52, 3.69, 4.27, 5.286, 6.26], [2.47, 2.38, 1.61, 1.15, 1.27, 1.58, 1.67, 1.69, 1.73, 1.74, 1.41, 1.09, 0, 1.16, 1.53, 1.36, 1.89, 2.4, 3.14, 3.0, 2.59, 2.73, 3.3, 3.34, 3.33, 3.58, 3.79, 3.54, 3.5, 3.73, 3.82, 2.8, 2.3, 2.14, 1.22, 2.05, 3.84, 4.61, 4.21, 4.19, 4.84, 4.86, 4.86, 4.94, 4.95, 5.27, 5.47, 5.47, 4.72, 4.24, 3.63, 3.15, 2.75, 2.22, 2.02, 1.71, 1.44, 2.11, 2.32, 2.65, 3.62, 3.25, 3.52, 3.8, 3.81, 3.74, 3.6, 3.36, 3.2, 2.09, 2.13, 2.8, 3.15, 3.12, 2.9, 2.95, 2.95, 2.87, 2.98, 2.65, 2.28, 2.93, 3.14, 3.72, 4.736, 5.71], [2.25, 1.94, 1.41, 1.59, 1.57, 1.88, 2.13, 2.39, 2.27, 2.08, 1.81, 1.57, 1.16, 0, 0.99, 1.52, 2.45, 3.18, 3.9, 3.76, 3.25, 3.33, 4.06, 4.12, 3.87, 3.96, 4.07, 3.9, 3.8, 3.91, 4.06, 3.0, 2.3, 2.16, 1.26, 2.77, 4.58, 5.29, 4.97, 4.89, 5.5, 5.54, 5.6, 5.7, 5.61, 5.95, 6.17, 6.23, 5.48, 4.94, 4.01, 2.45, 2.37, 2.7, 2.72, 2.35, 1.94, 1.99, 2.1, 2.11, 2.86, 2.61, 3.2, 3.48, 3.55, 3.72, 3.68, 3.26, 2.64, 1.41, 1.79, 2.56, 2.89, 2.98, 2.92, 3.19, 3.27, 3.23, 3.42, 2.85, 2.34, 2.37, 2.54, 3.02, 4.0, 4.95], [2.6, 2.25, 1.64, 1.98, 1.76, 1.87, 2.12, 2.24, 2.2, 2.09, 1.74, 1.52, 1.53, 0.99, 0, 1.37, 2.44, 3.09, 3.85, 3.75, 3.32, 3.38, 4.21, 4.33, 3.96, 3.79, 3.78, 3.75, 3.55, 3.62, 3.77, 2.77, 2.27, 2.03, 1.63, 2.9, 4.53, 5.3, 5.0, 4.88, 5.53, 5.51, 5.61, 5.69, 5.64, 6.0, 6.1, 6.18, 5.45, 5.03, 4.36, 2.72, 2.8, 2.91, 3.05, 2.7, 2.35, 2.5, 2.59, 2.5, 3.19, 2.88, 3.45, 3.85, 3.98, 4.25, 4.19, 3.73, 2.91, 1.86, 2.28, 3.01, 3.34, 3.47, 3.43, 3.8, 3.92, 3.9, 4.03, 3.38, 2.87, 2.84, 3.03, 3.35, 4.15, 4.98], [2.93, 2.72, 2.09, 1.91, 1.45, 1.38, 1.29, 1.51, 1.47, 1.5, 1.25, 1.11, 1.36, 1.52, 1.37, 0, 1.37, 2.14, 2.78, 2.68, 2.45, 2.53, 3.14, 3.16, 2.89, 2.82, 2.91, 2.84, 2.7, 3.01, 3.18, 2.48, 2.02, 2.0, 1.34, 2.25, 3.9, 4.59, 4.31, 4.27, 4.76, 4.8, 4.8, 4.76, 4.73, 4.93, 5.07, 5.09, 4.58, 4.58, 4.33, 3.47, 3.33, 2.78, 2.72, 2.41, 2.12, 2.93, 3.06, 3.33, 4.12, 3.67, 4.32, 4.54, 4.61, 4.68, 4.5, 4.24, 3.54, 2.59, 2.67, 3.5, 3.81, 3.88, 3.8, 3.97, 4.03, 3.99, 4.14, 3.65, 3.3, 3.57, 3.86, 4.26, 5.18, 6.13], [3.66, 3.61, 2.9, 2.0, 1.6, 1.71, 1.38, 1.06, 0.88, 1.31, 1.32, 1.48, 1.89, 2.45, 2.44, 1.37, 0, 1.19, 1.73, 1.77, 1.9, 2.12, 2.57, 2.63, 2.56, 2.83, 2.9, 2.67, 2.79, 3.52, 3.61, 3.17, 3.01, 3.05, 2.07, 1.9, 2.99, 3.68, 3.54, 3.42, 3.89, 3.93, 3.91, 3.83, 3.88, 4.04, 4.06, 4.02, 3.57, 3.75, 4.06, 4.12, 4.08, 3.03, 2.57, 2.6, 2.59, 3.16, 3.43, 3.96, 4.95, 4.3, 4.29, 4.57, 4.58, 4.47, 4.43, 4.23, 3.89, 3.42, 3.44, 4.31, 4.62, 4.59, 4.35, 4.38, 4.4, 4.26, 4.41, 4.16, 3.83, 4.4, 4.63, 5.19, 6.21, 7.18], [3.87, 3.92, 3.21, 2.25, 2.05, 2.2, 1.87, 1.45, 1.75, 2.28, 2.27, 1.83, 2.4, 3.18, 3.09, 2.14, 1.19, 0, 0.86, 1.14, 1.87, 2.29, 2.36, 2.28, 2.43, 2.68, 2.73, 2.58, 2.86, 3.77, 3.86, 3.58, 3.42, 3.56, 2.7, 2.21, 3.12, 3.79, 3.89, 3.61, 3.92, 3.86, 4.0, 3.82, 3.83, 4.01, 3.91, 3.85, 3.46, 3.96, 4.37, 4.75, 4.51, 3.36, 2.46, 2.67, 2.7, 3.27, 3.6, 4.11, 5.22, 4.73, 4.58, 4.94, 5.09, 4.82, 4.78, 4.56, 4.64, 3.91, 3.99, 4.56, 4.99, 4.831, 4.6, 4.59, 4.25, 4.01, 4.18, 4.287, 4.02, 4.69, 4.92, 5.48, 6.477, 7.47], [4.33, 4.48, 3.85, 2.99, 2.69, 2.74, 2.45, 2.03, 2.31, 2.8, 2.97, 2.57, 3.14, 3.9, 3.85, 2.78, 1.73, 0.86, 0, 0.78, 2.01, 2.41, 2.26, 2.18, 2.43, 2.68, 2.63, 2.5, 3.1, 4.17, 4.28, 4.08, 4.0, 4.16, 3.3, 2.45, 3.0, 3.75, 3.87, 3.61, 3.88, 3.8, 3.94, 3.74, 3.77, 3.83, 3.59, 3.55, 3.42, 3.98, 4.57, 5.47, 5.01, 3.48, 2.44, 2.95, 3.2, 3.93, 4.2, 4.65, 5.7, 5.27, 5.32, 5.64, 5.77, 5.22, 5.2, 4.96, 5.32, 4.57, 4.59, 5.0, 5.39, 5.279, 5.08, 5.03, 4.67, 4.25, 4.52, 4.75, 4.56, 5.15, 5.38, 5.94, 6.934, 8.07], [4.01, 4.2, 3.77, 2.97, 2.65, 2.72, 2.33, 2.01, 2.25, 2.78, 2.93, 2.51, 3.0, 3.76, 3.75, 2.68, 1.77, 1.14, 0.78, 0, 1.41, 1.81, 1.72, 1.9, 2.19, 2.44, 2.49, 2.32, 2.9, 3.91, 4.08, 3.86, 3.8, 3.92, 3.14, 2.37, 3.04, 3.81, 3.89, 3.69, 4.02, 3.98, 4.08, 3.88, 3.93, 4.01, 3.89, 3.85, 3.64, 4.04, 4.75, 5.37, 4.79, 2.98, 2.24, 2.97, 3.22, 3.91, 4.02, 4.41, 5.36, 5.11, 5.44, 5.8, 5.89, 5.48, 5.46, 5.22, 5.42, 4.39, 4.33, 4.68, 4.95, 4.9, 4.68, 4.73, 4.39, 4.15, 4.24, 4.53, 4.22, 4.91, 5.18, 5.62, 6.56, 7.75], [3.16, 3.37, 3.04, 2.7, 2.52, 2.35, 1.98, 1.86, 2.1, 2.53, 2.74, 2.44, 2.59, 3.25, 3.32, 2.45, 1.9, 1.87, 2.01, 1.41, 0, 0.82, 1.27, 1.93, 2.04, 2.33, 2.46, 2.33, 2.37, 3.26, 3.21, 2.97, 2.99, 3.19, 2.59, 2.76, 3.65, 4.38, 4.36, 4.06, 4.65, 4.63, 4.69, 4.65, 4.64, 4.92, 4.84, 4.78, 4.21, 4.29, 5.06, 5.06, 4.3, 2.55, 2.53, 3.22, 3.57, 3.94, 3.65, 3.76, 4.47, 4.8, 5.45, 5.81, 5.96, 5.89, 5.85, 5.63, 5.29, 3.92, 3.7, 3.79, 4.02, 3.77, 3.69, 3.74, 4.0, 4.02, 3.77, 3.66, 3.55, 3.96, 4.29, 4.71, 5.45, 6.84], [3.38, 3.45, 3.18, 3.04, 2.76, 2.47, 2.16, 2.16, 2.24, 2.65, 2.86, 2.7, 2.73, 3.33, 3.38, 2.53, 2.12, 2.29, 2.41, 1.81, 0.82, 0, 1.23, 1.91, 2.02, 2.37, 2.42, 2.37, 2.33, 3.0, 2.91, 2.79, 2.69, 2.95, 2.67, 2.92, 3.91, 4.74, 4.6, 4.46, 5.07, 5.09, 5.07, 5.05, 5.1, 5.3, 5.24, 5.22, 4.67, 4.67, 5.36, 5.18, 4.3, 2.65, 2.79, 3.36, 3.81, 4.26, 3.99, 4.08, 4.67, 4.88, 5.79, 6.11, 6.26, 6.19, 6.15, 5.93, 5.47, 3.98, 3.7, 3.61, 3.7, 3.55, 3.45, 3.68, 3.92, 3.96, 3.75, 3.68, 3.67, 3.78, 4.01, 4.43, 5.19, 6.72], [4.09, 4.06, 3.95, 3.53, 3.35, 3.18, 2.77, 2.65, 2.91, 3.38, 3.55, 3.27, 3.3, 4.06, 4.21, 3.14, 2.57, 2.36, 2.26, 1.72, 1.27, 1.23, 0, 1.14, 1.55, 1.92, 1.97, 2.12, 2.54, 3.35, 3.4, 3.2, 3.18, 3.42, 3.36, 3.51, 3.9, 4.53, 4.61, 4.45, 4.7, 4.7, 4.78, 4.66, 4.69, 4.81, 4.73, 4.71, 4.3, 4.84, 5.91, 5.93, 5.11, 3.4, 3.22, 3.89, 4.3, 4.77, 4.54, 4.75, 5.46, 5.65, 6.36, 6.66, 6.81, 6.68, 6.66, 6.42, 6.16, 4.79, 4.51, 4.26, 4.27, 4.06, 3.92, 3.95, 4.21, 4.37, 4.12, 4.25, 4.18, 4.33, 4.72, 4.96, 5.68, 7.27], [4.53, 4.36, 4.09, 3.69, 3.45, 3.28, 3.03, 2.87, 3.13, 3.58, 3.69, 3.31, 3.34, 4.12, 4.33, 3.16, 2.63, 2.28, 2.18, 1.9, 1.93, 1.91, 1.14, 0, 0.95, 1.54, 1.71, 2.0, 2.64, 3.51, 3.64, 3.48, 3.3, 3.56, 3.44, 3.71, 4.1, 4.59, 4.71, 4.71, 4.6, 4.46, 4.54, 4.44, 4.63, 4.57, 4.25, 4.47, 4.3, 5.08, 6.17, 6.07, 5.25, 3.88, 3.3, 3.85, 4.26, 4.81, 4.74, 5.03, 5.82, 5.77, 6.4, 6.72, 6.89, 6.76, 6.72, 6.46, 6.18, 4.87, 4.63, 4.6, 4.75, 4.66, 4.42, 4.49, 4.37, 4.47, 4.44, 4.59, 4.46, 4.77, 4.88, 5.3, 6.265, 7.67], [4.46, 4.23, 3.78, 3.78, 3.2, 2.89, 2.86, 2.9, 3.0, 3.35, 3.44, 3.2, 3.33, 3.87, 3.96, 2.89, 2.56, 2.43, 2.43, 2.19, 2.04, 2.02, 1.55, 0.95, 0, 0.93, 1.32, 1.65, 2.57, 3.52, 3.71, 3.39, 3.23, 3.27, 2.99, 3.78, 4.27, 4.64, 4.78, 4.86, 4.69, 4.57, 4.65, 4.45, 4.66, 4.62, 4.4, 4.64, 4.43, 5.25, 6.38, 5.86, 5.12, 3.85, 3.55, 3.94, 4.39, 4.9, 4.75, 5.0, 5.81, 5.64, 6.53, 6.83, 6.94, 6.95, 6.91, 6.67, 6.17, 4.66, 4.34, 4.65, 4.92, 4.915, 4.67, 4.9, 5.06, 4.96, 5.11, 4.76, 4.57, 4.74, 4.99, 5.444, 6.435, 7.62], [4.57, 4.08, 3.71, 4.05, 3.45, 2.82, 2.95, 3.13, 3.23, 3.36, 3.51, 3.41, 3.58, 3.96, 3.79, 2.82, 2.83, 2.68, 2.68, 2.44, 2.33, 2.37, 1.92, 1.54, 0.93, 0, 0.95, 1.28, 2.44, 3.41, 3.62, 3.2, 3.1, 3.08, 2.88, 3.89, 4.5, 4.91, 5.03, 5.03, 5.0, 4.92, 5.06, 4.8, 4.83, 4.89, 4.69, 4.73, 4.64, 5.44, 6.63, 6.01, 5.33, 4.12, 3.9, 4.19, 4.56, 5.17, 5.08, 5.29, 6.02, 5.83, 6.86, 7.14, 7.25, 7.2, 7.08, 6.9, 6.28, 4.81, 4.51, 4.74, 5.15, 5.1, 4.98, 5.35, 5.51, 5.43, 5.56, 5.17, 4.98, 4.85, 5.32, 5.58, 6.385, 7.45], [4.52, 3.77, 3.66, 4.12, 3.64, 3.05, 3.12, 3.26, 3.36, 3.55, 3.7, 3.64, 3.79, 4.07, 3.78, 2.91, 2.9, 2.73, 2.63, 2.49, 2.46, 2.42, 1.97, 1.71, 1.32, 0.95, 0, 0.99, 1.95, 2.78, 2.97, 2.61, 2.59, 2.75, 3.09, 4.32, 4.83, 5.42, 5.54, 5.36, 5.55, 5.45, 5.59, 5.37, 5.42, 5.48, 5.14, 5.14, 5.17, 5.83, 6.8, 6.02, 5.28, 4.33, 3.99, 4.38, 4.85, 5.3, 5.09, 5.26, 5.91, 5.76, 6.91, 7.21, 7.32, 7.35, 7.29, 7.07, 6.21, 4.88, 4.5, 4.55, 5.02, 4.95, 4.83, 5.2, 5.38, 5.36, 5.45, 4.98, 4.91, 4.54, 5.21, 5.37, 5.91, 6.92], [4.35, 3.6, 3.45, 3.87, 3.43, 2.8, 2.89, 3.01, 3.15, 3.34, 3.49, 3.43, 3.54, 3.9, 3.75, 2.84, 2.67, 2.58, 2.5, 2.32, 2.33, 2.37, 2.12, 2.0, 1.65, 1.28, 0.99, 0, 1.38, 2.45, 2.6, 2.28, 2.4, 2.5, 2.88, 4.11, 4.76, 5.49, 5.51, 5.29, 5.64, 5.56, 5.7, 5.5, 5.53, 5.59, 5.29, 5.25, 5.22, 5.66, 6.55, 5.85, 5.15, 4.22, 3.84, 4.17, 4.62, 5.07, 4.88, 5.07, 5.84, 5.69, 6.64, 6.96, 7.09, 7.1, 7.06, 6.82, 6.14, 4.67, 4.31, 4.42, 4.93, 4.8, 4.66, 5.03, 5.23, 5.27, 5.36, 4.93, 4.72, 4.49, 5.12, 5.32, 5.74, 6.49], [3.87, 3.2, 3.21, 3.81, 3.33, 2.86, 2.91, 3.05, 3.19, 3.46, 3.47, 3.31, 3.5, 3.8, 3.55, 2.7, 2.79, 2.86, 3.1, 2.9, 2.37, 2.33, 2.54, 2.64, 2.57, 2.44, 1.95, 1.38, 0, 1.41, 1.52, 1.44, 1.82, 2.04, 2.78, 4.31, 5.36, 6.13, 6.17, 5.87, 6.36, 6.32, 6.38, 6.3, 6.33, 6.45, 6.31, 6.27, 5.94, 6.14, 6.47, 5.65, 4.85, 4.08, 3.98, 4.13, 4.58, 4.89, 4.56, 4.65, 5.3, 5.37, 6.4, 6.74, 6.91, 7.02, 6.96, 6.68, 5.84, 4.49, 4.13, 3.86, 4.31, 4.1, 4.1, 4.37, 4.65, 4.93, 4.82, 4.49, 4.3, 4.07, 4.54, 4.6, 4.98, 5.71], [4.34, 3.55, 3.6, 4.24, 3.66, 3.25, 3.46, 3.56, 3.66, 3.97, 3.78, 3.54, 3.73, 3.91, 3.62, 3.01, 3.52, 3.77, 4.17, 3.91, 3.26, 3.0, 3.35, 3.51, 3.52, 3.41, 2.78, 2.45, 1.41, 0, 0.83, 1.47, 1.81, 1.97, 2.95, 4.7, 6.05, 6.86, 6.76, 6.62, 7.21, 7.23, 7.17, 7.11, 7.22, 7.4, 7.4, 7.38, 6.87, 6.83, 6.9, 5.8, 5.1, 4.35, 4.43, 4.52, 4.83, 5.26, 4.97, 5.02, 5.53, 5.52, 6.81, 7.11, 7.24, 7.35, 7.31, 7.03, 5.99, 4.68, 4.36, 4.15, 4.38, 4.29, 4.23, 4.52, 4.84, 5.16, 5.01, 4.78, 4.77, 4.3, 4.61, 4.65, 4.97, 5.88], [4.27, 3.48, 3.57, 4.11, 3.77, 3.3, 3.41, 3.45, 3.63, 3.86, 3.79, 3.71, 3.82, 4.06, 3.77, 3.18, 3.61, 3.86, 4.28, 4.08, 3.21, 2.91, 3.4, 3.64, 3.71, 3.62, 2.97, 2.6, 1.52, 0.83, 0, 1.28, 1.8, 2.06, 3.12, 4.63, 6.0, 6.91, 6.73, 6.55, 7.18, 7.18, 7.16, 7.16, 7.19, 7.47, 7.37, 7.37, 6.74, 6.66, 6.75, 5.89, 5.19, 4.38, 4.3, 4.49, 4.9, 5.23, 4.86, 4.99, 5.52, 5.61, 6.76, 7.04, 7.25, 7.3, 7.26, 7.02, 6.04, 4.79, 4.45, 4.12, 4.21, 4.14, 4.08, 4.25, 4.53, 4.97, 4.74, 4.65, 4.74, 4.21, 4.48, 4.48, 4.84, 5.89], [3.39, 2.58, 2.53, 3.09, 2.85, 2.44, 2.61, 2.81, 2.91, 2.98, 2.73, 2.99, 2.8, 3.0, 2.77, 2.48, 3.17, 3.58, 4.08, 3.86, 2.97, 2.79, 3.2, 3.48, 3.39, 3.2, 2.61, 2.28, 1.44, 1.47, 1.28, 0, 0.98, 1.14, 2.18, 3.75, 5.3, 6.15, 5.89, 5.75, 6.42, 6.36, 6.44, 6.52, 6.47, 6.79, 6.75, 6.77, 6.06, 5.86, 5.59, 4.83, 4.21, 3.48, 3.42, 3.49, 3.8, 4.11, 3.88, 4.03, 4.68, 4.69, 5.72, 5.96, 6.09, 6.1, 6.06, 5.84, 5.0, 3.79, 3.41, 3.3, 3.59, 3.38, 3.28, 3.61, 3.83, 3.89, 3.96, 3.79, 3.76, 3.33, 3.78, 3.9, 4.2, 5.11], [2.91, 2.1, 2.05, 2.61, 2.37, 2.1, 2.43, 2.71, 2.79, 2.84, 2.61, 2.39, 2.3, 2.3, 2.27, 2.02, 3.01, 3.42, 4.0, 3.8, 2.99, 2.69, 3.18, 3.3, 3.23, 3.1, 2.59, 2.4, 1.82, 1.81, 1.8, 0.98, 0, 0.66, 1.58, 3.45, 5.08, 6.03, 5.75, 5.65, 6.3, 6.28, 6.26, 6.34, 6.33, 6.65, 6.67, 6.73, 6.0, 5.68, 5.27, 4.25, 3.61, 3.12, 3.18, 3.01, 3.22, 3.55, 3.34, 3.53, 4.2, 4.07, 5.12, 5.44, 5.53, 5.66, 5.58, 5.3, 4.44, 3.15, 2.77, 2.72, 3.05, 2.94, 2.84, 3.19, 3.41, 3.59, 3.62, 3.29, 3.24, 2.81, 3.22, 3.36, 3.72, 4.85], [2.91, 2.06, 1.99, 2.65, 2.27, 2.08, 2.49, 2.85, 2.89, 2.92, 2.53, 2.23, 2.14, 2.16, 2.03, 2.0, 3.05, 3.56, 4.16, 3.92, 3.19, 2.95, 3.42, 3.56, 3.27, 3.08, 2.75, 2.5, 2.04, 1.97, 2.06, 1.14, 0.66, 0, 1.52, 3.59, 5.26, 6.17, 5.87, 5.85, 6.46, 6.42, 6.4, 6.42, 6.47, 6.71, 6.81, 6.85, 6.16, 6.0, 5.45, 4.17, 3.57, 3.28, 3.38, 3.09, 3.2, 3.51, 3.38, 3.51, 4.18, 3.97, 5.14, 5.44, 5.53, 5.64, 5.48, 5.24, 4.4, 3.09, 2.73, 2.74, 3.11, 3.14, 2.98, 3.39, 3.63, 3.85, 3.84, 3.43, 3.24, 2.89, 3.32, 3.42, 3.8, 4.83], [2.31, 1.92, 1.41, 1.63, 1.17, 1.1, 1.61, 1.89, 1.87, 1.84, 1.59, 1.35, 1.22, 1.26, 1.63, 1.34, 2.07, 2.7, 3.3, 3.14, 2.59, 2.67, 3.36, 3.44, 2.99, 2.88, 3.09, 2.88, 2.78, 2.95, 3.12, 2.18, 1.58, 1.52, 0, 2.33, 4.26, 5.07, 4.77, 4.81, 5.44, 5.42, 5.4, 5.44, 5.47, 5.73, 5.85, 5.87, 5.2, 4.8, 4.27, 3.37, 2.97, 2.34, 2.5, 2.17, 2.0, 2.67, 2.72, 2.85, 3.68, 3.49, 4.18, 4.46, 4.53, 4.62, 4.48, 4.24, 3.66, 2.29, 2.07, 2.68, 3.19, 3.22, 3.08, 3.41, 3.57, 3.59, 3.7, 3.07, 2.76, 2.91, 3.28, 3.62, 4.499, 5.455], [4.06, 4.09, 3.32, 2.2, 1.96, 2.11, 1.86, 1.58, 1.56, 1.67, 1.94, 1.8, 2.05, 2.77, 2.9, 2.25, 1.9, 2.21, 2.45, 2.37, 2.76, 2.92, 3.51, 3.71, 3.78, 3.89, 4.32, 4.11, 4.31, 4.7, 4.63, 3.75, 3.45, 3.59, 2.33, 0, 2.13, 2.88, 2.62, 2.58, 3.21, 3.21, 3.25, 3.27, 3.24, 3.56, 3.76, 3.8, 3.01, 2.65, 2.86, 4.44, 4.42, 2.69, 1.77, 1.9, 1.87, 2.98, 3.55, 4.16, 5.27, 4.64, 4.07, 4.27, 4.22, 3.65, 3.55, 3.31, 3.81, 3.72, 3.78, 4.604, 4.96, 4.881, 4.624, 4.611, 4.24, 3.68, 4.106, 4.325, 3.987, 4.714, 4.921, 5.501, 6.524, 7.494], [5.67, 5.68, 4.99, 3.95, 3.83, 4.0, 3.43, 2.99, 2.81, 3.18, 3.59, 3.53, 3.84, 4.58, 4.53, 3.9, 2.99, 3.12, 3.0, 3.04, 3.65, 3.91, 3.9, 4.1, 4.27, 4.5, 4.83, 4.76, 5.36, 6.05, 6.0, 5.3, 5.08, 5.26, 4.26, 2.13, 0, 1.29, 1.31, 1.15, 1.66, 1.7, 1.54, 1.56, 1.61, 2.17, 2.59, 2.65, 1.86, 1.54, 3.01, 6.15, 5.99, 4.34, 3.1, 3.49, 3.8, 4.73, 5.2, 5.75, 6.86, 6.23, 5.5, 5.76, 5.67, 4.88, 4.58, 4.32, 5.0, 5.37, 5.43, 6.174, 6.53, 6.459, 6.22, 6.206, 5.792, 5.19, 5.676, 5.93, 5.577, 6.31, 6.52, 7.088, 8.114, 9.09], [6.58, 6.61, 5.86, 4.78, 4.58, 4.79, 4.28, 3.78, 3.56, 3.75, 4.14, 4.18, 4.61, 5.29, 5.3, 4.59, 3.68, 3.79, 3.75, 3.81, 4.38, 4.74, 4.53, 4.59, 4.64, 4.91, 5.42, 5.49, 6.13, 6.86, 6.91, 6.15, 6.03, 6.17, 5.07, 2.88, 1.29, 0, 1.04, 1.16, 0.87, 1.15, 0.91, 1.07, 1.12, 1.52, 1.98, 1.96, 1.29, 1.43, 3.78, 7.0, 7.02, 5.29, 4.15, 4.38, 4.59, 5.58, 6.11, 6.72, 7.83, 7.24, 6.37, 6.55, 6.4, 5.57, 5.27, 5.03, 5.83, 6.32, 6.4, 7.21, 7.56, 7.43, 7.17, 7.16, 6.78, 6.14, 6.643, 6.92, 6.55, 7.28, 7.53, 8.11, 9.07, 10.08], [6.26, 6.27, 5.54, 4.4, 4.32, 4.49, 3.92, 3.52, 3.3, 3.37, 3.72, 4.04, 4.21, 4.97, 5.0, 4.31, 3.54, 3.89, 3.87, 3.89, 4.36, 4.6, 4.61, 4.71, 4.78, 5.03, 5.54, 5.51, 6.17, 6.76, 6.73, 5.89, 5.75, 5.87, 4.77, 2.62, 1.31, 1.04, 0, 0.72, 1.01, 1.27, 1.03, 1.07, 1.36, 1.32, 2.12, 2.02, 1.27, 1.35, 3.24, 6.7, 6.72, 5.01, 3.85, 4.06, 4.27, 5.3, 5.79, 6.42, 7.53, 6.94, 5.99, 6.21, 6.04, 5.11, 4.75, 4.61, 5.47, 6.02, 6.08, 6.91, 7.26, 7.13, 6.83, 6.84, 6.48, 5.793, 6.326, 6.62, 6.25, 6.98, 7.23, 7.81, 8.77, 9.78], [6.02, 6.09, 5.32, 4.28, 4.32, 4.49, 3.8, 3.36, 3.28, 3.35, 3.76, 4.0, 4.19, 4.89, 4.88, 4.27, 3.42, 3.61, 3.61, 3.69, 4.06, 4.46, 4.45, 4.71, 4.86, 5.03, 5.36, 5.29, 5.87, 6.62, 6.55, 5.75, 5.65, 5.85, 4.81, 2.58, 1.15, 1.16, 0.72, 0, 1.07, 1.27, 1.27, 1.31, 1.36, 1.64, 2.26, 2.08, 1.35, 1.15, 2.84, 6.52, 6.54, 4.91, 3.71, 3.94, 4.15, 5.1, 5.43, 6.04, 7.17, 6.76, 5.71, 5.93, 5.76, 4.89, 4.55, 4.37, 5.25, 5.86, 5.92, 6.67, 7.08, 6.85, 6.63, 6.56, 6.2, 5.52, 5.97, 6.34, 6.05, 6.74, 6.95, 7.55, 8.53, 9.52], [6.83, 6.84, 6.13, 5.03, 4.91, 5.08, 4.43, 3.97, 3.93, 3.96, 4.33, 4.51, 4.84, 5.5, 5.53, 4.76, 3.89, 3.92, 3.88, 4.02, 4.65, 5.07, 4.7, 4.6, 4.69, 5.0, 5.55, 5.64, 6.36, 7.21, 7.18, 6.42, 6.3, 6.46, 5.44, 3.21, 1.66, 0.87, 1.01, 1.07, 0, 0.68, 0.76, 0.9, 0.95, 1.09, 1.73, 1.73, 0.98, 1.44, 3.77, 7.19, 7.23, 5.54, 4.36, 4.55, 4.76, 5.71, 6.24, 6.85, 7.96, 7.45, 6.5, 6.66, 6.45, 5.56, 5.18, 5.08, 5.96, 6.51, 6.59, 7.38, 7.77, 7.58, 7.3, 7.29, 6.91, 6.23, 6.76, 7.05, 6.74, 7.45, 7.68, 8.26, 9.24, 10.25], [6.83, 6.84, 6.09, 4.97, 4.91, 5.12, 4.45, 4.01, 3.91, 3.92, 4.25, 4.57, 4.86, 5.54, 5.51, 4.8, 3.93, 3.86, 3.8, 3.98, 4.63, 5.09, 4.7, 4.46, 4.57, 4.92, 5.45, 5.56, 6.32, 7.23, 7.18, 6.36, 6.28, 6.42, 5.42, 3.21, 1.7, 1.15, 1.27, 1.27, 0.68, 0, 0.66, 0.84, 0.83, 1.03, 1.65, 1.91, 1.22, 1.84, 3.85, 7.23, 7.25, 5.6, 4.4, 4.59, 4.8, 5.75, 6.26, 6.87, 7.98, 7.47, 6.56, 6.72, 6.53, 5.66, 5.22, 5.12, 5.96, 6.57, 6.63, 7.397, 7.79, 7.614, 7.38, 7.35, 6.93, 6.31, 6.82, 7.067, 6.76, 7.47, 7.7, 8.28, 9.277, 10.264], [6.95, 6.96, 6.19, 5.03, 4.93, 5.14, 4.51, 4.05, 3.89, 3.92, 4.31, 4.55, 4.86, 5.6, 5.61, 4.8, 3.91, 4.0, 3.94, 4.08, 4.69, 5.07, 4.78, 4.54, 4.65, 5.06, 5.59, 5.7, 6.38, 7.17, 7.16, 6.44, 6.26, 6.4, 5.4, 3.25, 1.54, 0.91, 1.03, 1.27, 0.76, 0.66, 0, 0.56, 0.81, 1.03, 1.67, 1.93, 1.22, 1.82, 4.01, 7.43, 7.41, 5.72, 4.52, 4.73, 4.94, 5.97, 6.5, 7.11, 8.22, 7.63, 6.74, 6.96, 6.77, 5.8, 5.4, 5.28, 6.14, 6.69, 6.77, 7.557, 7.95, 7.834, 7.6, 7.564, 7.17, 6.55, 7.036, 7.287, 6.98, 7.687, 7.874, 8.457, 9.497, 10.464], [7.05, 7.06, 6.29, 5.11, 4.89, 5.08, 4.55, 4.05, 3.85, 4.0, 4.35, 4.57, 4.94, 5.7, 5.69, 4.76, 3.83, 3.82, 3.74, 3.88, 4.65, 5.05, 4.66, 4.44, 4.45, 4.8, 5.37, 5.5, 6.3, 7.11, 7.16, 6.52, 6.34, 6.42, 5.44, 3.27, 1.56, 1.07, 1.07, 1.31, 0.9, 0.84, 0.56, 0, 0.73, 0.97, 1.67, 1.85, 1.26, 2.02, 4.07, 7.487, 7.49, 5.78, 4.6, 4.79, 5.02, 6.07, 6.6, 7.21, 8.32, 7.71, 6.84, 7.045, 6.87, 5.9, 5.5, 5.36, 6.24, 6.79, 6.85, 7.674, 8.03, 7.931, 7.674, 7.661, 7.252, 6.621, 7.136, 7.378, 7.037, 7.764, 7.991, 8.571, 9.574, 10.544], [6.96, 6.97, 6.22, 5.1, 4.92, 5.03, 4.42, 4.0, 3.92, 3.89, 4.18, 4.56, 4.95, 5.61, 5.64, 4.73, 3.88, 3.83, 3.77, 3.93, 4.64, 5.1, 4.69, 4.63, 4.66, 4.83, 5.42, 5.53, 6.33, 7.22, 7.19, 6.47, 6.33, 6.47, 5.47, 3.24, 1.61, 1.12, 1.36, 1.36, 0.95, 0.83, 0.81, 0.73, 0, 1.12, 1.84, 1.86, 1.19, 1.97, 4.04, 7.38, 7.42, 5.75, 4.57, 4.72, 4.93, 5.9, 6.45, 7.08, 8.19, 7.64, 6.65, 6.89, 6.68, 5.69, 5.23, 5.19, 6.17, 6.7, 6.78, 7.57, 7.96, 7.77, 7.51, 7.48, 7.12, 6.46, 6.97, 7.26, 6.93, 7.64, 7.87, 8.45, 9.43, 10.44], [7.3, 7.31, 6.54, 5.4, 5.16, 5.31, 4.76, 4.28, 4.16, 4.21, 4.6, 4.86, 5.27, 5.95, 6.0, 4.93, 4.04, 4.01, 3.83, 4.01, 4.92, 5.3, 4.81, 4.57, 4.62, 4.89, 5.48, 5.59, 6.45, 7.4, 7.47, 6.79, 6.65, 6.71, 5.73, 3.56, 2.17, 1.52, 1.32, 1.64, 1.09, 1.03, 1.03, 0.97, 1.12, 0, 1.24, 1.42, 1.43, 2.41, 4.3, 7.74, 7.78, 6.09, 4.89, 5.06, 5.27, 6.26, 6.83, 7.44, 8.57, 8.0, 7.061, 7.275, 7.099, 6.11, 5.67, 5.57, 6.51, 7.06, 7.14, 7.944, 8.32, 8.161, 7.91, 7.891, 7.52, 6.871, 7.366, 7.648, 7.29, 8.014, 8.261, 8.841, 9.804, 10.814], [7.26, 7.21, 6.5, 5.4, 5.24, 5.41, 4.8, 4.26, 4.18, 4.55, 5.04, 5.02, 5.47, 6.17, 6.1, 5.07, 4.06, 3.91, 3.59, 3.89, 4.84, 5.24, 4.73, 4.25, 4.4, 4.69, 5.14, 5.29, 6.31, 7.4, 7.37, 6.75, 6.67, 6.81, 5.85, 3.76, 2.59, 1.98, 2.12, 2.26, 1.73, 1.65, 1.67, 1.67, 1.84, 1.24, 0, 0.92, 1.51, 2.77, 4.78, 7.849, 7.832, 6.204, 4.99, 5.24, 5.49, 6.38, 6.85, 7.445, 8.556, 8.06, 7.15, 7.37, 7.2, 6.43, 6.13, 5.91, 6.73, 7.16, 7.223, 7.956, 8.369, 8.17, 7.956, 7.909, 7.506, 6.886, 7.379, 7.623, 7.339, 8.029, 8.262, 8.839, 9.833, 10.826], [7.26, 7.23, 6.52, 5.38, 5.18, 5.31, 4.68, 4.16, 4.22, 4.47, 4.88, 5.08, 5.47, 6.23, 6.18, 5.09, 4.02, 3.85, 3.55, 3.85, 4.78, 5.22, 4.71, 4.47, 4.64, 4.73, 5.14, 5.25, 6.27, 7.38, 7.37, 6.77, 6.73, 6.85, 5.87, 3.8, 2.65, 1.96, 2.02, 2.08, 1.73, 1.91, 1.93, 1.85, 1.86, 1.42, 0.92, 0, 1.25, 2.65, 4.82, 7.897, 7.912, 6.31, 5.07, 5.32, 5.53, 6.46, 6.85, 7.5, 8.63, 8.146, 7.15, 7.41, 7.24, 6.43, 6.07, 5.89, 6.83, 7.257, 7.292, 8.036, 8.449, 8.23, 8.004, 7.949, 7.566, 6.906, 7.399, 7.703, 7.419, 8.114, 8.342, 8.919, 9.893, 10.906], [6.45, 6.5, 5.77, 4.67, 4.65, 4.8, 4.09, 3.61, 3.63, 3.9, 4.23, 4.35, 4.72, 5.48, 5.45, 4.58, 3.57, 3.46, 3.42, 3.64, 4.21, 4.67, 4.3, 4.3, 4.43, 4.64, 5.17, 5.22, 5.94, 6.87, 6.74, 6.06, 6.0, 6.16, 5.2, 3.01, 1.86, 1.29, 1.27, 1.35, 0.98, 1.22, 1.22, 1.26, 1.19, 1.43, 1.51, 1.25, 0, 1.66, 4.03, 7.13, 7.15, 5.52, 4.3, 4.55, 4.76, 5.69, 6.0, 6.63, 7.78, 7.33, 6.36, 6.58, 6.43, 5.68, 5.28, 5.26, 6.14, 6.49, 6.53, 7.24, 7.67, 7.417, 7.16, 7.15, 6.77, 6.05, 6.58, 6.907, 6.64, 7.33, 7.56, 8.14, 9.097, 10.09], [5.73, 5.84, 5.11, 4.21, 4.43, 4.58, 3.95, 3.61, 3.57, 3.8, 4.15, 4.21, 4.24, 4.94, 5.03, 4.58, 3.75, 3.96, 3.98, 4.04, 4.29, 4.67, 4.84, 5.08, 5.25, 5.44, 5.83, 5.66, 6.14, 6.83, 6.66, 5.86, 5.68, 6.0, 4.8, 2.65, 1.54, 1.43, 1.35, 1.15, 1.44, 1.84, 1.82, 2.02, 1.97, 2.41, 2.77, 2.65, 1.66, 0, 2.87, 6.19, 6.23, 4.66, 3.38, 3.63, 3.98, 4.81, 5.08, 5.67, 6.82, 6.43, 5.52, 5.6, 5.43, 4.76, 4.5, 4.38, 5.1, 5.53, 5.55, 6.26, 6.69, 6.42, 6.18, 6.17, 5.79, 5.07, 5.58, 5.91, 5.66, 6.35, 6.58, 7.16, 8.1, 9.11], [4.1, 4.35, 4.1, 3.28, 3.74, 4.19, 3.94, 3.64, 3.54, 3.59, 3.74, 3.88, 3.63, 4.01, 4.36, 4.33, 4.06, 4.37, 4.57, 4.75, 5.06, 5.36, 5.91, 6.17, 6.38, 6.63, 6.8, 6.55, 6.47, 6.9, 6.75, 5.59, 5.27, 5.45, 4.27, 2.86, 3.01, 3.78, 3.24, 2.84, 3.77, 3.85, 4.01, 4.07, 4.04, 4.3, 4.78, 4.82, 4.03, 2.87, 0, 3.9, 4.06, 3.03, 2.97, 2.74, 2.51, 2.8, 3.07, 3.82, 4.73, 4.3, 3.31, 3.43, 3.24, 2.51, 2.19, 2.03, 2.77, 3.48, 3.42, 4.11, 4.56, 4.31, 3.99, 3.9, 3.52, 2.86, 3.45, 3.9, 3.69, 4.4, 4.43, 4.95, 5.85, 6.78], [2.74, 2.91, 2.76, 3.0, 3.28, 3.71, 3.94, 4.02, 3.9, 3.83, 3.52, 3.46, 3.15, 2.45, 2.72, 3.47, 4.12, 4.75, 5.47, 5.37, 5.06, 5.18, 5.93, 6.07, 5.86, 6.01, 6.02, 5.85, 5.65, 5.8, 5.89, 4.83, 4.25, 4.17, 3.37, 4.44, 6.15, 7.0, 6.7, 6.52, 7.19, 7.23, 7.43, 7.487, 7.38, 7.74, 7.849, 7.897, 7.13, 6.19, 3.9, 0, 1.04, 3.05, 3.81, 3.44, 2.89, 1.98, 2.01, 1.7, 1.83, 1.18, 1.99, 1.93, 1.94, 2.47, 2.65, 2.35, 1.79, 1.52, 1.72, 2.21, 2.54, 2.75, 2.59, 2.68, 2.72, 2.78, 2.79, 2.1, 1.93, 2.26, 2.07, 2.27, 2.69, 3.08], [2.16, 2.23, 2.16, 2.8, 3.2, 3.57, 3.78, 3.96, 3.9, 3.91, 3.58, 3.2, 2.75, 2.37, 2.8, 3.33, 4.08, 4.51, 5.01, 4.79, 4.3, 4.3, 5.11, 5.25, 5.12, 5.33, 5.28, 5.15, 4.85, 5.1, 5.19, 4.21, 3.61, 3.57, 2.97, 4.42, 5.99, 7.02, 6.72, 6.54, 7.23, 7.25, 7.41, 7.49, 7.42, 7.78, 7.832, 7.912, 7.15, 6.23, 4.06, 1.04, 0, 2.39, 3.23, 3.02, 2.83, 1.84, 1.63, 1.34, 1.59, 1.12, 2.25, 2.35, 2.4, 2.73, 2.81, 2.65, 2.01, 1.48, 1.32, 1.51, 1.88, 2.11, 2.03, 2.12, 2.16, 2.28, 2.21, 1.42, 1.27, 1.78, 1.55, 1.83, 2.45, 3.16], [2.27, 2.6, 2.55, 2.23, 2.41, 2.46, 2.55, 2.61, 2.65, 2.8, 2.81, 2.47, 2.22, 2.7, 2.91, 2.78, 3.03, 3.36, 3.48, 2.98, 2.55, 2.65, 3.4, 3.88, 3.85, 4.12, 4.33, 4.22, 4.08, 4.35, 4.38, 3.48, 3.12, 3.28, 2.34, 2.69, 4.34, 5.29, 5.01, 4.91, 5.54, 5.6, 5.72, 5.78, 5.75, 6.09, 6.204, 6.31, 5.52, 4.66, 3.03, 3.05, 2.39, 0, 1.66, 1.99, 1.88, 2.05, 1.96, 2.25, 3.02, 2.79, 3.52, 3.86, 3.93, 3.8, 3.78, 3.52, 3.3, 1.99, 1.85, 2.14, 2.45, 2.42, 2.1, 2.21, 2.45, 2.37, 2.26, 2.13, 1.96, 2.43, 2.6, 3.08, 3.96, 5.27], [3.09, 3.04, 2.75, 2.23, 2.41, 2.62, 2.45, 2.27, 2.39, 2.48, 2.65, 2.31, 2.02, 2.72, 3.05, 2.72, 2.57, 2.46, 2.44, 2.24, 2.53, 2.79, 3.22, 3.3, 3.55, 3.9, 3.99, 3.84, 3.98, 4.43, 4.3, 3.42, 3.18, 3.38, 2.5, 1.77, 3.1, 4.15, 3.85, 3.71, 4.36, 4.4, 4.52, 4.6, 4.57, 4.89, 4.99, 5.07, 4.3, 3.38, 2.97, 3.81, 3.23, 1.66, 0, 1.03, 1.38, 2.23, 2.44, 2.87, 3.98, 3.51, 3.82, 4.1, 4.15, 3.66, 3.62, 3.38, 3.66, 2.69, 2.63, 3.134, 3.484, 3.422, 3.173, 3.169, 2.81, 2.33, 2.7, 2.93, 2.66, 3.29, 3.5, 4.08, 5.062, 6.13], [3.06, 2.95, 2.56, 2.14, 2.06, 2.35, 2.48, 2.44, 2.5, 2.53, 2.44, 2.04, 1.71, 2.35, 2.7, 2.41, 2.6, 2.67, 2.95, 2.97, 3.22, 3.36, 3.89, 3.85, 3.94, 4.19, 4.38, 4.17, 4.13, 4.52, 4.49, 3.49, 3.01, 3.09, 2.17, 1.9, 3.49, 4.38, 4.06, 3.94, 4.55, 4.59, 4.73, 4.79, 4.72, 5.06, 5.24, 5.32, 4.55, 3.63, 2.74, 3.44, 3.02, 1.99, 1.03, 0, 0.89, 1.9, 2.29, 2.8, 3.87, 3.4, 3.49, 3.77, 3.72, 3.21, 3.05, 2.87, 3.33, 2.38, 2.26, 3.004, 3.343, 3.33, 3.09, 3.04, 2.645, 2.22, 2.71, 2.82, 2.49, 3.16, 3.35, 3.93, 4.912, 5.928], [2.75, 2.82, 2.41, 1.81, 1.71, 2.16, 2.39, 2.35, 2.45, 2.42, 2.17, 1.67, 1.44, 1.94, 2.35, 2.12, 2.59, 2.7, 3.2, 3.22, 3.57, 3.81, 4.3, 4.26, 4.39, 4.56, 4.85, 4.62, 4.58, 4.83, 4.9, 3.8, 3.22, 3.2, 2.0, 1.87, 3.8, 4.59, 4.27, 4.15, 4.76, 4.8, 4.94, 5.02, 4.93, 5.27, 5.49, 5.53, 4.76, 3.98, 2.51, 2.89, 2.83, 1.88, 1.38, 0.89, 0, 1.49, 1.98, 2.57, 3.62, 3.11, 3.0, 3.22, 3.19, 2.88, 2.72, 2.48, 2.8, 1.99, 2.07, 2.894, 3.25, 3.24, 3.02, 3.01, 2.59, 2.31, 2.6, 2.73, 2.36, 3.07, 3.24, 3.82, 4.802, 5.778], [2.02, 2.23, 1.98, 1.86, 2.2, 2.85, 2.98, 2.9, 3.06, 3.09, 2.82, 2.28, 2.11, 1.99, 2.5, 2.93, 3.16, 3.27, 3.93, 3.91, 3.94, 4.26, 4.77, 4.81, 4.9, 5.17, 5.3, 5.07, 4.89, 5.26, 5.23, 4.11, 3.55, 3.51, 2.67, 2.98, 4.73, 5.58, 5.3, 5.1, 5.71, 5.75, 5.97, 6.07, 5.9, 6.26, 6.38, 6.46, 5.69, 4.81, 2.8, 1.98, 1.84, 2.05, 2.23, 1.9, 1.49, 0, 0.91, 1.36, 2.37, 1.92, 1.89, 2.17, 2.24, 2.39, 2.35, 1.99, 1.77, 1.26, 1.5, 2.03, 2.4, 2.29, 2.19, 2.18, 1.98, 1.9, 2.15, 1.94, 1.55, 2.04, 2.11, 2.65, 3.59, 4.62], [1.61, 1.8, 1.71, 1.97, 2.45, 2.96, 3.15, 3.13, 3.29, 3.38, 3.01, 2.53, 2.32, 2.1, 2.59, 3.06, 3.43, 3.6, 4.2, 4.02, 3.65, 3.99, 4.54, 4.74, 4.75, 5.08, 5.09, 4.88, 4.56, 4.97, 4.86, 3.88, 3.34, 3.38, 2.72, 3.55, 5.2, 6.11, 5.79, 5.43, 6.24, 6.26, 6.5, 6.6, 6.45, 6.83, 6.85, 6.85, 6.0, 5.08, 3.07, 2.01, 1.63, 1.96, 2.44, 2.29, 1.98, 0.91, 0, 0.99, 1.9, 1.67, 2.12, 2.42, 2.47, 2.82, 2.8, 2.48, 2.1, 1.19, 1.39, 1.68, 2.15, 2.0, 1.9, 1.97, 1.89, 1.85, 1.96, 1.67, 1.44, 1.67, 1.74, 2.24, 3.18, 4.25], [1.5, 1.83, 1.84, 2.38, 2.96, 3.33, 3.52, 3.56, 3.68, 3.75, 3.4, 2.98, 2.65, 2.11, 2.5, 3.33, 3.96, 4.11, 4.65, 4.41, 3.76, 4.08, 4.75, 5.03, 5.0, 5.29, 5.26, 5.07, 4.65, 5.02, 4.99, 4.03, 3.53, 3.51, 2.85, 4.16, 5.75, 6.72, 6.42, 6.04, 6.85, 6.87, 7.11, 7.21, 7.08, 7.44, 7.445, 7.5, 6.63, 5.67, 3.82, 1.7, 1.34, 2.25, 2.87, 2.8, 2.57, 1.36, 0.99, 0, 1.27, 1.34, 2.11, 2.43, 2.68, 3.01, 3.03, 2.61, 2.01, 1.18, 1.42, 1.53, 1.88, 1.93, 1.97, 2.1, 2.14, 2.24, 2.07, 1.42, 1.27, 1.32, 1.39, 1.79, 2.57, 3.64], [2.21, 2.46, 2.73, 3.459, 3.964, 4.32, 4.45, 4.69, 4.692, 4.7, 4.39, 4.05, 3.62, 2.86, 3.19, 4.12, 4.95, 5.22, 5.7, 5.36, 4.47, 4.67, 5.46, 5.82, 5.81, 6.02, 5.91, 5.84, 5.3, 5.53, 5.52, 4.68, 4.2, 4.18, 3.68, 5.27, 6.86, 7.83, 7.53, 7.17, 7.96, 7.98, 8.22, 8.32, 8.19, 8.57, 8.556, 8.63, 7.78, 6.82, 4.73, 1.83, 1.59, 3.02, 3.98, 3.87, 3.62, 2.37, 1.9, 1.27, 0, 1.07, 2.12, 2.46, 2.81, 3.32, 3.64, 3.36, 2.48, 1.93, 2.07, 2.0, 2.23, 2.32, 2.46, 2.63, 2.59, 2.89, 2.56, 1.91, 1.94, 1.87, 1.62, 1.74, 1.98, 2.63], [2.6, 2.67, 2.7, 3.22, 3.6, 3.97, 4.24, 4.22, 4.16, 4.13, 3.78, 3.58, 3.25, 2.61, 2.88, 3.67, 4.3, 4.73, 5.27, 5.11, 4.8, 4.88, 5.65, 5.77, 5.64, 5.83, 5.76, 5.69, 5.37, 5.52, 5.61, 4.69, 4.07, 3.97, 3.49, 4.64, 6.23, 7.24, 6.94, 6.76, 7.45, 7.47, 7.63, 7.71, 7.64, 8.0, 8.06, 8.146, 7.33, 6.43, 4.3, 1.18, 1.12, 2.79, 3.51, 3.4, 3.11, 1.92, 1.67, 1.34, 1.07, 0, 1.63, 1.81, 2.14, 2.67, 3.07, 2.79, 1.87, 1.62, 1.88, 2.11, 2.34, 2.67, 2.63, 2.76, 2.72, 2.8, 2.79, 1.98, 1.83, 1.98, 1.63, 1.83, 2.33, 2.98], [3.35, 3.66, 3.43, 3.19, 3.65, 4.34, 4.35, 4.05, 4.01, 4.08, 3.93, 3.61, 3.52, 3.2, 3.45, 4.32, 4.29, 4.58, 5.32, 5.44, 5.45, 5.79, 6.36, 6.4, 6.53, 6.86, 6.91, 6.64, 6.4, 6.81, 6.76, 5.72, 5.12, 5.14, 4.18, 4.07, 5.5, 6.37, 5.99, 5.71, 6.5, 6.56, 6.74, 6.84, 6.65, 7.061, 7.15, 7.15, 6.36, 5.52, 3.31, 1.99, 2.25, 3.52, 3.82, 3.49, 3.0, 1.89, 2.12, 2.11, 2.12, 1.63, 0, 0.92, 1.21, 1.62, 1.96, 1.86, 1.74, 2.35, 2.75, 3.16, 3.51, 3.6, 3.44, 3.43, 3.13, 3.03, 3.02, 2.61, 2.46, 2.89, 2.62, 2.96, 3.28, 3.85], [3.61, 3.86, 3.73, 3.55, 3.99, 4.64, 4.61, 4.35, 4.21, 4.32, 4.21, 4.01, 3.8, 3.48, 3.85, 4.54, 4.57, 4.94, 5.64, 5.8, 5.81, 6.11, 6.66, 6.72, 6.83, 7.14, 7.21, 6.96, 6.74, 7.11, 7.04, 5.96, 5.44, 5.44, 4.46, 4.27, 5.76, 6.55, 6.21, 5.93, 6.66, 6.72, 6.96, 7.045, 6.89, 7.275, 7.37, 7.41, 6.58, 5.6, 3.43, 1.93, 2.35, 3.86, 4.1, 3.77, 3.22, 2.17, 2.42, 2.43, 2.46, 1.81, 0.92, 0, 0.85, 1.42, 1.94, 1.92, 1.76, 2.57, 2.95, 3.34, 3.67, 3.84, 3.66, 3.65, 3.33, 3.07, 3.22, 2.87, 2.66, 3.13, 2.92, 3.18, 3.62, 3.83], [3.78, 4.05, 3.88, 3.58, 3.94, 4.69, 4.66, 4.42, 4.34, 4.35, 4.22, 4.0, 3.81, 3.55, 3.98, 4.61, 4.58, 5.09, 5.77, 5.89, 5.96, 6.26, 6.81, 6.89, 6.94, 7.25, 7.32, 7.09, 6.91, 7.24, 7.25, 6.09, 5.53, 5.53, 4.53, 4.22, 5.67, 6.4, 6.04, 5.76, 6.45, 6.53, 6.77, 6.87, 6.68, 7.099, 7.2, 7.24, 6.43, 5.43, 3.24, 1.94, 2.4, 3.93, 4.15, 3.72, 3.19, 2.24, 2.47, 2.68, 2.81, 2.14, 1.21, 0.85, 0, 1.17, 1.57, 1.67, 1.67, 2.76, 2.98, 3.41, 3.78, 3.91, 3.69, 3.68, 3.34, 3.1, 3.25, 2.92, 2.81, 3.38, 3.05, 3.39, 3.83, 4.08], [3.95, 4.2, 4.05, 3.41, 4.03, 4.6, 4.53, 4.27, 4.13, 4.02, 3.99, 4.05, 3.74, 3.72, 4.25, 4.68, 4.47, 4.82, 5.22, 5.48, 5.89, 6.19, 6.68, 6.76, 6.95, 7.2, 7.35, 7.1, 7.02, 7.35, 7.3, 6.1, 5.66, 5.64, 4.62, 3.65, 4.88, 5.57, 5.11, 4.89, 5.56, 5.66, 5.8, 5.9, 5.69, 6.11, 6.43, 6.43, 5.68, 4.76, 2.51, 2.47, 2.73, 3.8, 3.66, 3.21, 2.88, 2.39, 2.82, 3.01, 3.32, 2.67, 1.62, 1.42, 1.17, 0, 0.68, 1.06, 1.88, 3.09, 3.27, 3.68, 3.99, 4.02, 3.8, 3.75, 3.29, 2.69, 3.0, 2.99, 2.86, 3.65, 3.5, 3.86, 4.38, 5.01], [3.89, 4.14, 3.99, 3.37, 3.87, 4.46, 4.43, 4.23, 4.09, 3.82, 3.81, 3.89, 3.6, 3.68, 4.19, 4.5, 4.43, 4.78, 5.2, 5.46, 5.85, 6.15, 6.66, 6.72, 6.91, 7.08, 7.29, 7.06, 6.96, 7.31, 7.26, 6.06, 5.58, 5.48, 4.48, 3.55, 4.58, 5.27, 4.75, 4.55, 5.18, 5.22, 5.4, 5.5, 5.23, 5.67, 6.13, 6.07, 5.28, 4.5, 2.19, 2.65, 2.81, 3.78, 3.62, 3.05, 2.72, 2.35, 2.8, 3.03, 3.64, 3.07, 1.96, 1.94, 1.57, 0.68, 0, 0.78, 1.9, 3.11, 3.19, 3.6, 3.91, 3.98, 3.76, 3.69, 3.25, 2.65, 2.98, 2.95, 2.84, 3.69, 3.62, 4.0, 4.64, 5.45], [3.69, 3.98, 3.75, 3.15, 3.59, 4.3, 4.29, 4.03, 3.87, 3.74, 3.79, 3.65, 3.36, 3.26, 3.73, 4.24, 4.23, 4.56, 4.96, 5.22, 5.63, 5.93, 6.42, 6.46, 6.67, 6.9, 7.07, 6.82, 6.68, 7.03, 7.02, 5.84, 5.3, 5.24, 4.24, 3.31, 4.32, 5.03, 4.61, 4.37, 5.08, 5.12, 5.28, 5.36, 5.19, 5.57, 5.91, 5.89, 5.26, 4.38, 2.03, 2.35, 2.65, 3.52, 3.38, 2.87, 2.48, 1.99, 2.48, 2.61, 3.36, 2.79, 1.86, 1.92, 1.67, 1.06, 0.78, 0, 1.58, 2.63, 2.81, 3.28, 3.67, 3.68, 3.54, 3.45, 2.95, 2.55, 2.88, 2.75, 2.64, 3.25, 3.22, 3.62, 4.42, 5.31], [3.03, 3.12, 3.01, 3.05, 3.53, 3.96, 4.03, 3.85, 3.51, 3.42, 3.39, 3.55, 3.2, 2.64, 2.91, 3.54, 3.89, 4.64, 5.32, 5.42, 5.29, 5.47, 6.16, 6.18, 6.17, 6.28, 6.21, 6.14, 5.84, 5.99, 6.04, 5.0, 4.44, 4.4, 3.66, 3.81, 5.0, 5.83, 5.47, 5.25, 5.96, 5.96, 6.14, 6.24, 6.17, 6.51, 6.73, 6.83, 6.14, 5.1, 2.77, 1.79, 2.01, 3.3, 3.66, 3.33, 2.8, 1.77, 2.1, 2.01, 2.48, 1.87, 1.74, 1.76, 1.67, 1.88, 1.9, 1.58, 0, 1.89, 2.09, 2.58, 2.83, 3.08, 3.04, 3.11, 2.97, 2.89, 3.04, 2.57, 2.28, 2.53, 2.28, 2.62, 3.46, 4.33], [1.94, 1.87, 1.72, 2.2, 2.48, 2.73, 3.02, 3.28, 3.22, 3.19, 2.94, 2.46, 2.09, 1.41, 1.86, 2.59, 3.42, 3.91, 4.57, 4.39, 3.92, 3.98, 4.79, 4.87, 4.66, 4.81, 4.88, 4.67, 4.49, 4.68, 4.79, 3.79, 3.15, 3.09, 2.29, 3.72, 5.37, 6.32, 6.02, 5.86, 6.51, 6.57, 6.69, 6.79, 6.7, 7.06, 7.16, 7.257, 6.49, 5.53, 3.48, 1.52, 1.48, 1.99, 2.69, 2.38, 1.99, 1.26, 1.19, 1.18, 1.93, 1.62, 2.35, 2.57, 2.76, 3.09, 3.11, 2.63, 1.89, 0, 0.88, 1.51, 1.88, 1.93, 1.91, 2.16, 2.26, 2.28, 2.39, 1.9, 1.43, 1.32, 1.45, 1.89, 2.85, 3.82], [1.78, 1.77, 1.7, 2.32, 2.52, 2.71, 3.14, 3.38, 3.28, 3.31, 3.02, 2.58, 2.13, 1.79, 2.28, 2.67, 3.44, 3.99, 4.59, 4.33, 3.7, 3.7, 4.51, 4.63, 4.34, 4.51, 4.5, 4.31, 4.13, 4.36, 4.45, 3.41, 2.77, 2.73, 2.07, 3.78, 5.43, 6.4, 6.08, 5.92, 6.59, 6.63, 6.77, 6.85, 6.78, 7.14, 7.223, 7.292, 6.53, 5.55, 3.42, 1.72, 1.32, 1.85, 2.63, 2.26, 2.07, 1.5, 1.39, 1.42, 2.07, 1.88, 2.75, 2.95, 2.98, 3.27, 3.19, 2.81, 2.09, 0.88, 0, 1.05, 1.5, 1.63, 1.47, 1.72, 1.8, 1.82, 1.95, 1.38, 1.07, 1.4, 1.41, 1.81, 2.77, 3.74], [1.69, 1.7, 2.05, 2.884, 3.353, 3.48, 3.91, 4.11, 4.09, 4.14, 3.81, 3.35, 2.8, 2.56, 3.01, 3.5, 4.31, 4.56, 5.0, 4.68, 3.79, 3.61, 4.26, 4.6, 4.65, 4.74, 4.55, 4.42, 3.86, 4.15, 4.12, 3.3, 2.72, 2.74, 2.68, 4.604, 6.174, 7.21, 6.91, 6.67, 7.38, 7.397, 7.557, 7.674, 7.57, 7.944, 7.956, 8.036, 7.24, 6.26, 4.11, 2.21, 1.51, 2.14, 3.134, 3.004, 2.894, 2.03, 1.68, 1.53, 2.0, 2.11, 3.16, 3.34, 3.41, 3.68, 3.6, 3.28, 2.58, 1.51, 1.05, 0, 1.05, 1.06, 0.9, 1.21, 1.39, 1.69, 1.52, 1.07, 1.02, 0.91, 1.14, 1.3, 1.94, 3.21], [2.08, 2.21, 2.5, 3.234, 3.76, 3.83, 4.24, 4.5, 4.42, 4.41, 4.12, 3.74, 3.15, 2.89, 3.34, 3.81, 4.62, 4.99, 5.39, 4.95, 4.02, 3.7, 4.27, 4.75, 4.92, 5.15, 5.02, 4.93, 4.31, 4.38, 4.21, 3.59, 3.05, 3.11, 3.19, 4.96, 6.53, 7.56, 7.26, 7.08, 7.77, 7.79, 7.95, 8.03, 7.96, 8.32, 8.369, 8.449, 7.67, 6.69, 4.56, 2.54, 1.88, 2.45, 3.484, 3.343, 3.25, 2.4, 2.15, 1.88, 2.23, 2.34, 3.51, 3.67, 3.78, 3.99, 3.91, 3.67, 2.83, 1.88, 1.5, 1.05, 0, 0.87, 0.89, 1.1, 1.32, 2.0, 1.61, 1.54, 1.61, 1.3, 1.05, 1.01, 1.81, 3.64], [1.89, 1.98, 2.43, 3.019, 3.73, 3.66, 4.03, 4.31, 4.33, 4.32, 4.09, 3.81, 3.12, 2.98, 3.47, 3.88, 4.59, 4.831, 5.279, 4.9, 3.77, 3.55, 4.06, 4.66, 4.915, 5.1, 4.95, 4.8, 4.1, 4.29, 4.14, 3.38, 2.94, 3.14, 3.22, 4.881, 6.459, 7.43, 7.13, 6.85, 7.58, 7.614, 7.834, 7.931, 7.77, 8.161, 8.17, 8.23, 7.417, 6.42, 4.31, 2.75, 2.11, 2.42, 3.422, 3.33, 3.24, 2.29, 2.0, 1.93, 2.32, 2.67, 3.6, 3.84, 3.91, 4.02, 3.98, 3.68, 3.08, 1.93, 1.63, 1.06, 0.87, 0, 0.66, 0.91, 1.31, 1.79, 1.48, 1.39, 1.62, 1.17, 1.3, 1.32, 1.8, 3.65], [1.87, 2.1, 2.45, 2.87, 3.51, 3.54, 3.83, 4.05, 4.11, 4.14, 3.83, 3.55, 2.9, 2.92, 3.43, 3.8, 4.35, 4.6, 5.08, 4.68, 3.69, 3.45, 3.92, 4.42, 4.67, 4.98, 4.83, 4.66, 4.1, 4.23, 4.08, 3.28, 2.84, 2.98, 3.08, 4.624, 6.22, 7.17, 6.83, 6.63, 7.3, 7.38, 7.6, 7.674, 7.51, 7.91, 7.956, 8.004, 7.16, 6.18, 3.99, 2.59, 2.03, 2.1, 3.173, 3.09, 3.02, 2.19, 1.9, 1.97, 2.46, 2.63, 3.44, 3.66, 3.69, 3.8, 3.76, 3.54, 3.04, 1.91, 1.47, 0.9, 0.89, 0.66, 0, 0.77, 1.09, 1.47, 1.32, 1.29, 1.4, 1.25, 1.28, 1.38, 2.04, 3.71], [2.26, 2.57, 2.82, 2.86, 3.56, 3.85, 3.98, 4.1, 4.2, 4.35, 4.02, 3.62, 2.95, 3.19, 3.8, 3.97, 4.38, 4.59, 5.03, 4.73, 3.74, 3.68, 3.95, 4.49, 4.9, 5.35, 5.2, 5.03, 4.37, 4.52, 4.25, 3.61, 3.19, 3.39, 3.41, 4.611, 6.206, 7.16, 6.84, 6.56, 7.29, 7.35, 7.564, 7.661, 7.48, 7.891, 7.909, 7.949, 7.15, 6.17, 3.9, 2.68, 2.12, 2.21, 3.169, 3.04, 3.01, 2.18, 1.97, 2.1, 2.63, 2.76, 3.43, 3.65, 3.68, 3.75, 3.69, 3.45, 3.11, 2.16, 1.72, 1.21, 1.1, 0.91, 0.77, 0, 0.84, 1.38, 0.97, 1.3, 1.47, 1.56, 1.45, 1.49, 2.15, 3.96], [2.4, 2.67, 2.98, 2.92, 3.52, 4.03, 4.08, 4.14, 4.28, 4.43, 4.12, 3.5, 2.95, 3.27, 3.92, 4.03, 4.4, 4.25, 4.67, 4.39, 4.0, 3.92, 4.21, 4.37, 5.06, 5.51, 5.38, 5.23, 4.65, 4.84, 4.53, 3.83, 3.41, 3.63, 3.57, 4.24, 5.792, 6.78, 6.48, 6.2, 6.91, 6.93, 7.17, 7.252, 7.12, 7.52, 7.506, 7.566, 6.77, 5.79, 3.52, 2.72, 2.16, 2.45, 2.81, 2.645, 2.59, 1.98, 1.89, 2.14, 2.59, 2.72, 3.13, 3.33, 3.34, 3.29, 3.25, 2.95, 2.97, 2.26, 1.8, 1.39, 1.32, 1.31, 1.09, 0.84, 0, 0.92, 0.75, 1.32, 1.43, 1.78, 1.55, 1.67, 2.47, 4.06], [2.62, 2.75, 2.86, 2.68, 3.46, 3.83, 3.76, 3.8, 4.02, 4.21, 3.96, 3.5, 2.87, 3.23, 3.9, 3.99, 4.26, 4.01, 4.25, 4.15, 4.02, 3.96, 4.37, 4.47, 4.96, 5.43, 5.36, 5.27, 4.93, 5.16, 4.97, 3.89, 3.59, 3.85, 3.59, 3.68, 5.19, 6.14, 5.793, 5.52, 6.23, 6.31, 6.55, 6.621, 6.46, 6.871, 6.886, 6.906, 6.05, 5.07, 2.86, 2.78, 2.28, 2.37, 2.33, 2.22, 2.31, 1.9, 1.85, 2.24, 2.89, 2.8, 3.03, 3.07, 3.1, 2.69, 2.65, 2.55, 2.89, 2.28, 1.82, 1.69, 2.0, 1.79, 1.47, 1.38, 0.92, 0, 0.91, 1.48, 1.55, 2.08, 1.95, 2.29, 3.11, 4.48], [2.41, 2.8, 2.95, 2.77, 3.59, 4.0, 3.97, 3.97, 4.21, 4.4, 4.09, 3.61, 2.98, 3.42, 4.03, 4.14, 4.41, 4.18, 4.52, 4.24, 3.77, 3.75, 4.12, 4.44, 5.11, 5.56, 5.45, 5.36, 4.82, 5.01, 4.74, 3.96, 3.62, 3.84, 3.7, 4.106, 5.676, 6.643, 6.326, 5.97, 6.76, 6.82, 7.036, 7.1