[[0, 0.79, 1.4, 1.31, 1.51, 1.6, 1.67, 2.05, 2.25, 3.33, 3.86, 3.45, 2.76, 2.52, 2.81, 3.32, 3.25, 2.61, 2.42, 2.92, 4.03, 4.94, 5.02, 5.23, 5.6, 6.88, 9.53, 11.61, 11.88, 12.546, 12.816, 12.556, 12.066, 12.286, 13.177, 13.172, 14.142, 14.486, 13.948, 14.449, 13.706, 14.231, 16.809, 17.871, 18.251, 18.366, 18.2, 17.997, 17.297, 17.095, 16.688, 15.845, 14.289, 11.769, 8.729, 6.206, 5.08, 5.05, 6.08, 6.41, 6.23, 6.79, 7.85, 7.501, 7.138, 7.588, 7.658, 6.99, 7.2, 7.73, 7.105, 7.158, 7.253, 6.603, 6.425, 6.23, 5.27, 5.41, 5.47, 5.67, 5.91, 7.15, 7.22, 6.77, 6.24, 5.08], [0.79, 0, 1.13, 1.74, 2.0, 2.09, 2.14, 2.46, 2.74, 3.72, 4.27, 3.9, 3.17, 2.93, 3.2, 3.69, 3.58, 2.94, 2.89, 3.19, 4.38, 5.31, 5.39, 5.56, 5.97, 7.31, 9.94, 11.98, 12.25, 12.91, 13.183, 12.923, 12.433, 12.639, 13.535, 13.55, 14.52, 14.862, 14.318, 14.813, 14.07, 14.604, 17.162, 18.241, 18.621, 18.741, 18.578, 18.355, 17.655, 17.453, 17.046, 16.203, 14.642, 12.122, 9.082, 6.573, 5.35, 5.38, 6.49, 6.88, 6.54, 7.14, 8.218, 7.891, 7.585, 8.05, 7.963, 7.34, 7.53, 8.1, 7.49, 7.6, 7.64, 6.99, 6.8, 6.6, 5.638, 5.74, 5.76, 6.0, 6.24, 7.48, 7.57, 7.06, 6.51, 5.41], [1.4, 1.13, 0, 1.39, 1.77, 1.8, 2.15, 2.27, 2.83, 4.39, 4.96, 4.39, 3.06, 2.72, 2.97, 3.48, 3.27, 2.65, 2.52, 3.1, 4.51, 5.56, 5.7, 5.77, 6.32, 7.88, 10.63, 12.77, 13.037, 13.686, 13.97, 13.75, 13.26, 13.443, 14.328, 14.263, 15.25, 15.617, 15.082, 15.589, 14.846, 15.379, 17.983, 19.005, 19.385, 19.497, 19.325, 19.133, 18.433, 18.243, 17.836, 16.993, 15.446, 12.926, 9.886, 7.38, 6.097, 6.09, 7.14, 7.43, 6.97, 7.225, 8.36, 8.247, 8.007, 8.614, 8.647, 7.979, 8.26, 8.927, 8.165, 8.181, 8.335, 7.665, 7.57, 7.356, 6.114, 5.77, 5.81, 5.93, 6.19, 7.43, 7.58, 6.89, 6.36, 5.4], [1.31, 1.74, 1.39, 0, 0.56, 0.89, 1.18, 1.18, 1.88, 3.54, 4.11, 3.52, 2.07, 1.71, 1.9, 2.43, 2.4, 1.84, 1.45, 2.11, 3.38, 4.57, 4.77, 4.86, 5.43, 7.01, 9.8, 11.94, 12.204, 12.856, 13.137, 12.917, 12.427, 12.613, 13.492, 13.361, 14.388, 14.755, 14.24, 14.759, 14.016, 14.529, 17.15, 18.149, 18.529, 18.635, 18.457, 18.271, 17.571, 17.381, 16.974, 16.131, 14.596, 12.076, 9.036, 6.547, 5.264, 5.24, 6.25, 6.48, 6.02, 6.218, 7.324, 7.211, 7.011, 7.709, 7.745, 7.123, 7.43, 8.094, 7.269, 7.279, 7.439, 6.806, 6.737, 6.526, 5.229, 4.68, 4.68, 4.82, 5.06, 6.32, 6.43, 5.88, 5.35, 4.23], [1.51, 2.0, 1.77, 0.56, 0, 0.73, 1.0, 1.02, 1.56, 3.16, 3.75, 3.12, 1.85, 1.49, 1.74, 2.25, 2.22, 1.58, 1.23, 1.91, 3.02, 4.15, 4.41, 4.56, 5.11, 6.63, 9.42, 11.56, 11.827, 12.476, 12.76, 12.54, 12.05, 12.23, 13.109, 12.978, 14.005, 14.372, 13.861, 14.379, 13.633, 14.161, 16.771, 17.769, 18.149, 18.252, 18.074, 17.906, 17.206, 17.016, 16.609, 15.766, 14.233, 11.713, 8.673, 6.168, 4.887, 4.86, 5.87, 6.1, 5.64, 5.86, 6.92, 6.791, 6.591, 7.326, 7.362, 6.76, 7.05, 7.717, 6.886, 6.896, 7.073, 6.426, 6.36, 6.146, 4.849, 4.38, 4.46, 4.58, 4.82, 6.06, 6.05, 5.72, 5.19, 3.99], [1.6, 2.09, 1.8, 0.89, 0.73, 0, 0.57, 0.77, 1.31, 2.95, 3.58, 2.95, 1.72, 1.46, 1.71, 2.3, 2.21, 1.57, 1.28, 1.94, 3.11, 4.2, 4.3, 4.39, 4.94, 6.44, 9.33, 11.464, 11.717, 12.38, 12.65, 12.399, 11.909, 12.089, 12.974, 12.849, 13.819, 14.18, 13.773, 14.283, 13.526, 14.059, 16.632, 17.565, 17.965, 18.06, 17.931, 17.719, 17.039, 16.823, 16.436, 15.573, 14.023, 11.503, 8.463, 6.046, 4.746, 4.69, 5.7, 6.03, 5.67, 5.965, 7.077, 6.947, 6.647, 7.194, 7.233, 6.559, 6.92, 7.576, 6.788, 6.761, 6.918, 6.248, 6.259, 6.05, 4.813, 4.49, 4.51, 4.55, 4.81, 6.03, 6.14, 5.71, 5.18, 4.04], [1.67, 2.14, 2.15, 1.18, 1.0, 0.57, 0, 0.58, 1.16, 2.76, 3.33, 2.76, 1.65, 1.47, 1.74, 2.43, 2.34, 1.74, 1.45, 2.05, 2.98, 4.07, 4.17, 4.26, 4.75, 6.27, 9.06, 11.14, 11.39, 12.03, 12.317, 12.057, 11.567, 11.756, 12.662, 12.645, 13.615, 13.942, 13.441, 13.933, 13.19, 13.718, 16.299, 17.324, 17.704, 17.822, 17.655, 17.452, 16.752, 16.551, 16.144, 15.301, 13.739, 11.219, 8.179, 5.707, 4.41, 4.42, 5.55, 5.88, 5.46, 5.795, 6.907, 6.76, 6.497, 7.024, 7.029, 6.338, 6.57, 7.234, 6.561, 6.611, 6.711, 6.061, 5.958, 5.74, 4.58, 4.38, 4.48, 4.5, 4.8, 5.98, 6.05, 5.74, 5.23, 3.97], [2.05, 2.46, 2.27, 1.18, 1.02, 0.77, 0.58, 0, 1.18, 2.92, 3.43, 2.82, 1.49, 1.35, 1.62, 2.19, 2.14, 1.62, 1.37, 1.91, 2.78, 3.93, 4.09, 4.22, 4.77, 6.29, 9.16, 11.294, 11.564, 12.21, 12.497, 12.237, 11.747, 11.927, 12.801, 12.633, 13.674, 14.052, 13.6, 14.113, 13.364, 13.877, 16.465, 17.426, 17.806, 17.915, 17.746, 17.591, 16.891, 16.696, 16.289, 15.446, 13.908, 11.388, 8.348, 5.882, 4.584, 4.54, 5.51, 5.84, 5.4, 5.687, 6.747, 6.614, 6.374, 6.972, 7.037, 6.437, 6.75, 7.414, 6.572, 6.582, 6.762, 6.103, 6.077, 5.88, 4.66, 4.24, 4.26, 4.2, 4.52, 5.7, 5.77, 5.48, 4.99, 3.67], [2.25, 2.74, 2.83, 1.88, 1.56, 1.31, 1.16, 1.18, 0, 1.78, 2.33, 1.7, 0.89, 1.13, 1.32, 1.81, 2.0, 1.56, 1.41, 1.51, 2.02, 2.99, 3.13, 3.32, 3.75, 5.19, 8.14, 10.274, 10.527, 11.19, 11.46, 11.206, 10.716, 10.896, 11.778, 11.619, 12.583, 12.964, 12.563, 13.093, 12.333, 12.846, 15.439, 16.332, 16.752, 16.824, 16.718, 16.52, 15.84, 15.624, 15.237, 14.354, 12.81, 10.29, 7.27, 4.85, 3.59, 3.5, 4.47, 4.8, 4.5, 4.9, 5.94, 5.74, 5.417, 5.964, 6.003, 5.378, 5.73, 6.383, 5.555, 5.531, 5.685, 5.035, 5.046, 4.86, 3.66, 3.52, 3.54, 3.66, 3.94, 5.14, 5.19, 4.92, 4.41, 3.15], [3.33, 3.72, 4.39, 3.54, 3.16, 2.95, 2.76, 2.92, 1.78, 0, 0.79, 0.66, 1.71, 2.63, 2.78, 2.85, 3.18, 3.02, 3.09, 2.57, 1.82, 2.09, 2.19, 2.56, 2.83, 3.93, 6.48, 8.54, 8.79, 9.453, 9.723, 9.486, 8.996, 9.199, 10.095, 10.03, 10.966, 11.319, 10.875, 11.356, 10.613, 11.155, 13.742, 14.698, 15.118, 15.198, 15.095, 14.829, 14.149, 13.93, 13.543, 12.66, 11.102, 8.582, 5.562, 3.156, 2.23, 2.22, 3.05, 3.46, 3.42, 4.12, 5.1, 4.7, 4.197, 4.68, 4.59, 4.04, 4.31, 4.7, 4.08, 4.15, 4.165, 3.52, 3.34, 3.18, 2.56, 2.9, 3.08, 3.32, 3.86, 4.48, 4.45, 4.3, 3.79, 2.79], [3.86, 4.27, 4.96, 4.11, 3.75, 3.58, 3.33, 3.43, 2.33, 0.79, 0, 0.73, 2.22, 3.14, 3.33, 3.32, 3.63, 3.43, 3.58, 2.98, 1.73, 1.66, 1.76, 2.21, 2.4, 3.22, 5.91, 7.97, 8.223, 8.886, 9.156, 8.936, 8.446, 8.626, 9.522, 9.4, 10.33, 10.712, 10.288, 10.789, 10.046, 10.571, 13.169, 14.051, 14.491, 14.551, 14.468, 14.284, 13.604, 13.368, 12.981, 12.098, 10.537, 8.017, 4.997, 2.86, 1.88, 1.77, 2.4, 2.83, 2.89, 3.51, 4.49, 4.073, 3.527, 4.01, 3.94, 3.41, 3.72, 4.13, 3.51, 3.58, 3.56, 2.87, 2.81, 2.59, 2.23, 2.71, 3.01, 3.25, 3.73, 4.05, 3.94, 3.93, 3.46, 2.52], [3.45, 3.9, 4.39, 3.52, 3.12, 2.95, 2.76, 2.82, 1.7, 0.66, 0.73, 0, 1.63, 2.47, 2.66, 2.71, 3.02, 2.86, 2.93, 2.43, 1.5, 1.67, 1.79, 2.16, 2.49, 3.63, 6.5, 8.617, 8.87, 9.533, 9.803, 9.566, 9.076, 9.256, 10.144, 9.999, 10.909, 11.33, 10.935, 11.436, 10.676, 11.215, 13.799, 14.658, 15.118, 15.17, 15.084, 14.88, 14.194, 13.984, 13.591, 12.714, 11.164, 8.644, 5.624, 3.25, 2.05, 2.02, 2.87, 3.24, 3.04, 3.72, 4.68, 4.297, 3.885, 4.413, 4.463, 3.78, 4.15, 4.743, 3.96, 3.93, 4.11, 3.4, 3.406, 3.223, 2.34, 2.58, 2.7, 2.92, 3.44, 4.06, 3.97, 3.92, 3.37, 2.33], [2.76, 3.17, 3.06, 2.07, 1.85, 1.72, 1.65, 1.49, 0.89, 1.71, 2.22, 1.63, 0, 1.1, 1.29, 1.48, 1.85, 1.53, 1.5, 1.26, 1.67, 2.72, 2.86, 2.97, 3.54, 5.08, 7.97, 10.101, 10.354, 11.017, 11.304, 11.024, 10.534, 10.714, 11.588, 11.403, 12.444, 12.842, 12.39, 12.92, 12.168, 12.681, 15.252, 16.196, 16.576, 16.685, 16.516, 16.361, 15.661, 15.466, 15.059, 14.216, 12.678, 10.158, 7.118, 4.689, 3.372, 3.31, 4.28, 4.61, 4.21, 4.525, 5.58, 5.407, 5.161, 5.742, 5.827, 5.227, 5.54, 6.202, 5.362, 5.372, 5.552, 4.893, 4.884, 4.687, 3.39, 2.99, 3.01, 3.11, 3.37, 4.59, 4.72, 4.21, 3.72, 2.54], [2.52, 2.93, 2.72, 1.71, 1.49, 1.46, 1.47, 1.35, 1.13, 2.63, 3.14, 2.47, 1.1, 0, 0.57, 1.14, 1.37, 0.95, 0.86, 1.24, 2.21, 3.54, 3.8, 3.89, 4.44, 5.94, 8.95, 11.081, 11.334, 11.997, 12.267, 11.987, 11.497, 11.674, 12.536, 12.311, 13.272, 13.739, 13.344, 13.891, 13.131, 13.644, 16.2, 17.027, 17.513, 17.559, 17.461, 17.263, 16.575, 16.373, 15.978, 15.083, 13.514, 10.994, 8.028, 5.631, 4.331, 4.281, 5.16, 5.47, 5.13, 5.33, 6.38, 6.238, 5.938, 6.679, 6.766, 6.147, 6.52, 7.164, 6.33, 6.28, 6.44, 5.77, 5.847, 5.667, 4.37, 3.77, 3.61, 3.61, 3.69, 4.99, 5.18, 4.45, 4.02, 3.16], [2.81, 3.2, 2.97, 1.9, 1.74, 1.71, 1.74, 1.62, 1.32, 2.78, 3.33, 2.66, 1.29, 0.57, 0, 0.95, 1.24, 1.02, 0.95, 1.13, 2.16, 3.67, 3.95, 4.06, 4.61, 6.11, 9.12, 11.245, 11.498, 12.161, 12.431, 12.114, 11.624, 11.798, 12.66, 12.403, 13.39, 13.888, 13.505, 14.052, 13.292, 13.805, 16.361, 17.189, 17.614, 17.675, 17.556, 17.382, 16.69, 16.492, 16.093, 15.202, 13.616, 11.116, 8.173, 5.792, 4.455, 4.408, 5.278, 5.605, 5.256, 5.454, 6.474, 6.301, 6.044, 6.777, 6.878, 6.311, 6.65, 7.291, 6.474, 6.424, 6.584, 5.954, 6.031, 5.831, 4.534, 3.831, 3.6, 3.54, 3.52, 4.76, 4.93, 4.18, 3.77, 3.07], [3.32, 3.69, 3.48, 2.43, 2.25, 2.3, 2.43, 2.19, 1.81, 2.85, 3.32, 2.71, 1.48, 1.14, 0.95, 0, 0.75, 1.05, 1.2, 1.0, 2.07, 3.58, 3.84, 3.95, 4.5, 6.0, 8.99, 11.115, 11.368, 12.031, 12.301, 11.987, 11.497, 11.671, 12.553, 12.276, 13.26, 13.758, 13.398, 13.925, 13.165, 13.678, 16.231, 17.05, 17.481, 17.544, 17.44, 17.272, 16.58, 16.382, 15.963, 15.072, 13.503, 10.991, 8.048, 5.685, 4.334, 4.281, 5.151, 5.481, 5.138, 5.315, 6.318, 6.154, 5.908, 6.644, 6.751, 6.221, 6.52, 7.19, 6.384, 6.314, 6.494, 5.864, 5.93, 5.721, 4.424, 3.661, 3.441, 3.37, 3.23, 4.47, 4.56, 3.71, 3.36, 2.857], [3.25, 3.58, 3.27, 2.4, 2.22, 2.21, 2.34, 2.14, 2.0, 3.18, 3.63, 3.02, 1.85, 1.37, 1.24, 0.75, 0, 0.76, 1.13, 1.17, 2.34, 3.87, 4.13, 4.2, 4.75, 6.25, 9.26, 11.391, 11.644, 12.307, 12.577, 12.3, 11.81, 11.984, 12.846, 12.568, 13.573, 14.023, 13.657, 14.204, 13.444, 13.957, 16.509, 17.312, 17.794, 17.84, 17.727, 17.553, 16.873, 16.663, 16.276, 15.379, 13.827, 11.316, 8.33, 5.964, 4.647, 4.594, 5.464, 5.774, 5.408, 5.594, 6.597, 6.433, 6.184, 6.957, 7.03, 6.477, 6.83, 7.497, 6.64, 6.57, 6.75, 6.14, 6.197, 5.977, 4.72, 3.957, 3.697, 3.64, 3.54, 4.78, 4.83, 3.92, 3.61, 3.19], [2.61, 2.94, 2.65, 1.84, 1.58, 1.57, 1.74, 1.62, 1.56, 3.02, 3.43, 2.86, 1.53, 0.95, 1.02, 1.05, 0.76, 0, 0.71, 0.97, 2.28, 3.75, 4.03, 4.1, 4.65, 6.15, 9.16, 11.291, 11.544, 12.207, 12.477, 12.2, 11.71, 11.887, 12.748, 12.471, 13.473, 13.934, 13.557, 14.104, 13.344, 13.857, 16.413, 17.223, 17.697, 17.752, 17.636, 17.465, 16.776, 16.575, 16.179, 15.285, 13.736, 11.216, 8.241, 5.864, 4.544, 4.494, 5.364, 5.674, 5.308, 5.54, 6.56, 6.393, 6.093, 6.86, 6.933, 6.357, 6.73, 7.377, 6.52, 6.47, 6.63, 6.0, 6.057, 5.877, 4.62, 3.92, 3.68, 3.76, 3.82, 5.1, 5.23, 4.4, 3.93, 3.29], [2.42, 2.89, 2.52, 1.45, 1.23, 1.28, 1.45, 1.37, 1.41, 3.09, 3.58, 2.93, 1.5, 0.86, 0.95, 1.2, 1.13, 0.71, 0, 1.08, 2.47, 3.9, 4.2, 4.29, 4.84, 6.34, 9.35, 11.481, 11.734, 12.397, 12.667, 12.39, 11.9, 12.077, 12.938, 12.679, 13.666, 14.124, 13.747, 14.294, 13.534, 14.047, 16.603, 17.419, 17.893, 17.95, 17.835, 17.658, 16.969, 16.768, 16.372, 15.478, 13.929, 11.409, 8.431, 6.034, 4.734, 4.684, 5.554, 5.864, 5.504, 5.728, 6.748, 6.596, 6.303, 7.053, 7.123, 6.547, 6.92, 7.567, 6.71, 6.66, 6.82, 6.17, 6.247, 6.067, 4.77, 4.09, 3.85, 3.85, 3.97, 5.29, 5.42, 4.63, 4.16, 3.48], [2.92, 3.19, 3.1, 2.11, 1.91, 1.94, 2.05, 1.91, 1.51, 2.57, 2.98, 2.43, 1.26, 1.24, 1.13, 1.0, 1.17, 0.97, 1.08, 0, 1.69, 3.28, 3.58, 3.67, 4.22, 5.72, 8.73, 10.861, 11.114, 11.777, 12.047, 11.773, 11.283, 11.463, 12.324, 12.047, 13.049, 13.51, 13.13, 13.677, 12.917, 13.43, 15.988, 16.79, 17.273, 17.322, 17.212, 17.038, 16.352, 16.148, 15.755, 14.86, 13.329, 10.809, 7.814, 5.42, 4.12, 4.067, 4.94, 5.247, 4.881, 5.09, 6.11, 5.958, 5.663, 6.436, 6.511, 5.933, 6.3, 6.95, 6.09, 6.04, 6.209, 5.55, 5.627, 5.447, 4.15, 3.427, 3.21, 3.31, 3.31, 4.57, 4.64, 4.01, 3.54, 2.8], [4.03, 4.38, 4.51, 3.38, 3.02, 3.11, 2.98, 2.78, 2.02, 1.82, 1.73, 1.5, 1.67, 2.21, 2.16, 2.07, 2.34, 2.28, 2.47, 1.69, 0, 1.63, 1.91, 2.06, 2.59, 4.09, 7.06, 9.191, 9.444, 10.107, 10.377, 10.109, 9.619, 9.799, 10.663, 10.398, 11.428, 11.869, 11.466, 12.01, 11.253, 11.766, 14.327, 15.169, 15.623, 15.686, 15.559, 15.376, 14.696, 14.486, 14.099, 13.236, 11.705, 9.185, 6.153, 3.779, 2.49, 2.48, 3.33, 3.6, 3.24, 3.5, 4.44, 4.273, 4.01, 4.772, 4.856, 4.269, 4.63, 5.286, 4.432, 4.402, 4.582, 3.897, 3.989, 3.817, 2.66, 2.12, 1.94, 2.1, 2.42, 3.4, 3.29, 3.18, 2.65, 1.61], [4.94, 5.31, 5.56, 4.57, 4.15, 4.2, 4.07, 3.93, 2.99, 2.09, 1.66, 1.67, 2.72, 3.54, 3.67, 3.58, 3.87, 3.75, 3.9, 3.28, 1.63, 0, 0.74, 1.09, 1.28, 2.54, 5.45, 7.59, 7.843, 8.506, 8.776, 8.559, 8.069, 8.249, 9.119, 8.871, 9.907, 10.308, 9.864, 10.409, 9.651, 10.164, 12.783, 13.671, 14.088, 14.154, 14.033, 13.841, 13.161, 12.951, 12.564, 11.701, 10.169, 7.649, 4.617, 2.38, 1.5, 1.45, 2.04, 2.13, 1.93, 2.43, 3.23, 2.98, 2.541, 3.233, 3.317, 2.77, 3.1, 3.736, 2.862, 2.857, 3.12, 2.51, 2.43, 2.25, 1.63, 1.71, 1.87, 2.15, 2.63, 3.11, 2.86, 3.01, 2.52, 1.72], [5.02, 5.39, 5.7, 4.77, 4.41, 4.3, 4.17, 4.09, 3.13, 2.19, 1.76, 1.79, 2.86, 3.8, 3.95, 3.84, 4.13, 4.03, 4.2, 3.58, 1.91, 0.74, 0, 0.65, 0.9, 2.28, 5.17, 7.298, 7.551, 8.214, 8.484, 8.199, 7.709, 7.903, 8.785, 8.643, 9.63, 10.031, 9.587, 10.117, 9.374, 9.887, 12.452, 13.402, 13.782, 13.871, 13.742, 13.513, 12.833, 12.617, 12.23, 11.367, 9.826, 7.306, 4.266, 2.14, 1.3, 1.23, 1.8, 1.83, 1.69, 2.21, 2.99, 2.8, 2.5, 2.982, 3.092, 2.41, 2.74, 3.41, 2.67, 2.72, 2.9, 2.37, 2.19, 2.05, 1.37, 1.67, 1.99, 2.27, 2.71, 2.97, 2.78, 2.89, 2.4, 1.76], [5.23, 5.56, 5.77, 4.86, 4.56, 4.39, 4.26, 4.22, 3.32, 2.56, 2.21, 2.16, 2.97, 3.89, 4.06, 3.95, 4.2, 4.1, 4.29, 3.67, 2.06, 1.09, 0.65, 0, 0.71, 2.19, 5.06, 7.191, 7.444, 8.107, 8.377, 8.109, 7.619, 7.813, 8.698, 8.573, 9.54, 9.927, 9.5, 10.01, 9.267, 9.786, 12.342, 13.295, 13.695, 13.787, 13.655, 13.423, 12.743, 12.533, 12.146, 11.283, 9.736, 7.216, 4.176, 2.11, 1.49, 1.4, 1.93, 1.82, 1.64, 2.0, 2.84, 2.69, 2.45, 2.94, 3.03, 2.3, 2.67, 3.36, 2.62, 2.67, 2.95, 2.42, 2.16, 2.02, 1.34, 1.46, 1.82, 2.1, 2.52, 2.72, 2.61, 2.62, 2.21, 1.81], [5.6, 5.97, 6.32, 5.43, 5.11, 4.94, 4.75, 4.77, 3.75, 2.83, 2.4, 2.49, 3.54, 4.44, 4.61, 4.5, 4.75, 4.65, 4.84, 4.22, 2.59, 1.28, 0.9, 0.71, 0, 1.64, 4.51, 6.641, 6.894, 7.557, 7.827, 7.556, 7.066, 7.266, 8.148, 8.02, 8.984, 9.371, 8.95, 9.46, 8.717, 9.233, 11.809, 12.742, 13.162, 13.231, 13.119, 12.87, 12.19, 11.98, 11.593, 10.71, 9.169, 6.649, 3.7, 1.9, 1.52, 1.41, 1.56, 1.43, 1.29, 1.81, 2.55, 2.34, 2.06, 2.49, 2.52, 1.87, 2.18, 2.85, 2.09, 2.14, 2.46, 1.97, 1.73, 1.71, 1.29, 1.51, 1.95, 2.23, 2.69, 2.55, 2.42, 2.45, 2.28, 2.26], [6.88, 7.31, 7.88, 7.01, 6.63, 6.44, 6.27, 6.29, 5.19, 3.93, 3.22, 3.63, 5.08, 5.94, 6.11, 6.0, 6.25, 6.15, 6.34, 5.72, 4.09, 2.54, 2.28, 2.19, 1.64, 0, 3.01, 5.144, 5.397, 6.06, 6.33, 6.073, 5.583, 5.763, 6.645, 6.472, 7.402, 7.857, 7.433, 7.96, 7.2, 7.713, 10.306, 11.142, 11.622, 11.677, 11.591, 11.393, 10.704, 10.491, 10.096, 9.201, 7.654, 5.134, 2.62, 2.06, 2.48, 2.23, 1.48, 1.27, 1.75, 1.97, 2.07, 1.82, 1.56, 1.37, 1.32, 1.33, 1.36, 1.77, 1.43, 1.44, 1.56, 1.11, 1.33, 1.35, 2.17, 2.65, 2.91, 3.19, 3.81, 2.93, 2.76, 3.13, 3.24, 3.62], [9.53, 9.94, 10.63, 9.8, 9.42, 9.33, 9.06, 9.16, 8.14, 6.48, 5.91, 6.5, 7.97, 8.95, 9.12, 8.99, 9.26, 9.16, 9.35, 8.73, 7.06, 5.45, 5.17, 5.06, 4.51, 3.01, 0, 2.14, 2.41, 3.073, 3.343, 3.123, 2.633, 2.836, 3.752, 3.76, 4.73, 5.072, 4.48, 4.976, 4.233, 4.763, 7.359, 8.415, 8.795, 8.915, 8.766, 8.56, 7.86, 7.664, 7.232, 6.394, 4.839, 2.61, 2.49, 3.79, 4.91, 4.84, 3.91, 3.6, 4.04, 3.94, 3.2, 3.31, 3.59, 2.9, 2.69, 3.08, 2.81, 2.42, 2.76, 2.87, 2.73, 3.24, 3.24, 3.6, 4.84, 5.36, 5.58, 5.74, 6.38, 5.44, 5.09, 5.76, 5.91, 6.29], [11.61, 11.98, 12.77, 11.94, 11.56, 11.464, 11.14, 11.294, 10.274, 8.54, 7.97, 8.617, 10.101, 11.081, 11.245, 11.115, 11.391, 11.291, 11.481, 10.861, 9.191, 7.59, 7.298, 7.191, 6.641, 5.144, 2.14, 0, 0.63, 1.21, 1.46, 1.4, 1.23, 1.27, 1.798, 1.98, 2.85, 3.16, 2.5, 2.885, 2.11, 2.7, 5.385, 6.481, 6.861, 6.981, 6.838, 6.591, 5.891, 5.696, 5.269, 4.426, 2.885, 2.25, 3.79, 5.71, 6.87, 6.88, 5.99, 5.66, 6.02, 5.9, 5.04, 5.19, 5.49, 4.82, 4.57, 5.02, 4.77, 4.18, 4.78, 4.85, 4.69, 5.32, 5.24, 5.46, 6.74, 7.48, 7.7, 7.8, 8.4, 7.4, 7.05, 7.84, 7.97, 8.37], [11.88, 12.25, 13.037, 12.204, 11.827, 11.717, 11.39, 11.564, 10.527, 8.79, 8.223, 8.87, 10.354, 11.334, 11.498, 11.368, 11.644, 11.544, 11.734, 11.114, 9.444, 7.843, 7.551, 7.444, 6.894, 5.397, 2.41, 0.63, 0, 0.8, 1.27, 1.23, 1.04, 1.26, 1.57, 1.85, 2.7, 2.97, 2.31, 2.66, 1.9, 2.43, 5.078, 6.197, 6.577, 6.697, 6.559, 6.307, 5.607, 5.391, 4.968, 4.141, 2.6, 1.96, 3.78, 5.82, 7.08, 7.15, 6.26, 5.93, 6.27, 6.13, 5.23, 5.34, 5.64, 4.97, 4.72, 5.21, 4.96, 4.33, 5.03, 5.08, 4.92, 5.57, 5.49, 5.73, 7.03, 7.73, 7.95, 8.05, 8.59, 7.59, 7.3, 8.09, 8.22, 8.62], [12.546, 12.91, 13.686, 12.856, 12.476, 12.38, 12.03, 12.21, 11.19, 9.453, 8.886, 9.533, 11.017, 11.997, 12.161, 12.031, 12.307, 12.207, 12.397, 11.777, 10.107, 8.506, 8.214, 8.107, 7.557, 6.06, 3.073, 1.21, 0.8, 0, 0.85, 1.07, 1.02, 1.28, 1.45, 1.79, 2.56, 2.71, 2.09, 2.26, 1.58, 2.05, 4.52, 5.69, 6.07, 6.19, 6.08, 5.82, 5.14, 4.85, 4.478, 3.68, 2.38, 2.1, 4.14, 6.38, 7.74, 7.795, 6.908, 6.564, 6.93, 6.73, 5.77, 5.9, 6.18, 5.49, 5.3, 5.85, 5.562, 4.97, 5.69, 5.74, 5.58, 6.23, 6.15, 6.35, 7.65, 8.39, 8.61, 8.71, 9.223, 8.195, 7.959, 8.732, 8.86, 9.26], [12.816, 13.183, 13.97, 13.137, 12.76, 12.65, 12.317, 12.497, 11.46, 9.723, 9.156, 9.803, 11.304, 12.267, 12.431, 12.301, 12.577, 12.477, 12.667, 12.047, 10.377, 8.776, 8.484, 8.377, 7.827, 6.33, 3.343, 1.46, 1.27, 0.85, 0, 0.74, 1.15, 1.09, 1.28, 2.08, 2.65, 2.72, 2.14, 2.27, 1.63, 2.02, 4.37, 5.52, 5.92, 6.1, 5.91, 5.67, 4.99, 4.66, 4.31, 3.53, 2.33, 2.37, 4.29, 6.65, 8.01, 8.094, 7.178, 6.834, 7.22, 7.0, 6.08, 6.19, 6.43, 5.74, 5.57, 6.12, 5.87, 5.24, 5.96, 6.01, 5.85, 6.5, 6.42, 6.7, 8.0, 8.66, 8.88, 8.98, 9.493, 8.465, 8.229, 9.002, 9.13, 9.53], [12.556, 12.923, 13.75, 12.917, 12.54, 12.399, 12.057, 12.237, 11.206, 9.486, 8.936, 9.566, 11.024, 11.987, 12.114, 11.987, 12.3, 12.2, 12.39, 11.773, 10.109, 8.559, 8.199, 8.109, 7.556, 6.073, 3.123, 1.4, 1.23, 1.07, 0.74, 0, 0.93, 0.75, 1.38, 1.9, 2.69, 2.86, 2.34, 2.49, 1.89, 2.26, 4.65, 5.84, 6.14, 6.26, 6.09, 5.85, 5.17, 4.84, 4.411, 3.57, 2.19, 2.17, 4.07, 6.41, 7.69, 7.734, 6.853, 6.546, 7.02, 6.8, 5.88, 5.99, 6.19, 5.4, 5.31, 5.86, 5.49, 4.84, 5.72, 5.77, 5.59, 6.26, 6.18, 6.5, 7.8, 8.42, 8.64, 8.72, 9.12, 8.065, 7.85, 8.637, 8.81, 9.23], [12.066, 12.433, 13.26, 12.427, 12.05, 11.909, 11.567, 11.747, 10.716, 8.996, 8.446, 9.076, 10.534, 11.497, 11.624, 11.497, 11.81, 11.71, 11.9, 11.283, 9.619, 8.069, 7.709, 7.619, 7.066, 5.583, 2.633, 1.23, 1.04, 1.02, 1.15, 0.93, 0, 0.74, 1.55, 2.13, 3.1, 3.29, 2.75, 2.96, 2.26, 2.71, 5.06, 6.25, 6.55, 6.67, 6.42, 6.2, 5.52, 5.17, 4.74, 3.96, 2.6, 1.96, 3.66, 5.94, 7.24, 7.244, 6.363, 6.056, 6.53, 6.31, 5.37, 5.5, 5.7, 4.89, 4.82, 5.37, 5.012, 4.39, 5.23, 5.28, 5.1, 5.77, 5.69, 6.01, 7.31, 7.93, 8.15, 8.23, 8.63, 7.469, 7.36, 8.147, 8.32, 8.74], [12.286, 12.639, 13.443, 12.613, 12.23, 12.089, 11.756, 11.927, 10.896, 9.199, 8.626, 9.256, 10.714, 11.674, 11.798, 11.671, 11.984, 11.887, 12.077, 11.463, 9.799, 8.249, 7.903, 7.813, 7.266, 5.763, 2.836, 1.27, 1.26, 1.28, 1.09, 0.75, 0.74, 0, 1.39, 1.95, 2.9, 3.05, 2.57, 2.76, 2.14, 2.49, 4.92, 6.09, 6.39, 6.53, 6.22, 6.0, 5.32, 4.99, 4.58, 3.74, 2.32, 2.1, 3.7, 6.16, 7.46, 7.404, 6.523, 6.216, 6.69, 6.49, 5.55, 5.66, 5.86, 5.07, 5.0, 5.55, 5.192, 4.63, 5.41, 5.46, 5.28, 5.95, 5.91, 6.25, 7.55, 8.11, 8.33, 8.41, 8.81, 7.649, 7.523, 8.307, 8.48, 8.9], [13.177, 13.535, 14.328, 13.492, 13.109, 12.974, 12.662, 12.801, 11.778, 10.095, 9.522, 10.144, 11.588, 12.536, 12.66, 12.553, 12.846, 12.748, 12.938, 12.324, 10.663, 9.119, 8.785, 8.698, 8.148, 6.645, 3.752, 1.798, 1.57, 1.45, 1.28, 1.38, 1.55, 1.39, 0, 1.3, 1.95, 2.04, 1.56, 1.81, 1.15, 1.46, 3.95, 5.04, 5.34, 5.4, 5.134, 4.897, 4.21, 3.98, 3.574, 2.728, 1.73, 2.11, 4.67, 7.11, 8.39, 8.32, 7.439, 7.152, 7.62, 7.44, 6.5, 6.55, 6.83, 6.08, 5.91, 6.489, 6.13, 5.567, 6.28, 6.322, 6.159, 6.814, 6.795, 7.141, 8.438, 8.986, 9.194, 9.272, 9.717, 8.58, 8.419, 9.223, 9.41, 9.81], [13.172, 13.55, 14.263, 13.361, 12.978, 12.849, 12.645, 12.633, 11.619, 10.03, 9.4, 9.999, 11.403, 12.311, 12.403, 12.276, 12.568, 12.471, 12.679, 12.047, 10.398, 8.871, 8.643, 8.573, 8.02, 6.472, 3.76, 1.98, 1.85, 1.79, 2.08, 1.9, 2.13, 1.95, 1.3, 0, 1.27, 1.72, 1.38, 1.89, 1.21, 1.7, 4.13, 5.014, 5.332, 5.38, 5.167, 5.007, 4.327, 4.157, 3.707, 2.867, 1.63, 2.39, 4.85, 7.23, 8.47, 8.3, 7.27, 7.02, 7.5, 7.46, 6.54, 6.57, 6.79, 6.04, 5.87, 6.54, 6.31, 5.78, 6.107, 6.23, 6.11, 6.65, 6.79, 7.19, 8.464, 8.852, 8.917, 9.074, 9.6, 8.5, 8.29, 9.0, 9.21, 9.63], [14.142, 14.52, 15.25, 14.388, 14.005, 13.819, 13.615, 13.674, 12.583, 10.966, 10.33, 10.909, 12.444, 13.272, 13.39, 13.26, 13.573, 13.473, 13.666, 13.049, 11.428, 9.907, 9.63, 9.54, 8.984, 7.402, 4.73, 2.85, 2.7, 2.56, 2.65, 2.69, 3.1, 2.9, 1.95, 1.27, 0, 0.83, 0.97, 1.2, 1.42, 1.35, 2.997, 3.81, 4.25, 4.29, 4.22, 4.012, 3.34, 3.13, 2.732, 1.86, 1.36, 3.2, 5.74, 8.2, 9.44, 9.294, 8.28, 8.01, 8.55, 8.41, 7.55, 7.58, 7.76, 7.09, 6.84, 7.47, 7.32, 6.81, 7.134, 7.181, 7.04, 7.597, 7.777, 8.177, 9.431, 9.899, 9.97, 10.067, 10.61, 9.59, 9.32, 10.05, 10.16, 10.66], [14.486, 14.862, 15.617, 14.755, 14.372, 14.18, 13.942, 14.052, 12.964, 11.319, 10.712, 11.33, 12.842, 13.739, 13.888, 13.758, 14.023, 13.934, 14.124, 13.51, 11.869, 10.308, 10.031, 9.927, 9.371, 7.857, 5.072, 3.16, 2.97, 2.71, 2.72, 2.86, 3.29, 3.05, 2.04, 1.72, 0.83, 0, 0.76, 0.97, 1.41, 1.22, 2.51, 3.42, 3.84, 3.92, 3.81, 3.59, 2.91, 2.72, 2.33, 1.53, 1.55, 3.43, 5.93, 8.45, 9.81, 9.678, 8.747, 8.4, 8.88, 8.74, 7.86, 7.93, 8.17, 7.48, 7.19, 7.78, 7.67, 7.14, 7.526, 7.55, 7.39, 8.012, 8.135, 8.518, 9.778, 10.266, 10.394, 10.494, 11.08, 10.04, 9.77, 10.52, 10.63, 11.09], [13.948, 14.318, 15.082, 14.24, 13.861, 13.773, 13.441, 13.6, 12.563, 10.875, 10.288, 10.935, 12.39, 13.344, 13.505, 13.398, 13.657, 13.557, 13.747, 13.13, 11.466, 9.864, 9.587, 9.5, 8.95, 7.433, 4.48, 2.5, 2.31, 2.09, 2.14, 2.34, 2.75, 2.57, 1.56, 1.38, 0.97, 0.76, 0, 0.69, 0.89, 1.04, 2.97, 4.04, 4.42, 4.54, 4.394, 4.16, 3.474, 3.284, 2.845, 2.042, 1.65, 3.11, 5.55, 7.89, 9.25, 9.22, 8.321, 7.98, 8.3, 8.16, 7.28, 7.41, 7.73, 7.06, 6.79, 7.32, 7.11, 6.56, 7.04, 7.13, 6.99, 7.6, 7.575, 7.878, 9.14, 9.763, 9.966, 10.103, 10.7, 9.66, 9.39, 10.12, 10.23, 10.61], [14.449, 14.813, 15.589, 14.759, 14.379, 14.283, 13.933, 14.113, 13.093, 11.356, 10.789, 11.436, 12.92, 13.891, 14.052, 13.925, 14.204, 14.104, 14.294, 13.677, 12.01, 10.409, 10.117, 10.01, 9.46, 7.96, 4.976, 2.885, 2.66, 2.26, 2.27, 2.49, 2.96, 2.76, 1.81, 1.89, 1.2, 0.97, 0.69, 0, 1.0, 1.09, 2.52, 3.71, 4.09, 4.27, 4.1, 3.82, 3.16, 2.91, 2.427, 1.62, 1.56, 3.26, 5.9, 8.3, 9.68, 9.678, 8.791, 8.447, 8.83, 8.61, 7.69, 7.84, 8.16, 7.47, 7.22, 7.81, 7.56, 6.93, 7.587, 7.64, 7.48, 8.127, 8.07, 8.27, 9.55, 10.296, 10.516, 10.613, 11.17, 10.13, 9.862, 10.635, 10.76, 11.157], [13.706, 14.07, 14.846, 14.016, 13.633, 13.526, 13.19, 13.364, 12.333, 10.613, 10.046, 10.676, 12.168, 13.131, 13.292, 13.165, 13.444, 13.344, 13.534, 12.917, 11.253, 9.651, 9.374, 9.267, 8.717, 7.2, 4.233, 2.11, 1.9, 1.58, 1.63, 1.89, 2.26, 2.14, 1.15, 1.21, 1.42, 1.41, 0.89, 1.0, 0, 0.79, 3.3, 4.45, 4.83, 5.01, 4.84, 4.56, 3.9, 3.69, 3.207, 2.364, 1.52, 2.58, 5.14, 7.5, 8.9, 8.935, 8.068, 7.744, 8.07, 7.91, 6.93, 7.08, 7.4, 6.73, 6.48, 7.07, 6.82, 6.17, 6.83, 6.88, 6.717, 7.37, 7.31, 7.51, 8.81, 9.53, 9.75, 9.847, 10.389, 9.35, 9.099, 9.89, 9.98, 10.38], [14.231, 14.604, 15.379, 14.529, 14.161, 14.059, 13.718, 13.877, 12.846, 11.155, 10.571, 11.215, 12.681, 13.644, 13.805, 13.678, 13.957, 13.857, 14.047, 13.43, 11.766, 10.164, 9.887, 9.786, 9.233, 7.713, 4.763, 2.7, 2.43, 2.05, 2.02, 2.26, 2.71, 2.49, 1.46, 1.7, 1.35, 1.22, 1.04, 1.09, 0.79, 0, 2.75, 3.94, 4.32, 4.46, 4.29, 4.03, 3.35, 3.08, 2.67, 1.85, 1.25, 2.91, 5.67, 8.07, 9.47, 9.465, 8.598, 8.274, 8.6, 8.44, 7.46, 7.57, 7.91, 7.24, 6.99, 7.58, 7.33, 6.74, 7.343, 7.393, 7.23, 7.883, 7.829, 8.075, 9.372, 10.06, 10.263, 10.36, 10.902, 9.86, 9.609, 10.402, 10.51, 10.91], [16.809, 17.162, 17.983, 17.15, 16.771, 16.632, 16.299, 16.465, 15.439, 13.742, 13.169, 13.799, 15.252, 16.2, 16.361, 16.231, 16.509, 16.413, 16.603, 15.988, 14.327, 12.783, 12.452, 12.342, 11.809, 10.306, 7.359, 5.385, 5.078, 4.52, 4.37, 4.65, 5.06, 4.92, 3.95, 4.13, 2.997, 2.51, 2.97, 2.52, 3.3, 2.75, 0, 1.23, 1.69, 1.87, 1.74, 1.44, 1.02, 0.99, 1.04, 1.48, 3.06, 5.36, 8.2, 10.68, 12.018, 12.027, 11.117, 10.776, 11.21, 11.01, 10.05, 10.18, 10.38, 9.63, 9.5, 10.082, 9.835, 9.271, 9.942, 9.983, 9.8, 10.476, 10.442, 10.788, 12.07, 12.653, 12.862, 12.939, 13.4, 12.338, 12.166, 12.895, 13.026, 13.457], [17.871, 18.241, 19.005, 18.149, 17.769, 17.565, 17.324, 17.426, 16.332, 14.698, 14.051, 14.658, 16.196, 17.027, 17.189, 17.05, 17.312, 17.223, 17.419, 16.79, 15.169, 13.671, 13.402, 13.295, 12.742, 11.142, 8.415, 6.481, 6.197, 5.69, 5.52, 5.84, 6.25, 6.09, 5.04, 5.014, 3.81, 3.42, 4.04, 3.71, 4.45, 3.94, 1.23, 0, 0.74, 0.86, 1.03, 0.77, 0.87, 1.22, 1.61, 2.43, 4.09, 6.39, 9.25, 11.823, 13.134, 13.001, 11.976, 11.689, 12.186, 12.052, 11.06, 11.127, 11.25, 10.56, 10.419, 11.041, 10.914, 10.407, 10.889, 10.879, 10.719, 11.355, 11.518, 11.901, 13.18, 13.649, 13.715, 13.772, 14.206, 13.183, 12.971, 13.683, 13.807, 14.356], [18.251, 18.621, 19.385, 18.529, 18.149, 17.965, 17.704, 17.806, 16.752, 15.118, 14.491, 15.118, 16.576, 17.513, 17.614, 17.481, 17.794, 17.697, 17.893, 17.273, 15.623, 14.088, 13.782, 13.695, 13.162, 11.622, 8.795, 6.861, 6.577, 6.07, 5.92, 6.14, 6.55, 6.39, 5.34, 5.332, 4.25, 3.84, 4.42, 4.09, 4.83, 4.32, 1.69, 0.74, 0, 0.52, 0.75, 0.71, 1.19, 1.56, 1.91, 2.89, 4.53, 6.79, 9.63, 12.203, 13.474, 13.301, 12.376, 12.089, 12.566, 12.432, 11.44, 11.507, 11.67, 10.88, 10.799, 11.441, 11.214, 10.707, 11.269, 11.299, 11.159, 11.795, 11.898, 12.281, 13.56, 14.029, 14.146, 14.22, 14.628, 13.531, 13.376, 14.12, 14.259, 14.736], [18.366, 18.741, 19.497, 18.635, 18.252, 18.06, 17.822, 17.915, 16.824, 15.198, 14.551, 15.17, 16.685, 17.559, 17.675, 17.544, 17.84, 17.752, 17.95, 17.322, 15.686, 14.154, 13.871, 13.787, 13.231, 11.677, 8.915, 6.981, 6.697, 6.19, 6.1, 6.26, 6.67, 6.53, 5.4, 5.38, 4.29, 3.92, 4.54, 4.27, 5.01, 4.46, 1.87, 0.86, 0.52, 0, 0.63, 0.77, 1.27, 1.62, 2.07, 3.01, 4.65, 6.93, 9.77, 12.303, 13.594, 13.421, 12.436, 12.169, 12.686, 12.56, 11.6, 11.61, 11.79, 11.04, 10.91, 11.521, 11.314, 10.787, 11.369, 11.359, 11.219, 11.855, 11.998, 12.381, 13.661, 14.129, 14.212, 14.272, 14.657, 13.623, 13.413, 14.163, 14.344, 14.816], [18.2, 18.578, 19.325, 18.457, 18.074, 17.931, 17.655, 17.746, 16.718, 15.095, 14.468, 15.084, 16.516, 17.461, 17.556, 17.44, 17.727, 17.636, 17.835, 17.212, 15.559, 14.033, 13.742, 13.655, 13.119, 11.591, 8.766, 6.838, 6.559, 6.08, 5.91, 6.09, 6.42, 6.22, 5.134, 5.167, 4.22, 3.81, 4.394, 4.1, 4.84, 4.29, 1.74, 1.03, 0.75, 0.63, 0, 0.6, 1.08, 1.35, 1.78, 2.74, 4.48, 6.82, 9.64, 12.173, 13.464, 13.275, 12.367, 12.071, 12.548, 12.402, 11.436, 11.446, 11.657, 10.91, 10.769, 11.392, 11.15, 10.623, 11.203, 11.25, 11.113, 11.752, 11.835, 12.218, 13.492, 13.948, 14.082, 14.159, 14.567, 13.435, 13.315, 14.078, 14.283, 14.706], [17.997, 18.355, 19.133, 18.271, 17.906, 17.719, 17.452, 17.591, 16.52, 14.829, 14.284, 14.88, 16.361, 17.263, 17.382, 17.272, 17.553, 17.465, 17.658, 17.038, 15.376, 13.841, 13.513, 13.423, 12.87, 11.393, 8.56, 6.591, 6.307, 5.82, 5.67, 5.85, 6.2, 6.0, 4.897, 5.007, 4.012, 3.59, 4.16, 3.82, 4.56, 4.03, 1.44, 0.77, 0.71, 0.77, 0.6, 0, 0.72, 1.09, 1.5, 2.42, 4.14, 6.48, 9.34, 11.913, 13.204, 13.111, 12.178, 11.876, 12.376, 12.219, 11.276, 11.32, 11.514, 10.75, 10.603, 11.169, 10.924, 10.38, 11.051, 11.058, 10.887, 11.547, 11.609, 11.975, 13.246, 13.782, 13.905, 13.982, 14.384, 13.255, 13.129, 13.913, 14.089, 14.54], [17.297, 17.655, 18.433, 17.571, 17.206, 17.039, 16.752, 16.891, 15.84, 14.149, 13.604, 14.194, 15.661, 16.575, 16.69, 16.58, 16.873, 16.776, 16.969, 16.352, 14.696, 13.161, 12.833, 12.743, 12.19, 10.704, 7.86, 5.891, 5.607, 5.14, 4.99, 5.17, 5.52, 5.32, 4.21, 4.327, 3.34, 2.91, 3.474, 3.16, 3.9, 3.35, 1.02, 0.87, 1.19, 1.27, 1.08, 0.72, 0, 0.51, 0.88, 1.82, 3.52, 5.86, 8.68, 11.213, 12.504, 12.411, 11.498, 11.196, 11.676, 11.519, 10.576, 10.62, 10.82, 10.05, 9.903, 10.509, 10.224, 9.697, 10.351, 10.378, 10.207, 10.864, 10.909, 11.275, 12.546, 13.082, 13.222, 13.296, 13.704, 12.555, 12.449, 13.233, 13.409, 13.84], [17.095, 17.453, 18.243, 17.381, 17.016, 16.823, 16.551, 16.696, 15.624, 13.93, 13.368, 13.984, 15.466, 16.373, 16.492, 16.382, 16.663, 16.575, 16.768, 16.148, 14.486, 12.951, 12.617, 12.533, 11.98, 10.491, 7.664, 5.696, 5.391, 4.85, 4.66, 4.84, 5.17, 4.99, 3.98, 4.157, 3.13, 2.72, 3.284, 2.91, 3.69, 3.08, 0.99, 1.22, 1.56, 1.62, 1.35, 1.09, 0.51, 0, 0.69, 1.47, 3.21, 5.55, 8.45, 10.974, 12.291, 12.204, 11.274, 10.972, 11.486, 11.309, 10.366, 10.41, 10.604, 9.84, 9.693, 10.267, 10.009, 9.448, 10.147, 10.157, 9.982, 10.647, 10.71, 11.059, 12.353, 12.892, 13.015, 13.092, 13.474, 12.365, 12.239, 13.006, 13.199, 13.65], [16.688, 17.046, 17.836, 16.974, 16.609, 16.436, 16.144, 16.289, 15.237, 13.543, 12.981, 13.591, 15.059, 15.978, 16.093, 15.963, 16.276, 16.179, 16.372, 15.755, 14.099, 12.564, 12.23, 12.146, 11.593, 10.096, 7.232, 5.269, 4.968, 4.478, 4.31, 4.411, 4.74, 4.58, 3.574, 3.707, 2.732, 2.33, 2.845, 2.427, 3.207, 2.67, 1.04, 1.61, 1.91, 2.07, 1.78, 1.5, 0.88, 0.69, 0, 1.1, 2.78, 5.14, 8.004, 10.567, 11.884, 11.777, 10.867, 10.565, 11.062, 10.882, 9.899, 9.986, 10.16, 9.376, 9.266, 9.9, 9.602, 9.04, 9.739, 9.769, 9.595, 10.257, 10.303, 10.652, 11.946, 12.485, 12.625, 12.699, 13.067, 11.938, 11.832, 12.598, 12.783, 13.243], [15.845, 16.203, 16.993, 16.131, 15.766, 15.573, 15.301, 15.446, 14.354, 12.66, 12.098, 12.714, 14.216, 15.083, 15.202, 15.072, 15.379, 15.285, 15.478, 14.86, 13.236, 11.701, 11.367, 11.283, 10.71, 9.201, 6.394, 4.426, 4.141, 3.68, 3.53, 3.57, 3.96, 3.74, 2.728, 2.867, 1.86, 1.53, 2.042, 1.62, 2.364, 1.85, 1.48, 2.43, 2.89, 3.01, 2.74, 2.42, 1.82, 1.47, 1.1, 0, 1.78, 4.16, 7.141, 9.724, 11.022, 10.934, 9.964, 9.682, 10.199, 10.039, 9.096, 9.14, 9.354, 8.57, 8.443, 9.057, 8.778, 8.198, 8.897, 8.887, 8.692, 9.397, 9.46, 9.809, 11.103, 11.642, 11.765, 11.822, 12.198, 11.067, 10.935, 11.684, 11.889, 12.384], [14.289, 14.642, 15.446, 14.596, 14.233, 14.023, 13.739, 13.908, 12.81, 11.102, 10.537, 11.164, 12.678, 13.514, 13.616, 13.503, 13.827, 13.736, 13.929, 13.329, 11.705, 10.169, 9.826, 9.736, 9.169, 7.654, 4.839, 2.885, 2.6, 2.38, 2.33, 2.19, 2.6, 2.32, 1.73, 1.63, 1.36, 1.55, 1.65, 1.56, 1.52, 1.25, 3.06, 4.09, 4.53, 4.65, 4.48, 4.14, 3.52, 3.21, 2.78, 1.78, 0, 2.52, 5.56, 8.16, 9.458, 9.373, 8.417, 8.133, 8.653, 8.49, 7.55, 7.64, 7.84, 7.03, 6.92, 7.49, 7.215, 6.65, 7.364, 7.354, 7.16, 7.859, 7.922, 8.268, 9.55, 10.113, 10.236, 10.304, 10.644, 9.504, 9.392, 10.113, 10.312, 10.837], [11.769, 12.122, 12.926, 12.076, 11.713, 11.503, 11.219, 11.388, 10.29, 8.582, 8.017, 8.644, 10.158, 10.994, 11.116, 10.991, 11.316, 11.216, 11.409, 10.809, 9.185, 7.649, 7.306, 7.216, 6.649, 5.134, 2.61, 2.25, 1.96, 2.1, 2.37, 2.17, 1.96, 2.1, 2.11, 2.39, 3.2, 3.43, 3.11, 3.26, 2.58, 2.91, 5.36, 6.39, 6.79, 6.93, 6.82, 6.48, 5.86, 5.55, 5.14, 4.16, 2.52, 0, 3.04, 5.64, 6.938, 6.853, 5.917, 5.65, 6.17, 6.03, 5.17, 5.26, 5.48, 4.69, 4.52, 5.03, 4.74, 4.23, 4.87, 4.84, 4.64, 5.339, 5.402, 5.748, 7.03, 7.593, 7.724, 7.81, 8.21, 7.17, 6.992, 7.653, 7.84, 8.34], [8.729, 9.082, 9.886, 9.036, 8.673, 8.463, 8.179, 8.348, 7.27, 5.562, 4.997, 5.624, 7.118, 8.028, 8.173, 8.048, 8.33, 8.241, 8.431, 7.814, 6.153, 4.617, 4.266, 4.176, 3.7, 2.62, 2.49, 3.79, 3.78, 4.14, 4.29, 4.07, 3.66, 3.7, 4.67, 4.85, 5.74, 5.93, 5.55, 5.9, 5.14, 5.67, 8.2, 9.25, 9.63, 9.77, 9.64, 9.34, 8.68, 8.45, 8.004, 7.141, 5.56, 3.04, 0, 2.6, 3.94, 3.873, 3.36, 3.21, 3.67, 3.87, 3.65, 3.44, 3.16, 2.93, 2.68, 2.75, 2.74, 3.05, 3.11, 3.2, 3.24, 2.99, 2.79, 2.87, 3.99, 4.57, 4.81, 4.99, 5.51, 4.81, 4.76, 4.93, 4.88, 5.32], [6.206, 6.573, 7.38, 6.547, 6.168, 6.046, 5.707, 5.882, 4.85, 3.156, 2.86, 3.25, 4.689, 5.631, 5.792, 5.685, 5.964, 5.864, 6.034, 5.42, 3.779, 2.38, 2.14, 2.11, 1.9, 2.06, 3.79, 5.71, 5.82, 6.38, 6.65, 6.41, 5.94, 6.16, 7.11, 7.23, 8.2, 8.45, 7.89, 8.3, 7.5, 8.07, 10.68, 11.823, 12.203, 12.303, 12.173, 11.913, 11.213, 10.974, 10.567, 9.724, 8.16, 5.64, 2.6, 0, 1.54, 1.91, 1.9, 2.03, 2.21, 2.79, 3.39, 3.06, 2.56, 2.75, 2.58, 2.45, 2.46, 2.43, 2.03, 2.28, 2.74, 2.17, 1.53, 1.63, 2.13, 2.59, 2.91, 3.07, 3.65, 3.81, 3.72, 3.77, 3.44, 3.16], [5.08, 5.35, 6.097, 5.264, 4.887, 4.746, 4.41, 4.584, 3.59, 2.23, 1.88, 2.05, 3.372, 4.331, 4.455, 4.334, 4.647, 4.544, 4.734, 4.12, 2.49, 1.5, 1.3, 1.49, 1.52, 2.48, 4.91, 6.87, 7.08, 7.74, 8.01, 7.69, 7.24, 7.46, 8.39, 8.47, 9.44, 9.81, 9.25, 9.68, 8.9, 9.47, 12.018, 13.134, 13.474, 13.594, 13.464, 13.204, 12.504, 12.291, 11.884, 11.022, 9.458, 6.938, 3.94, 1.54, 0, 0.93, 1.54, 1.87, 1.65, 2.23, 3.15, 2.92, 2.64, 2.95, 2.9, 2.37, 2.48, 2.89, 2.53, 2.62, 2.72, 2.19, 1.93, 1.65, 1.29, 1.71, 2.07, 2.23, 2.75, 3.09, 2.84, 2.97, 2.5, 1.86], [5.05, 5.38, 6.09, 5.24, 4.86, 4.69, 4.42, 4.54, 3.5, 2.22, 1.77, 2.02, 3.31, 4.281, 4.408, 4.281, 4.594, 4.494, 4.684, 4.067, 2.48, 1.45, 1.23, 1.4, 1.41, 2.23, 4.84, 6.88, 7.15, 7.795, 8.094, 7.734, 7.244, 7.404, 8.32, 8.3, 9.294, 9.678, 9.22, 9.678, 8.935, 9.465, 12.027, 13.001, 13.301, 13.421, 13.275, 13.111, 12.411, 12.204, 11.777, 10.934, 9.373, 6.853, 3.873, 1.91, 0.93, 0, 1.19, 1.58, 1.54, 2.34, 3.18, 2.81, 2.33, 2.71, 2.728, 2.18, 2.33, 2.94, 2.36, 2.39, 2.51, 1.98, 1.92, 1.8, 1.48, 1.78, 2.16, 2.42, 2.7, 3.08, 2.79, 3.02, 2.49, 1.77], [6.08, 6.49, 7.14, 6.25, 5.87, 5.7, 5.55, 5.51, 4.47, 3.05, 2.4, 2.87, 4.28, 5.16, 5.278, 5.151, 5.464, 5.364, 5.554, 4.94, 3.33, 2.04, 1.8, 1.93, 1.56, 1.48, 3.91, 5.99, 6.26, 6.908, 7.178, 6.853, 6.363, 6.523, 7.439, 7.27, 8.28, 8.747, 8.321, 8.791, 8.068, 8.598, 11.117, 11.976, 12.376, 12.436, 12.367, 12.178, 11.498, 11.274, 10.867, 9.964, 8.417, 5.917, 3.36, 1.9, 1.54, 1.19, 0, 0.75, 1.21, 1.81, 2.53, 2.22, 1.8, 1.83, 1.9, 1.81, 1.76, 2.11, 1.77, 1.68, 1.6, 1.37, 1.55, 1.59, 1.91, 2.33, 2.69, 2.87, 3.17, 2.49, 2.18, 2.69, 2.4, 2.58], [6.41, 6.88, 7.43, 6.48, 6.1, 6.03, 5.88, 5.84, 4.8, 3.46, 2.83, 3.24, 4.61, 5.47, 5.605, 5.481, 5.774, 5.674, 5.864, 5.247, 3.6, 2.13, 1.83, 1.82, 1.43, 1.27, 3.6, 5.66, 5.93, 6.564, 6.834, 6.546, 6.056, 6.216, 7.152, 7.02, 8.01, 8.4, 7.98, 8.447, 7.744, 8.274, 10.776, 11.689, 12.089, 12.169, 12.071, 11.876, 11.196, 10.972, 10.565, 9.682, 8.133, 5.65, 3.21, 2.03, 1.87, 1.58, 0.75, 0, 0.9, 1.26, 1.9, 1.59, 1.37, 1.38, 1.49, 1.4, 1.43, 1.9, 1.7, 1.55, 1.41, 1.38, 1.56, 1.48, 1.96, 2.3, 2.64, 2.78, 3.14, 2.28, 1.99, 2.54, 2.39, 2.79], [6.23, 6.54, 6.97, 6.02, 5.64, 5.67, 5.46, 5.4, 4.5, 3.42, 2.89, 3.04, 4.21, 5.13, 5.256, 5.138, 5.408, 5.308, 5.504, 4.881, 3.24, 1.93, 1.69, 1.64, 1.29, 1.75, 4.04, 6.02, 6.27, 6.93, 7.22, 7.02, 6.53, 6.69, 7.62, 7.5, 8.55, 8.88, 8.3, 8.83, 8.07, 8.6, 11.21, 12.186, 12.566, 12.686, 12.548, 12.376, 11.676, 11.486, 11.062, 10.199, 8.653, 6.17, 3.67, 2.21, 1.65, 1.54, 1.21, 0.9, 0, 1.1, 1.74, 1.57, 1.53, 1.82, 1.83, 1.72, 1.75, 2.32, 1.78, 1.73, 1.81, 1.7, 1.84, 1.7, 1.46, 1.78, 2.14, 2.3, 2.7, 2.1, 1.89, 2.28, 2.17, 2.37], [6.79, 7.14, 7.225, 6.218, 5.86, 5.965, 5.795, 5.687, 4.9, 4.12, 3.51, 3.72, 4.525, 5.33, 5.454, 5.315, 5.594, 5.54, 5.728, 5.09, 3.5, 2.43, 2.21, 2.0, 1.81, 1.97, 3.94, 5.9, 6.13, 6.73, 7.0, 6.8, 6.31, 6.49, 7.44, 7.46, 8.41, 8.74, 8.16, 8.61, 7.91, 8.44, 11.01, 12.052, 12.432, 12.56, 12.402, 12.219, 11.519, 11.309, 10.882, 10.039, 8.49, 6.03, 3.87, 2.79, 2.23, 2.34, 1.81, 1.26, 1.1, 0, 1.2, 1.31, 1.53, 1.74, 1.71, 1.8, 1.69, 2.24, 2.22, 1.97, 1.91, 1.98, 2.16, 2.06, 1.94, 1.98, 2.38, 2.38, 2.74, 1.74, 1.59, 2.22, 2.15, 2.55], [7.85, 8.218, 8.36, 7.324, 6.92, 7.077, 6.907, 6.747, 5.94, 5.1, 4.49, 4.68, 5.58, 6.38, 6.474, 6.318, 6.597, 6.56, 6.748, 6.11, 4.44, 3.23, 2.99, 2.84, 2.55, 2.07, 3.2, 5.04, 5.23, 5.77, 6.08, 5.88, 5.37, 5.55, 6.5, 6.54, 7.55, 7.86, 7.28, 7.69, 6.93, 7.46, 10.05, 11.06, 11.44, 11.6, 11.436, 11.276, 10.576, 10.366, 9.899, 9.096, 7.55, 5.17, 3.65, 3.39, 3.15, 3.18, 2.53, 1.9, 1.74, 1.2, 0, 0.81, 1.37, 1.1, 1.17, 1.48, 1.63, 2.2, 2.4, 2.13, 2.01, 2.36, 2.48, 2.34, 2.72, 2.84, 3.08, 3.14, 3.56, 2.52, 2.35, 3.025, 3.144, 3.55], [7.501, 7.891, 8.247, 7.211, 6.791, 6.947, 6.76, 6.614, 5.74, 4.7, 4.073, 4.297, 5.407, 6.238, 6.301, 6.154, 6.433, 6.393, 6.596, 5.958, 4.273, 2.98, 2.8, 2.69, 2.34, 1.82, 3.31, 5.19, 5.34, 5.9, 6.19, 5.99, 5.5, 5.66, 6.55, 6.57, 7.58, 7.93, 7.41, 7.84, 7.08, 7.57, 10.18, 11.127, 11.507, 11.61, 11.446, 11.32, 10.62, 10.41, 9.986, 9.14, 7.64, 5.26, 3.44, 3.06, 2.92, 2.81, 2.22, 1.59, 1.57, 1.31, 0.81, 0, 0.9, 1.07, 1.06, 1.19, 1.54, 2.37, 2.25, 2.08, 1.98, 1.95, 2.11, 2.09, 2.45, 2.75, 2.99, 3.01, 3.378, 2.41, 2.26, 2.878, 2.997, 3.418], [7.138, 7.585, 8.007, 7.011, 6.591, 6.647, 6.497, 6.374, 5.417, 4.197, 3.527, 3.885, 5.161, 5.938, 6.044, 5.908, 6.184, 6.093, 6.303, 5.663, 4.01, 2.541, 2.5, 2.45, 2.06, 1.56, 3.59, 5.49, 5.64, 6.18, 6.43, 6.19, 5.7, 5.86, 6.83, 6.79, 7.76, 8.17, 7.73, 8.16, 7.4, 7.91, 10.38, 11.25, 11.67, 11.79, 11.657, 11.514, 10.82, 10.604, 10.16, 9.354, 7.84, 5.48, 3.16, 2.56, 2.64, 2.33, 1.8, 1.37, 1.53, 1.53, 1.37, 0.9, 0, 0.99, 1.1, 1.19, 1.66, 2.37, 2.15, 2.06, 2.0, 1.75, 1.71, 1.81, 2.37, 2.67, 2.89, 2.89, 3.21, 2.37, 2.3, 2.73, 2.78, 3.2], [7.588, 8.05, 8.614, 7.709, 7.326, 7.194, 7.024, 6.972, 5.964, 4.68, 4.01, 4.413, 5.742, 6.679, 6.777, 6.644, 6.957, 6.86, 7.053, 6.436, 4.772, 3.233, 2.982, 2.94, 2.49, 1.37, 2.9, 4.82, 4.97, 5.49, 5.74, 5.4, 4.89, 5.07, 6.08, 6.04, 7.09, 7.48, 7.06, 7.47, 6.73, 7.24, 9.63, 10.56, 10.88, 11.04, 10.91, 10.75, 10.05, 9.84, 9.376, 8.57, 7.03, 4.69, 2.93, 2.75, 2.95, 2.71, 1.83, 1.38, 1.82, 1.74, 1.1, 1.07, 0.99, 0, 0.59, 1.04, 1.27, 1.72, 1.76, 1.61, 1.57, 1.8, 1.9, 1.96, 2.8, 3.22, 3.42, 3.44, 3.88, 2.84, 2.65, 3.32, 3.436, 3.93], [7.658, 7.963, 8.647, 7.745, 7.362, 7.233, 7.029, 7.037, 6.003, 4.59, 3.94, 4.463, 5.827, 6.766, 6.878, 6.751, 7.03, 6.933, 7.123, 6.511, 4.856, 3.317, 3.092, 3.03, 2.52, 1.32, 2.69, 4.57, 4.72, 5.3, 5.57, 5.31, 4.82, 5.0, 5.91, 5.87, 6.84, 7.19, 6.79, 7.22, 6.48, 6.99, 9.5, 10.419, 10.799, 10.91, 10.769, 10.603, 9.903, 9.693, 9.266, 8.443, 6.92, 4.52, 2.68, 2.58, 2.9, 2.728, 1.9, 1.49, 1.83, 1.71, 1.17, 1.06, 1.1, 0.59, 0, 0.99, 1.14, 1.61, 1.63, 1.6, 1.5, 1.69, 1.77, 1.83, 2.845, 3.27, 3.51, 3.51, 4.01, 2.99, 2.76, 3.475, 3.6, 4.02], [6.99, 7.34, 7.979, 7.123, 6.76, 6.559, 6.338, 6.437, 5.378, 4.04, 3.41, 3.78, 5.227, 6.147, 6.311, 6.221, 6.477, 6.357, 6.547, 5.933, 4.269, 2.77, 2.41, 2.3, 1.87, 1.33, 3.08, 5.02, 5.21, 5.85, 6.12, 5.86, 5.37, 5.55, 6.489, 6.54, 7.47, 7.78, 7.32, 7.81, 7.07, 7.58, 10.082, 11.041, 11.441, 11.521, 11.392, 11.169, 10.509, 10.267, 9.9, 9.057, 7.49, 5.03, 2.75, 2.45, 2.37, 2.18, 1.81, 1.4, 1.72, 1.8, 1.48, 1.19, 1.19, 1.04, 0.99, 0, 1.27, 1.96, 2.04, 1.91, 1.75, 1.6, 1.54, 1.52, 2.18, 2.68, 2.92, 2.98, 3.56, 2.9, 2.55, 3.06, 3.19, 3.51], [7.2, 7.53, 8.26, 7.43, 7.05, 6.92, 6.57, 6.75, 5.73, 4.31, 3.72, 4.15, 5.54, 6.52, 6.65, 6.52, 6.83, 6.73, 6.92, 6.3, 4.63, 3.1, 2.74, 2.67, 2.18, 1.36, 2.81, 4.77, 4.96, 5.562, 5.87, 5.49, 5.012, 5.192, 6.13, 6.31, 7.32, 7.67, 7.11, 7.56, 6.82, 7.33, 9.835, 10.914, 11.214, 11.314, 11.15, 10.924, 10.224, 10.009, 9.602, 8.778, 7.215, 4.74, 2.74, 2.46, 2.48, 2.33, 1.76, 1.43, 1.75, 1.69, 1.63, 1.54, 1.66, 1.27, 1.14, 1.27, 0, 1.19, 1.51, 1.42, 1.32, 1.49, 1.69, 1.57, 2.41, 2.97, 3.21, 3.35, 3.83, 2.85, 2.66, 3.23, 3.38, 3.8], [7.73, 8.1, 8.927, 8.094, 7.717, 7.576, 7.234, 7.414, 6.383, 4.7, 4.13, 4.743, 6.202, 7.164, 7.291, 7.19, 7.497, 7.377, 7.567, 6.95, 5.286, 3.736, 3.41, 3.36, 2.85, 1.77, 2.42, 4.18, 4.33, 4.97, 5.24, 4.84, 4.39, 4.63, 5.567, 5.78, 6.81, 7.14, 6.56, 6.93, 6.17, 6.74, 9.271, 10.407, 10.707, 10.787, 10.623, 10.38, 9.697, 9.448, 9.04, 8.198, 6.65, 4.23, 3.05, 2.43, 2.89, 2.94, 2.11, 1.9, 2.32, 2.24, 2.2, 2.37, 2.37, 1.72, 1.61, 1.96, 1.19, 0, 1.2, 1.37, 1.07, 1.64, 1.72, 1.84, 3.0, 3.62, 3.86, 4.0, 4.5, 3.5, 3.21, 3.9, 4.05, 4.47], [7.105, 7.49, 8.165, 7.269, 6.886, 6.788, 6.561, 6.572, 5.555, 4.08, 3.51, 3.96, 5.362, 6.33, 6.474, 6.384, 6.64, 6.52, 6.71, 6.09, 4.432, 2.862, 2.67, 2.62, 2.09, 1.43, 2.76, 4.78, 5.03, 5.69, 5.96, 5.72, 5.23, 5.41, 6.28, 6.107, 7.134, 7.526, 7.04, 7.587,