[[0, 1.42, 2.33, 2.76, 2.17, 1.73, 2.61, 3.44, 4.1, 4.47, 5.53, 6.03, 5.4, 5.56, 6.71, 7.4, 7.61, 8.08, 8.19, 7.83, 6.35, 6.15, 5.77, 4.39, 4.22, 4.38, 3.92, 3.85, 4.07, 3.61, 3.95, 3.66, 2.76, 2.56, 2.76, 2.78, 3.05, 3.28, 3.27, 2.53, 1.69, 1.73, 2.11, 2.38, 2.41, 3.31, 4.21, 5.2, 5.61, 5.58, 5.3, 6.19, 6.76, 7.49, 8.8, 10.08, 10.43, 9.44, 9.54, 9.39, 8.55, 7.9, 7.2, 6.82, 7.17, 6.37, 4.74, 4.7, 5.1, 4.75, 4.53, 5.12, 5.72, 6.16, 5.73, 5.68, 5.77, 4.56, 3.65, 3.6, 3.3, 3.2, 2.98, 3.21, 3.91, 3.63], [1.42, 0, 1.15, 1.54, 1.53, 1.57, 1.99, 2.22, 2.82, 3.25, 4.27, 4.73, 4.2, 4.46, 5.41, 6.1, 6.31, 6.78, 6.89, 6.53, 5.03, 4.85, 4.47, 3.19, 3.22, 3.3, 2.9, 2.67, 2.75, 2.45, 2.73, 2.52, 2.06, 2.16, 2.2, 2.42, 2.57, 2.82, 2.77, 2.25, 1.97, 2.71, 3.23, 3.34, 3.61, 4.47, 5.43, 6.48, 6.89, 6.88, 6.52, 7.49, 8.08, 8.77, 9.86, 11.22, 11.45, 10.44, 10.54, 10.45, 9.63, 9.02, 8.46, 8.22, 8.57, 7.73, 6.02, 5.82, 6.28, 5.81, 5.51, 5.98, 6.56, 7.06, 6.77, 6.88, 6.93, 5.66, 4.57, 4.52, 4.26, 4.06, 3.9, 4.21, 4.97, 4.69], [2.33, 1.15, 0, 0.91, 1.2, 1.5, 1.48, 1.57, 2.09, 2.44, 3.34, 3.74, 3.17, 3.51, 4.46, 5.17, 5.3, 5.77, 5.88, 5.6, 4.18, 3.9, 3.62, 2.46, 2.73, 2.53, 2.07, 1.92, 2.16, 1.74, 2.04, 1.71, 1.53, 1.71, 1.73, 1.97, 2.22, 2.59, 2.56, 2.02, 2.42, 3.46, 3.98, 4.07, 4.42, 5.28, 6.26, 7.35, 7.72, 7.71, 7.35, 8.36, 8.95, 9.56, 10.65, 11.97, 11.96, 10.95, 11.21, 11.04, 10.3, 9.87, 9.35, 9.15, 9.42, 8.56, 6.85, 6.59, 7.03, 6.52, 6.3, 6.77, 7.03, 7.67, 7.56, 7.65, 7.7, 6.49, 5.32, 5.15, 5.07, 4.83, 4.69, 4.9, 5.7, 5.4], [2.76, 1.54, 0.91, 0, 1.03, 1.63, 1.23, 1.16, 1.56, 1.95, 2.95, 3.41, 2.92, 3.24, 4.01, 4.7, 4.91, 5.38, 5.49, 5.25, 3.83, 3.51, 3.09, 1.99, 2.1, 2.06, 1.74, 1.61, 1.65, 1.51, 1.75, 1.52, 1.42, 1.42, 1.24, 1.28, 1.69, 2.02, 1.83, 1.61, 2.69, 3.89, 4.43, 4.5, 4.87, 5.73, 6.73, 7.8, 8.13, 8.12, 7.76, 8.83, 9.42, 10.05, 11.24, 12.54, 12.67, 11.68, 11.86, 11.75, 10.95, 10.36, 9.8, 9.58, 9.81, 8.97, 7.28, 7.14, 7.56, 7.01, 6.79, 7.24, 7.66, 8.14, 8.03, 8.12, 8.19, 6.94, 5.83, 5.6, 5.52, 5.32, 5.16, 5.45, 6.23, 6.01], [2.17, 1.53, 1.2, 1.03, 0, 0.88, 1.1, 1.73, 2.31, 2.68, 3.72, 4.2, 3.63, 3.93, 4.84, 5.53, 5.74, 6.21, 6.32, 6.0, 4.56, 4.28, 3.92, 2.7, 2.41, 2.55, 2.21, 2.18, 2.32, 2.06, 2.3, 1.99, 1.49, 1.09, 1.13, 1.31, 1.58, 2.03, 1.94, 1.52, 1.96, 3.18, 3.78, 3.85, 4.12, 4.98, 5.98, 6.99, 7.4, 7.39, 7.05, 8.04, 8.63, 9.3, 10.39, 11.69, 11.9, 10.87, 11.01, 10.9, 10.1, 9.53, 8.99, 8.73, 9.04, 8.24, 6.55, 6.35, 6.81, 6.28, 6.06, 6.73, 6.91, 7.39, 7.26, 7.37, 7.42, 6.17, 5.02, 4.91, 4.95, 4.73, 4.53, 4.66, 5.44, 5.14], [1.73, 1.57, 1.5, 1.63, 0.88, 0, 1.36, 2.19, 2.89, 3.26, 4.28, 4.8, 4.13, 4.29, 5.44, 6.13, 6.34, 6.81, 6.92, 6.58, 5.16, 4.88, 4.5, 3.18, 2.93, 3.11, 2.67, 2.64, 2.88, 2.4, 2.72, 2.45, 1.55, 1.21, 1.37, 1.47, 1.92, 2.29, 2.24, 1.54, 1.34, 2.46, 3.12, 3.15, 3.42, 4.34, 5.3, 6.31, 6.72, 6.71, 6.37, 7.36, 7.95, 8.68, 9.79, 11.11, 11.3, 10.27, 10.43, 10.32, 9.48, 8.87, 8.31, 8.05, 8.38, 7.54, 5.89, 5.75, 6.19, 5.66, 5.52, 6.17, 6.39, 6.81, 6.64, 6.75, 6.8, 5.53, 4.5, 4.43, 4.37, 4.23, 4.01, 4.14, 4.86, 4.56], [2.61, 1.99, 1.48, 1.23, 1.1, 1.36, 0, 1.23, 1.83, 2.2, 3.1, 3.66, 3.15, 3.43, 4.22, 4.87, 5.12, 5.61, 5.72, 5.46, 4.08, 3.66, 3.38, 2.36, 1.95, 1.95, 1.73, 1.76, 1.96, 1.7, 1.9, 1.63, 1.47, 1.09, 1.15, 1.43, 1.62, 1.81, 1.8, 1.38, 2.4, 3.62, 4.16, 4.23, 4.58, 5.4, 6.38, 7.45, 7.76, 7.77, 7.45, 8.5, 9.15, 9.76, 10.85, 12.07, 12.18, 11.19, 11.37, 11.28, 10.5, 9.99, 9.55, 9.29, 9.54, 8.66, 6.99, 6.75, 7.13, 6.66, 6.44, 6.87, 7.23, 7.89, 7.6, 7.71, 7.76, 6.55, 5.44, 5.27, 5.25, 5.07, 4.91, 5.12, 5.78, 5.5], [3.44, 2.22, 1.57, 1.16, 1.73, 2.19, 1.23, 0, 1.02, 1.41, 2.15, 2.75, 2.42, 2.68, 3.27, 3.96, 4.19, 4.64, 4.75, 4.45, 3.33, 2.95, 2.73, 2.11, 1.84, 1.64, 1.26, 1.31, 1.63, 1.49, 1.63, 1.06, 1.66, 1.8, 1.58, 1.82, 1.99, 2.1, 2.05, 1.77, 3.29, 4.47, 5.01, 5.1, 5.45, 6.31, 7.25, 8.36, 8.71, 8.68, 8.34, 9.35, 9.94, 10.61, 11.68, 12.92, 13.05, 11.98, 12.22, 12.11, 11.33, 10.88, 10.44, 10.2, 10.49, 9.59, 7.92, 7.56, 8.0, 7.49, 7.27, 7.7, 8.0, 8.6, 8.53, 8.62, 8.67, 7.46, 6.27, 6.16, 6.08, 5.86, 5.64, 6.03, 6.73, 6.39], [4.1, 2.82, 2.09, 1.56, 2.31, 2.89, 1.83, 1.02, 0, 0.79, 1.61, 2.13, 2.1, 2.42, 2.87, 3.36, 3.53, 4.0, 4.11, 3.79, 2.71, 2.43, 2.13, 1.83, 1.88, 1.7, 1.36, 1.25, 1.31, 1.47, 1.55, 1.44, 2.16, 2.36, 1.96, 1.98, 2.13, 2.2, 2.17, 2.31, 4.11, 5.29, 5.83, 5.92, 6.27, 7.13, 8.07, 9.12, 9.53, 9.54, 9.2, 10.15, 10.74, 11.39, 12.44, 13.8, 13.91, 12.82, 13.1, 12.95, 12.13, 11.62, 11.1, 10.9, 11.23, 10.37, 8.68, 8.42, 8.88, 8.39, 8.13, 8.56, 8.84, 9.38, 9.37, 9.48, 9.53, 8.3, 7.13, 6.96, 6.88, 6.66, 6.48, 6.79, 7.53, 7.19], [4.47, 3.25, 2.44, 1.95, 2.68, 3.26, 2.2, 1.41, 0.79, 0, 1.32, 1.7, 1.71, 2.01, 2.58, 3.05, 3.18, 3.65, 3.76, 3.42, 2.5, 2.36, 2.04, 1.74, 1.91, 1.63, 1.35, 1.32, 1.38, 1.68, 1.56, 1.71, 2.59, 2.77, 2.39, 2.37, 2.26, 2.17, 2.26, 2.68, 4.5, 5.68, 6.22, 6.31, 6.66, 7.54, 8.48, 9.51, 9.92, 9.93, 9.59, 10.56, 11.15, 11.82, 12.87, 14.21, 14.3, 13.21, 13.49, 13.34, 12.52, 12.01, 11.47, 11.23, 11.56, 10.74, 9.07, 8.85, 9.29, 8.8, 8.54, 8.97, 9.21, 9.77, 9.78, 9.89, 9.94, 8.69, 7.54, 7.37, 7.29, 7.07, 6.87, 7.2, 7.94, 7.58], [5.53, 4.27, 3.34, 2.95, 3.72, 4.28, 3.1, 2.15, 1.61, 1.32, 0, 1.06, 1.29, 1.69, 2.08, 2.35, 2.56, 2.79, 2.78, 2.62, 2.42, 2.48, 2.16, 2.2, 2.41, 2.03, 2.05, 2.06, 1.92, 2.28, 2.26, 2.25, 3.37, 3.69, 3.25, 3.29, 3.06, 3.19, 3.12, 3.54, 5.36, 6.56, 7.12, 7.19, 7.52, 8.38, 9.3, 10.43, 10.8, 10.75, 10.39, 11.42, 12.01, 12.72, 13.77, 14.99, 15.02, 13.93, 14.23, 14.12, 13.38, 12.97, 12.53, 12.29, 12.6, 11.68, 10.01, 9.65, 10.07, 9.58, 9.34, 9.77, 10.01, 10.65, 10.58, 10.69, 10.74, 9.51, 8.34, 8.25, 8.17, 7.95, 7.73, 8.12, 8.82, 8.4], [6.03, 4.73, 3.74, 3.41, 4.2, 4.8, 3.66, 2.75, 2.13, 1.7, 1.06, 0, 1.13, 1.73, 2.0, 2.55, 2.76, 2.81, 2.78, 2.66, 2.6, 2.76, 2.44, 2.5, 2.71, 2.25, 2.39, 2.42, 2.38, 2.86, 2.5, 2.75, 3.79, 4.13, 3.77, 3.75, 3.5, 3.45, 3.6, 4.14, 5.96, 7.14, 7.68, 7.77, 8.12, 8.98, 9.92, 11.03, 11.4, 11.37, 11.01, 12.04, 12.59, 13.2, 14.25, 15.59, 15.56, 14.49, 14.81, 14.64, 13.94, 13.53, 13.05, 12.85, 13.14, 12.26, 10.55, 10.19, 10.65, 10.14, 9.94, 10.37, 10.61, 11.23, 11.22, 11.29, 11.36, 10.15, 8.96, 8.83, 8.744, 8.47, 8.33, 8.56, 9.38, 9.04], [5.4, 4.2, 3.17, 2.92, 3.63, 4.13, 3.15, 2.42, 2.1, 1.71, 1.29, 1.13, 0, 1.08, 1.99, 2.52, 2.73, 2.94, 3.01, 2.83, 2.61, 2.69, 2.45, 2.29, 2.42, 1.9, 1.74, 1.77, 2.17, 2.17, 1.99, 2.14, 3.06, 3.38, 2.98, 2.94, 2.85, 2.76, 2.99, 3.31, 5.11, 6.37, 6.93, 7.0, 7.35, 8.21, 9.27, 10.36, 10.69, 10.68, 10.32, 11.33, 11.92, 12.57, 13.64, 14.98, 14.87, 13.86, 14.18, 14.03, 13.31, 12.88, 12.4, 12.18, 12.41, 11.53, 9.8, 9.58, 10.02, 9.47, 9.29, 9.72, 9.92, 10.6, 10.55, 10.62, 10.69, 9.5, 8.33, 8.12, 8.06, 7.84, 7.7, 7.93, 8.67, 8.41], [5.56, 4.46, 3.51, 3.24, 3.93, 4.29, 3.43, 2.68, 2.42, 2.01, 1.69, 1.73, 1.08, 0, 1.47, 2.2, 2.43, 2.74, 2.73, 2.53, 2.49, 2.61, 2.29, 2.47, 2.3, 1.94, 1.94, 1.99, 2.39, 2.33, 2.05, 2.3, 3.06, 3.5, 3.14, 3.06, 3.01, 2.72, 3.13, 3.51, 5.23, 6.49, 7.05, 7.12, 7.47, 8.33, 9.39, 10.48, 10.81, 10.76, 10.4, 11.45, 12.04, 12.69, 13.78, 15.1, 15.07, 14.04, 14.34, 14.17, 13.43, 13.02, 12.54, 12.32, 12.55, 11.63, 9.92, 9.72, 10.16, 9.61, 9.41, 9.84, 10.04, 10.72, 10.67, 10.74, 10.81, 9.62, 8.45, 8.22, 8.18, 7.98, 7.82, 8.07, 8.79, 8.53], [6.71, 5.41, 4.46, 4.01, 4.84, 5.44, 4.22, 3.27, 2.87, 2.58, 2.08, 2.0, 1.99, 1.47, 0, 1.23, 1.78, 1.87, 1.74, 1.74, 2.1, 2.32, 2.16, 2.64, 2.73, 2.49, 2.93, 2.96, 2.74, 3.18, 2.86, 3.11, 4.17, 4.49, 4.13, 4.07, 3.86, 3.53, 3.8, 4.42, 6.32, 7.6, 8.16, 8.21, 8.56, 9.42, 10.44, 11.61, 11.9, 11.73, 11.41, 12.54, 13.11, 13.72, 14.89, 16.13, 16.14, 15.07, 15.29, 15.22, 14.56, 14.15, 13.71, 13.47, 13.7, 12.76, 11.05, 10.73, 11.11, 10.52, 10.4, 10.79, 11.13, 11.81, 11.72, 11.73, 11.84, 10.61, 9.5, 9.33, 9.275, 9.05, 8.875, 9.18, 9.9, 9.58], [7.4, 6.1, 5.17, 4.7, 5.53, 6.13, 4.87, 3.96, 3.36, 3.05, 2.35, 2.55, 2.52, 2.2, 1.23, 0, 0.95, 1.12, 1.29, 1.37, 1.81, 1.95, 2.19, 3.23, 3.34, 3.18, 3.64, 3.67, 3.39, 3.89, 3.57, 3.82, 4.88, 5.18, 4.82, 4.76, 4.53, 4.22, 4.41, 5.03, 6.97, 8.27, 8.85, 8.9, 9.21, 9.99, 11.05, 12.29, 12.523, 12.4, 12.04, 13.21, 13.8, 14.41, 15.58, 16.76, 16.81, 15.7, 15.94, 15.93, 15.25, 14.83, 14.4, 14.15, 14.39, 13.45, 11.74, 11.42, 11.7, 11.25, 11.03, 11.44, 11.82, 12.49, 12.31, 12.3, 12.43, 11.22, 10.15, 9.993, 9.916, 9.72, 9.556, 9.87, 10.59, 10.25], [7.61, 6.31, 5.3, 4.91, 5.74, 6.34, 5.12, 4.19, 3.53, 3.18, 2.56, 2.76, 2.73, 2.43, 1.78, 0.95, 0, 0.81, 1.2, 1.42, 1.64, 1.8, 2.28, 3.44, 3.65, 3.27, 3.71, 3.78, 3.62, 4.08, 3.7, 3.99, 5.05, 5.41, 5.05, 4.99, 4.78, 4.47, 4.74, 5.34, 7.24, 8.52, 9.08, 9.13, 9.48, 10.34, 11.36, 12.51, 12.8, 12.65, 12.33, 13.46, 14.03, 14.62, 15.77, 17.05, 16.94, 15.89, 16.17, 16.08, 15.44, 15.05, 14.61, 14.37, 14.6, 13.66, 11.95, 11.63, 12.01, 11.46, 11.32, 11.73, 12.03, 12.71, 12.64, 12.65, 12.76, 11.55, 10.42, 10.23, 10.178, 9.95, 9.798, 10.076, 10.8, 10.5], [8.08, 6.78, 5.77, 5.38, 6.21, 6.81, 5.61, 4.64, 4.0, 3.65, 2.79, 2.81, 2.94, 2.74, 1.87, 1.12, 0.81, 0, 0.73, 0.99, 1.77, 2.05, 2.69, 3.85, 4.08, 3.74, 4.18, 4.25, 4.09, 4.55, 4.17, 4.46, 5.5, 5.88, 5.52, 5.46, 5.27, 4.92, 5.17, 5.79, 7.69, 8.95, 9.53, 9.6, 9.91, 10.77, 11.79, 13.0, 13.29, 13.14, 12.78, 13.93, 14.48, 15.11, 16.24, 17.48, 17.31, 16.3, 16.58, 16.51, 15.897, 15.52, 15.08, 14.824, 15.07, 14.15, 12.44, 12.1, 12.42, 11.91, 11.75, 12.18, 12.5, 13.2, 13.07, 13.1, 13.19, 12.0, 10.85, 10.716, 10.659, 10.419, 10.251, 10.529, 11.286, 10.97], [8.19, 6.89, 5.88, 5.49, 6.32, 6.92, 5.72, 4.75, 4.11, 3.76, 2.78, 2.78, 3.01, 2.73, 1.74, 1.29, 1.2, 0.73, 0, 0.96, 1.92, 2.14, 2.82, 4.0, 4.23, 3.83, 4.29, 4.36, 4.16, 4.62, 4.24, 4.53, 5.57, 5.95, 5.59, 5.53, 5.34, 4.99, 5.28, 5.9, 7.8, 9.06, 9.64, 9.71, 10.04, 10.9, 11.92, 13.11, 13.399, 13.27, 12.93, 14.04, 14.59, 15.2, 16.35, 17.61, 17.4, 16.41, 16.67, 16.6, 16.019, 15.63, 15.19, 14.95, 15.18, 14.26, 12.55, 12.21, 12.53, 11.96, 11.88, 12.27, 12.61, 13.31, 13.2, 13.21, 13.32, 12.09, 10.98, 10.829, 10.772, 10.532, 10.352, 10.639, 11.399, 11.079], [7.83, 6.53, 5.6, 5.25, 6.0, 6.58, 5.46, 4.45, 3.79, 3.42, 2.62, 2.66, 2.83, 2.53, 1.74, 1.37, 1.42, 0.99, 0.96, 0, 1.62, 1.96, 2.62, 3.8, 4.05, 3.63, 3.99, 4.0, 3.84, 4.34, 3.94, 4.25, 5.37, 5.77, 5.35, 5.37, 5.08, 4.77, 5.02, 5.66, 7.56, 8.8, 9.38, 9.47, 9.78, 10.66, 11.64, 12.79, 13.159, 13.07, 12.71, 13.72, 14.27, 14.94, 15.99, 17.31, 17.22, 16.11, 16.39, 16.3, 15.679, 15.29, 14.85, 14.59, 14.94, 14.04, 12.33, 11.91, 12.25, 11.74, 11.62, 12.03, 12.35, 13.01, 12.94, 12.97, 13.06, 11.83, 10.68, 10.609, 10.512, 10.252, 10.058, 10.399, 11.179, 10.76], [6.35, 5.03, 4.18, 3.83, 4.56, 5.16, 4.08, 3.33, 2.71, 2.5, 2.42, 2.6, 2.61, 2.49, 2.1, 1.81, 1.64, 1.77, 1.92, 1.62, 0, 0.84, 1.72, 2.6, 2.83, 2.53, 2.87, 2.76, 2.52, 3.1, 2.74, 3.15, 4.11, 4.45, 4.05, 4.11, 3.82, 3.51, 3.78, 4.38, 6.2, 7.42, 7.98, 8.07, 8.4, 9.28, 10.26, 11.37, 11.74, 11.69, 11.33, 12.32, 12.85, 13.52, 14.55, 15.93, 15.96, 14.87, 15.13, 14.98, 14.26, 13.87, 13.39, 13.17, 13.52, 12.62, 10.91, 10.53, 10.97, 10.46, 10.26, 10.69, 10.97, 11.61, 11.56, 11.61, 11.68, 10.47, 9.3, 9.19, 9.098, 8.85, 8.667, 8.94, 9.76, 9.36], [6.15, 4.85, 3.9, 3.51, 4.28, 4.88, 3.66, 2.95, 2.43, 2.36, 2.48, 2.76, 2.69, 2.61, 2.32, 1.95, 1.8, 2.05, 2.14, 1.96, 0.84, 0, 1.5, 2.14, 2.33, 2.05, 2.55, 2.54, 2.44, 2.9, 2.42, 2.81, 3.75, 4.11, 3.69, 3.75, 3.4, 3.13, 3.32, 3.92, 5.78, 7.06, 7.64, 7.71, 8.02, 8.86, 9.86, 11.05, 11.359, 11.27, 10.91, 11.96, 12.55, 13.2, 14.31, 15.53, 15.52, 14.39, 14.61, 14.58, 13.98, 13.59, 13.15, 12.91, 13.2, 12.28, 10.57, 10.15, 10.45, 10.0, 9.84, 10.25, 10.59, 11.25, 11.14, 11.17, 11.26, 10.03, 8.92, 8.829, 8.712, 8.472, 8.318, 8.651, 9.419, 9.0], [5.77, 4.47, 3.62, 3.09, 3.92, 4.5, 3.38, 2.73, 2.13, 2.04, 2.16, 2.44, 2.45, 2.29, 2.16, 2.19, 2.28, 2.69, 2.82, 2.62, 1.72, 1.5, 0, 1.6, 1.93, 1.95, 2.37, 2.32, 1.94, 2.62, 2.3, 2.59, 3.51, 3.69, 3.31, 3.27, 3.06, 2.73, 2.86, 3.42, 5.34, 6.64, 7.22, 7.27, 7.58, 8.32, 9.42, 10.651, 10.865, 10.67, 10.37, 11.58, 12.17, 12.78, 13.99, 15.17, 15.26, 14.15, 14.33, 14.38, 13.68, 13.191, 12.77, 12.511, 12.759, 11.82, 10.11, 9.83, 10.09, 9.6, 9.4, 9.77, 10.27, 10.87, 10.7, 10.67, 10.8, 9.49, 8.54, 8.39, 8.297, 8.09, 7.937, 8.3, 9.0, 8.68], [4.39, 3.19, 2.46, 1.99, 2.7, 3.18, 2.36, 2.11, 1.83, 1.74, 2.2, 2.5, 2.29, 2.47, 2.64, 3.23, 3.44, 3.85, 4.0, 3.8, 2.6, 2.14, 1.6, 0, 1.03, 1.23, 1.67, 1.54, 1.16, 1.6, 1.26, 1.79, 2.23, 2.45, 2.09, 2.09, 1.76, 1.79, 1.72, 2.28, 3.98, 5.26, 5.84, 5.89, 6.2, 7.06, 8.08, 9.29, 9.576, 9.37, 9.07, 10.22, 10.79, 11.4, 12.55, 13.77, 13.8, 12.77, 12.87, 12.88, 12.26, 11.822, 11.39, 11.122, 11.38, 10.44, 8.73, 8.39, 8.69, 8.16, 8.04, 8.51, 8.89, 9.55, 9.359, 9.37, 9.479, 8.23, 7.14, 7.05, 6.969, 6.729, 6.566, 6.86, 7.58, 7.28], [4.22, 3.22, 2.73, 2.1, 2.41, 2.93, 1.95, 1.84, 1.88, 1.91, 2.41, 2.71, 2.42, 2.3, 2.73, 3.34, 3.65, 4.08, 4.23, 4.05, 2.83, 2.33, 1.93, 1.03, 0, 0.8, 1.38, 1.35, 1.25, 1.63, 1.13, 1.68, 2.06, 1.94, 1.68, 1.72, 1.29, 1.28, 1.21, 1.87, 3.77, 5.05, 5.63, 5.7, 5.99, 6.79, 7.83, 9.078, 9.33, 9.18, 8.84, 9.99, 10.6, 11.27, 12.4, 13.58, 13.67, 12.62, 12.84, 12.83, 12.07, 11.62, 11.18, 10.918, 11.17, 10.23, 8.52, 8.26, 8.6, 8.15, 7.87, 8.42, 8.68, 9.34, 9.09, 9.16, 9.23, 8.04, 6.93, 6.82, 6.76, 6.56, 6.4, 6.69, 7.39, 7.05], [4.38, 3.3, 2.53, 2.06, 2.55, 3.11, 1.95, 1.64, 1.7, 1.63, 2.03, 2.25, 1.9, 1.94, 2.49, 3.18, 3.27, 3.74, 3.83, 3.63, 2.53, 2.05, 1.95, 1.23, 0.8, 0, 0.98, 1.05, 1.27, 1.55, 0.99, 1.4, 2.08, 2.26, 1.84, 1.94, 1.55, 1.52, 1.63, 2.11, 4.01, 5.27, 5.83, 5.9, 6.23, 7.11, 8.11, 9.28, 9.59, 9.52, 9.16, 10.21, 10.78, 11.41, 12.56, 13.8, 13.75, 12.7, 12.98, 12.87, 12.21, 11.82, 11.38, 11.14, 11.39, 10.47, 8.76, 8.4, 8.8, 8.27, 8.07, 8.52, 8.82, 9.52, 9.39, 9.44, 9.51, 8.32, 7.17, 7.04, 6.96, 6.72, 6.551, 6.87, 7.61, 7.25], [3.92, 2.9, 2.07, 1.74, 2.21, 2.67, 1.73, 1.26, 1.36, 1.35, 2.05, 2.39, 1.74, 1.94, 2.93, 3.64, 3.71, 4.18, 4.29, 3.99, 2.87, 2.55, 2.37, 1.67, 1.38, 0.98, 0, 0.59, 1.19, 1.11, 0.93, 1.06, 1.66, 1.86, 1.5, 1.54, 1.39, 1.52, 1.69, 1.83, 3.69, 4.93, 5.49, 5.58, 5.91, 6.79, 7.79, 8.88, 9.25, 9.24, 8.88, 9.83, 10.4, 11.09, 12.14, 13.48, 13.45, 12.38, 12.7, 12.53, 11.81, 11.4, 10.92, 10.72, 11.03, 10.13, 8.42, 8.08, 8.54, 8.03, 7.83, 8.26, 8.46, 9.12, 9.09, 9.18, 9.23, 8.02, 6.83, 6.7, 6.62, 6.4, 6.2, 6.49, 7.27, 6.89], [3.85, 2.67, 1.92, 1.61, 2.18, 2.64, 1.76, 1.31, 1.25, 1.32, 2.06, 2.42, 1.77, 1.99, 2.96, 3.67, 3.78, 4.25, 4.36, 4.0, 2.76, 2.54, 2.32, 1.54, 1.35, 1.05, 0.59, 0, 0.88, 0.82, 0.72, 0.87, 1.51, 1.91, 1.53, 1.59, 1.4, 1.59, 1.7, 1.84, 3.72, 4.96, 5.52, 5.61, 5.94, 6.82, 7.8, 8.89, 9.28, 9.25, 8.89, 9.86, 10.41, 11.08, 12.07, 13.47, 13.48, 12.39, 12.69, 12.52, 11.78, 11.37, 10.89, 10.67, 11.02, 10.14, 8.41, 8.07, 8.53, 8.02, 7.82, 8.25, 8.53, 9.17, 9.1, 9.17, 9.24, 8.03, 6.84, 6.73, 6.624, 6.35, 6.207, 6.42, 7.26, 6.9], [4.07, 2.75, 2.16, 1.65, 2.32, 2.88, 1.96, 1.63, 1.31, 1.38, 1.92, 2.38, 2.17, 2.39, 2.74, 3.39, 3.62, 4.09, 4.16, 3.84, 2.52, 2.44, 1.94, 1.16, 1.25, 1.27, 1.19, 0.88, 0, 0.92, 0.88, 1.21, 1.91, 2.13, 1.71, 1.77, 1.36, 1.67, 1.58, 2.06, 3.9, 5.14, 5.7, 5.79, 6.12, 7.0, 7.98, 9.07, 9.46, 9.41, 9.05, 10.04, 10.57, 11.24, 12.29, 13.67, 13.88, 12.85, 12.97, 12.86, 12.08, 11.59, 11.09, 10.87, 11.22, 10.32, 8.61, 8.29, 8.73, 8.22, 7.98, 8.41, 8.95, 9.47, 9.28, 9.33, 9.4, 8.19, 7.02, 6.91, 6.81, 6.55, 6.39, 6.7, 7.5, 7.16], [3.61, 2.45, 1.74, 1.51, 2.06, 2.4, 1.7, 1.49, 1.47, 1.68, 2.28, 2.86, 2.17, 2.33, 3.18, 3.89, 4.08, 4.55, 4.62, 4.34, 3.1, 2.9, 2.62, 1.6, 1.63, 1.55, 1.11, 0.82, 0.92, 0, 0.8, 0.95, 1.35, 1.73, 1.27, 1.47, 1.26, 1.59, 1.68, 1.78, 3.36, 4.6, 5.16, 5.25, 5.58, 6.46, 7.44, 8.55, 8.92, 8.89, 8.53, 9.5, 10.07, 10.8, 11.83, 13.15, 13.2, 12.21, 12.41, 12.26, 11.46, 11.05, 10.61, 10.37, 10.7, 9.8, 8.09, 7.77, 8.23, 7.76, 7.5, 7.95, 8.33, 8.97, 8.74, 8.85, 8.9, 7.67, 6.52, 6.43, 6.31, 6.07, 5.85, 6.22, 6.94, 6.54], [3.95, 2.73, 2.04, 1.75, 2.3, 2.72, 1.9, 1.63, 1.55, 1.56, 2.26, 2.5, 1.99, 2.05, 2.86, 3.57, 3.7, 4.17, 4.24, 3.94, 2.74, 2.42, 2.3, 1.26, 1.13, 0.99, 0.93, 0.72, 0.88, 0.8, 0, 1.09, 1.49, 1.87, 1.53, 1.61, 1.32, 1.49, 1.6, 1.96, 3.78, 5.02, 5.58, 5.67, 6.0, 6.88, 7.86, 8.95, 9.34, 9.29, 8.93, 9.92, 10.45, 11.1, 12.13, 13.53, 13.52, 12.43, 12.69, 12.56, 11.84, 11.45, 10.97, 10.75, 11.1, 10.2, 8.49, 8.11, 8.55, 8.04, 7.84, 8.31, 8.59, 9.23, 9.16, 9.21, 9.28, 8.07, 6.9, 6.81, 6.681, 6.43, 6.261, 6.54, 7.34, 6.96], [3.66, 2.52, 1.71, 1.52, 1.99, 2.45, 1.63, 1.06, 1.44, 1.71, 2.25, 2.75, 2.14, 2.3, 3.11, 3.82, 3.99, 4.46, 4.53, 4.25, 3.15, 2.81, 2.59, 1.79, 1.68, 1.4, 1.06, 0.87, 1.21, 0.95, 1.09, 0, 1.28, 1.78, 1.44, 1.66, 1.67, 2.02, 1.99, 1.71, 3.41, 4.65, 5.21, 5.3, 5.63, 6.51, 7.49, 8.58, 8.97, 8.94, 8.58, 9.55, 10.12, 10.79, 11.82, 13.16, 13.21, 12.18, 12.36, 12.23, 11.51, 11.1, 10.66, 10.42, 10.73, 9.83, 8.12, 7.74, 8.2, 7.69, 7.49, 7.92, 8.3, 8.9, 8.79, 8.86, 8.93, 7.72, 6.53, 6.4, 6.314, 6.06, 5.894, 6.209, 6.97, 6.59], [2.76, 2.06, 1.53, 1.42, 1.49, 1.55, 1.47, 1.66, 2.16, 2.59, 3.37, 3.79, 3.06, 3.06, 4.17, 4.88, 5.05, 5.5, 5.57, 5.37, 4.11, 3.75, 3.51, 2.23, 2.06, 2.08, 1.66, 1.51, 1.91, 1.35, 1.49, 1.28, 0, 0.94, 1.12, 1.3, 1.61, 1.9, 1.99, 1.43, 2.41, 3.65, 4.25, 4.32, 4.63, 5.51, 6.51, 7.64, 7.97, 7.94, 7.58, 8.61, 9.16, 9.77, 10.86, 12.2, 12.19, 11.14, 11.4, 11.27, 10.55, 10.16, 9.68, 9.48, 9.73, 8.83, 7.12, 6.8, 7.22, 6.71, 6.51, 7.1, 7.24, 7.9, 7.79, 7.86, 7.93, 6.74, 5.59, 5.5, 5.36, 5.12, 4.96, 5.147, 5.97, 5.67], [2.56, 2.16, 1.71, 1.42, 1.09, 1.21, 1.09, 1.8, 2.36, 2.77, 3.69, 4.13, 3.38, 3.5, 4.49, 5.18, 5.41, 5.88, 5.95, 5.77, 4.45, 4.11, 3.69, 2.45, 1.94, 2.26, 1.86, 1.91, 2.13, 1.73, 1.87, 1.78, 0.94, 0, 0.84, 0.92, 1.23, 1.64, 1.65, 1.23, 2.07, 3.33, 3.95, 4.02, 4.27, 5.15, 6.13, 7.26, 7.57, 7.52, 7.16, 8.23, 8.78, 9.45, 10.58, 11.9, 11.97, 10.96, 11.18, 11.05, 10.27, 9.76, 9.28, 9.08, 9.31, 8.41, 6.68, 6.54, 7.0, 6.45, 6.35, 7.06, 7.08, 7.6, 7.45, 7.52, 7.59, 6.36, 5.35, 5.28, 5.28, 5.18, 4.92, 4.81, 5.57, 5.31], [2.76, 2.2, 1.73, 1.24, 1.13, 1.37, 1.15, 1.58, 1.96, 2.39, 3.25, 3.77, 2.98, 3.14, 4.13, 4.82, 5.05, 5.52, 5.59, 5.35, 4.05, 3.69, 3.31, 2.09, 1.68, 1.84, 1.5, 1.53, 1.71, 1.27, 1.53, 1.44, 1.12, 0.84, 0, 0.64, 0.99, 1.32, 1.39, 1.09, 2.35, 3.55, 4.15, 4.24, 4.53, 5.41, 6.45, 7.56, 7.91, 7.9, 7.54, 8.51, 9.1, 9.79, 10.94, 12.24, 12.39, 11.36, 11.56, 11.43, 10.65, 10.1, 9.6, 9.38, 9.65, 8.75, 7.04, 6.84, 7.28, 6.77, 6.57, 7.2, 7.4, 7.88, 7.77, 7.88, 7.93, 6.68, 5.57, 5.44, 5.5, 5.32, 5.04, 5.29, 6.01, 5.69], [2.78, 2.42, 1.97, 1.28, 1.31, 1.47, 1.43, 1.82, 1.98, 2.37, 3.29, 3.75, 2.94, 3.06, 4.07, 4.76, 4.99, 5.46, 5.53, 5.37, 4.11, 3.75, 3.27, 2.09, 1.72, 1.94, 1.54, 1.59, 1.77, 1.47, 1.61, 1.66, 1.3, 0.92, 0.64, 0, 0.95, 1.36, 1.49, 1.17, 2.47, 3.69, 4.31, 4.32, 4.67, 5.53, 6.59, 7.68, 8.01, 7.98, 7.62, 8.65, 9.24, 9.89, 11.1, 12.42, 12.55, 11.54, 11.74, 11.63, 10.83, 10.26, 9.68, 9.46, 9.69, 8.83, 7.1, 7.0, 7.42, 6.87, 6.69, 7.26, 7.54, 8.0, 7.89, 8.0, 8.07, 6.84, 5.77, 5.46, 5.52, 5.38, 5.2, 5.37, 6.09, 5.89], [3.05, 2.57, 2.22, 1.69, 1.58, 1.92, 1.62, 1.99, 2.13, 2.26, 3.06, 3.5, 2.85, 3.01, 3.86, 4.53, 4.78, 5.27, 5.34, 5.08, 3.82, 3.4, 3.06, 1.76, 1.29, 1.55, 1.39, 1.4, 1.36, 1.26, 1.32, 1.67, 1.61, 1.23, 0.99, 0.95, 0, 0.99, 0.94, 1.22, 2.68, 4.0, 4.64, 4.71, 4.86, 5.72, 6.72, 7.83, 8.18, 8.17, 7.81, 8.78, 9.41, 10.1, 11.19, 12.43, 12.66, 11.63, 11.73, 11.7, 10.9, 10.39, 9.91, 9.67, 9.96, 9.06, 7.33, 7.15, 7.59, 7.12, 6.86, 7.57, 7.87, 8.41, 8.04, 8.11, 8.16, 6.95, 5.94, 5.91, 5.71, 5.59, 5.45, 5.54, 6.22, 5.92], [3.28, 2.82, 2.59, 2.02, 2.03, 2.29, 1.81, 2.1, 2.2, 2.17, 3.19, 3.45, 2.76, 2.72, 3.53, 4.22, 4.47, 4.92, 4.99, 4.77, 3.51, 3.13, 2.73, 1.79, 1.28, 1.52, 1.52, 1.59, 1.67, 1.59, 1.49, 2.02, 1.9, 1.64, 1.32, 1.36, 0.99, 0, 0.85, 1.31, 2.95, 4.13, 4.69, 4.8, 5.11, 6.05, 7.07, 8.22, 8.53, 8.5, 8.16, 9.13, 9.72, 10.43, 11.68, 12.9, 13.15, 12.22, 12.3, 12.19, 11.43, 10.86, 10.24, 10.0, 10.25, 9.35, 7.66, 7.46, 7.9, 7.51, 7.23, 7.82, 8.36, 8.96, 8.47, 8.48, 8.55, 7.36, 6.35, 6.32, 6.12, 5.94, 5.62, 6.03, 6.71, 6.43], [3.27, 2.77, 2.56, 1.83, 1.94, 2.24, 1.8, 2.05, 2.17, 2.26, 3.12, 3.6, 2.99, 3.13, 3.8, 4.41, 4.74, 5.17, 5.28, 5.02, 3.78, 3.32, 2.86, 1.72, 1.21, 1.63, 1.69, 1.7, 1.58, 1.68, 1.6, 1.99, 1.99, 1.65, 1.39, 1.49, 0.94, 0.85, 0, 1.1, 2.84, 4.08, 4.74, 4.79, 4.84, 5.8, 6.76, 7.99, 8.3, 8.25, 7.91, 8.88, 9.55, 10.32, 11.63, 12.75, 13.02, 12.01, 12.09, 12.12, 11.36, 10.73, 10.11, 9.75, 10.04, 9.12, 7.49, 7.45, 7.77, 7.42, 7.16, 7.83, 8.37, 8.89, 8.3, 8.33, 8.38, 7.13, 6.3, 6.35, 6.05, 5.99, 5.77, 6.02, 6.66, 6.3], [2.53, 2.25, 2.02, 1.61, 1.52, 1.54, 1.38, 1.77, 2.31, 2.68, 3.54, 4.14, 3.31, 3.51, 4.42, 5.03, 5.34, 5.79, 5.9, 5.66, 4.38, 3.92, 3.42, 2.28, 1.87, 2.11, 1.83, 1.84, 2.06, 1.78, 1.96, 1.71, 1.43, 1.23, 1.09, 1.17, 1.22, 1.31, 1.1, 0, 2.08, 3.32, 4.02, 3.99, 4.2, 5.08, 6.14, 7.33, 7.56, 7.53, 7.17, 8.22, 8.89, 9.64, 10.89, 12.07, 12.28, 11.33, 11.43, 11.38, 10.62, 10.01, 9.43, 9.13, 9.36, 8.44, 6.79, 6.73, 7.11, 6.7, 6.36, 7.07, 7.59, 8.13, 7.56, 7.61, 7.7, 6.45, 5.58, 5.53, 5.23, 5.15, 4.97, 5.22, 5.9, 5.58], [1.69, 1.97, 2.42, 2.69, 1.96, 1.34, 2.4, 3.29, 4.11, 4.5, 5.36, 5.96, 5.11, 5.23, 6.32, 6.97, 7.24, 7.69, 7.8, 7.56, 6.2, 5.78, 5.34, 3.98, 3.77, 4.01, 3.69, 3.72, 3.9, 3.36, 3.78, 3.41, 2.41, 2.07, 2.35, 2.47, 2.68, 2.95, 2.84, 2.08, 0, 1.42, 2.12, 2.15, 2.32, 3.2, 4.22, 5.39, 5.68, 5.65, 5.27, 6.3, 6.95, 7.68, 8.91, 10.07, 10.3, 9.37, 9.45, 9.42, 8.64, 8.03, 7.47, 7.19, 7.42, 6.5, 4.85, 4.81, 5.15, 4.76, 4.62, 5.29, 5.73, 6.23, 5.66, 5.65, 5.72, 4.51, 4.02, 3.95, 3.71, 3.71, 3.51, 3.56, 3.94, 3.74], [1.73, 2.71, 3.46, 3.89, 3.18, 2.46, 3.62, 4.47, 5.29, 5.68, 6.56, 7.14, 6.37, 6.49, 7.6, 8.27, 8.52, 8.95, 9.06, 8.8, 7.42, 7.06, 6.64, 5.26, 5.05, 5.27, 4.93, 4.96, 5.14, 4.6, 5.02, 4.65, 3.65, 3.33, 3.55, 3.69, 4.0, 4.13, 4.08, 3.32, 1.42, 0, 0.86, 1.03, 1.18, 2.08, 3.04, 4.17, 4.5, 4.43, 4.15, 5.04, 5.63, 6.4, 7.83, 8.99, 9.3, 8.35, 8.45, 8.34, 7.56, 6.93, 6.27, 5.89, 6.14, 5.3, 3.73, 3.77, 4.05, 3.78, 3.7, 4.29, 4.75, 5.15, 4.58, 4.55, 4.64, 3.51, 3.26, 3.21, 3.05, 3.11, 2.79, 2.86, 3.22, 2.98], [2.11, 3.23, 3.98, 4.43, 3.78, 3.12, 4.16, 5.01, 5.83, 6.22, 7.12, 7.68, 6.93, 7.05, 8.16, 8.85, 9.08, 9.53, 9.64, 9.38, 7.98, 7.64, 7.22, 5.84, 5.63, 5.83, 5.49, 5.52, 5.7, 5.16, 5.58, 5.21, 4.25, 3.95, 4.15, 4.31, 4.64, 4.69, 4.74, 4.02, 2.12, 0.86, 0, 0.81, 0.98, 1.58, 2.54, 3.57, 3.86, 3.83, 3.53, 4.44, 5.05, 5.76, 7.17, 8.35, 8.68, 7.71, 7.83, 7.68, 6.9, 6.29, 5.63, 5.31, 5.56, 4.68, 3.15, 3.25, 3.51, 3.28, 3.22, 3.73, 4.23, 4.55, 4.0, 3.91, 4.0, 2.99, 2.84, 3.01, 2.95, 2.91, 2.51, 2.62, 2.72, 2.54], [2.38, 3.34, 4.07, 4.5, 3.85, 3.15, 4.23, 5.1, 5.92, 6.31, 7.19, 7.77, 7.0, 7.12, 8.21, 8.9, 9.13, 9.6, 9.71, 9.47, 8.07, 7.71, 7.27, 5.89, 5.7, 5.9, 5.58, 5.61, 5.79, 5.25, 5.67, 5.3, 4.32, 4.02, 4.24, 4.32, 4.71, 4.8, 4.79, 3.99, 2.15, 1.03, 0.81, 0, 0.79, 1.37, 2.33, 3.5, 3.77, 3.74, 3.44, 4.39, 5.04, 5.77, 7.08, 8.26, 8.53, 7.6, 7.7, 7.59, 6.81, 6.18, 5.56, 5.26, 5.49, 4.57, 3.0, 3.02, 3.32, 3.01, 2.87, 3.44, 3.92, 4.34, 3.85, 3.82, 3.91, 2.82, 2.67, 2.94, 2.94, 2.8, 2.42, 2.49, 2.57, 2.41], [2.41, 3.61, 4.42, 4.87, 4.12, 3.42, 4.58, 5.45, 6.27, 6.66, 7.52, 8.12, 7.35, 7.47, 8.56, 9.21, 9.48, 9.91, 10.04, 9.78, 8.4, 8.02, 7.58, 6.2, 5.99, 6.23, 5.91, 5.94, 6.12, 5.58, 6.0, 5.63, 4.63, 4.27, 4.53, 4.67, 4.86, 5.11, 4.84, 4.2, 2.32, 1.18, 0.98, 0.79, 0, 1.12, 2.08, 3.27, 3.58, 3.45, 3.23, 4.12, 4.75, 5.54, 6.97, 8.09, 8.4, 7.45, 7.55, 7.48, 6.7, 6.07, 5.41, 4.95, 5.24, 4.36, 2.85, 3.03, 3.27, 3.0, 2.86, 3.49, 3.97, 4.39, 3.78, 3.67, 3.76, 2.81, 2.94, 3.35, 3.25, 3.17, 2.81, 2.86, 2.74, 2.5], [3.31, 4.47, 5.28, 5.73, 4.98, 4.34, 5.4, 6.31, 7.13, 7.54, 8.38, 8.98, 8.21, 8.33, 9.42, 9.99, 10.34, 10.77, 10.9, 10.66, 9.28, 8.86, 8.32, 7.06, 6.79, 7.11, 6.79, 6.82, 7.0, 6.46, 6.88, 6.51, 5.51, 5.15, 5.41, 5.53, 5.72, 6.05, 5.8, 5.08, 3.2, 2.08, 1.58, 1.37, 1.12, 0, 1.28, 2.41, 2.66, 2.61, 2.31, 3.3, 3.93, 4.66, 6.01, 7.13, 7.44, 6.49, 6.57, 6.52, 5.74, 5.15, 4.51, 4.21, 4.44, 3.56, 2.03, 2.31, 2.41, 2.22, 2.22, 2.73, 3.15, 3.57, 2.86, 2.69, 2.9, 2.17, 2.6, 3.03, 2.99, 2.93, 2.63, 2.62, 2.44, 2.24], [4.21, 5.43, 6.26, 6.73, 5.98, 5.3, 6.38, 7.25, 8.07, 8.48, 9.3, 9.92, 9.27, 9.39, 10.44, 11.05, 11.36, 11.79, 11.92, 11.64, 10.26, 9.86, 9.42, 8.08, 7.83, 8.11, 7.79, 7.8, 7.98, 7.44, 7.86, 7.49, 6.51, 6.13, 6.45, 6.59, 6.72, 7.07, 6.76, 6.14, 4.22, 3.04, 2.54, 2.33, 2.08, 1.28, 0, 1.33, 1.66, 1.75, 1.53, 2.32, 2.85, 3.58, 4.95, 6.05, 6.42, 5.39, 5.51, 5.44, 4.66, 4.05, 3.43, 3.11, 3.38, 2.5, 1.15, 1.37, 1.49, 1.36, 1.58, 2.05, 2.29, 2.63, 2.04, 1.97, 2.06, 1.69, 2.26, 2.81, 2.85, 2.75, 2.59, 2.62, 2.26, 2.12], [5.2, 6.48, 7.35, 7.8, 6.99, 6.31, 7.45, 8.36, 9.12, 9.51, 10.43, 11.03, 10.36, 10.48, 11.61, 12.29, 12.51, 13.0, 13.11, 12.79, 11.37, 11.05, 10.651, 9.29, 9.078, 9.28, 8.88, 8.89, 9.07, 8.55, 8.95, 8.58, 7.64, 7.26, 7.56, 7.68, 7.83, 8.22, 7.99, 7.33, 5.39, 4.17, 3.57, 3.5, 3.27, 2.41, 1.33, 0, 0.91, 1.18, 1.22, 1.49, 1.86, 2.49, 3.84, 5.04, 5.37, 4.4, 4.48, 4.29, 3.45, 2.82, 2.22, 1.92, 2.19, 1.45, 0.94, 1.34, 1.56, 1.63, 1.97, 2.02, 2.1, 2.38, 2.03, 1.92, 1.97, 1.98, 2.59, 3.02, 3.04, 3.08, 3.04, 2.95, 2.43, 2.41], [5.61, 6.89, 7.72, 8.13, 7.4, 6.72, 7.76, 8.71, 9.53, 9.92, 10.8, 11.4, 10.69, 10.81, 11.9, 12.523, 12.8, 13.29, 13.399, 13.159, 11.74, 11.359, 10.865, 9.576, 9.33, 9.59, 9.25, 9.28, 9.46, 8.92, 9.34, 8.97, 7.97, 7.57, 7.91, 8.01, 8.18, 8.53, 8.3, 7.56, 5.68, 4.5, 3.86, 3.77, 3.58, 2.66, 1.66, 0.91, 0, 0.75, 1.09, 1.24, 1.59, 2.3, 3.63, 4.89, 5.08, 4.25, 4.39, 4.04, 3.24, 2.63, 2.07, 1.73, 1.96, 1.44, 1.37, 1.69, 1.71, 1.82, 2.02, 2.07, 2.21, 2.41, 1.94, 1.87, 1.96, 2.13, 2.76, 3.21, 3.23, 3.31, 3.31, 3.26, 2.72, 2.82], [5.58, 6.88, 7.71, 8.12, 7.39, 6.71, 7.77, 8.68, 9.54, 9.93, 10.75, 11.37, 10.68, 10.76, 11.73, 12.4, 12.65, 13.14, 13.27, 13.07, 11.69, 11.27, 10.67, 9.37, 9.18, 9.52, 9.24, 9.25, 9.41, 8.89, 9.29, 8.94, 7.94, 7.52, 7.9, 7.98, 8.17, 8.5, 8.25, 7.53, 5.65, 4.43, 3.83, 3.74, 3.45, 2.61, 1.75, 1.18, 0.75, 0, 1.04, 1.49, 1.76, 2.53, 3.96, 5.18, 5.43, 4.5, 4.6, 4.31, 3.55, 2.94, 2.36, 1.98, 2.19, 1.63, 1.58, 1.86, 1.78, 1.77, 2.09, 2.16, 2.38, 2.62, 2.07, 1.9, 2.05, 1.98, 2.73, 3.24, 3.28, 3.38, 3.42, 3.41, 2.85, 2.89], [5.3, 6.52, 7.35, 7.76, 7.05, 6.37, 7.45, 8.34, 9.2, 9.59, 10.39, 11.01, 10.32, 10.4, 11.41, 12.04, 12.33, 12.78, 12.93, 12.71, 11.33, 10.91, 10.37, 9.07, 8.84, 9.16, 8.88, 8.89, 9.05, 8.53, 8.93, 8.58, 7.58, 7.16, 7.54, 7.62, 7.81, 8.16, 7.91, 7.17, 5.27, 4.15, 3.53, 3.44, 3.23, 2.31, 1.53, 1.22, 1.09, 1.04, 0, 1.65, 2.14, 2.83, 4.1, 5.44, 5.67, 4.76, 4.88, 4.51, 3.71, 3.16, 2.56, 2.46, 2.47, 1.77, 1.66, 1.9, 1.86, 1.69, 1.83, 1.94, 2.26, 2.4, 1.87, 1.58, 1.63, 1.78, 2.47, 2.88, 2.98, 3.08, 3.0, 2.89, 2.35, 2.39], [6.19, 7.49, 8.36, 8.83, 8.04, 7.36, 8.5, 9.35, 10.15, 10.56, 11.42, 12.04, 11.33, 11.45, 12.54, 13.21, 13.46, 13.93, 14.04, 13.72, 12.32, 11.96, 11.58, 10.22, 9.99, 10.21, 9.83, 9.86, 10.04, 9.5, 9.92, 9.55, 8.61, 8.23, 8.51, 8.65, 8.78, 9.13, 8.88, 8.22, 6.3, 5.04, 4.44, 4.39, 4.12, 3.3, 2.32, 1.49, 1.24, 1.49, 1.65, 0, 0.87, 1.56, 2.91, 4.13, 4.5, 3.49, 3.61, 3.42, 2.74, 2.35, 1.85, 1.35, 1.64, 1.64, 1.97, 2.19, 1.97, 2.24, 2.26, 1.99, 1.79, 1.73, 1.38, 1.47, 1.46, 2.23, 3.22, 3.49, 3.59, 3.77, 3.85, 3.74, 3.1, 3.22], [6.76, 8.08, 8.95, 9.42, 8.63, 7.95, 9.15, 9.94, 10.74, 11.15, 12.01, 12.59, 11.92, 12.04, 13.11, 13.8, 14.03, 14.48, 14.59, 14.27, 12.85, 12.55, 12.17, 10.79, 10.6, 10.78, 10.4, 10.41, 10.57, 10.07, 10.45, 10.12, 9.16, 8.78, 9.1, 9.24, 9.41, 9.72, 9.55, 8.89, 6.95, 5.63, 5.05, 5.04, 4.75, 3.93, 2.85, 1.86, 1.59, 1.76, 2.14, 0.87, 0, 1.05, 2.4, 3.78, 4.07, 3.18, 3.3, 2.89, 2.27, 1.88, 1.44, 1.08, 1.21, 1.69, 2.36, 2.5, 2.32, 2.77, 2.85, 2.54, 2.34, 2.2, 1.99, 2.04, 2.01, 2.84, 3.83, 4.1, 4.22, 4.4, 4.42, 4.31, 3.65, 3.87], [7.49, 8.77, 9.56, 10.05, 9.3, 8.68, 9.76, 10.61, 11.39, 11.82, 12.72, 13.2, 12.57, 12.69, 13.72, 14.41, 14.62, 15.11, 15.2, 14.94, 13.52, 13.2, 12.78, 11.4, 11.27, 11.41, 11.09, 11.08, 11.24, 10.8, 11.1, 10.79, 9.77, 9.45, 9.79, 9.89, 10.1, 10.43, 10.32, 9.64, 7.68, 6.4, 5.76, 5.77, 5.54, 4.66, 3.58, 2.49, 2.3, 2.53, 2.83, 1.56, 1.05, 0, 1.69, 3.03, 3.28, 2.43, 2.61, 2.16, 1.86, 1.51, 1.43, 1.37, 1.26, 1.86, 2.93, 3.11, 2.87, 3.34, 3.42, 3.07, 2.81, 2.49, 2.42, 2.39, 2.34, 3.49, 4.48, 4.69, 4.81, 4.99, 5.11, 4.82, 4.18, 4.5], [8.8, 9.86, 10.65, 11.24, 10.39, 9.79, 10.85, 11.68, 12.44, 12.87, 13.77, 14.25, 13.64, 13.78, 14.89, 15.58, 15.77, 16.24, 16.35, 15.99, 14.55, 14.31, 13.99, 12.55, 12.4, 12.56, 12.14, 12.07, 12.29, 11.83, 12.13, 11.82, 10.86, 10.58, 10.94, 11.1, 11.19, 11.68, 11.63, 10.89, 8.91, 7.83, 7.17, 7.08, 6.97, 6.01, 4.95, 3.84, 3.63, 3.96, 4.1, 2.91, 2.4, 1.69, 0, 1.68, 1.91, 1.52, 1.54, 1.21, 1.49, 1.7, 2.32, 2.44, 2.31, 3.09, 4.32, 4.32, 4.14, 4.65, 4.67, 4.36, 3.88, 3.32, 3.55, 3.6, 3.47, 4.72, 5.63, 5.86, 6.0, 6.12, 6.3, 5.91, 5.29, 5.59], [10.08, 11.22, 11.97, 12.54, 11.69, 11.11, 12.07, 12.92, 13.8, 14.21, 14.99, 15.59, 14.98, 15.1, 16.13, 16.76, 17.05, 17.48, 17.61, 17.31, 15.93, 15.53, 15.17, 13.77, 13.58, 13.8, 13.48, 13.47, 13.67, 13.15, 13.53, 13.16, 12.2, 11.9, 12.24, 12.42, 12.43, 12.9, 12.75, 12.07, 10.07, 8.99, 8.35, 8.26, 8.09, 7.13, 6.05, 5.04, 4.89, 5.18, 5.44, 4.13, 3.78, 3.03, 1.68, 0, 0.81, 1.46, 1.34, 1.65, 2.39, 2.86, 3.5, 3.72, 3.71, 4.49, 5.54, 5.52, 5.24, 5.83, 5.79, 5.5, 5.06, 4.5, 4.65, 4.62, 4.51, 5.8, 6.73, 7.06, 7.16, 7.3, 7.48, 7.17, 6.47, 6.75], [10.43, 11.45, 11.96, 12.67, 11.9, 11.3, 12.18, 13.05, 13.91, 14.3, 15.02, 15.56, 14.87, 15.07, 16.14, 16.81, 16.94, 17.31, 17.4, 17.22, 15.96, 15.52, 15.26, 13.8, 13.67, 13.75, 13.45, 13.48, 13.88, 13.2, 13.52, 13.21, 12.19, 11.97, 12.39, 12.55, 12.66, 13.15, 13.02, 12.28, 10.3, 9.3, 8.68, 8.53, 8.4, 7.44, 6.42, 5.37, 5.08, 5.43, 5.67, 4.5, 4.07, 3.28, 1.91, 0.81, 0, 1.25, 1.35, 1.58, 2.34, 2.99, 3.75, 3.95, 3.88, 4.68, 5.85, 5.83, 5.57, 6.0, 6.04, 5.71, 5.11, 4.63, 4.8, 4.91, 4.8, 6.07, 6.96, 7.15, 7.33, 7.49, 7.71, 7.28, 6.58, 6.88], [9.44, 10.44, 10.95, 11.68, 10.87, 10.27, 11.19, 11.98, 12.82, 13.21, 13.93, 14.49, 13.86, 14.04, 15.07, 15.7, 15.89, 16.3, 16.41, 16.11, 14.87, 14.39, 14.15, 12.77, 12.62, 12.7, 12.38, 12.39, 12.85, 12.21, 12.43, 12.18, 11.14, 10.96, 11.36, 11.54, 11.63, 12.22, 12.01, 11.33, 9.37, 8.35, 7.71, 7.6, 7.45, 6.49, 5.39, 4.4, 4.25, 4.5, 4.76, 3.49, 3.18, 2.43, 1.52, 1.46, 1.25, 0, 0.96, 1.03, 1.53, 2.14, 2.9, 3.14, 3.07, 3.87, 4.92, 4.84, 4.5, 5.03, 5.05, 4.68, 4.06, 3.58, 3.85, 3.92, 3.83, 5.02, 5.97, 6.2, 6.36, 6.52, 6.76, 6.37, 5.69, 5.87], [9.54, 10.54, 11.21, 11.86, 11.01, 10.43, 11.37, 12.22, 13.1, 13.49, 14.23, 14.81, 14.18, 14.34, 15.29, 15.94, 16.17, 16.58, 16.67, 16.39, 15.13, 14.61, 14.33, 12.87, 12.84, 12.98, 12.7, 12.69, 12.97, 12.41, 12.69, 12.36, 11.4, 11.18, 11.56, 11.74, 11.73, 12.3, 12.09, 11.43, 9.45, 8.45, 7.83, 7.7, 7.55, 6.57, 5.51, 4.48, 4.39, 4.6, 4.88, 3.61, 3.3, 2.61, 1.54, 1.34, 1.35, 0.96, 0, 0.91, 1.75, 2.44, 3.06, 3.34, 3.23, 4.01, 5.02, 4.92, 4.56, 5.03, 5.13, 4.72, 4.32, 3.8, 3.91, 4.0, 3.89, 5.08, 6.05, 6.32, 6.46, 6.62, 6.82, 6.47, 5.79, 6.05], [9.39, 10.45, 11.04, 11.75, 10.9, 10.32, 11.28, 12.11, 12.95, 13.34, 14.12, 14.64, 14.03, 14.17, 15.22, 15.93, 16.08, 16.51, 16.6, 16.3, 14.98, 14.58, 14.38, 12.88, 12.83, 12.87, 12.53, 12.52, 12.86, 12.26, 12.56, 12.23, 11.27, 11.05, 11.43, 11.63, 11.7, 12.19, 12.12, 11.38, 9.42, 8.34, 7.68, 7.59, 7.48, 6.52, 5.44, 4.29, 4.04, 4.31, 4.51, 3.42, 2.89, 2.16, 1.21, 1.65, 1.58, 1.03, 0.91, 0, 1.1, 1.77, 2.49, 2.97, 2.66, 3.48, 4.85, 4.81, 4.53, 5.02, 5.1, 4.77, 4.23, 3.73, 3.94, 3.97, 3.86, 5.11, 6.04, 6.29, 6.43, 6.53, 6.73, 6.32, 5.74, 5.92], [8.55, 9.63, 10.3, 10.95, 10.1, 9.48, 10.5, 11.33, 12.13, 12.52, 13.38, 13.94, 13.31, 13.43, 14.56, 15.25, 15.44, 15.897, 16.019, 15.679, 14.26, 13.98, 13.68, 12.26, 12.07, 12.21, 11.81, 11.78, 12.08, 11.46, 11.84, 11.51, 10.55, 10.27, 10.65, 10.83, 10.9, 11.43, 11.36, 10.62, 8.64, 7.56, 6.9, 6.81, 6.7, 5.74, 4.66, 3.45, 3.24, 3.55, 3.71, 2.74, 2.27, 1.86, 1.49, 2.39, 2.34, 1.53, 1.75, 1.1, 0, 0.89, 1.65, 2.23, 1.8, 2.62, 4.03, 4.09, 3.91, 4.4, 4.4, 4.11, 3.57, 3.29, 3.28, 3.55, 3.48, 4.39, 5.28, 5.49, 5.63, 5.77, 5.95, 5.58, 5.04, 5.16], [7.9, 9.02, 9.87, 10.36, 9.53, 8.87, 9.99, 10.88, 11.62, 12.01, 12.97, 13.53, 12.88, 13.02, 14.15, 14.83, 15.05, 15.52, 15.63, 15.29, 13.87, 13.59, 13.191, 11.822, 11.62, 11.82, 11.4, 11.37, 11.59, 11.05, 11.45, 11.1, 10.16, 9.76, 10.1, 10.26, 10.39, 10.86, 10.73, 10.01, 8.03, 6.93, 6.29, 6.18, 6.07, 5.15, 4.05, 2.82, 2.63, 2.94, 3.16, 2.35, 1.88, 1.51, 1.7, 2.86, 2.99, 2.14, 2.44, 1.77, 0.89, 0, 1.1, 1.64, 1.27, 1.99, 3.4, 3.6, 3.4, 3.89, 3.89, 3.66, 3.42, 3.08, 3.03, 3.3, 3.23, 3.9, 4.79, 5.12, 5.16, 5.28, 5.42, 5.21, 4.63, 4.73], [7.2, 8.46, 9.35, 9.8, 8.99, 8.31, 9.55, 10.44, 11.1, 11.47, 12.53, 13.05, 12.4, 12.54, 13.71, 14.4, 14.61, 15.08, 15.19, 14.85, 13.39, 13.15, 12.77, 11.39, 11.18, 11.38, 10.92, 10.89, 11.09, 10.61, 10.97, 10.66, 9.68, 9.28, 9.6, 9.68, 9.91, 10.24, 10.11, 9.43, 7.47, 6.27, 5.63, 5.56, 5.41, 4.51, 3.43, 2.22, 2.07, 2.36, 2.56, 1.85, 1.44, 1.43, 2.32, 3.5, 3.75, 2.9, 3.06, 2.49, 1.65, 1.1, 0, 1.22, 0.91, 1.39, 2.74, 3.02, 2.8, 3.33, 3.41, 3.18, 3.08, 3.02, 2.77, 2.86, 2.85, 3.46, 4.33, 4.72, 4.66, 4.8, 4.92, 4.77, 4.19, 4.35], [6.82, 8.22, 9.15, 9.58, 8.73, 8.05, 9.29, 10.2, 10.9, 11.23, 12.29, 12.85, 12.18, 12.32, 13.47, 14.15, 14.37, 14.824, 14.95, 14.59, 13.17, 12.91, 12.511, 11.122, 10.918, 11.14, 10.72, 10.67, 10.87, 10.37, 10.75, 10.42, 9.48, 9.08, 9.38, 9.46, 9.67, 10.0, 9.75, 9.13, 7.19, 5.89, 5.31, 5.26, 4.95, 4.21, 3.11, 1.92, 1.73, 1.98, 2.46, 1.35, 1.08, 1.37, 2.44, 3.72, 3.95, 3.14, 3.34, 2.97, 2.23, 1.64, 1.22, 0, 0.97, 1.49, 2.46, 2.78, 2.6, 3.07, 3.13, 2.88, 2.72, 2.68, 2.43, 2.52, 2.55, 3.14, 4.01, 4.34, 4.34, 4.5, 4.64, 4.45, 3.87, 4.03], [7.17, 8.57, 9.42, 9.81, 9.04, 8.38, 9.54, 10.49, 11.23, 11.56, 12.6, 13.14, 12.41, 12.55, 13.7, 14.39, 14.6, 15.07, 15.18, 14.94, 13.52, 13.2, 12.759, 11.38, 11.17, 11.39, 11.03, 11.02, 11.22, 10.7, 11.1, 10.73, 9.73, 9.31, 9.65, 9.69, 9.96, 10.25, 10.04, 9.36, 7.42, 6.14, 5.56, 5.49, 5.24, 4.44, 3.38, 2.19, 1.96, 2.19, 2.47, 1.64, 1.21, 1.26, 2.31, 3.71, 3.88, 3.07, 3.23, 2.66, 1.8, 1.27, 0.91, 0.97, 0, 1.1, 2.65, 3.05, 2.83, 3.3, 3.42, 3.09, 2.91, 2.95, 2.62, 2.69, 2.76, 3.37, 4.32, 4.57, 4.63, 4.79, 4.93, 4.7, 4.12, 4.34], [6.37, 7.73, 8.56, 8.97, 8.24, 7.54, 8.66, 9.59, 10.37, 10.74, 11.68, 12.26, 11.53, 11.63, 12.76, 13.45, 13.66, 14.15, 14.26, 14.04, 12.62, 12.28, 11.82, 10.44, 10.23, 10.47, 10.13, 10.14, 10.32, 9.8, 10.2, 9.83, 8.83, 8.41, 8.75, 8.83, 9.06, 9.35, 9.12, 8.44, 6.5, 5.3, 4.68, 4.57, 4.36, 3.56, 2.5, 1.45, 1.44, 1.63, 1.77, 1.64, 1.69, 1.86, 3.09, 4.49, 4.68, 3.87, 4.01, 3.48, 2.62, 1.99, 1.39, 1.49, 1.1, 0, 1.75, 2.15, 2.09, 2.44, 2.8, 2.61, 2.61, 2.89, 2.52, 2.49, 2.56, 2.81, 3.5, 3.93, 3.99, 4.09, 4.15, 4.06, 3.5, 3.56], [4.74, 6.02, 6.85, 7.28, 6.55, 5.89, 6.99, 7.92, 8.68, 9.07, 10.01, 10.55, 9.8, 9.92, 11.05, 11.74, 11.95, 12.44, 12.55, 12.33, 10.91, 10.57, 10.11, 8.73, 8.52, 8.76, 8.42, 8.41, 8.61, 8.09, 8.49, 8.12, 7.12, 6.68, 7.04, 7.1, 7.33, 7.66, 7.49, 6.79, 4.85, 3.73, 3.15, 3.0, 2.85, 2.03, 1.15, 0.94, 1.37, 1.58, 1.66, 1.97, 2.36, 2.93, 4.32, 5.54, 5.85, 4.92, 5.02, 4.85, 4.03, 3.4, 2.74, 2.46, 2.65, 1.75, 0, 1.1, 1.42, 1.41, 1.87, 2.02, 2.22, 2.62, 2.25, 2.04, 2.29, 1.94, 2.43, 2.84, 2.92, 2.88, 2.82, 2.81, 2.31, 2.41], [4.7, 5.82, 6.59, 7.14, 6.35, 5.75, 6.75, 7.56, 8.42, 8.85, 9.65, 10.19, 9.58, 9.72, 10.73, 11.42, 11.63, 12.1, 12.21, 11.91, 10.53, 10.15, 9.83, 8.39, 8.26, 8.4, 8.08, 8.07, 8.29, 7.77, 8.11, 7.74, 6.8, 6.54, 6.84, 7.0, 7.15, 7.46, 7.45, 6.73, 4.81, 3.77, 3.25, 3.02, 3.03, 2.31, 1.37, 1.34, 1.69, 1.86, 1.9, 2.19, 2.5, 3.11, 4.32, 5.52, 5.83, 4.84, 4.92, 4.81, 4.09, 3.6, 3.02, 2.78, 3.05, 2.15, 1.1, 0, 0.72, 0.95, 1.29, 1.42, 1.6, 2.24, 1.89, 1.82, 2.07, 1.52, 1.69, 2.4, 2.38, 2.3, 2.28, 2.37, 2.19, 2.17], [5.1, 6.28, 7.03, 7.56, 6.81, 6.19, 7.13, 8.0, 8.88, 9.29, 10.07, 10.65, 10.02, 10.16, 11.11, 11.7, 12.01, 12.42, 12.53, 12.25, 10.97, 10.45, 10.09, 8.69, 8.6, 8.8, 8.54, 8.53, 8.73, 8.23, 8.55, 8.2, 7.22, 7.0, 7.28, 7.42, 7.59, 7.9, 7.77, 7.11, 5.15, 4.05, 3.51, 3.32, 3.27, 2.41, 1.49, 1.56, 1.71, 1.78, 1.86, 1.97, 2.32, 2.87, 4.14, 5.24, 5.57, 4.5, 4.56, 4.53, 3.91, 3.4, 2.8, 2.6, 2.83, 2.09, 1.42, 0.72, 0, 0.99, 1.19, 1.18, 1.56, 2.06, 1.57, 1.46, 1.73, 1.36, 2.01, 2.56, 2.6, 2.64, 2.7, 2.75, 2.53, 2.53], [4.75, 5.81, 6.52, 7.01, 6.28, 5.66, 6.66, 7.49, 8.39, 8.8, 9.58, 10.14, 9.47, 9.61, 10.52, 11.25, 11.46, 11.91, 11.96, 11.74, 10.46, 10.0, 9.6, 8.16, 8.15, 8.27, 8.03, 8.02, 8.22, 7.76, 8.04, 7.69, 6.71, 6.45, 6.77, 6.87, 7.12, 7.51, 7.42, 6.7, 4.76, 3.78, 3.28, 3.01, 3.0, 2.22, 1.36, 1.63, 1.82, 1.77, 1.69, 2.24, 2.77, 3.34, 4.65, 5.83, 6.0, 5.03, 5.03, 5.02, 4.4, 3.89, 3.33, 3.07, 3.3, 2.44, 1.41, 0.95, 0.99, 0, 0.96, 1.21, 1.57, 1.95, 1.6, 1.67, 1.84, 1.37, 1.68, 2.31, 2.43, 2.45, 2.45, 2.44, 2.16, 2.24], [4.53, 5.51, 6.3, 6.79, 6.06, 5.52, 6.44, 7.27, 8.13, 8.54, 9.34, 9.94, 9.29, 9.41, 10.4, 11.03, 11.32, 11.75, 11.88, 11.62, 10.26, 9.84, 9.4, 8.04, 7.87, 8.07, 7.83, 7.82, 7.98, 7.5, 7.84, 7.49, 6.51, 6.35, 6.57, 6.69, 6.86, 7.23, 7.16, 6.36, 4.62, 3.7, 3.22, 2.87, 2.86, 2.22, 1.58, 1.97, 2.02, 2.09, 1.83, 2.26, 2.85, 3.42, 4.67, 5.79, 6.04, 5.05, 5.13, 5.1, 4.4, 3.89, 3.41, 3.13, 3.42, 2.8, 1.87, 1.29, 1.19, 0.96, 0, 0.97, 1.43, 1.93, 1.42, 1.53, 1.58, 1.15, 1.54, 2.17, 2.05, 2.05, 2.19, 2.3, 2.2, 2.18], [5.12, 5.98, 6.77, 7.24, 6.73, 6.17, 6.87, 7.7, 8.56, 8.97, 9.77, 10.37, 9.72, 9.84, 10.79, 11.44, 11.73, 12.18, 12.27, 12.03, 10.69, 10.25, 9.77, 8.51, 8.42, 8.52, 8.26, 8.25, 8.41, 7.95, 8.31, 7.92, 7.1, 7.06, 7.2, 7.26, 7.57, 7.82, 7.83, 7.07, 5.29, 4.29, 3.73, 3.44, 3.49, 2.73, 2.05, 2.02, 2.07, 2.16, 1.94, 1.99, 2.54, 3.07, 4.36, 5.5, 5.71, 4.68, 4.72, 4.77, 4.11, 3.66, 3.18, 2.88, 3.09, 2.61, 2.02, 1.42, 1.18, 1.21, 0.97, 0, 1.16, 1.68, 1.25, 1.44, 1.61, 1.46, 1.95, 2.26, 2.34, 2.34, 2.52, 2.71, 2.57, 2.67], [5.72, 6.56, 7.03, 7.66, 6.91, 6.39, 7.23, 8.0, 8.84, 9.21, 10.01, 10.61, 9.92, 10.04, 11.13, 11.82, 12.03, 12.5, 12.61, 12.35, 10.97, 10.59, 10.27, 8.89, 8.68, 8.82, 8.46, 8.53, 8.95, 8.33, 8.59, 8.3, 7.24, 7.08, 7.4, 7.54, 7.87, 8.36, 8.37, 7.59, 5.73, 4.75, 4.23, 3.92, 3.97, 3.15, 2.29, 2.1, 2.21, 2.38, 2.26, 1.79, 2.34, 2.81, 3.88, 5.06, 5.11, 4.06, 4.32, 4.23, 3.57, 3.42, 3.08, 2.72, 2.91, 2.61, 2.22, 1.6, 1.56, 1.57, 1.43, 1.16, 0, 1.04, 1.25, 1.34, 1.47, 1.74, 2.25, 2.46, 2.66, 2.78, 2.96, 2.85, 2.55, 2.73], [6.16, 7.06, 7.67, 8.14, 7.39, 6.81, 7.89, 8.6, 9.38, 9.77, 10.65, 11.23, 10.6, 10.72, 11.81, 12.49, 12.71, 13.2, 13.31, 13.01, 11.61, 11.25, 10.87, 9.55, 9.34, 9.52, 9.12, 9.17, 9.47, 8.97, 9.23, 8.9, 7.9, 7.6, 7.88, 8.0, 8.41, 8.96, 8.89, 8.13, 6.23, 5.15, 4.55, 4.34, 4.39, 3.57, 2.63, 2.38, 2.41, 2.62, 2.4, 1.73, 2.2, 2.49, 3.32, 4.5, 4.63, 3.58, 3.8, 3.73, 3.29, 3.08, 3.02, 2.68, 2.95, 2.89, 2.62, 2.24, 2.06, 1.95, 1.93, 1.68, 1.04, 0, 0.99, 1.28, 1.33, 2.04, 2.71, 2.84, 3.14, 3.26, 3.44, 3.27, 2.83, 3.11], [5.73, 6.77, 7.56, 8.03, 7.26, 6.64, 7.6, 8.53, 9.37, 9.78, 10.58, 11.22, 10.55, 10.67, 11.72, 12.31, 12.64, 13.07, 13.2, 12.94, 11.56, 11.14, 10.7, 9.359, 9.09, 9.39, 9.09, 9.1, 9.28, 8.74, 9.16, 8.79, 7.79, 7.45, 7.77, 7.89, 8.04, 8.47, 8.3, 7.56, 5.66, 4.58, 4.0, 3.85, 3.78, 2.86, 2.04, 2.03, 1.94, 2.07, 1.87, 1.38, 1.99, 2.42, 3.55, 4.65, 4.8, 3.85, 3.91, 3.94, 3.28, 3.03, 2.77, 2.43, 2.62, 2.52, 2.25, 1.89, 1.57, 1.6, 1.42, 1.25, 1.25, 0.99, 0, 0.85, 0.86, 1.45, 2.3, 2.47, 2.69, 2.89, 3.01, 2.8, 2.4, 2.56], [5.68, 6.88, 7.65, 8.12, 7.37, 6.75, 7.71, 8.62, 9.48, 9.89, 10.69, 11.29, 10.62, 10.74, 11.73, 12.3, 12.65, 13.1, 13.21, 12.97, 11.61, 11.17, 10.67, 9.37, 9.16, 9.44, 9.18, 9.17, 9.33, 8.85, 9.21, 8.86, 7.86, 7.52, 7.88, 8.0, 8.11, 8.48, 8.33, 7.61, 5.65, 4.55, 3.91, 3.82, 3.67, 2.69, 1.97, 1.92, 1.87, 1.9, 1.58, 1.47, 2.04, 2.39, 3.6, 4.62, 4.91, 3.92, 4.0, 3.97, 3.55, 3.3, 2.86, 2.52, 2.69, 2.49, 2.04, 1.82, 1.46, 1.67, 1.53, 1.44, 1.34, 1.28, 0.85, 0, 0.43, 1.3, 2.35, 2.6, 2.72, 2.9, 3.06, 2.77, 2.27, 2.47], [5.77, 6.93, 7.7, 8.19, 7.42, 6.8, 7.76, 8.67, 9.53, 9.94, 10.74, 11.36, 10.69