[[0, 1.13, 1.32, 1.85, 1.88, 2.1, 1.86, 2.08, 2.11, 2.26, 2.5, 2.43, 2.17, 2.52, 2.16, 3.27, 4.98, 3.8, 2.59, 2.48, 2.77, 2.79, 2.84, 2.62, 2.88, 3.11, 3.19, 2.86, 2.31, 2.01, 2.48, 2.76, 2.61, 2.54, 2.16, 2.07, 2.19, 2.21, 2.01, 2.03, 1.92, 1.73, 1.78, 1.81, 1.91, 1.75, 1.53, 1.49, 1.7, 1.78, 1.76, 1.69, 1.37, 2.71, 5.58, 6.831, 7.092, 6.511, 6.371, 6.06, 5.91, 5.46, 5.32, 5.848, 6.72, 7.728, 8.405, 7.938, 6.551, 6.518, 7.301, 7.059, 6.639, 5.954, 5.525, 5.33, 5.45, 5.43, 6.31, 6.931, 6.632, 6.392, 5.97, 6.11, 6.34, 7.27], [1.13, 0, 1.63, 1.84, 1.79, 1.81, 1.77, 2.29, 2.38, 2.05, 2.03, 2.02, 2.32, 2.77, 2.29, 2.76, 4.47, 3.33, 2.1, 2.05, 2.26, 2.32, 2.35, 2.13, 2.27, 2.58, 2.64, 2.43, 2.26, 1.94, 2.51, 2.97, 2.3, 2.13, 2.05, 2.24, 2.38, 2.42, 2.24, 2.38, 2.35, 2.2, 1.95, 1.52, 1.36, 1.28, 1.1, 1.32, 1.91, 1.71, 1.79, 1.5, 1.22, 3.16, 6.13, 7.381, 7.66, 7.061, 6.921, 6.61, 6.44, 6.01, 5.87, 6.41, 7.258, 8.278, 8.958, 8.488, 7.101, 7.089, 7.88, 7.698, 7.272, 6.649, 5.92, 5.78, 5.943, 6.089, 6.912, 7.455, 7.205, 6.939, 6.497, 6.7, 6.91, 7.857], [1.32, 1.63, 0, 1.23, 1.2, 1.36, 1.26, 1.34, 1.45, 1.58, 1.72, 1.85, 1.71, 1.86, 1.78, 3.31, 5.08, 3.5, 1.81, 1.84, 2.17, 2.23, 2.24, 2.32, 2.22, 2.33, 2.55, 2.16, 1.49, 1.39, 1.8, 2.2, 1.95, 1.82, 1.5, 1.51, 1.93, 2.05, 1.69, 1.69, 1.76, 1.63, 1.52, 1.71, 1.81, 1.89, 1.77, 1.95, 2.24, 2.24, 2.1, 1.93, 1.59, 2.13, 4.84, 6.037, 6.359, 5.729, 5.62, 5.4, 5.13, 4.76, 4.52, 5.12, 5.92, 6.96, 7.66, 7.21, 5.789, 6.03, 6.883, 6.717, 6.285, 5.937, 5.726, 5.53, 5.33, 5.205, 5.903, 6.368, 6.115, 5.915, 5.43, 5.65, 5.9, 6.79], [1.85, 1.84, 1.23, 0, 1.43, 1.35, 1.25, 1.03, 1.08, 1.35, 1.69, 1.78, 1.36, 1.59, 1.57, 3.42, 5.29, 3.47, 1.78, 1.91, 2.34, 2.34, 2.33, 2.55, 2.47, 2.1, 2.38, 2.19, 1.28, 1.28, 1.35, 1.51, 1.36, 1.39, 1.31, 1.52, 2.06, 2.18, 1.98, 2.06, 1.85, 1.64, 1.67, 1.78, 1.9, 1.9, 1.88, 1.9, 2.43, 2.33, 2.09, 1.94, 1.84, 2.34, 4.61, 5.81, 6.1, 5.59, 5.43, 5.27, 5.2, 4.67, 4.37, 4.93, 5.87, 6.69, 7.37, 6.9, 5.55, 5.78, 6.678, 6.429, 6.107, 6.116, 6.14, 5.96, 5.62, 5.32, 5.878, 6.218, 5.871, 5.668, 5.258, 5.42, 5.61, 6.4], [1.88, 1.79, 1.2, 1.43, 0, 0.84, 1.0, 1.5, 1.57, 1.24, 1.24, 1.39, 1.69, 1.7, 1.5, 2.53, 4.329, 2.56, 1.15, 1.1, 1.53, 1.53, 1.44, 1.6, 1.72, 1.77, 1.77, 1.4, 1.19, 1.11, 1.52, 2.04, 1.31, 1.16, 1.3, 1.47, 2.29, 2.43, 1.85, 2.11, 2.16, 1.95, 1.66, 1.65, 1.65, 1.79, 1.73, 2.17, 2.54, 2.18, 2.26, 2.07, 1.73, 2.99, 5.56, 6.76, 7.03, 6.54, 6.44, 6.26, 6.17, 5.64, 5.3, 5.82, 6.84, 7.68, 8.32, 7.91, 6.46, 6.71, 7.63, 7.395, 6.954, 6.894, 6.64, 6.497, 6.294, 6.245, 6.878, 7.238, 6.895, 6.713, 6.27, 6.43, 6.66, 7.47], [2.1, 1.81, 1.36, 1.35, 0.84, 0, 0.82, 1.32, 1.43, 1.14, 1.0, 1.19, 1.55, 1.78, 1.56, 2.37, 4.22, 2.42, 0.95, 0.94, 1.41, 1.49, 1.36, 1.52, 1.62, 1.57, 1.53, 1.28, 1.19, 0.99, 1.48, 2.08, 1.29, 1.06, 1.38, 1.65, 2.51, 2.57, 2.03, 2.15, 2.26, 1.97, 1.74, 1.71, 1.65, 1.69, 1.67, 1.97, 2.64, 2.2, 2.16, 1.79, 1.81, 3.09, 5.66, 6.88, 7.17, 6.6, 6.54, 6.34, 6.25, 5.7, 5.42, 5.9, 6.86, 7.82, 8.54, 8.11, 6.6, 6.81, 7.73, 7.531, 7.134, 7.031, 6.786, 6.603, 6.394, 6.331, 6.938, 7.323, 6.995, 6.793, 6.33, 6.51, 6.76, 7.59], [1.86, 1.77, 1.26, 1.25, 1.0, 0.82, 0, 1.08, 1.35, 0.96, 1.08, 1.19, 1.35, 1.62, 1.4, 2.43, 4.24, 2.6, 1.15, 0.98, 1.23, 1.25, 1.38, 1.56, 1.54, 1.49, 1.61, 1.32, 1.27, 1.13, 1.28, 1.82, 1.25, 1.22, 1.14, 1.33, 2.13, 2.23, 1.69, 1.93, 2.02, 1.71, 1.52, 1.55, 1.45, 1.35, 1.47, 1.73, 2.42, 2.0, 1.84, 1.65, 1.39, 2.89, 5.58, 6.82, 7.11, 6.5, 6.4, 6.2, 5.99, 5.52, 5.32, 5.84, 6.72, 7.74, 8.44, 8.01, 6.54, 6.71, 7.63, 7.554, 7.177, 6.877, 6.686, 6.5, 6.277, 6.094, 6.735, 7.138, 6.844, 6.661, 6.21, 6.39, 6.64, 7.51], [2.08, 2.29, 1.34, 1.03, 1.5, 1.32, 1.08, 0, 0.75, 1.24, 1.48, 1.57, 1.01, 1.12, 1.34, 3.39, 5.18, 3.48, 1.71, 1.8, 2.11, 2.11, 2.18, 2.48, 2.38, 1.95, 2.29, 2.14, 1.19, 1.23, 1.2, 1.4, 1.29, 1.32, 1.18, 1.29, 1.77, 1.75, 1.61, 1.53, 1.64, 1.49, 1.72, 1.83, 1.99, 1.95, 1.93, 1.97, 2.2, 2.2, 2.0, 2.01, 1.71, 2.21, 4.6, 5.84, 6.17, 5.56, 5.46, 5.32, 5.13, 4.68, 4.4, 4.88, 5.76, 6.78, 7.52, 7.11, 5.56, 5.91, 6.87, 6.697, 6.346, 6.286, 6.269, 6.089, 5.706, 5.374, 5.927, 6.278, 5.981, 5.813, 5.35, 5.55, 5.78, 6.63], [2.11, 2.38, 1.45, 1.08, 1.57, 1.43, 1.35, 0.75, 0, 1.21, 1.51, 1.52, 0.9, 0.97, 1.09, 3.42, 5.23, 3.45, 1.74, 1.95, 2.34, 2.28, 2.31, 2.55, 2.49, 2.22, 2.36, 2.13, 1.42, 1.28, 1.47, 1.43, 1.48, 1.41, 1.21, 1.28, 1.64, 1.66, 1.7, 1.56, 1.35, 1.26, 1.47, 1.6, 1.9, 1.9, 2.0, 1.8, 2.25, 2.25, 2.03, 2.08, 1.9, 2.06, 4.65, 5.81, 6.1, 5.53, 5.47, 5.27, 5.16, 4.63, 4.39, 4.89, 5.81, 6.77, 7.49, 7.06, 5.55, 5.82, 6.76, 6.641, 6.224, 6.14, 6.185, 6.04, 5.62, 5.38, 5.974, 6.368, 6.023, 5.82, 5.4, 5.54, 5.79, 6.6], [2.26, 2.05, 1.58, 1.35, 1.24, 1.14, 0.96, 1.24, 1.21, 0, 0.7, 0.77, 1.19, 1.52, 1.16, 2.61, 4.42, 2.64, 1.27, 1.38, 1.53, 1.53, 1.58, 1.84, 1.74, 1.39, 1.43, 1.34, 1.23, 1.15, 1.42, 1.96, 1.29, 1.06, 1.0, 1.21, 2.21, 2.33, 1.77, 2.03, 2.06, 1.77, 1.5, 1.65, 1.47, 1.49, 1.59, 1.85, 2.52, 2.08, 2.04, 1.99, 1.81, 3.07, 5.6, 6.78, 7.09, 6.5, 6.4, 6.3, 6.19, 5.7, 5.34, 5.8, 6.76, 7.7, 8.48, 8.07, 6.48, 6.77, 7.61, 7.454, 7.057, 6.994, 6.809, 6.669, 6.414, 6.334, 6.895, 7.275, 6.915, 6.693, 6.25, 6.41, 6.64, 7.45], [2.5, 2.03, 1.72, 1.69, 1.24, 1.0, 1.08, 1.48, 1.51, 0.7, 0, 0.53, 1.43, 1.68, 1.5, 2.17, 3.96, 2.22, 0.95, 1.12, 1.27, 1.35, 1.32, 1.6, 1.4, 1.23, 1.17, 1.12, 1.25, 1.11, 1.56, 2.26, 1.33, 0.92, 1.14, 1.47, 2.45, 2.63, 1.87, 2.17, 2.32, 2.03, 1.7, 1.67, 1.45, 1.53, 1.61, 2.09, 2.72, 2.2, 2.16, 2.07, 1.87, 3.37, 6.02, 7.18, 7.49, 6.86, 6.84, 6.72, 6.55, 6.08, 5.76, 6.2, 7.12, 8.12, 8.9, 8.49, 6.9, 7.11, 8.01, 7.911, 7.494, 7.314, 7.129, 6.969, 6.714, 6.67, 7.252, 7.652, 7.293, 7.13, 6.67, 6.85, 7.1, 7.91], [2.43, 2.02, 1.85, 1.78, 1.39, 1.19, 1.19, 1.57, 1.52, 0.77, 0.53, 0, 1.26, 1.53, 1.29, 2.12, 3.89, 2.17, 0.96, 1.25, 1.3, 1.36, 1.25, 1.57, 1.53, 1.38, 1.28, 1.19, 1.54, 1.4, 1.79, 2.29, 1.42, 1.11, 1.29, 1.44, 2.4, 2.6, 1.84, 2.14, 2.27, 2.04, 1.69, 1.66, 1.36, 1.34, 1.5, 1.94, 2.57, 2.07, 2.03, 2.08, 1.86, 3.32, 6.05, 7.19, 7.52, 6.89, 6.89, 6.77, 6.6, 6.13, 5.81, 6.21, 7.17, 8.17, 8.93, 8.52, 6.89, 7.26, 8.16, 8.025, 7.582, 7.38, 7.182, 7.019, 6.759, 6.691, 7.402, 7.779, 7.443, 7.28, 6.82, 7.0, 7.25, 8.06], [2.17, 2.32, 1.71, 1.36, 1.69, 1.55, 1.35, 1.01, 0.9, 1.19, 1.43, 1.26, 0, 0.89, 0.83, 3.02, 4.83, 3.31, 1.62, 1.73, 1.82, 1.86, 1.89, 2.15, 2.21, 2.06, 2.16, 2.01, 1.54, 1.42, 1.45, 1.85, 1.56, 1.47, 1.29, 1.24, 1.6, 1.76, 1.64, 1.66, 1.63, 1.54, 1.63, 1.68, 1.64, 1.6, 1.7, 1.74, 2.19, 1.91, 1.69, 1.9, 1.72, 2.3, 5.11, 6.21, 6.54, 5.99, 5.97, 5.85, 5.68, 5.19, 4.87, 5.29, 6.27, 7.25, 7.97, 7.58, 5.95, 6.272, 7.224, 7.15, 6.713, 6.456, 6.402, 6.24, 5.84, 5.767, 6.53, 6.93, 6.6, 6.417, 5.964, 6.14, 6.39, 7.2], [2.52, 2.77, 1.86, 1.59, 1.7, 1.78, 1.62, 1.12, 0.97, 1.52, 1.68, 1.53, 0.89, 0, 0.98, 3.37, 5.26, 3.5, 1.83, 1.88, 2.25, 2.21, 2.12, 2.5, 2.54, 2.29, 2.37, 2.2, 1.67, 1.55, 1.38, 1.56, 1.69, 1.8, 1.7, 1.55, 1.65, 1.85, 1.67, 1.69, 1.58, 1.73, 1.86, 1.85, 2.03, 1.99, 2.11, 2.27, 2.36, 2.26, 1.98, 2.39, 2.05, 2.15, 4.74, 5.88, 6.17, 5.68, 5.66, 5.5, 5.37, 4.88, 4.52, 4.96, 5.94, 6.9, 7.6, 7.21, 5.6, 5.97, 6.983, 6.798, 6.374, 6.309, 6.318, 6.21, 5.83, 5.63, 6.248, 6.615, 6.275, 6.093, 5.64, 5.81, 6.06, 6.87], [2.16, 2.29, 1.78, 1.57, 1.5, 1.56, 1.4, 1.34, 1.09, 1.16, 1.5, 1.29, 0.83, 0.98, 0, 2.69, 4.58, 2.96, 1.45, 1.64, 1.81, 1.77, 1.68, 1.86, 2.12, 1.89, 1.89, 1.78, 1.75, 1.43, 1.46, 2.0, 1.59, 1.66, 1.58, 1.37, 1.81, 2.03, 1.65, 1.85, 1.7, 1.71, 1.7, 1.69, 1.45, 1.51, 1.69, 1.69, 2.3, 1.86, 1.72, 2.03, 1.71, 2.55, 5.34, 6.52, 6.73, 6.3, 6.28, 6.1, 5.97, 5.46, 5.1, 5.6, 6.56, 7.48, 8.16, 7.77, 6.22, 6.53, 7.52, 7.329, 6.901, 6.668, 6.472, 6.31, 6.03, 6.083, 6.799, 7.186, 6.853, 6.67, 6.217, 6.39, 6.62, 7.43], [3.27, 2.76, 3.31, 3.42, 2.53, 2.37, 2.43, 3.39, 3.42, 2.61, 2.17, 2.12, 3.02, 3.37, 2.69, 0, 2.11, 0.83, 1.84, 1.81, 1.48, 1.42, 1.33, 1.23, 1.65, 1.84, 1.56, 1.81, 2.98, 2.7, 2.93, 3.77, 3.02, 2.65, 2.93, 2.86, 3.72, 4.0, 2.98, 3.54, 3.59, 3.4, 2.99, 2.84, 2.38, 2.34, 2.6, 3.02, 3.63, 2.79, 2.87, 2.86, 2.78, 4.76, 7.87, 9.11, 9.38, 8.77, 8.75, 8.53, 8.32, 7.85, 7.63, 8.11, 8.99, 10.01, 10.73, 10.28, 8.821, 8.846, 9.715, 9.622, 9.157, 8.705, 8.333, 8.158, 8.037, 8.123, 8.997, 9.465, 9.154, 8.906, 8.398, 8.675, 8.885, 9.675], [4.98, 4.47, 5.08, 5.29, 4.329, 4.22, 4.24, 5.18, 5.23, 4.42, 3.96, 3.89, 4.83, 5.26, 4.58, 2.11, 0, 1.9, 3.63, 3.6, 3.27, 3.19, 3.18, 2.96, 3.16, 3.57, 3.31, 3.52, 4.85, 4.65, 4.84, 5.68, 4.75, 4.38, 4.6, 4.55, 5.33, 5.63, 4.59, 5.25, 5.4, 5.19, 4.72, 4.53, 4.01, 4.01, 4.19, 4.71, 5.32, 4.5, 4.68, 4.61, 4.43, 6.57, 9.74, 10.971, 11.287, 10.677, 10.56, 10.36, 10.09, 9.68, 9.48, 9.991, 10.86, 11.88, 12.58, 12.13, 10.691, 10.833, 11.682, 11.566, 11.098, 10.598, 10.064, 9.921, 9.798, 9.984, 10.792, 11.261, 10.968, 10.81, 10.305, 10.542, 10.792, 11.639], [3.8, 3.33, 3.5, 3.47, 2.56, 2.42, 2.6, 3.48, 3.45, 2.64, 2.22, 2.17, 3.31, 3.5, 2.96, 0.83, 1.9, 0, 1.93, 1.92, 1.75, 1.69, 1.54, 1.5, 1.72, 1.85, 1.59, 1.74, 3.01, 2.85, 3.0, 3.8, 2.95, 2.58, 2.94, 3.11, 4.11, 4.35, 3.27, 3.75, 3.98, 3.75, 3.34, 3.25, 2.83, 2.83, 3.11, 3.59, 4.16, 3.24, 3.42, 3.31, 3.19, 5.15, 7.98, 9.188, 9.487, 8.88, 8.82, 8.6, 8.47, 7.94, 7.72, 8.2, 9.14, 10.1, 10.78, 10.33, 8.908, 9.03, 9.885, 9.735, 9.327, 9.144, 8.833, 8.651, 8.51, 8.459, 9.148, 9.549, 9.213, 9.01, 8.537, 8.73, 8.978, 9.788], [2.59, 2.1, 1.81, 1.78, 1.15, 0.95, 1.15, 1.71, 1.74, 1.27, 0.95, 0.96, 1.62, 1.83, 1.45, 1.84, 3.63, 1.93, 0, 0.75, 1.04, 1.12, 0.93, 1.27, 1.11, 1.06, 1.06, 0.95, 1.56, 1.38, 1.55, 2.23, 1.36, 1.05, 1.57, 1.78, 2.5, 2.7, 2.1, 2.4, 2.51, 2.24, 1.85, 1.7, 1.4, 1.46, 1.7, 2.14, 2.85, 2.25, 2.21, 2.02, 1.98, 3.4, 6.15, 7.37, 7.66, 7.09, 6.99, 6.79, 6.7, 6.17, 5.91, 6.41, 7.31, 8.27, 8.99, 8.56, 7.09, 7.4, 8.293, 8.09, 7.663, 7.547, 7.419, 7.236, 6.933, 6.834, 7.518, 7.885, 7.545, 7.363, 6.91, 7.08, 7.31, 8.14], [2.48, 2.05, 1.84, 1.91, 1.1, 0.94, 0.98, 1.8, 1.95, 1.38, 1.12, 1.25, 1.73, 1.88, 1.64, 1.81, 3.6, 1.92, 0.75, 0, 0.73, 0.89, 0.86, 1.0, 1.08, 1.27, 1.23, 1.02, 1.53, 1.37, 1.68, 2.42, 1.55, 1.24, 1.6, 1.83, 2.53, 2.81, 2.17, 2.43, 2.56, 2.33, 1.92, 1.77, 1.53, 1.55, 1.67, 2.17, 2.88, 2.24, 2.24, 2.09, 1.95, 3.49, 6.22, 7.46, 7.77, 7.18, 7.06, 6.88, 6.73, 6.24, 5.98, 6.46, 7.4, 8.36, 9.12, 8.71, 7.18, 7.49, 8.385, 8.206, 7.834, 7.614, 7.403, 7.22, 7.014, 6.887, 7.571, 7.946, 7.633, 7.43, 6.977, 7.15, 7.4, 8.27], [2.77, 2.26, 2.17, 2.34, 1.53, 1.41, 1.23, 2.11, 2.34, 1.53, 1.27, 1.3, 1.82, 2.25, 1.81, 1.48, 3.27, 1.75, 1.04, 0.73, 0, 0.46, 0.71, 0.91, 0.99, 1.1, 1.18, 1.03, 1.84, 1.82, 1.91, 2.73, 1.84, 1.49, 1.85, 1.88, 2.72, 2.96, 2.28, 2.66, 2.81, 2.52, 2.15, 2.0, 1.52, 1.64, 1.9, 2.4, 3.03, 2.37, 2.37, 2.24, 2.16, 3.74, 6.61, 7.85, 8.14, 7.53, 7.45, 7.27, 7.04, 6.61, 6.37, 6.87, 7.73, 8.75, 9.51, 9.1, 7.57, 7.88, 8.76, 8.642, 8.227, 7.887, 7.693, 7.51, 7.287, 7.164, 7.886, 8.31, 8.014, 7.831, 7.341, 7.555, 7.805, 8.669], [2.79, 2.32, 2.23, 2.34, 1.53, 1.49, 1.25, 2.11, 2.28, 1.53, 1.35, 1.36, 1.86, 2.21, 1.77, 1.42, 3.19, 1.69, 1.12, 0.89, 0.46, 0, 0.53, 0.95, 1.03, 1.16, 1.14, 1.09, 1.88, 1.74, 1.91, 2.73, 1.86, 1.61, 1.77, 1.86, 2.7, 3.0, 2.22, 2.6, 2.81, 2.54, 2.21, 2.08, 1.62, 1.7, 2.0, 2.38, 3.11, 2.33, 2.35, 2.28, 2.18, 3.78, 6.61, 7.89, 8.2, 7.59, 7.51, 7.33, 7.12, 6.65, 6.41, 6.91, 7.79, 8.81, 9.55, 9.12, 7.59, 7.88, 8.747, 8.642, 8.227, 7.907, 7.713, 7.53, 7.307, 7.181, 7.92, 8.33, 8.02, 7.851, 7.364, 7.575, 7.825, 8.686], [2.84, 2.35, 2.24, 2.33, 1.44, 1.36, 1.38, 2.18, 2.31, 1.58, 1.32, 1.25, 1.89, 2.12, 1.68, 1.33, 3.18, 1.54, 0.93, 0.86, 0.71, 0.53, 0, 0.92, 1.1, 1.09, 0.91, 0.94, 1.91, 1.67, 1.88, 2.76, 1.85, 1.62, 1.86, 2.01, 2.83, 3.15, 2.33, 2.75, 2.88, 2.67, 2.32, 2.13, 1.73, 1.83, 2.07, 2.51, 3.2, 2.38, 2.42, 2.37, 2.25, 3.83, 6.62, 7.86, 8.17, 7.6, 7.54, 7.38, 7.21, 6.7, 6.42, 6.86, 7.84, 8.8, 9.54, 9.11, 7.56, 7.85, 8.76, 8.6, 8.173, 7.977, 7.763, 7.58, 7.357, 7.281, 8.002, 8.403, 8.07, 7.887, 7.434, 7.61, 7.86, 8.69], [2.62, 2.13, 2.32, 2.55, 1.6, 1.52, 1.56, 2.48, 2.55, 1.84, 1.6, 1.57, 2.15, 2.5, 1.86, 1.23, 2.96, 1.5, 1.27, 1.0, 0.91, 0.95, 0.92, 0, 1.06, 1.41, 1.37, 1.28, 2.21, 2.03, 2.2, 3.1, 2.25, 1.98, 2.28, 2.19, 2.93, 3.27, 2.47, 2.93, 2.98, 2.83, 2.44, 2.21, 1.73, 1.81, 2.03, 2.55, 3.14, 2.28, 2.44, 2.41, 2.01, 3.85, 6.86, 8.04, 8.35, 7.78, 7.7, 7.46, 7.33, 6.84, 6.58, 7.14, 8.0, 9.02, 9.74, 9.29, 7.84, 8.09, 8.957, 8.835, 8.375, 8.004, 7.654, 7.49, 7.31, 7.406, 8.17, 8.598, 8.267, 8.102, 7.631, 7.828, 8.078, 8.908], [2.88, 2.27, 2.22, 2.47, 1.72, 1.62, 1.54, 2.38, 2.49, 1.74, 1.4, 1.53, 2.21, 2.54, 2.12, 1.65, 3.16, 1.72, 1.11, 1.08, 0.99, 1.03, 1.1, 1.06, 0, 1.11, 1.25, 1.2, 2.17, 2.09, 2.18, 2.96, 2.09, 1.72, 2.02, 2.13, 2.79, 3.09, 2.37, 2.71, 2.92, 2.67, 2.28, 2.15, 1.63, 1.77, 2.05, 2.51, 3.22, 2.44, 2.44, 2.31, 2.27, 3.91, 6.8, 7.972, 8.304, 7.714, 7.58, 7.32, 7.09, 6.72, 6.48, 7.08, 7.88, 8.94, 9.64, 9.21, 7.769, 8.013, 8.879, 8.766, 8.377, 7.96, 7.703, 7.52, 7.34, 7.131, 7.875, 8.36, 8.121, 7.921, 7.419, 7.656, 7.906, 8.816], [3.11, 2.58, 2.33, 2.1, 1.77, 1.57, 1.49, 1.95, 2.22, 1.39, 1.23, 1.38, 2.06, 2.29, 1.89, 1.84, 3.57, 1.85, 1.06, 1.27, 1.1, 1.16, 1.09, 1.41, 1.11, 0, 0.94, 1.03, 1.82, 1.84, 1.75, 2.39, 1.54, 1.29, 1.67, 1.92, 2.88, 3.02, 2.3, 2.8, 2.93, 2.54, 2.21, 2.18, 1.82, 1.92, 2.18, 2.62, 3.37, 2.47, 2.53, 2.42, 2.46, 3.94, 6.33, 7.584, 7.892, 7.31, 7.13, 6.93, 6.8, 6.31, 6.07, 6.61, 7.53, 8.47, 9.19, 8.78, 7.31, 7.56, 8.5, 8.314, 7.973, 7.91, 7.819, 7.639, 7.313, 7.087, 7.537, 7.905, 7.591, 7.38, 7.02, 7.12, 7.35, 8.24], [3.19, 2.64, 2.55, 2.38, 1.77, 1.53, 1.61, 2.29, 2.36, 1.43, 1.17, 1.28, 2.16, 2.37, 1.89, 1.56, 3.31, 1.59, 1.06, 1.23, 1.18, 1.14, 0.91, 1.37, 1.25, 0.94, 0, 0.85, 1.72, 1.6, 1.71, 2.63, 1.8, 1.39, 1.73, 2.06, 3.08, 3.24, 2.3, 2.84, 3.01, 2.72, 2.29, 2.3, 1.92, 1.94, 2.28, 2.68, 3.39, 2.51, 2.61, 2.46, 2.52, 4.06, 6.77, 7.97, 8.24, 7.67, 7.67, 7.45, 7.32, 6.79, 6.53, 6.97, 7.93, 8.91, 9.59, 9.16, 7.69, 7.76, 8.6, 8.549, 8.167, 8.027, 7.839, 7.636, 7.447, 7.364, 7.958, 8.376, 8.023, 7.76, 7.278, 7.46, 7.748, 8.558], [2.86, 2.43, 2.16, 2.19, 1.4, 1.28, 1.32, 2.14, 2.13, 1.34, 1.12, 1.19, 2.01, 2.2, 1.78, 1.81, 3.52, 1.74, 0.95, 1.02, 1.03, 1.09, 0.94, 1.28, 1.2, 1.03, 0.85, 0, 1.59, 1.43, 1.52, 2.46, 1.63, 1.22, 1.58, 1.83, 2.83, 3.03, 2.03, 2.55, 2.76, 2.51, 2.04, 2.07, 1.69, 1.75, 2.01, 2.43, 3.1, 2.3, 2.4, 2.19, 2.25, 3.89, 6.62, 7.793, 8.103, 7.56, 7.48, 7.26, 7.11, 6.58, 6.36, 6.86, 7.8, 8.74, 9.42, 8.99, 7.563, 7.67, 8.485, 8.355, 7.973, 7.837, 7.566, 7.38, 7.237, 7.227, 7.774, 8.209, 7.85, 7.604, 7.114, 7.31, 7.598, 8.408], [2.31, 2.26, 1.49, 1.28, 1.19, 1.19, 1.27, 1.19, 1.42, 1.23, 1.25, 1.54, 1.54, 1.67, 1.75, 2.98, 4.85, 3.01, 1.56, 1.53, 1.84, 1.88, 1.91, 2.21, 2.17, 1.82, 1.72, 1.59, 0, 0.94, 1.05, 1.61, 1.24, 1.01, 1.05, 1.16, 1.96, 2.0, 1.54, 1.82, 1.85, 1.6, 1.49, 1.7, 1.8, 1.9, 1.82, 2.2, 2.33, 2.25, 2.29, 2.02, 1.94, 2.82, 5.25, 6.466, 6.74, 6.17, 6.15, 5.95, 5.86, 5.33, 5.03, 5.53, 6.47, 7.39, 8.09, 7.64, 6.19, 6.34, 7.2, 7.031, 6.713, 6.73, 6.516, 6.319, 6.21, 6.004, 6.477, 6.834, 6.471, 6.208, 5.778, 5.96, 6.23, 7.02], [2.01, 1.94, 1.39, 1.28, 1.11, 0.99, 1.13, 1.23, 1.28, 1.15, 1.11, 1.4, 1.42, 1.55, 1.43, 2.7, 4.65, 2.85, 1.38, 1.37, 1.82, 1.74, 1.67, 2.03, 2.09, 1.84, 1.6, 1.43, 0.94, 0, 0.99, 1.75, 1.44, 1.07, 1.09, 1.36, 2.16, 2.24, 1.58, 1.74, 1.81, 1.64, 1.43, 1.5, 1.74, 1.72, 1.7, 1.9, 2.17, 1.81, 1.87, 1.64, 1.62, 2.86, 5.57, 6.806, 7.1, 6.53, 6.47, 6.25, 6.14, 5.59, 5.33, 5.81, 6.77, 7.73, 8.45, 8.0, 6.506, 6.42, 7.295, 7.163, 6.764, 6.624, 6.519, 6.339, 6.204, 6.08, 6.741, 7.136, 6.783, 6.44, 5.967, 6.2, 6.47, 7.26], [2.48, 2.51, 1.8, 1.35, 1.52, 1.48, 1.28, 1.2, 1.47, 1.42, 1.56, 1.79, 1.45, 1.38, 1.46, 2.93, 4.84, 3.0, 1.55, 1.68, 1.91, 1.91, 1.88, 2.2, 2.18, 1.75, 1.71, 1.52, 1.05, 0.99, 0, 1.26, 1.29, 1.4, 1.44, 1.51, 2.01, 2.21, 1.45, 1.91, 1.92, 1.87, 1.8, 1.93, 2.01, 1.89, 1.99, 2.27, 2.24, 1.9, 1.84, 1.97, 1.79, 3.01, 5.36, 6.62, 6.89, 6.42, 6.26, 6.08, 6.03, 5.48, 5.12, 5.74, 6.7, 7.5, 8.2, 7.75, 6.32, 6.45, 7.35, 7.059, 6.777, 6.82, 6.726, 6.506, 6.36, 6.154, 6.65, 7.004, 6.641, 6.298, 5.91, 6.11, 6.3, 7.07], [2.76, 2.97, 2.2, 1.51, 2.04, 2.08, 1.82, 1.4, 1.43, 1.96, 2.26, 2.29, 1.85, 1.56, 2.0, 3.77, 5.68, 3.8, 2.23, 2.42, 2.73, 2.73, 2.76, 3.1, 2.96, 2.39, 2.63, 2.46, 1.61, 1.75, 1.26, 0, 1.29, 1.8, 1.86, 1.77, 1.91, 1.87, 1.81, 2.15, 1.86, 1.75, 1.8, 1.93, 2.37, 2.21, 2.45, 2.51, 2.46, 2.5, 2.28, 2.47, 2.29, 2.79, 4.62, 5.66, 5.97, 5.64, 5.36, 5.28, 5.19, 4.62, 4.4, 4.92, 5.86, 6.68, 7.22, 6.73, 5.74, 5.79, 6.77, 6.503, 6.415, 6.63, 6.818, 6.67, 6.29, 5.63, 5.823, 6.117, 5.856, 5.56, 5.47, 5.45, 5.56, 6.17], [2.61, 2.3, 1.95, 1.36, 1.31, 1.29, 1.25, 1.29, 1.48, 1.29, 1.33, 1.42, 1.56, 1.69, 1.59, 3.02, 4.75, 2.95, 1.36, 1.55, 1.84, 1.86, 1.85, 2.25, 2.09, 1.54, 1.8, 1.63, 1.24, 1.44, 1.29, 1.29, 0, 0.85, 1.15, 1.46, 2.46, 2.42, 2.04, 2.42, 2.43, 1.98, 1.75, 1.72, 1.78, 1.76, 1.9, 2.14, 2.81, 2.39, 2.41, 2.18, 2.12, 3.32, 5.29, 6.41, 6.7, 6.33, 6.17, 6.09, 5.96, 5.45, 5.09, 5.59, 6.59, 7.41, 8.03, 7.62, 6.29, 6.56, 7.72, 7.426, 7.239, 7.356, 7.339, 7.156, 6.796, 6.333, 6.733, 7.013, 6.726, 6.503, 6.32, 6.34, 6.49, 7.18], [2.54, 2.13, 1.82, 1.39, 1.16, 1.06, 1.22, 1.32, 1.41, 1.06, 0.92, 1.11, 1.47, 1.8, 1.66, 2.65, 4.38, 2.58, 1.05, 1.24, 1.49, 1.61, 1.62, 1.98, 1.72, 1.29, 1.39, 1.22, 1.01, 1.07, 1.4, 1.8, 0.85, 0, 0.86, 1.37, 2.41, 2.43, 1.93, 2.15, 2.26, 1.87, 1.58, 1.65, 1.63, 1.73, 1.73, 2.09, 2.7, 2.32, 2.36, 1.99, 2.09, 3.31, 5.64, 6.8, 7.09, 6.56, 6.52, 6.34, 6.19, 5.68, 5.4, 5.84, 6.84, 7.76, 8.42, 8.01, 6.54, 6.67, 7.71, 7.547, 7.223, 7.24, 7.172, 7.009, 6.669, 6.434, 6.85, 7.241, 6.881, 6.69, 6.31, 6.45, 6.66, 7.47], [2.16, 2.05, 1.5, 1.31, 1.3, 1.38, 1.14, 1.18, 1.21, 1.0, 1.14, 1.29, 1.29, 1.7, 1.58, 2.93, 4.6, 2.94, 1.57, 1.6, 1.85, 1.77, 1.86, 2.28, 2.02, 1.67, 1.73, 1.58, 1.05, 1.09, 1.44, 1.86, 1.15, 0.86, 0, 0.87, 2.01, 2.07, 1.55, 1.69, 1.74, 1.39, 1.34, 1.59, 1.73, 1.73, 1.73, 1.87, 2.38, 2.12, 2.22, 1.93, 1.89, 2.75, 5.32, 6.52, 6.85, 6.3, 6.18, 6.02, 5.87, 5.36, 5.1, 5.52, 6.56, 7.46, 8.14, 7.73, 6.239, 6.33, 7.25, 7.204, 6.82, 6.68, 6.589, 6.406, 6.1, 5.894, 6.52, 6.92, 6.59, 6.407, 5.97, 6.13, 6.38, 7.19], [2.07, 2.24, 1.51, 1.52, 1.47, 1.65, 1.33, 1.29, 1.28, 1.21, 1.47, 1.44, 1.24, 1.55, 1.37, 2.86, 4.55, 3.11, 1.78, 1.83, 1.88, 1.86, 2.01, 2.19, 2.13, 1.92, 2.06, 1.83, 1.16, 1.36, 1.51, 1.77, 1.46, 1.37, 0.87, 0, 1.44, 1.56, 1.06, 1.48, 1.43, 1.14, 1.05, 1.34, 1.6, 1.6, 1.58, 1.8, 2.03, 1.91, 1.87, 1.92, 1.84, 2.4, 5.29, 6.55, 6.84, 6.23, 6.15, 5.97, 5.74, 5.29, 5.03, 5.55, 6.45, 7.45, 8.15, 7.72, 6.235, 6.363, 7.232, 7.148, 6.736, 6.393, 6.339, 6.159, 5.853, 5.704, 6.417, 6.848, 6.534, 6.369, 5.881, 6.095, 6.345, 7.175], [2.19, 2.38, 1.93, 2.06, 2.29, 2.51, 2.13, 1.77, 1.64, 2.21, 2.45, 2.4, 1.6, 1.65, 1.81, 3.72, 5.33, 4.11, 2.5, 2.53, 2.72, 2.7, 2.83, 2.93, 2.79, 2.88, 3.08, 2.83, 1.96, 2.16, 2.01, 1.91, 2.46, 2.41, 2.01, 1.44, 0, 0.64, 1.14, 1.16, 1.13, 1.44, 1.53, 1.48, 1.68, 1.64, 1.68, 1.74, 1.59, 1.91, 1.65, 1.98, 1.66, 1.88, 4.85, 6.101, 6.4, 5.79, 5.641, 5.35, 5.16, 4.75, 4.578, 5.127, 5.978, 7.007, 7.69, 7.22, 5.85, 5.954, 6.738, 6.552, 6.166, 5.68, 5.411, 5.36, 5.12, 5.02, 5.611, 6.184, 5.949, 5.745, 5.317, 5.497, 5.747, 6.695], [2.21, 2.42, 2.05, 2.18, 2.43, 2.57, 2.23, 1.75, 1.66, 2.33, 2.63, 2.6, 1.76, 1.85, 2.03, 4.0, 5.63, 4.35, 2.7, 2.81, 2.96, 3.0, 3.15, 3.27, 3.09, 3.02, 3.24, 3.03, 2.0, 2.24, 2.21, 1.87, 2.42, 2.43, 2.07, 1.56, 0.64, 0, 1.48, 1.38, 1.21, 1.3, 1.55, 1.5, 1.84, 1.78, 1.78, 1.64, 1.59, 1.93, 1.81, 1.86, 1.68, 2.08, 4.887, 6.129, 6.411, 5.83, 5.672, 5.369, 5.197, 4.769, 4.609, 5.167, 6.009, 7.047, 7.727, 7.259, 5.89, 5.874, 6.68, 6.53, 6.119, 5.72, 5.311, 5.36, 5.24, 5.0, 5.533, 6.141, 5.911, 5.682, 5.257, 5.412, 5.667, 6.612], [2.01, 2.24, 1.69, 1.98, 1.85, 2.03, 1.69, 1.61, 1.7, 1.77, 1.87, 1.84, 1.64, 1.67, 1.65, 2.98, 4.59, 3.27, 2.1, 2.17, 2.28, 2.22, 2.33, 2.47, 2.37, 2.3, 2.3, 2.03, 1.54, 1.58, 1.45, 1.81, 2.04, 1.93, 1.55, 1.06, 1.14, 1.48, 0, 0.94, 1.25, 1.54, 1.31, 1.62, 1.68, 1.52, 1.56, 1.8, 1.55, 1.51, 1.45, 1.64, 1.46, 2.38, 5.523, 6.786, 7.091, 6.486, 6.326, 6.03, 5.86, 5.43, 5.283, 5.803, 6.683, 7.683, 8.383, 7.94, 6.503, 6.457, 7.263, 7.084, 6.641, 6.11, 5.839, 5.639, 5.41, 5.556, 6.291, 6.797, 6.549, 6.277, 5.832, 6.049, 6.279, 7.22], [2.03, 2.38, 1.69, 2.06, 2.11, 2.15, 1.93, 1.53, 1.56, 2.03, 2.17, 2.14, 1.66, 1.69, 1.85, 3.54, 5.25, 3.75, 2.4, 2.43, 2.66, 2.6, 2.75, 2.93, 2.71, 2.8, 2.84, 2.55, 1.82, 1.74, 1.91, 2.15, 2.42, 2.15, 1.69, 1.48, 1.16, 1.38, 0.94, 0, 1.05, 1.46, 1.69, 1.88, 2.06, 1.9, 1.9, 1.78, 1.67, 1.89, 1.73, 1.86, 1.7, 1.94, 4.958, 6.212, 6.505, 5.901, 5.752, 5.438, 5.28, 4.838, 4.698, 5.241, 6.098, 7.112, 7.798, 7.34, 5.935, 5.957, 6.76, 6.552, 6.183, 5.661, 5.362, 5.199, 5.12, 4.877, 5.68, 6.284, 6.039, 5.745, 5.28, 5.517, 5.727, 6.672], [1.92, 2.35, 1.76, 1.85, 2.16, 2.26, 2.02, 1.64, 1.35, 2.06, 2.32, 2.27, 1.63, 1.58, 1.7, 3.59, 5.4, 3.98, 2.51, 2.56, 2.81, 2.81, 2.88, 2.98, 2.92, 2.93, 3.01, 2.76, 1.85, 1.81, 1.92, 1.86, 2.43, 2.26, 1.74, 1.43, 1.13, 1.21, 1.25, 1.05, 0, 0.79, 1.16, 1.45, 1.83, 1.71, 1.87, 1.67, 1.58, 1.84, 1.52, 1.73, 1.79, 1.83, 4.919, 6.167, 6.44, 5.847, 5.742, 5.44, 5.25, 4.799, 4.659, 5.199, 6.059, 7.079, 7.759, 7.289, 5.881, 5.77, 6.576, 6.354, 5.894, 5.33, 5.378, 5.25, 4.99, 4.83, 5.647, 6.189, 5.961, 5.667, 5.122, 5.339, 5.569, 6.453], [1.73, 2.2, 1.63, 1.64, 1.95, 1.97, 1.71, 1.49, 1.26, 1.77, 2.03, 2.04, 1.54, 1.73, 1.71, 3.4, 5.19, 3.75, 2.24, 2.33, 2.52, 2.54, 2.67, 2.83, 2.67, 2.54, 2.72, 2.51, 1.6, 1.64, 1.87, 1.75, 1.98, 1.87, 1.39, 1.14, 1.44, 1.3, 1.54, 1.46, 0.79, 0, 0.73, 1.08, 1.66, 1.56, 1.68, 1.48, 1.81, 1.95, 1.71, 1.62, 1.88, 2.14, 5.11, 6.335, 6.607, 6.032, 5.93, 5.67, 5.48, 5.01, 4.85, 5.369, 6.249, 7.249, 7.929, 7.459, 6.092, 5.897, 6.706, 6.525, 6.053, 5.639, 5.808, 5.66, 5.34, 5.053, 5.914, 6.44, 6.144, 5.883, 5.338, 5.572, 5.782, 6.603], [1.78, 1.95, 1.52, 1.67, 1.66, 1.74, 1.52, 1.72, 1.47, 1.5, 1.7, 1.69, 1.63, 1.86, 1.7, 2.99, 4.72, 3.34, 1.85, 1.92, 2.15, 2.21, 2.32, 2.44, 2.28, 2.21, 2.29, 2.04, 1.49, 1.43, 1.8, 1.8, 1.75, 1.58, 1.34, 1.05, 1.53, 1.55, 1.31, 1.69, 1.16, 0.73, 0, 0.77, 1.27, 1.19, 1.31, 1.41, 1.76, 1.8, 1.72, 1.51, 1.73, 2.45, 5.551, 6.793, 7.101, 6.493, 6.373, 6.1, 5.93, 5.46, 5.291, 5.827, 6.711, 7.711, 8.411, 7.95, 6.533, 6.31, 7.136, 6.96, 6.465, 6.009, 6.075, 5.91, 5.63, 5.58, 6.361, 6.87, 6.588, 6.273, 5.708, 6.002, 6.212, 7.093], [1.81, 1.52, 1.71, 1.78, 1.65, 1.71, 1.55, 1.83, 1.6, 1.65, 1.67, 1.66, 1.68, 1.85, 1.69, 2.84, 4.53, 3.25, 1.7, 1.77, 2.0, 2.08, 2.13, 2.21, 2.15, 2.18, 2.3, 2.07, 1.7, 1.5, 1.93, 1.93, 1.72, 1.65, 1.59, 1.34, 1.48, 1.5, 1.62, 1.88, 1.45, 1.08, 0.77, 0, 0.82, 0.9, 0.94, 1.24, 1.69, 1.53, 1.55, 1.42, 1.38, 2.62, 5.79, 7.035, 7.32, 6.715, 6.575, 6.31, 6.1, 5.67, 5.53, 6.052, 6.912, 7.932, 8.612, 8.16, 6.755, 6.615, 7.443, 7.29, 6.878, 6.319, 6.088, 6.0, 5.82, 5.815, 6.568, 7.062, 6.806, 6.534, 6.072, 6.349, 6.559, 7.44], [1.91, 1.36, 1.81, 1.9, 1.65, 1.65, 1.45, 1.99, 1.9, 1.47, 1.45, 1.36, 1.64, 2.03, 1.45, 2.38, 4.01, 2.83, 1.4, 1.53, 1.52, 1.62, 1.73, 1.73, 1.63, 1.82, 1.92, 1.69, 1.8, 1.74, 2.01, 2.37, 1.78, 1.63, 1.73, 1.6, 1.68, 1.84, 1.68, 2.06, 1.83, 1.66, 1.27, 0.82, 0, 0.46, 0.74, 1.1, 1.77, 1.37, 1.41, 1.44, 1.22, 3.04, 6.21, 7.458, 7.757, 7.144, 7.024, 6.75, 6.52, 6.11, 5.941, 6.504, 7.341, 8.364, 9.05, 8.58, 7.187, 7.294, 8.086, 7.924, 7.484, 6.912, 6.302, 6.22, 6.16, 6.313, 7.054, 7.602, 7.36, 7.171, 6.669, 6.866, 7.116, 8.043], [1.75, 1.28, 1.89, 1.9, 1.79, 1.69, 1.35, 1.95, 1.9, 1.49, 1.53, 1.34, 1.6, 1.99, 1.51, 2.34, 4.01, 2.83, 1.46, 1.55, 1.64, 1.7, 1.83, 1.81, 1.77, 1.92, 1.94, 1.75, 1.9, 1.72, 1.89, 2.21, 1.76, 1.73, 1.73, 1.6, 1.64, 1.78, 1.52, 1.9, 1.71, 1.56, 1.19, 0.9, 0.46, 0, 0.66, 0.94, 1.63, 1.25, 1.17, 1.18, 1.08, 3.08, 6.258, 7.515, 7.788, 7.198, 7.081, 6.77, 6.568, 6.138, 5.992, 6.544, 7.392, 8.424, 9.098, 8.628, 7.244, 7.274, 8.066, 7.881, 7.39, 6.829, 6.308, 6.18, 6.04, 6.253, 7.034, 7.619, 7.397, 7.131, 6.606, 6.806, 7.053, 7.983], [1.53, 1.1, 1.77, 1.88, 1.73, 1.67, 1.47, 1.93, 2.0, 1.59, 1.61, 1.5, 1.7, 2.11, 1.69, 2.6, 4.19, 3.11, 1.7, 1.67, 1.9, 2.0, 2.07, 2.03, 2.05, 2.18, 2.28, 2.01, 1.82, 1.7, 1.99, 2.45, 1.9, 1.73, 1.73, 1.58, 1.68, 1.78, 1.56, 1.9, 1.87, 1.68, 1.31, 0.94, 0.74, 0.66, 0, 0.86, 1.47, 1.21, 1.23, 1.14, 0.94, 3.1, 6.25, 7.515, 7.806, 7.195, 7.035, 6.77, 6.56, 6.17, 5.99, 6.521, 7.39, 8.41, 9.09, 8.64, 7.215, 7.292, 8.098, 7.915, 7.461, 6.835, 6.039, 5.999, 6.052, 6.236, 6.979, 7.53, 7.291, 7.088, 6.66, 6.866, 7.107, 8.055], [1.49, 1.32, 1.95, 1.9, 2.17, 1.97, 1.73, 1.97, 1.8, 1.85, 2.09, 1.94, 1.74, 2.27, 1.69, 3.02, 4.71, 3.59, 2.14, 2.17, 2.4, 2.38, 2.51, 2.55, 2.51, 2.62, 2.68, 2.43, 2.2, 1.9, 2.27, 2.51, 2.14, 2.09, 1.87, 1.8, 1.74, 1.64, 1.8, 1.78, 1.67, 1.48, 1.41, 1.24, 1.1, 0.94, 0.86, 0, 1.23, 1.23, 1.21, 0.92, 1.14, 3.02, 6.198, 7.452, 7.725, 7.132, 6.992, 6.678, 6.508, 6.078, 5.929, 6.481, 7.329, 8.352, 9.038, 8.568, 7.175, 7.166, 7.946, 7.738, 7.281, 6.683, 5.802, 5.839, 5.959, 5.996, 6.821, 7.469, 7.233, 6.959, 6.503, 6.729, 6.933, 7.883], [1.7, 1.91, 2.24, 2.43, 2.54, 2.64, 2.42, 2.2, 2.25, 2.52, 2.72, 2.57, 2.19, 2.36, 2.3, 3.63, 5.32, 4.16, 2.85, 2.88, 3.03, 3.11, 3.2, 3.14, 3.22, 3.37, 3.39, 3.1, 2.33, 2.17, 2.24, 2.46, 2.81, 2.7, 2.38, 2.03, 1.59, 1.59, 1.55, 1.67, 1.58, 1.81, 1.76, 1.69, 1.77, 1.63, 1.47, 1.23, 0, 1.18, 1.14, 1.29, 1.41, 3.07, 6.248, 7.487, 7.76, 7.167, 7.039, 6.728, 6.558, 6.128, 5.976, 6.528, 7.376, 8.384, 9.064, 8.594, 7.219, 7.124, 7.892, 7.644, 7.176, 6.476, 5.792, 5.849, 5.95, 5.839, 6.756, 7.449, 7.239, 6.957, 6.458, 6.675, 6.865, 7.758], [1.78, 1.71, 2.24, 2.33, 2.18, 2.2, 2.0, 2.2, 2.25, 2.08, 2.2, 2.07, 1.91, 2.26, 1.86, 2.79, 4.5, 3.24, 2.25, 2.24, 2.37, 2.33, 2.38, 2.28, 2.44, 2.47, 2.51, 2.3, 2.25, 1.81, 1.9, 2.5, 2.39, 2.32, 2.12, 1.91, 1.91, 1.93, 1.51, 1.89, 1.84, 1.95, 1.8, 1.53, 1.37, 1.25, 1.21, 1.23, 1.18, 0, 0.78, 1.01, 1.17, 3.47, 6.639, 7.876, 8.148, 7.556, 7.425, 7.119, 6.949, 6.519, 6.362, 6.919, 7.762, 8.776, 9.453, 8.983, 7.598, 7.45, 8.227, 7.99, 7.513, 6.811, 6.072, 6.169, 6.344, 6.246, 7.146, 7.778, 7.566, 7.245, 6.784, 7.013, 7.223, 8.139], [1.76, 1.79, 2.1, 2.09, 2.26, 2.16, 1.84, 2.0, 2.03, 2.04, 2.16, 2.03, 1.69, 1.98, 1.72, 2.87, 4.68, 3.42, 2.21, 2.24, 2.37, 2.35, 2.42, 2.44, 2.44, 2.53, 2.61, 2.4, 2.29, 1.87, 1.84, 2.28, 2.41, 2.36, 2.22, 1.87, 1.65, 1.81, 1.45, 1.73, 1.52, 1.71, 1.72, 1.55, 1.41, 1.17, 1.23, 1.21, 1.14, 0.78, 0, 0.91, 1.19, 3.09, 6.265, 7.501, 7.774, 7.181, 7.053, 6.745, 6.575, 6.145, 5.99, 6.545, 7.39, 8.398, 9.078, 8.608, 7.221, 7.098, 7.881, 7.653, 7.161, 6.42, 5.952, 5.929, 6.009, 5.889, 6.829, 7.491, 7.255, 6.989, 6.458, 6.684, 6.891, 7.764], [1.69, 1.5, 1.93, 1.94, 2.07, 1.79, 1.65, 2.01, 2.08, 1.99, 2.07, 2.08, 1.9, 2.39, 2.03, 2.86, 4.61, 3.31, 2.02, 2.09, 2.24, 2.28, 2.37, 2.41, 2.31, 2.42, 2.46, 2.19, 2.02, 1.64, 1.97, 2.47, 2.18, 1.99, 1.93, 1.92, 1.98, 1.86, 1.64, 1.86, 1.73, 1.62, 1.51, 1.42, 1.44, 1.18, 1.14, 0.92, 1.29, 1.01, 0.91, 0, 1.12, 3.28, 6.423, 7.654, 7.942, 7.349, 7.209, 6.903, 6.733, 6.303, 6.146, 6.703, 7.546, 8.56, 9.246, 8.796, 7.383, 7.174, 7.992, 7.747, 7.247, 6.623, 5.979, 5.899, 6.101, 6.101, 6.981, 7.578, 7.348, 7.05, 6.572, 6.812, 7.022, 7.909], [1.37, 1.22, 1.59, 1.84, 1.73, 1.81, 1.39, 1.71, 1.9, 1.81, 1.87, 1.86, 1.72, 2.05, 1.71, 2.78, 4.43, 3.19, 1.98, 1.95, 2.16, 2.18, 2.25, 2.01, 2.27, 2.46, 2.52, 2.25, 1.94, 1.62, 1.79, 2.29, 2.12, 2.09, 1.89, 1.84, 1.66, 1.68, 1.46, 1.7, 1.79, 1.88, 1.73, 1.38, 1.22, 1.08, 0.94, 1.14, 1.41, 1.17, 1.19, 1.12, 0, 2.88, 6.03, 7.278, 7.56, 6.958, 6.818, 6.51, 6.34, 5.91, 5.755, 6.31, 7.155, 8.175, 8.855, 8.4, 6.998, 7.032, 7.821, 7.635, 7.192, 6.592, 5.784, 5.659, 5.821, 5.958, 6.733, 7.315, 7.102, 6.825, 6.395, 6.58, 6.83, 7.778], [2.71, 3.16, 2.13, 2.34, 2.99, 3.09, 2.89, 2.21, 2.06, 3.07, 3.37, 3.32, 2.3, 2.15, 2.55, 4.76, 6.57, 5.15, 3.4, 3.49, 3.74, 3.78, 3.83, 3.85, 3.91, 3.94, 4.06, 3.89, 2.82, 2.86, 3.01, 2.79, 3.32, 3.31, 2.75, 2.4, 1.88, 2.08, 2.38, 1.94, 1.83, 2.14, 2.45, 2.62, 3.04, 3.08, 3.1, 3.02, 3.07, 3.47, 3.09, 3.28, 2.88, 0, 3.21, 4.47, 4.76, 4.15, 4.07, 3.83, 3.58, 3.15, 3.03, 3.51, 4.33, 5.39, 6.09, 5.64, 4.21, 4.48, 5.252, 5.153, 4.738, 4.3, 4.459, 4.36, 4.1, 3.78, 4.387, 4.842, 4.568, 4.36, 3.855, 4.092, 4.342, 5.209], [5.58, 6.13, 4.84, 4.61, 5.56, 5.66, 5.58, 4.6, 4.65, 5.6, 6.02, 6.05, 5.11, 4.74, 5.34, 7.87, 9.74, 7.98, 6.15, 6.22, 6.61, 6.61, 6.62, 6.86, 6.8, 6.33, 6.77, 6.62, 5.25, 5.57, 5.36, 4.62, 5.29, 5.64, 5.32, 5.29, 4.85, 4.887, 5.523, 4.958, 4.919, 5.11, 5.551, 5.79, 6.21, 6.258, 6.25, 6.198, 6.248, 6.639, 6.265, 6.423, 6.03, 3.21, 0, 1.34, 1.61, 1.2, 1.22, 1.24, 0.99, 1.04, 1.42, 1.92, 2.16, 2.42, 3.02, 2.67, 1.98, 2.97, 3.41, 3.09, 3.27, 3.45, 4.23, 4.15, 3.95, 2.93, 2.17, 2.27, 2.0, 1.88, 1.93, 1.83, 1.9, 2.31], [6.831, 7.381, 6.037, 5.81, 6.76, 6.88, 6.82, 5.84, 5.81, 6.78, 7.18, 7.19, 6.21, 5.88, 6.52, 9.11, 10.971, 9.188, 7.37, 7.46, 7.85, 7.89, 7.86, 8.04, 7.972, 7.584, 7.97, 7.793, 6.466, 6.806, 6.62, 5.66, 6.41, 6.8, 6.52, 6.55, 6.101, 6.129, 6.786, 6.212, 6.167, 6.335, 6.793, 7.035, 7.458, 7.515, 7.515, 7.452, 7.487, 7.876, 7.501, 7.654, 7.278, 4.47, 1.34, 0, 0.73, 0.82, 1.02, 1.24, 1.41, 1.8, 1.96, 2.04, 1.9, 1.9, 2.18, 1.97, 1.96, 2.79, 3.19, 2.95, 3.17, 3.39, 4.31, 4.25, 3.99, 3.13, 2.11, 1.83, 1.7, 1.72, 2.15, 2.09, 2.02, 1.77], [7.092, 7.66, 6.359, 6.1, 7.03, 7.17, 7.11, 6.17, 6.1, 7.09, 7.49, 7.52, 6.54, 6.17, 6.73, 9.38, 11.287, 9.487, 7.66, 7.77, 8.14, 8.2, 8.17, 8.35, 8.304, 7.892, 8.24, 8.103, 6.74, 7.1, 6.89, 5.97, 6.7, 7.09, 6.85, 6.84, 6.4, 6.411, 7.091, 6.505, 6.44, 6.607, 7.101, 7.32, 7.757, 7.788, 7.806, 7.725, 7.76, 8.148, 7.774, 7.942, 7.56, 4.76, 1.61, 0.73, 0, 0.93, 1.13, 1.35, 1.5, 2.05, 2.09, 2.23, 1.91, 1.81, 1.99, 1.86, 2.15, 2.74, 3.1, 2.84, 3.12, 3.44, 4.26, 4.26, 3.88, 3.16, 2.06, 1.58, 1.61, 1.83, 2.26, 2.1, 2.01, 1.8], [6.511, 7.061, 5.729, 5.59, 6.54, 6.6, 6.5, 5.56, 5.53, 6.5, 6.86, 6.89, 5.99, 5.68, 6.3, 8.77, 10.677, 8.88, 7.09, 7.18, 7.53, 7.59, 7.6, 7.78, 7.714, 7.31, 7.67, 7.56, 6.17, 6.53, 6.42, 5.64, 6.33, 6.56, 6.3, 6.23, 5.79, 5.83, 6.486, 5.901, 5.847, 6.032, 6.493, 6.715, 7.144, 7.198, 7.195, 7.132, 7.167, 7.556, 7.181, 7.349, 6.958, 4.15, 1.2, 0.82, 0.93, 0, 0.62, 0.88, 0.95, 1.56, 1.82, 1.96, 1.88, 1.9, 2.22, 2.15, 2.14, 2.83, 3.13, 2.97, 3.17, 3.31, 4.23, 4.17, 3.83, 2.97, 2.03, 1.63, 1.44, 1.54, 2.03, 1.99, 1.98, 1.97], [6.371, 6.921, 5.62, 5.43, 6.44, 6.54, 6.4, 5.46, 5.47, 6.4, 6.84, 6.89, 5.97, 5.66, 6.28, 8.75, 10.56, 8.82, 6.99, 7.06, 7.45, 7.51, 7.54, 7.7, 7.58, 7.13, 7.67, 7.48, 6.15, 6.47, 6.26, 5.36, 6.17, 6.52, 6.18, 6.15, 5.641, 5.672, 6.326, 5.752, 5.742, 5.93, 6.373, 6.575, 7.024, 7.081, 7.035, 6.992, 7.039, 7.425, 7.053, 7.209, 6.818, 4.07, 1.22, 1.02, 1.13, 0.62, 0, 0.7, 0.85, 1.44, 1.82, 2.1, 1.98, 1.96, 2.34, 2.15, 2.3, 3.03, 3.25, 3.03, 3.23, 3.39, 4.35, 4.27, 3.87, 3.09, 2.11, 1.63, 1.52, 1.72, 2.19, 2.11, 2.06, 2.15], [6.06, 6.61, 5.4, 5.27, 6.26, 6.34, 6.2, 5.32, 5.27, 6.3, 6.72, 6.77, 5.85, 5.5, 6.1, 8.53, 10.36, 8.6, 6.79, 6.88, 7.27, 7.33, 7.38, 7.46, 7.32, 6.93, 7.45, 7.26, 5.95, 6.25, 6.08, 5.28, 6.09, 6.34, 6.02, 5.97, 5.35, 5.369, 6.03, 5.438, 5.44, 5.67, 6.1, 6.31, 6.75, 6.77, 6.77, 6.678, 6.728, 7.119, 6.745, 6.903, 6.51, 3.83, 1.24, 1.24, 1.35, 0.88, 0.7, 0, 0.73, 1.18, 1.78, 2.06, 1.92, 2.12, 2.54, 2.25, 2.34, 2.93, 3.25, 2.95, 3.13, 3.21, 4.07, 4.01, 3.75, 2.79, 1.81, 1.61, 1.48, 1.62, 1.99, 1.87, 1.9, 2.21], [5.91, 6.44, 5.13, 5.2, 6.17, 6.25, 5.99, 5.13, 5.16, 6.19, 6.55, 6.6, 5.68, 5.37, 5.97, 8.32, 10.09, 8.47, 6.7, 6.73, 7.04, 7.12, 7.21, 7.33, 7.09, 6.8, 7.32, 7.11, 5.86, 6.14, 6.03, 5.19, 5.96, 6.19, 5.87, 5.74, 5.16, 5.197, 5.86, 5.28, 5.25, 5.48, 5.93, 6.1, 6.52, 6.568, 6.56, 6.508, 6.558, 6.949, 6.575, 6.733, 6.34, 3.58, 0.99, 1.41, 1.5, 0.95, 0.85, 0.73, 0, 1.11, 1.87, 2.21, 2.11, 2.45, 2.73, 2.54, 2.49, 3.24, 3.6, 3.4, 3.56, 3.5, 4.28, 4.24, 4.0, 3.0, 2.02, 1.88, 1.87, 1.83, 2.12, 2.14, 2.19, 2.44], [5.46, 6.01, 4.76, 4.67, 5.64, 5.7, 5.52, 4.68, 4.63, 5.7, 6.08, 6.13, 5.19, 4.88, 5.46, 7.85, 9.68, 7.94, 6.17, 6.24, 6.61, 6.65, 6.7, 6.84, 6.72, 6.31, 6.79, 6.58, 5.33, 5.59, 5.48, 4.62, 5.45, 5.68, 5.36, 5.29, 4.75, 4.769, 5.43, 4.838, 4.799, 5.01, 5.46, 5.67, 6.11, 6.138, 6.17, 6.078, 6.128, 6.519, 6.145, 6.303, 5.91, 3.15, 1.04, 1.8, 2.05, 1.56, 1.44, 1.18, 1.11, 0, 1.04, 1.44, 1.9, 2.62, 3.06, 2.75, 2.16, 2.83, 3.27, 3.05, 3.15, 3.25, 3.93, 3.93, 3.69, 2.77, 2.03, 2.19, 1.98, 2.1, 2.15, 1.91, 2.0, 2.59], [5.32, 5.87, 4.52, 4.37, 5.3, 5.42, 5.32, 4.4, 4.39, 5.34, 5.76, 5.81, 4.87, 4.52, 5.1, 7.63, 9.48, 7.72, 5.91, 5.98, 6.37, 6.41, 6.42, 6.58, 6.48, 6.07, 6.53, 6.36, 5.03, 5.33, 5.12, 4.4, 5.09, 5.4, 5.1, 5.03, 4.578, 4.609, 5.283, 4.698, 4.659, 4.85, 5.291, 5.53, 5.941, 5.992, 5.99, 5.929, 5.976, 6.362, 5.99, 6.146, 5.755, 3.03, 1.42, 1.96, 2.09, 1.82, 1.82, 1.78, 1.87, 1.04, 0, 1.02, 1.8, 2.56, 3.2, 2.81, 1.94, 2.59, 3.19, 2.89, 2.93, 3.29, 3.81, 3.69, 3.49, 2.69, 2.29, 2.31, 2.12, 2.28, 2.37, 2.07, 2.16, 2.77], [5.848, 6.41, 5.12, 4.93, 5.82, 5.9, 5.84, 4.88, 4.89, 5.8, 6.2, 6.21, 5.29, 4.96, 5.6, 8.11, 9.991, 8.2, 6.41, 6.46, 6.87, 6.91, 6.86, 7.14, 7.08, 6.61, 6.97, 6.86, 5.53, 5.81, 5.74, 4.92, 5.59, 5.84, 5.52, 5.55, 5.127, 5.167, 5.803, 5.241, 5.199, 5.369, 5.827, 6.052, 6.504, 6.544, 6.521, 6.481, 6.528, 6.919, 6.545, 6.703, 6.31, 3.51, 1.92, 2.04, 2.23, 1.96, 2.1, 2.06, 2.21, 1.44, 1.02, 0, 1.26, 2.22, 2.8, 2.49, 1.54, 1.99, 2.71, 2.53, 2.51, 2.87, 3.27, 3.23, 2.99, 2.47, 2.05, 2.07, 1.9, 2.14, 2.19, 1.85, 1.94, 2.39], [6.72, 7.258, 5.92, 5.87, 6.84, 6.86, 6.72, 5.76, 5.81, 6.76, 7.12, 7.17, 6.27, 5.94, 6.56, 8.99, 10.86, 9.14, 7.31, 7.4, 7.73, 7.79, 7.84, 8.0, 7.88, 7.53, 7.93, 7.8, 6.47, 6.77, 6.7, 5.86, 6.59, 6.84, 6.56, 6.45, 5.978, 6.009, 6.683, 6.098, 6.059, 6.249, 6.711, 6.912, 7.341, 7.392, 7.39, 7.329, 7.376, 7.762, 7.39, 7.546, 7.155, 4.33, 2.16, 1.9, 1.91, 1.88, 1.98, 1.92, 2.11, 1.9, 1.8, 1.26, 0, 1.32, 1.9, 1.57, 1.26, 1.45, 1.91, 1.69, 1.81, 2.01, 2.71, 2.69, 2.43, 2.03, 1.41, 1.35, 1.44, 1.78, 1.87, 1.55, 1.44, 1.57], [7.728, 8.278, 6.96, 6.69, 7.68, 7.82, 7.74, 6.78, 6.77, 7.7, 8.12, 8.17, 7.25, 6.9, 7.48, 10.01, 11.88, 10.1, 8.27, 8.36, 8.75, 8.81, 8.8, 9.02, 8.94, 8.47, 8.91, 8.74, 7.39, 7.73, 7.5, 6.68, 7.41, 7.76, 7.46, 7.45, 7.007, 7.047, 7.683, 7.112, 7.079, 7.249, 7.711, 7.932, 8.364, 8.424, 8.41, 8.352, 8.384, 8.776, 8.398, 8.56, 8.175, 5.39, 2.42, 1.9, 1.81, 1.9, 1.96, 2.12, 2.45, 2.62, 2.56, 2.22, 1.32, 0, 0.96, 0.85, 1.46, 1.99, 1.79, 1.61, 1.97, 2.49, 3.33, 3.37, 2.85, 2.79, 1.91, 1.45, 1.52, 1.92, 2.21, 2.03, 1.84, 1.39], [8.405, 8.958, 7.66, 7.37, 8.32, 8.54, 8.44, 7.52, 7.49, 8.48, 8.9, 8.93, 7.97, 7.6, 8.16, 10.73, 12.58, 10.78, 8.99, 9.12, 9.51, 9.55, 9.54, 9.74, 9.64, 9.19, 9.59, 9.42, 8.09, 8.45, 8.2, 7.22, 8.03, 8.42, 8.14, 8.15, 7.69, 7.727, 8.383, 7.798, 7.759, 7.929, 8.411, 8.612, 9.05, 9.098, 9.09, 9.038, 9.064, 9.453, 9.078, 9.246, 8.855, 6.09, 3.02, 2.18, 1.99, 2.22, 2.34, 2.54, 2.73, 3.06, 3.2, 2.8, 1.9, 0.96, 0, 0.67, 2.12, 2.43, 1.93, 1.99, 2.37, 3.01, 3.89, 3.85, 3.41, 3.47, 2.53, 1.83, 2.0, 2.38, 2.87, 2.67, 2.48, 1.87], [7.938, 8.488, 7.21, 6.9, 7.91, 8.11, 8.01, 7.11, 7.06, 8.07, 8.49, 8.52, 7.58, 7.21, 7.77, 10.28, 12.13, 10.33, 8.56, 8.71, 9.1, 9.12, 9.11, 9.29, 9.21, 8.78, 9.16, 8.99, 7.64, 8.0, 7.75, 6.73, 7.62, 8.01, 7.73, 7.72, 7.22, 7.259, 7.94, 7.34, 7.289, 7.459, 7.95, 8.16, 8.58, 8.628, 8.64, 8.568, 8.594, 8.983, 8.608, 8.796, 8.4, 5.64, 2.67, 1.97, 1.86, 2.15, 2.15, 2.25, 2.54, 2.75, 2.81, 2.49, 1.57, 0.85, 0.67, 0, 1.77, 1.98, 1.78, 1.7, 2.02, 2.58, 3.5, 3.44, 3.14, 3.12, 2.14, 1.68, 1.83, 2.07, 2.4, 2.22, 2.07, 1.6], [6.551, 7.101, 5.789, 5.55, 6.46, 6.6, 6.54, 5.56, 5.55, 6.48, 6.9, 6.89, 5.95, 5.6, 6.22, 8.821, 10.691, 8.908, 7.09, 7.18, 7.57, 7.59, 7.56, 7.84, 7.769, 7.31, 7.69, 7.563, 6.19, 6.506, 6.32, 5.74, 6.29, 6.54, 6.239, 6.235, 5.85, 5.89, 6.503, 5.935, 5.881, 6.092, 6.533, 6.755, 7.187, 7.244, 7.215, 7.175, 7.219, 7.598, 7.221, 7.383, 6.998, 4.21, 1.98, 1.96, 2.15, 2.14, 2.3, 2.34, 2.49, 2.16, 1.94, 1.54, 1.26, 1.46, 2.12, 1.77, 0, 1.41, 2.05, 1.79, 1.71, 2.05, 2.71, 2.67, 2.57, 2.41, 1.91, 1.89, 1.84, 1.68, 1.71, 1.73, 1.64, 1.77], [6.518, 7.089, 6.03, 5.78, 6.71, 6.81, 6.71, 5.91, 5.82, 6.77, 7.11, 7.26, 6.272, 5.97, 6.53, 8.846, 10.833, 9.03, 7.4, 7.49, 7.88, 7.88, 7.85, 8.09, 8.013, 7.56, 7.76, 7.67, 6.34, 6.42, 6.45, 5.79, 6.56, 6.67, 6.33, 6.363, 5.954, 5.874, 6.457, 5.957, 5.77, 5.897, 6.31, 6.615, 7.294, 7.274, 7.292, 7.166, 7.124, 7.45, 7.098, 7.174, 7.032, 4.48, 2.97, 2.79, 2.74, 2.83, 3.03, 2.93, 3.24, 2.83, 2.59, 1.99, 1.45, 1.99, 2.43, 1.98, 1.41, 0, 1.22, 1.22, 1.16, 1.58, 2.18, 2.06, 1.98, 2.0, 2.08, 2.16, 2.05, 2.01, 1.92, 1.84, 1.89, 2.04], [7.301, 7.88, 6.883, 6.678, 7.63, 7.73, 7.63, 6.87, 6.76, 7.61, 8.01, 8.16, 7.224, 6.983, 7.52, 9.715, 11.682, 9.885, 8.293, 8.385, 8.76, 8.747, 8.76, 8.957, 8.879, 8.5, 8.6, 8.485, 7.2, 7.295, 7.35, 6.77, 7.72, 7.71, 7.25, 7.232, 6.738, 6.68, 7.263, 6.76, 6.576, 6.706, 7.136, 7.443, 8.086, 8.066, 8.098, 7.946, 7.892, 8.227, 7.881, 7.992, 7.821, 5.252, 3.41, 3.19, 3.1, 3.13, 3.25, 3.25, 3.6, 3.27, 3.19, 2.71, 1.91, 1.79, 1.93, 1.78, 2.05, 1.22, 0, 0.7, 1.04, 1.72, 2.5, 2.44, 2.24, 2.32, 2.16, 2.14, 2.19, 2.35, 2.18, 1.92, 1.89, 1.96], [7.059, 7.698, 6.717, 6.429, 7.395, 7.531, 7.554, 6.697, 6.641, 7.454, 7.911, 8.025, 7.15, 6.798, 7.329, 9.622, 11.566, 9.735, 8.09, 8.206, 8.642, 8.642, 8.6, 8.835, 8.766, 8.314, 8.549, 8.355, 7.031, 7.163, 7.059, 6.503, 7.426, 7.547, 7.204, 7.148, 6.552, 6.53, 7.084, 6.552, 6.354, 6.525, 6.96, 7.29, 7.924, 7.881, 7.915, 7.738, 7.644, 7.99, 7.653, 7.747, 7.635, 5.153, 3.09, 2.95, 2.84, 2.97, 3.03, 2.95, 3.4, 3.05, 2.89, 2.53, 1.69, 1.61, 1.99, 1.7, 1.79, 1.22, 0.7, 0, 0.74, 1.5, 2.4, 2.3, 2.14, 2.1, 1.74, 1.84, 1.89, 2.03, 2.0, 1.74, 1.59, 1.76], [6.639, 7.272, 6.285, 6.107, 6.954, 7.134, 7.177, 6.346, 6.224, 7.057, 7.494, 7.582, 6.713, 6.374, 6.901, 9.157, 11.098, 9.327, 7.663, 7.834, 8.227, 8.227, 8.173, 8.375, 8.377, 7.973, 8.167, 7.973, 6.713, 6.764, 6.777, 6.415, 7.239, 7.223, 6.82, 6.736, 6.166, 6.119, 6.641, 6.183, 5.894, 6.053, 6.465, 6.878, 7.484, 7.39, 7.461, 7.281, 7.176, 7.513, 7.161, 7.247, 7.192, 4.738, 3.27, 3.17, 3.12, 3.17, 3.23, 3.13, 3.56, 3.15, 2.93, 2.51, 1.81, 1.97, 2.37, 2.02, 1.71, 1.16, 1.04, 0.74, 0, 1.06, 2.0, 1.92, 1.78, 1.94, 2.02, 2.06, 2.05, 2.17, 1.92, 1.88, 1.79, 1.98], [5.954, 6.649, 5.937, 6.116, 6.894, 7.031, 6.877, 6.286, 6.14, 6.994, 7.314, 7.38, 6.456, 6.309, 6.668, 8.705, 10.598, 9.144, 7.547, 7.614, 7.887, 7.907, 7.977, 8.004, 7.96, 7.91, 8.027, 7.837, 6.73, 6.624, 6.82, 6.63, 7.356, 7.24, 6.68, 6.393, 5.68, 5.72, 6.11, 5.661, 5.33, 5.639, 6.009, 6.319, 6.912, 6.829, 6.835, 6.683, 6.476, 6.811, 6.42, 6.623, 6.592, 4.3, 3.45, 3.39, 3.44, 3.31, 3.39, 3.21, 3.5, 3.25, 3.29, 2.87, 2.01, 2.49, 3.01, 2.58, 2.05, 1.58, 1.72, 1.5, 1.06, 0, 1.56, 1.46, 1.42, 1.6, 1.92, 2.12, 2.21, 2.23, 1.94, 2.12, 2.01, 2.24], [5.525, 5.92, 5.726, 6.14, 6.64, 6.786, 6.686, 6.269, 6.185, 6.809, 7.129, 7.182, 6.402, 6.318, 6.472, 8.333, 10.064, 8.833, 7.419, 7.403, 7.693, 7.713, 7.763, 7.654, 7.703, 7.819, 7.839, 7.566, 6.516, 6.519, 6.726, 6.818, 7.339, 7.172, 6.589, 6.339, 5.411, 5.311, 5.839, 5.362, 5.378, 5.808, 6.075, 6.088, 6.302, 6.308, 6.039, 5.802, 5.792, 6.072, 5.952, 5.979, 5.784, 4.459, 4.23, 4.31, 4.26, 4.23, 4.35, 4.07, 4.28, 3.93, 3.81, 3.27, 2.71, 3.33, 3.89, 3.5, 2.71, 2.18, 2.5, 2.4, 2.0, 1.56, 0, 0.64, 1.3, 2.0, 2.54, 2.98, 3.05, 3.05, 2.8, 2.78, 2.83, 3.12], [5.33, 5.78, 5.53, 5.96, 6.497, 6.603, 6.5, 6.089, 6.04, 6.669, 6.969, 7.019, 6.24, 6.21, 6.31, 8.158, 9.921, 8.651, 7.236, 7.22, 7.51, 7.53, 7.58, 7.49, 7.52, 7.639, 7.636, 7.38, 6.319, 6.339, 6.506, 6.67, 7.156, 7.009, 6.406, 6.159, 5.36, 5.36, 5.639, 5.199, 5.25, 5.66, 5.91, 6.0, 6.22, 6.18, 5.999, 5.839, 5.849, 6.169, 5.929, 5.899, 5.659, 4.36, 4.15, 4.25, 4.26, 4.17, 4.27, 4.01, 4.24, 3.93, 3.69, 3.23, 2.69, 3.37, 3.85, 3.44, 2.67, 2.06, 2.44, 2.3, 1.92, 1.46, 0.64, 0, 1.12, 1.9, 2.5, 2.94, 