[[0, 0.45, 1.68, 2.55, 1.95, 1.54, 1.39, 1.91, 2.47, 2.71, 2.82, 3.61, 5.11, 6.01, 6.1, 4.9, 4.42, 3.59, 3.28, 3.71, 3.25, 2.29, 2.01, 2.31, 2.93, 3.14, 3.63, 3.61, 3.33, 2.61, 1.92, 2.23, 2.31, 2.56, 2.13, 1.91, 2.28, 2.09, 2.19, 2.3, 2.11, 2.44, 2.66, 3.05, 1.97, 2.16, 2.8, 2.59, 2.17, 2.1, 1.95, 2.25, 2.55, 2.65, 3.26, 3.83, 3.66, 3.36, 3.69, 3.97, 3.89, 3.82, 3.83, 4.62, 4.75, 3.53, 3.31, 3.68, 4.15, 4.76, 5.72, 4.74, 3.59, 3.66, 4.39, 4.29, 4.75, 5.75, 5.74, 3.81, 2.47, 0.9, 1.48, 2.6, 3.28, 3.39], [0.45, 0, 1.53, 2.4, 1.82, 1.41, 1.44, 2.02, 2.62, 2.8, 2.93, 3.68, 5.08, 6.02, 6.11, 4.99, 4.47, 3.56, 3.23, 3.66, 3.22, 2.28, 2.0, 2.34, 2.9, 3.21, 3.6, 3.6, 3.32, 2.64, 1.93, 2.24, 2.32, 2.53, 2.16, 1.88, 2.29, 2.14, 2.06, 2.23, 2.02, 2.45, 2.59, 2.92, 1.92, 2.29, 2.85, 2.72, 2.3, 2.15, 2.06, 2.24, 2.52, 2.52, 3.21, 3.88, 3.73, 3.29, 3.58, 3.9, 3.96, 3.91, 3.84, 4.59, 4.74, 3.6, 3.42, 3.81, 4.28, 4.87, 5.81, 4.77, 3.6, 3.65, 4.44, 4.32, 4.76, 5.74, 5.75, 3.82, 2.44, 0.95, 1.43, 2.43, 3.11, 3.24], [1.68, 1.53, 0, 1.15, 1.43, 1.46, 2.05, 2.61, 3.19, 3.57, 4.38, 5.07, 6.35, 7.29, 7.38, 6.38, 5.86, 4.77, 4.44, 4.91, 4.45, 3.41, 3.13, 3.45, 4.27, 4.48, 4.87, 4.85, 4.41, 3.69, 2.24, 1.91, 2.01, 3.26, 2.79, 2.61, 2.36, 2.25, 1.73, 1.68, 2.05, 2.48, 2.22, 2.35, 2.17, 3.42, 4.04, 3.89, 3.43, 3.22, 3.13, 3.17, 3.21, 3.15, 4.28, 5.21, 4.96, 4.42, 4.39, 4.53, 5.05, 5.04, 4.95, 5.8, 6.07, 5.01, 4.79, 5.22, 5.57, 6.12, 7.1, 6.2, 4.99, 5.0, 5.81, 5.67, 6.11, 7.07, 7.02, 5.05, 3.57, 2.0, 1.38, 1.42, 1.8, 1.85], [2.55, 2.4, 1.15, 0, 1.3, 2.09, 2.64, 3.32, 3.74, 4.18, 5.21, 5.96, 7.28, 8.18, 8.21, 7.21, 6.69, 5.6, 5.29, 5.7, 5.2, 4.14, 3.86, 4.14, 5.02, 5.13, 5.62, 5.58, 5.2, 4.5, 3.05, 2.3, 2.6, 4.07, 3.62, 3.3, 3.03, 2.48, 1.82, 1.61, 2.14, 2.61, 2.27, 2.3, 2.88, 4.27, 4.91, 4.8, 4.32, 4.19, 4.08, 4.1, 4.12, 4.04, 5.15, 6.06, 5.87, 5.29, 5.34, 5.56, 5.98, 5.95, 5.76, 6.61, 6.94, 5.86, 5.68, 6.09, 6.24, 6.79, 7.73, 7.01, 5.76, 5.77, 6.6, 6.46, 6.96, 7.88, 7.81, 5.86, 4.4, 2.89, 2.11, 1.69, 1.47, 1.52], [1.95, 1.82, 1.43, 1.3, 0, 1.21, 1.9, 2.4, 2.84, 3.22, 4.23, 4.9, 6.28, 7.28, 7.37, 6.27, 5.71, 4.78, 4.39, 4.8, 4.28, 3.22, 2.96, 3.44, 4.08, 4.33, 4.6, 4.62, 4.44, 3.94, 2.91, 2.64, 2.92, 3.75, 3.36, 3.04, 3.01, 2.7, 2.26, 2.07, 2.2, 2.75, 2.79, 3.02, 2.88, 3.71, 4.15, 4.22, 3.74, 3.55, 3.5, 3.7, 3.66, 3.62, 4.43, 5.3, 5.17, 4.77, 4.96, 5.2, 5.4, 5.39, 5.18, 5.79, 5.96, 4.9, 4.7, 5.07, 5.38, 5.99, 6.93, 5.97, 4.7, 4.69, 5.5, 5.46, 5.9, 6.88, 6.93, 5.1, 3.68, 2.19, 1.77, 2.13, 2.23, 2.4], [1.54, 1.41, 1.46, 2.09, 1.21, 0, 1.33, 1.77, 2.23, 2.61, 3.32, 4.03, 5.25, 6.27, 6.44, 5.4, 4.84, 3.71, 3.4, 3.83, 3.39, 2.41, 2.23, 2.67, 3.31, 3.4, 3.71, 3.69, 3.77, 3.39, 2.74, 2.93, 3.01, 3.4, 3.09, 2.71, 2.96, 2.85, 2.59, 2.5, 2.59, 3.02, 3.2, 3.47, 2.65, 3.12, 3.4, 3.47, 3.05, 2.86, 2.79, 3.15, 3.23, 3.25, 3.72, 4.57, 4.48, 4.16, 4.47, 4.85, 4.85, 4.72, 4.47, 4.82, 5.09, 4.05, 3.83, 4.2, 4.45, 5.06, 5.98, 5.14, 3.89, 3.9, 4.71, 4.57, 5.03, 5.95, 6.02, 4.33, 3.01, 1.8, 1.72, 2.5, 2.98, 3.01], [1.39, 1.44, 2.05, 2.64, 1.9, 1.33, 0, 1.16, 1.68, 2.24, 2.63, 3.44, 4.76, 5.62, 5.81, 4.69, 4.17, 3.24, 2.93, 3.32, 2.84, 2.04, 2.04, 2.06, 2.72, 2.85, 3.22, 3.32, 3.34, 3.3, 2.83, 2.98, 3.14, 3.41, 3.06, 2.78, 3.13, 2.92, 2.64, 2.55, 2.6, 3.17, 3.43, 3.62, 2.82, 2.89, 2.97, 2.88, 2.62, 2.73, 2.68, 3.18, 3.48, 3.6, 4.03, 4.34, 4.13, 4.27, 4.7, 4.94, 4.66, 4.41, 4.14, 4.33, 4.48, 3.36, 3.16, 3.51, 3.64, 4.27, 5.21, 4.47, 3.24, 3.31, 4.08, 3.96, 4.44, 5.4, 5.43, 3.62, 2.5, 1.71, 2.07, 2.95, 3.53, 3.58], [1.91, 2.02, 2.61, 3.32, 2.4, 1.77, 1.16, 0, 1.08, 1.7, 2.13, 2.98, 4.4, 5.3, 5.33, 4.31, 3.73, 2.98, 2.79, 3.0, 2.78, 2.52, 2.56, 2.46, 3.04, 3.21, 3.58, 3.72, 3.98, 4.06, 3.51, 3.56, 3.72, 4.15, 3.72, 3.42, 3.75, 3.52, 3.3, 3.27, 3.2, 3.81, 4.05, 4.3, 3.48, 3.55, 3.59, 3.32, 3.22, 3.37, 3.34, 3.9, 4.12, 4.26, 4.61, 4.9, 4.65, 4.89, 5.34, 5.68, 5.34, 5.05, 4.8, 4.59, 4.02, 2.92, 2.68, 3.03, 3.38, 4.03, 4.91, 4.03, 2.88, 2.91, 3.64, 3.68, 4.1, 5.02, 5.33, 4.08, 3.04, 2.45, 2.81, 3.67, 4.27, 4.16], [2.47, 2.62, 3.19, 3.74, 2.84, 2.23, 1.68, 1.08, 0, 1.24, 1.69, 2.64, 4.26, 5.24, 5.21, 4.13, 3.47, 3.08, 3.13, 3.1, 3.12, 2.98, 3.1, 2.98, 3.5, 3.57, 4.04, 4.16, 4.52, 4.58, 4.07, 4.3, 4.38, 4.65, 4.24, 4.04, 4.39, 4.12, 4.04, 3.99, 3.9, 4.43, 4.77, 5.04, 4.02, 4.07, 4.09, 3.76, 3.66, 3.87, 3.94, 4.46, 4.66, 4.8, 5.15, 5.44, 5.15, 5.49, 5.92, 6.22, 5.86, 5.59, 5.32, 5.03, 3.98, 2.64, 2.48, 2.81, 3.44, 4.05, 4.83, 3.83, 2.84, 2.89, 3.54, 3.74, 4.28, 5.1, 5.69, 4.62, 3.6, 2.99, 3.25, 4.25, 4.75, 4.82], [2.71, 2.8, 3.57, 4.18, 3.22, 2.61, 2.24, 1.7, 1.24, 0, 1.61, 2.2, 3.8, 4.9, 4.93, 3.97, 3.31, 2.88, 2.77, 2.9, 2.82, 2.66, 2.82, 2.92, 3.3, 3.41, 3.64, 3.84, 4.26, 4.32, 4.03, 4.6, 4.54, 4.23, 3.98, 3.86, 4.33, 4.34, 4.42, 4.35, 4.12, 4.53, 4.91, 5.36, 4.1, 3.71, 3.61, 3.36, 3.5, 3.65, 3.98, 4.26, 4.2, 4.14, 4.53, 4.86, 4.57, 4.89, 5.36, 5.7, 5.36, 5.13, 4.9, 4.55, 3.7, 2.28, 2.32, 2.33, 3.28, 4.07, 4.81, 3.61, 2.64, 2.73, 3.42, 3.6, 4.0, 4.92, 5.37, 4.2, 3.34, 3.09, 3.53, 4.69, 5.21, 5.24], [2.82, 2.93, 4.38, 5.21, 4.23, 3.32, 2.63, 2.13, 1.69, 1.61, 0, 1.31, 2.91, 3.95, 3.9, 2.96, 2.38, 2.07, 2.2, 2.17, 2.25, 2.55, 2.69, 2.73, 2.81, 2.74, 3.03, 3.23, 3.65, 3.69, 3.5, 4.39, 4.17, 3.64, 3.59, 3.53, 4.12, 3.93, 4.31, 4.599, 4.05, 4.1, 4.62, 5.17, 3.57, 3.08, 2.92, 2.59, 2.61, 2.94, 3.23, 3.47, 3.77, 3.85, 4.04, 4.23, 3.98, 4.32, 4.75, 5.07, 4.75, 4.48, 4.25, 3.94, 2.77, 1.43, 1.53, 1.6, 2.51, 3.04, 3.72, 2.66, 1.91, 1.9, 2.53, 2.75, 3.25, 4.01, 4.58, 3.55, 2.55, 2.94, 3.959, 5.279, 6.019, 6.149], [3.61, 3.68, 5.07, 5.96, 4.9, 4.03, 3.44, 2.98, 2.64, 2.2, 1.31, 0, 1.86, 2.92, 3.09, 2.19, 1.73, 1.56, 1.85, 1.54, 1.86, 2.46, 2.88, 2.64, 2.16, 2.35, 2.42, 2.5, 2.98, 3.14, 3.95, 5.06, 4.64, 3.25, 3.72, 3.94, 4.39, 4.64, 5.1, 5.366, 4.88, 4.61, 5.09, 5.84, 3.88, 2.67, 2.41, 2.26, 2.7, 2.85, 3.28, 3.32, 3.38, 3.34, 3.49, 3.54, 3.29, 3.61, 3.98, 4.36, 3.94, 3.77, 3.54, 3.11, 1.92, 1.56, 1.5, 1.43, 1.92, 2.45, 2.97, 1.91, 1.4, 1.41, 1.86, 2.12, 2.64, 3.34, 3.85, 2.82, 2.26, 3.566, 4.663, 5.963, 6.703, 6.833], [5.11, 5.08, 6.35, 7.28, 6.28, 5.25, 4.76, 4.4, 4.26, 3.8, 2.91, 1.86, 0, 1.52, 2.15, 1.93, 1.61, 1.86, 2.41, 1.9, 2.52, 3.589, 4.009, 3.794, 2.82, 2.59, 2.14, 2.1, 2.78, 3.7, 5.15, 6.32, 5.88, 3.83, 4.78, 5.18, 5.61, 5.92, 6.38, 6.65, 6.24, 5.93, 6.33, 7.02, 5.06, 3.37, 2.67, 3.1, 3.7, 3.51, 3.86, 3.66, 3.68, 3.6, 2.67, 2.52, 2.45, 2.61, 2.9, 3.28, 3.2, 3.05, 2.94, 2.25, 1.72, 2.46, 2.32, 2.23, 1.82, 1.67, 2.01, 1.63, 1.8, 1.79, 1.7, 1.94, 2.2, 2.44, 2.43, 2.34, 3.38, 4.87, 5.79, 7.15, 7.855, 7.985], [6.01, 6.02, 7.29, 8.18, 7.28, 6.27, 5.62, 5.3, 5.24, 4.9, 3.95, 2.92, 1.52, 0, 1.39, 1.79, 2.17, 2.86, 3.49, 2.94, 3.542, 4.589, 5.049, 4.723, 3.7, 3.35, 3.02, 3.0, 3.66, 4.68, 5.99, 7.16, 6.74, 4.71, 5.66, 6.04, 6.49, 6.76, 7.24, 7.53, 7.1, 6.85, 7.27, 7.98, 5.98, 4.27, 3.57, 4.08, 4.64, 4.59, 4.86, 4.68, 4.64, 4.68, 3.55, 2.56, 2.81, 3.23, 3.32, 3.26, 2.72, 2.73, 2.8, 1.91, 1.84, 3.14, 3.08, 2.95, 2.34, 1.81, 1.39, 1.93, 2.82, 2.79, 2.06, 2.06, 1.96, 1.84, 2.07, 2.74, 4.32, 5.87, 6.87, 8.149, 8.889, 9.019], [6.1, 6.11, 7.38, 8.21, 7.37, 6.44, 5.81, 5.33, 5.21, 4.93, 3.9, 3.09, 2.15, 1.39, 0, 1.58, 2.1, 2.97, 3.58, 3.05, 3.678, 4.681, 5.076, 4.829, 3.77, 3.48, 3.23, 3.19, 3.85, 4.81, 6.1, 7.29, 6.91, 4.82, 5.73, 6.13, 6.58, 6.85, 7.31, 7.6, 7.19, 7.02, 7.46, 8.19, 6.13, 4.5, 3.94, 4.31, 5.03, 5.06, 5.37, 5.23, 5.01, 5.05, 4.08, 3.41, 3.52, 3.98, 3.85, 3.87, 2.97, 3.0, 3.03, 2.02, 1.85, 3.11, 3.01, 2.94, 2.47, 2.04, 1.28, 1.9, 2.87, 2.86, 2.25, 2.21, 1.83, 1.29, 1.54, 3.01, 4.53, 5.98, 7.02, 8.32, 9.06, 9.19], [4.9, 4.99, 6.38, 7.21, 6.27, 5.4, 4.69, 4.31, 4.13, 3.97, 2.96, 2.19, 1.93, 1.79, 1.58, 0, 1.04, 1.87, 2.46, 2.01, 2.57, 3.57, 3.95, 3.73, 2.49, 2.38, 2.21, 2.49, 2.99, 3.73, 4.98, 6.11, 5.67, 3.68, 4.55, 4.97, 5.42, 5.69, 6.17, 6.48, 6.05, 5.86, 6.34, 7.07, 5.11, 3.5, 3.18, 3.53, 4.17, 4.26, 4.59, 4.51, 4.33, 4.39, 3.86, 3.31, 3.26, 3.74, 3.57, 3.65, 3.11, 2.78, 2.49, 1.74, 1.01, 2.03, 2.01, 1.92, 1.49, 1.38, 1.2, 1.24, 1.83, 1.84, 1.29, 1.19, 1.31, 1.65, 2.1, 2.15, 3.45, 4.8, 5.9, 7.18, 7.92, 8.05], [4.42, 4.47, 5.86, 6.69, 5.71, 4.84, 4.17, 3.73, 3.47, 3.31, 2.38, 1.73, 1.61, 2.17, 2.1, 1.04, 0, 1.41, 1.88, 1.43, 1.95, 2.93, 3.315, 3.155, 2.01, 1.94, 1.81, 2.07, 2.61, 3.31, 4.48, 5.55, 5.15, 3.2, 4.05, 4.45, 4.9, 5.17, 5.65, 5.94, 5.51, 5.28, 5.72, 6.49, 4.65, 3.12, 2.8, 3.15, 3.75, 3.84, 4.19, 4.09, 3.89, 3.93, 3.64, 3.27, 3.22, 3.46, 3.53, 3.65, 3.33, 2.98, 2.69, 2.12, 1.17, 1.63, 1.39, 1.32, 1.13, 1.38, 1.82, 1.16, 1.21, 1.26, 0.95, 1.11, 1.41, 2.03, 2.5, 1.95, 2.87, 4.24, 5.28, 6.58, 7.32, 7.45], [3.59, 3.56, 4.77, 5.6, 4.78, 3.71, 3.24, 2.98, 3.08, 2.88, 2.07, 1.56, 1.86, 2.86, 2.97, 1.87, 1.41, 0, 0.87, 0.78, 1.12, 1.92, 2.32, 2.2, 1.56, 1.51, 1.74, 1.82, 2.22, 2.44, 3.39, 4.5, 4.12, 2.63, 3.22, 3.38, 3.77, 4.08, 4.56, 4.83, 4.5, 4.25, 4.61, 5.38, 3.52, 2.45, 2.31, 2.42, 2.92, 2.99, 3.18, 3.16, 2.98, 2.88, 2.81, 3.34, 3.09, 3.07, 3.4, 3.8, 3.58, 3.27, 2.9, 2.33, 1.72, 2.06, 2.0, 1.95, 1.58, 1.79, 2.57, 1.99, 1.08, 1.13, 1.48, 1.64, 1.9, 2.56, 2.91, 2.16, 1.94, 3.19, 4.15, 5.39, 6.13, 6.26], [3.28, 3.23, 4.44, 5.29, 4.39, 3.4, 2.93, 2.79, 3.13, 2.77, 2.2, 1.85, 2.41, 3.49, 3.58, 2.46, 1.88, 0.87, 0, 0.77, 0.77, 1.47, 1.91, 1.73, 1.47, 1.64, 1.47, 1.49, 1.97, 2.19, 3.14, 4.19, 3.79, 2.34, 2.93, 3.07, 3.46, 3.73, 4.23, 4.48, 4.17, 3.9, 4.3, 5.05, 3.41, 2.32, 2.26, 2.25, 2.79, 2.84, 3.05, 3.01, 2.85, 2.81, 2.82, 3.33, 3.04, 3.06, 3.33, 3.73, 3.51, 3.26, 2.91, 2.42, 2.29, 2.31, 2.29, 2.2, 1.97, 2.34, 3.16, 2.36, 1.33, 1.46, 2.03, 1.93, 2.21, 3.01, 3.16, 2.07, 1.71, 2.74, 3.72, 4.94, 5.58, 5.71], [3.71, 3.66, 4.91, 5.7, 4.8, 3.83, 3.32, 3.0, 3.1, 2.9, 2.17, 1.54, 1.9, 2.94, 3.05, 2.01, 1.43, 0.78, 0.77, 0, 0.84, 1.82, 2.32, 2.1, 1.48, 1.67, 1.58, 1.64, 2.18, 2.48, 3.65, 4.62, 4.26, 2.57, 3.3, 3.48, 3.93, 4.2, 4.72, 4.93, 4.62, 4.37, 4.73, 5.5, 3.86, 2.61, 2.45, 2.66, 3.12, 3.21, 3.42, 3.36, 3.22, 3.18, 3.07, 3.46, 3.23, 3.21, 3.5, 3.88, 3.66, 3.39, 3.0, 2.45, 1.8, 2.08, 1.98, 1.93, 1.6, 1.97, 2.65, 1.95, 1.12, 1.11, 1.54, 1.64, 1.96, 2.62, 2.95, 2.22, 1.94, 3.23, 4.19, 5.37, 6.05, 6.18], [3.25, 3.22, 4.45, 5.2, 4.28, 3.39, 2.84, 2.78, 3.12, 2.82, 2.25, 1.86, 2.52, 3.542, 3.678, 2.57, 1.95, 1.12, 0.77, 0.84, 0, 1.32, 1.76, 1.5, 1.34, 1.35, 1.46, 1.46, 1.9, 2.18, 3.19, 4.1, 3.78, 2.35, 2.72, 2.9, 3.41, 3.66, 4.16, 4.35, 4.08, 3.87, 4.27, 4.9, 3.38, 2.31, 2.15, 2.34, 2.78, 2.87, 3.08, 3.08, 3.0, 2.92, 3.03, 3.42, 3.19, 3.17, 3.44, 3.78, 3.6, 3.35, 2.94, 2.49, 2.28, 2.12, 2.16, 2.09, 1.76, 2.43, 3.15, 2.35, 1.24, 1.19, 1.9, 1.92, 2.18, 3.08, 3.21, 2.08, 1.54, 2.69, 3.69, 4.77, 5.47, 5.62], [2.29, 2.28, 3.41, 4.14, 3.22, 2.41, 2.04, 2.52, 2.98, 2.66, 2.55, 2.46, 3.589, 4.589, 4.681, 3.57, 2.93, 1.92, 1.47, 1.82, 1.32, 0, 0.72, 1.14, 1.48, 1.63, 1.9, 2.02, 2.08, 2.0, 2.51, 3.3, 2.94, 2.29, 2.24, 2.06, 2.57, 2.82, 3.24, 3.43, 3.12, 3.01, 3.57, 4.12, 2.7, 2.31, 2.31, 2.52, 2.6, 2.69, 2.86, 2.84, 2.58, 2.56, 2.87, 3.54, 3.31, 3.19, 3.52, 3.84, 3.78, 3.55, 3.2, 3.23, 3.24, 2.88, 2.96, 2.89, 2.7, 3.41, 4.23, 3.33, 2.06, 2.13, 2.86, 2.84, 3.18, 4.16, 4.13, 2.54, 1.8, 1.89, 2.73, 3.89, 4.59, 4.74], [2.01, 2.0, 3.13, 3.86, 2.96, 2.23, 2.04, 2.56, 3.1, 2.82, 2.69, 2.88, 4.009, 5.049, 5.076, 3.95, 3.315, 2.32, 1.91, 2.32, 1.76, 0.72, 0, 1.04, 1.66, 1.95, 2.3, 2.34, 2.32, 2.04, 2.29, 3.06, 2.78, 2.25, 1.98, 1.7, 2.31, 2.5, 2.88, 3.05, 2.78, 2.73, 3.35, 3.86, 2.5, 2.27, 2.33, 2.5, 2.58, 2.51, 2.72, 2.62, 2.48, 2.5, 2.83, 3.64, 3.51, 3.21, 3.54, 3.9, 3.92, 3.65, 3.28, 3.59, 3.636, 3.04, 3.1, 3.15, 3.14, 3.79, 4.639, 3.689, 2.44, 2.41, 3.225, 3.16, 3.506, 4.5, 4.47, 2.7, 1.74, 1.61, 2.41, 3.61, 4.35, 4.5], [2.31, 2.34, 3.45, 4.14, 3.44, 2.67, 2.06, 2.46, 2.98, 2.92, 2.73, 2.64, 3.794, 4.723, 4.829, 3.73, 3.155, 2.2, 1.73, 2.1, 1.5, 1.14, 1.04, 0, 1.38, 1.77, 2.36, 2.42, 2.2, 2.14, 2.53, 3.3, 3.0, 2.47, 2.4, 2.08, 2.55, 2.72, 3.16, 3.37, 3.06, 3.01, 3.63, 4.12, 2.76, 2.33, 2.27, 2.24, 2.36, 2.45, 2.74, 2.8, 2.82, 2.88, 3.25, 3.74, 3.45, 3.43, 3.72, 4.12, 3.86, 3.55, 3.18, 3.21, 3.408, 2.88, 2.94, 2.95, 2.81, 3.47, 4.259, 3.51, 2.42, 2.33, 3.088, 2.994, 3.374, 4.3, 4.17, 2.52, 1.48, 1.81, 2.83, 3.97, 4.65, 4.78], [2.93, 2.9, 4.27, 5.02, 4.08, 3.31, 2.72, 3.04, 3.5, 3.3, 2.81, 2.16, 2.82, 3.7, 3.77, 2.49, 2.01, 1.56, 1.47, 1.48, 1.34, 1.48, 1.66, 1.38, 0, 1.13, 1.6, 1.78, 1.76, 2.02, 3.01, 3.96, 3.52, 2.03, 2.6, 2.62, 3.07, 3.48, 3.92, 4.13, 3.84, 3.59, 4.19, 4.76, 3.1, 2.15, 1.95, 2.14, 2.58, 2.59, 2.98, 2.96, 2.78, 2.8, 2.83, 2.94, 2.79, 2.93, 3.18, 3.44, 3.14, 2.83, 2.5, 2.21, 2.36, 2.48, 2.5, 2.27, 1.86, 2.39, 3.27, 2.47, 1.6, 1.61, 1.98, 1.98, 2.24, 3.24, 3.21, 1.58, 1.48, 2.53, 3.59, 4.85, 5.59, 5.74], [3.14, 3.21, 4.48, 5.13, 4.33, 3.4, 2.85, 3.21, 3.57, 3.41, 2.74, 2.35, 2.59, 3.35, 3.48, 2.38, 1.94, 1.51, 1.64, 1.67, 1.35, 1.63, 1.95, 1.77, 1.13, 0, 1.27, 1.55, 1.65, 1.99, 3.06, 4.05, 3.73, 2.1, 2.47, 2.75, 3.28, 3.59, 4.11, 4.34, 3.95, 3.74, 4.28, 4.87, 3.03, 1.82, 1.76, 1.95, 2.47, 2.64, 2.85, 2.85, 2.75, 2.73, 2.58, 2.55, 2.32, 2.56, 2.83, 3.09, 2.81, 2.44, 2.05, 2.02, 2.35, 2.65, 2.61, 2.16, 1.53, 2.04, 2.82, 2.16, 1.35, 1.4, 1.85, 1.97, 2.19, 3.01, 3.08, 1.49, 1.71, 2.88, 3.86, 5.08, 5.8, 5.95], [3.63, 3.6, 4.87, 5.62, 4.6, 3.71, 3.22, 3.58, 4.04, 3.64, 3.03, 2.42, 2.14, 3.02, 3.23, 2.21, 1.81, 1.74, 1.47, 1.58, 1.46, 1.9, 2.3, 2.36, 1.6, 1.27, 0, 0.72, 1.3, 2.02, 3.51, 4.56, 4.24, 2.23, 3.06, 3.4, 3.85, 4.18, 4.64, 4.87, 4.52, 4.13, 4.57, 5.24, 3.46, 2.13, 1.75, 2.32, 2.84, 2.83, 3.0, 2.88, 2.68, 2.64, 2.37, 2.28, 2.23, 2.31, 2.38, 2.54, 2.4, 2.17, 1.88, 1.73, 2.16, 2.74, 2.7, 2.29, 1.66, 1.97, 2.59, 1.87, 1.38, 1.57, 1.66, 1.74, 1.86, 2.52, 2.59, 1.36, 2.1, 3.17, 4.07, 5.31, 5.99, 6.14], [3.61, 3.6, 4.85, 5.58, 4.62, 3.69, 3.32, 3.72, 4.16, 3.84, 3.23, 2.5, 2.1, 3.0, 3.19, 2.49, 2.07, 1.82, 1.49, 1.64, 1.46, 2.02, 2.34, 2.42, 1.78, 1.55, 0.72, 0, 1.0, 1.9, 3.47, 4.6, 4.26, 2.29, 3.08, 3.44, 3.85, 4.18, 4.66, 4.89, 4.58, 4.21, 4.57, 5.24, 3.4, 1.97, 1.67, 2.22, 2.66, 2.59, 2.74, 2.6, 2.38, 2.36, 2.13, 2.32, 2.25, 2.09, 2.28, 2.46, 2.38, 2.17, 1.92, 1.81, 2.12, 2.86, 2.78, 2.41, 1.86, 1.95, 2.69, 2.01, 1.5, 1.63, 1.9, 2.06, 2.24, 2.8, 2.59, 1.54, 2.14, 3.19, 4.09, 5.27, 5.95, 6.1], [3.33, 3.32, 4.41, 5.2, 4.44, 3.77, 3.34, 3.98, 4.52, 4.26, 3.65, 2.98, 2.78, 3.66, 3.85, 2.99, 2.61, 2.22, 1.97, 2.18, 1.9, 2.08, 2.32, 2.2, 1.76, 1.65, 1.3, 1.0, 0, 1.26, 2.95, 4.0, 3.74, 1.85, 2.58, 2.84, 3.23, 3.62, 4.02, 4.33, 4.08, 3.61, 4.03, 4.64, 2.82, 1.63, 1.37, 1.84, 2.22, 2.19, 2.18, 2.16, 1.94, 1.92, 2.03, 2.38, 2.11, 1.97, 2.14, 2.28, 2.16, 1.85, 1.64, 2.11, 2.66, 3.3, 3.22, 2.91, 2.32, 2.45, 3.29, 2.71, 1.94, 2.05, 2.44, 2.58, 2.84, 3.42, 3.13, 1.56, 1.8, 2.85, 3.75, 4.71, 5.37, 5.5], [2.61, 2.64, 3.69, 4.5, 3.94, 3.39, 3.3, 4.06, 4.58, 4.32, 3.69, 3.14, 3.7, 4.68, 4.81, 3.73, 3.31, 2.44, 2.19, 2.48, 2.18, 2.0, 2.04, 2.14, 2.02, 1.99, 2.02, 1.9, 1.26, 0, 1.93, 2.96, 2.7, 1.41, 1.62, 1.76, 2.15, 2.48, 3.08, 3.51, 3.26, 2.69, 3.01, 3.6, 1.84, 1.17, 1.65, 1.7, 1.7, 1.73, 1.7, 1.64, 1.58, 1.5, 2.05, 2.7, 2.41, 2.03, 2.32, 2.5, 2.4, 2.23, 2.12, 3.03, 3.48, 3.74, 3.76, 3.53, 3.12, 3.41, 4.21, 3.47, 2.48, 2.59, 3.18, 3.32, 3.6, 4.26, 4.07, 2.28, 1.64, 2.11, 2.87, 3.73, 4.49, 4.62], [1.92, 1.93, 2.24, 3.05, 2.91, 2.74, 2.83, 3.51, 4.07, 4.03, 3.5, 3.95, 5.15, 5.99, 6.1, 4.98, 4.48, 3.39, 3.14, 3.65, 3.19, 2.51, 2.29, 2.53, 3.01, 3.06, 3.51, 3.47, 2.95, 1.93, 0, 1.35, 1.13, 1.64, 1.31, 1.25, 0.98, 1.17, 1.85, 2.44, 2.07, 1.76, 1.68, 2.25, 0.95, 1.92, 2.66, 2.45, 2.03, 1.98, 1.87, 1.77, 1.73, 1.71, 2.96, 3.93, 3.72, 3.02, 3.07, 3.21, 3.65, 3.48, 3.41, 4.42, 4.73, 3.97, 3.97, 4.14, 4.13, 4.72, 5.54, 4.84, 3.65, 3.76, 4.41, 4.35, 4.77, 5.63, 5.48, 3.51, 2.13, 1.6, 1.58, 2.3, 3.1, 3.21], [2.23, 2.24, 1.91, 2.3, 2.64, 2.93, 2.98, 3.56, 4.3, 4.6, 4.39, 5.06, 6.32, 7.16, 7.29, 6.11, 5.55, 4.5, 4.19, 4.62, 4.1, 3.3, 3.06, 3.3, 3.96, 4.05, 4.56, 4.6, 4.0, 2.96, 1.35, 0, 0.8, 2.69, 2.12, 2.02, 1.39, 1.08, 1.32, 1.71, 1.48, 1.59, 1.13, 1.26, 1.44, 3.05, 3.79, 3.553, 2.94, 2.85, 2.64, 2.76, 2.76, 2.78, 4.09, 5.1, 4.89, 4.17, 4.18, 4.2, 4.8, 4.65, 4.54, 5.57, 5.9, 4.94, 4.82, 5.07, 5.22, 5.81, 6.59, 5.99, 4.72, 4.79, 5.48, 5.4, 5.82, 6.78, 6.57, 4.68, 3.18, 2.07, 1.65, 1.29, 2.03, 2.18], [2.31, 2.32, 2.01, 2.6, 2.92, 3.01, 3.14, 3.72, 4.38, 4.54, 4.17, 4.64, 5.88, 6.74, 6.91, 5.67, 5.15, 4.12, 3.79, 4.26, 3.78, 2.94, 2.78, 3.0, 3.52, 3.73, 4.24, 4.26, 3.74, 2.7, 1.13, 0.8, 0, 2.27, 1.76, 1.84, 1.15, 1.18, 1.72, 2.15, 1.74, 1.57, 1.41, 1.66, 1.38, 2.67, 3.49, 3.22, 2.8, 2.77, 2.68, 2.48, 2.46, 2.42, 3.75, 4.66, 4.43, 3.83, 3.78, 3.78, 4.34, 4.27, 4.24, 5.21, 5.42, 4.7, 4.72, 4.87, 4.9, 5.51, 6.39, 5.55, 4.34, 4.43, 5.16, 5.04, 5.42, 6.38, 6.25, 4.24, 2.94, 2.11, 1.77, 1.67, 2.45, 2.5], [2.56, 2.53, 3.26, 4.07, 3.75, 3.4, 3.41, 4.15, 4.65, 4.23, 3.64, 3.25, 3.83, 4.71, 4.82, 3.68, 3.2, 2.63, 2.34, 2.57, 2.35, 2.29, 2.25, 2.47, 2.03, 2.1, 2.23, 2.29, 1.85, 1.41, 1.64, 2.69, 2.27, 0, 1.15, 1.71, 1.98, 2.35, 2.91, 3.34, 2.87, 2.66, 2.96, 3.65, 1.81, 1.24, 1.9, 1.91, 2.11, 2.26, 2.31, 1.85, 1.55, 1.57, 2.04, 2.65, 2.4, 1.88, 1.91, 2.11, 2.37, 2.2, 2.13, 3.12, 3.49, 3.65, 3.71, 3.44, 3.09, 3.6, 4.34, 3.56, 2.53, 2.82, 3.37, 3.35, 3.55, 4.39, 4.24, 2.17, 1.93, 2.06, 2.66, 3.66, 4.42, 4.55], [2.13, 2.16, 2.79, 3.62, 3.36, 3.09, 3.06, 3.72, 4.24, 3.98, 3.59, 3.72, 4.78, 5.66, 5.73, 4.55, 4.05, 3.22, 2.93, 3.3, 2.72, 2.24, 1.98, 2.4, 2.6, 2.47, 3.06, 3.08, 2.58, 1.62, 1.31, 2.12, 1.76, 1.15, 0, 0.94, 1.25, 1.64, 2.48, 2.93, 2.48, 2.41, 2.45, 3.04, 1.48, 1.53, 2.41, 2.16, 2.0, 2.25, 2.28, 2.02, 2.0, 1.88, 2.87, 3.557, 3.27, 2.73, 2.78, 2.9, 3.18, 3.13, 3.02, 4.09, 4.311, 3.78, 3.8, 3.77, 3.72, 4.31, 5.13, 4.41, 3.16, 3.25, 4.06, 4.02, 4.34, 5.32, 5.17, 3.04, 2.04, 1.83, 2.13, 2.95, 3.75, 3.9], [1.91, 1.88, 2.61, 3.3, 3.04, 2.71, 2.78, 3.42, 4.04, 3.86, 3.53, 3.94, 5.18, 6.04, 6.13, 4.97, 4.45, 3.38, 3.07, 3.48, 2.9, 2.06, 1.7, 2.08, 2.62, 2.75, 3.4, 3.44, 2.84, 1.76, 1.25, 2.02, 1.84, 1.71, 0.94, 0, 1.05, 1.54, 2.14, 2.61, 2.34, 2.17, 2.41, 2.72, 1.52, 1.91, 2.75, 2.56, 2.16, 2.25, 2.36, 2.14, 2.12, 2.08, 3.09, 3.96, 3.71, 3.09, 3.16, 3.36, 3.64, 3.53, 3.44, 4.47, 4.76, 3.86, 3.9, 4.01, 4.1, 4.67, 5.51, 4.81, 3.56, 3.57, 4.38, 4.28, 4.72, 5.68, 5.53, 3.5, 2.16, 1.59, 1.81, 2.71, 3.47, 3.54], [2.28, 2.29, 2.36, 3.03, 3.01, 2.96, 3.13, 3.75, 4.39, 4.33, 4.12, 4.39, 5.61, 6.49, 6.58, 5.42, 4.9, 3.77, 3.46, 3.93, 3.41, 2.57, 2.31, 2.55, 3.07, 3.28, 3.85, 3.85, 3.23, 2.15, 0.98, 1.39, 1.15, 1.98, 1.25, 1.05, 0, 1.29, 1.97, 2.42, 2.17, 1.96, 1.88, 2.23, 1.19, 2.36, 3.16, 2.99, 2.59, 2.56, 2.51, 2.25, 2.17, 2.09, 3.4, 4.41, 4.16, 3.5, 3.47, 3.51, 4.07, 4.0, 3.85, 4.88, 5.19, 4.59, 4.55, 4.62, 4.59, 5.14, 5.96, 5.26, 4.01, 4.06, 4.87, 4.79, 5.19, 6.13, 5.96, 3.97, 2.57, 1.94, 1.68, 2.1, 2.84, 3.05], [2.09, 2.14, 2.25, 2.48, 2.7, 2.85, 2.92, 3.52, 4.12, 4.34, 3.93, 4.64, 5.92, 6.76, 6.85, 5.69, 5.17, 4.08, 3.73, 4.2, 3.66, 2.82, 2.5, 2.72, 3.48, 3.59, 4.18, 4.18, 3.62, 2.48, 1.17, 1.08, 1.18, 2.35, 1.64, 1.54, 1.29, 0, 1.08, 1.57, 1.34, 1.21, 1.27, 1.8, 1.36, 2.65, 3.43, 3.18, 2.5, 2.65, 2.4, 2.44, 2.48, 2.44, 3.71, 4.68, 4.45, 3.77, 3.84, 4.06, 4.38, 4.21, 4.1, 5.17, 5.5, 4.58, 4.58, 4.77, 4.84, 5.37, 6.19, 5.55, 4.32, 4.41, 5.14, 5.04, 5.46, 6.4, 6.23, 4.24, 2.72, 1.85, 1.55, 1.91, 2.63, 2.74], [2.19, 2.06, 1.73, 1.82, 2.26, 2.59, 2.64, 3.3, 4.04, 4.42, 4.31, 5.1, 6.38, 7.24, 7.31, 6.17, 5.65, 4.56, 4.23, 4.72, 4.16, 3.24, 2.88, 3.16, 3.92, 4.11, 4.64, 4.66, 4.02, 3.08, 1.85, 1.32, 1.72, 2.91, 2.48, 2.14, 1.97, 1.08, 0, 0.77, 1.1, 1.41, 1.31, 1.44, 1.8, 3.17, 3.91, 3.72, 3.02, 3.03, 2.8, 3.04, 3.12, 3.04, 4.19, 5.18, 4.95, 4.33, 4.46, 4.72, 4.9, 4.75, 4.62, 5.65, 5.96, 4.9, 4.84, 5.19, 5.3, 5.87, 6.71, 6.01, 4.78, 4.85, 5.62, 5.5, 5.92, 6.88, 6.73, 4.72, 3.2, 1.95, 1.65, 1.71, 2.07, 2.22], [2.3, 2.23, 1.68, 1.61, 2.07, 2.5, 2.55, 3.27, 3.99, 4.35, 4.599, 5.366, 6.65, 7.53, 7.6, 6.48, 5.94, 4.83, 4.48, 4.93, 4.35, 3.43, 3.05, 3.37, 4.13, 4.34, 4.87, 4.89, 4.33, 3.51, 2.44, 1.71, 2.15, 3.34, 2.93, 2.61, 2.42, 1.57, 0.77, 0, 1.05, 1.54, 1.54, 1.65, 2.29, 3.54, 4.2, 4.05, 3.41, 3.36, 3.17, 3.53, 3.61, 3.41, 4.48, 5.51, 5.22, 4.68, 4.93, 5.13, 5.23, 5.08, 4.89, 5.92, 6.23, 5.21, 5.03, 5.46, 5.61, 6.18, 7.0, 6.3, 5.05, 5.08, 5.87, 5.79, 6.21, 7.17, 7.02, 5.01, 3.45, 2.1, 1.78, 1.74, 1.88, 2.01], [2.11, 2.02, 2.05, 2.14, 2.2, 2.59, 2.6, 3.2, 3.9, 4.12, 4.05, 4.88, 6.24, 7.1, 7.19, 6.05, 5.51, 4.5, 4.17, 4.62, 4.08, 3.12, 2.78, 3.06, 3.84, 3.95, 4.52, 4.58, 4.08, 3.26, 2.07, 1.48, 1.74, 2.87, 2.48, 2.34, 2.17, 1.34, 1.1, 1.05, 0, 0.95, 1.33, 1.72, 2.0, 3.19, 3.81, 3.56, 2.94, 2.99, 2.82, 3.12, 3.18, 3.08, 4.09, 5.02, 4.81, 4.29, 4.5, 4.72, 4.78, 4.65, 4.5, 5.53, 5.78, 4.74, 4.66, 4.99, 5.18, 5.83, 6.61, 5.89, 4.64, 4.73, 5.5, 5.42, 5.8, 6.76, 6.63, 4.56, 3.16, 1.79, 1.79, 2.03, 2.43, 2.58], [2.44, 2.45, 2.48, 2.61, 2.75, 3.02, 3.17, 3.81, 4.43, 4.53, 4.1, 4.61, 5.93, 6.85, 7.02, 5.86, 5.28, 4.25, 3.9, 4.37, 3.87, 3.01, 2.73, 3.01, 3.59, 3.74, 4.13, 4.21, 3.61, 2.69, 1.76, 1.59, 1.57, 2.66, 2.41, 2.17, 1.96, 1.21, 1.41, 1.54, 0.95, 0, 1.04, 1.53, 1.57, 2.88, 3.6, 3.35, 2.79, 2.82, 2.63, 2.79, 2.83, 2.61, 3.8, 4.75, 4.48, 3.88, 4.15, 4.23, 4.39, 4.28, 4.25, 5.24, 5.55, 4.71, 4.71, 4.86, 4.97, 5.6, 6.36, 5.62, 4.35, 4.4, 5.19, 5.11, 5.55, 6.49, 6.4, 4.41, 2.89, 2.1, 2.02, 2.32, 2.72, 2.91], [2.66, 2.59, 2.22, 2.27, 2.79, 3.2, 3.43, 4.05, 4.77, 4.91, 4.62, 5.09, 6.33, 7.27, 7.46, 6.34, 5.72, 4.61, 4.3, 4.73, 4.27, 3.57, 3.35, 3.63, 4.19, 4.28, 4.57, 4.57, 4.03, 3.01, 1.68, 1.13, 1.41, 2.96, 2.45, 2.41, 1.88, 1.27, 1.31, 1.54, 1.33, 1.04, 0, 0.97, 1.63, 3.26, 3.98, 3.79, 3.13, 3.04, 2.79, 2.97, 2.97, 2.81, 4.12, 5.23, 4.98, 4.28, 4.33, 4.31, 4.83, 4.76, 4.67, 5.64, 6.01, 5.21, 5.07, 5.26, 5.47, 6.06, 6.82, 6.06, 4.81, 4.9, 5.63, 5.55, 5.97, 6.89, 6.78, 4.89, 3.25, 2.38, 2.04, 1.78, 2.14, 2.25], [3.05, 2.92, 2.35, 2.3, 3.02, 3.47, 3.62, 4.3, 5.04, 5.36, 5.17, 5.84, 7.02, 7.98, 8.19, 7.07, 6.49, 5.38, 5.05, 5.5, 4.9, 4.12, 3.86, 4.12, 4.76, 4.87, 5.24, 5.24, 4.64, 3.6, 2.25, 1.26, 1.66, 3.65, 3.04, 2.72, 2.23, 1.8, 1.44, 1.65, 1.72, 1.53, 0.97, 0, 2.12, 3.89, 4.67, 4.48, 3.78, 3.67, 3.34, 3.56, 3.52, 3.46, 4.77, 5.92, 5.69, 4.99, 5.02, 4.98, 5.6, 5.47, 5.44, 6.39, 6.78, 5.8, 5.66, 5.93, 6.1, 6.69, 7.47, 6.71, 5.46, 5.45, 6.26, 6.16, 6.6, 7.52, 7.45, 5.64, 4.08, 2.91, 2.23, 1.53, 1.81, 1.84], [1.97, 1.92, 2.17, 2.88, 2.88, 2.65, 2.82, 3.48, 4.02, 4.1, 3.57, 3.88, 5.06, 5.98, 6.13, 5.11, 4.65, 3.52, 3.41, 3.86, 3.38, 2.7, 2.5, 2.76, 3.1, 3.03, 3.46, 3.4, 2.82, 1.84, 0.95, 1.44, 1.38, 1.81, 1.48, 1.52, 1.19, 1.36, 1.8, 2.29, 2.0, 1.57, 1.63, 2.12, 0, 1.85, 2.59, 2.4, 1.92, 1.91, 1.72, 1.68, 1.7, 1.6, 2.83, 3.84, 3.59, 2.99, 3.16, 3.28, 3.58, 3.47, 3.4, 4.43, 4.82, 4.24, 4.22, 4.13, 4.08, 4.67, 5.43, 4.81, 3.6, 3.61, 4.36, 4.42, 4.8, 5.68, 5.63, 3.7, 2.42, 1.93, 1.79, 2.39, 3.19, 3.34], [2.16, 2.29, 3.42, 4.27, 3.71, 3.12, 2.89, 3.55, 4.07, 3.71, 3.08, 2.67, 3.37, 4.27, 4.5, 3.5, 3.12, 2.45, 2.32, 2.61, 2.31, 2.31, 2.27, 2.33, 2.15, 1.82, 2.13, 1.97, 1.63, 1.17, 1.92, 3.05, 2.67, 1.24, 1.53, 1.91, 2.36, 2.65, 3.17, 3.54, 3.19, 2.88, 3.26, 3.89, 1.85, 0, 1.06, 1.07, 1.29, 1.32, 1.55, 1.45, 1.59, 1.53, 1.92, 2.29, 1.98, 1.82, 2.17, 2.39, 2.09, 1.98, 2.03, 2.92, 3.23, 3.19, 3.09, 2.74, 2.63, 3.12, 3.98, 3.28, 2.25, 2.38, 3.01, 3.11, 3.47, 4.19, 4.08, 2.19, 1.71, 2.08, 2.9, 4.1, 4.88, 4.99], [2.8, 2.85, 4.04, 4.91, 4.15, 3.4, 2.97, 3.59, 4.09, 3.61, 2.92, 2.41, 2.67, 3.57, 3.94, 3.18, 2.8, 2.31, 2.26, 2.45, 2.15, 2.31, 2.33, 2.27, 1.95, 1.76, 1.75, 1.67, 1.37, 1.65, 2.66, 3.79, 3.49, 1.9, 2.41, 2.75, 3.16, 3.43, 3.91, 4.2, 3.81, 3.6, 3.98, 4.67, 2.59, 1.06, 0, 0.99, 1.41, 1.44, 1.71, 1.59, 1.79, 1.75, 1.82, 1.97, 1.88, 1.88, 2.13, 2.41, 2.19, 1.86, 1.65, 2.28, 2.71, 2.89, 2.83, 2.48, 2.27, 2.66, 3.44, 3.02, 2.17, 2.22, 2.69, 2.81, 3.15, 3.67, 3.42, 1.63, 1.57, 2.66, 3.62, 4.856, 5.576, 5.706], [2.59, 2.72, 3.89, 4.8, 4.22, 3.47, 2.88, 3.32, 3.76, 3.36, 2.59, 2.26, 3.1, 4.08, 4.31, 3.53, 3.15, 2.42, 2.25, 2.66, 2.34, 2.52, 2.5, 2.24, 2.14, 1.95, 2.32, 2.22, 1.84, 1.7, 2.45, 3.553, 3.22, 1.91, 2.16, 2.56, 2.99, 3.18, 3.72, 4.05, 3.56, 3.35, 3.79, 4.48, 2.4, 1.07, 0.99, 0, 0.92, 1.21, 1.58, 1.68, 1.96, 1.88, 2.27, 2.36, 2.01, 2.29, 2.62, 2.88, 2.48, 2.23, 2.3, 2.83, 3.12, 2.96, 2.9, 2.59, 2.4, 2.91, 3.81, 3.35, 2.32, 2.43, 3.0, 3.14, 3.46, 4.16, 3.95, 2.08, 1.5, 2.49, 3.37, 4.654, 5.43, 5.544], [2.17, 2.3, 3.43, 4.32, 3.74, 3.05, 2.62, 3.22, 3.66, 3.5, 2.61, 2.7, 3.7, 4.64, 5.03, 4.17, 3.75, 2.92, 2.79, 3.12, 2.78, 2.6, 2.58, 2.36, 2.58, 2.47, 2.84, 2.66, 2.22, 1.7, 2.03, 2.94, 2.8, 2.11, 2.0, 2.16, 2.59, 2.5, 3.02, 3.41, 2.94, 2.79, 3.13, 3.78, 1.92, 1.29, 1.41, 0.92, 0, 0.77, 1.12, 1.42, 1.98, 1.94, 2.43, 2.7, 2.35, 2.51, 2.86, 3.04, 2.7, 2.49, 2.52, 3.35, 3.74, 3.14, 3.06, 2.99, 3.04, 3.67, 4.45, 3.95, 2.92, 2.99, 3.52, 3.6, 4.02, 4.78, 4.47, 2.64, 1.6, 2.01, 2.89, 4.03, 4.81, 4.94], [2.1, 2.15, 3.22, 4.19, 3.55, 2.86, 2.73, 3.37, 3.87, 3.65, 2.94, 2.85, 3.51, 4.59, 5.06, 4.26, 3.84, 2.99, 2.84, 3.21, 2.87, 2.69, 2.51, 2.45, 2.59, 2.64, 2.83, 2.59, 2.19, 1.73, 1.98, 2.85, 2.77, 2.26, 2.25, 2.25, 2.56, 2.65, 3.03, 3.36, 2.99, 2.82, 3.04, 3.67, 1.91, 1.32, 1.44, 1.21, 0.77, 0, 0.73, 1.03, 1.71, 1.67, 2.12, 2.67, 2.44, 2.28, 2.61, 2.85, 2.63, 2.44, 2.47, 3.34, 3.77, 3.27, 3.15, 3.14, 3.25, 3.72, 4.54, 4.02, 3.07, 3.1, 3.57, 3.67, 4.01, 4.73, 4.4, 2.69, 1.63, 1.86, 2.66, 3.88, 4.66, 4.77], [1.95, 2.06, 3.13, 4.08, 3.5, 2.79, 2.68, 3.34, 3.94, 3.98, 3.23, 3.28, 3.86, 4.86, 5.37, 4.59, 4.19, 3.18, 3.05, 3.42, 3.08, 2.86, 2.72, 2.74, 2.98, 2.85, 3.0, 2.74, 2.18, 1.7, 1.87, 2.64, 2.68, 2.31, 2.28, 2.36, 2.51, 2.4, 2.8, 3.17, 2.82, 2.63, 2.79, 3.34, 1.72, 1.55, 1.71, 1.58, 1.12, 0.73, 0, 0.82, 1.6, 1.58, 2.09, 2.82, 2.57, 2.23, 2.7, 2.96, 2.8, 2.55, 2.68, 3.57, 4.08, 3.72, 3.6, 3.59, 3.7, 4.05, 4.83, 4.29, 3.24, 3.35, 3.96, 4.08, 4.4, 5.0, 4.59, 2.98, 1.9, 1.99, 2.55, 3.55, 4.29, 4.42], [2.25, 2.24, 3.17, 4.1, 3.7, 3.15, 3.18, 3.9, 4.46, 4.26, 3.47, 3.32, 3.66, 4.68, 5.23, 4.51, 4.09, 3.16, 3.01, 3.36, 3.08, 2.84, 2.62, 2.8, 2.96, 2.85, 2.88, 2.6, 2.16, 1.64, 1.77, 2.76, 2.48, 1.85, 2.02, 2.14, 2.25, 2.44, 3.04, 3.53, 3.12, 2.79, 2.97, 3.56, 1.68, 1.45, 1.59, 1.68, 1.42, 1.03, 0.82, 0, 0.94, 0.98, 1.61, 2.5, 2.37, 1.81, 2.0, 2.28, 2.68, 2.51, 2.54, 3.47, 3.98, 3.92, 3.88, 3.77, 3.68, 3.93, 4.71, 4.19, 3.24, 3.39, 3.96, 4.1, 4.4, 4.92, 4.47, 2.86, 2.06, 2.15, 2.59, 3.75, 4.44, 4.55], [2.55, 2.52, 3.21, 4.12, 3.66, 3.23, 3.48, 4.12, 4.66, 4.2, 3.77, 3.38, 3.68, 4.64, 5.01, 4.33, 3.89, 2.98, 2.85, 3.22, 3.0, 2.58, 2.48, 2.82, 2.78, 2.75, 2.68, 2.38, 1.94, 1.58, 1.73, 2.76, 2.46, 1.55, 2.0, 2.12, 2.17, 2.48, 3.12, 3.61, 3.18, 2.83, 2.97, 3.52, 1.7, 1.59, 1.79, 1.96, 1.98, 1.71, 1.6, 0.94, 0, 0.7, 1.43, 2.58, 2.47, 1.75, 1.82, 2.08, 2.56, 2.45, 2.48, 3.35, 3.88, 4.14, 4.1, 3.87, 3.62, 3.87, 4.45, 3.91, 3.08, 3.39, 3.82, 3.96, 4.2, 4.64, 4.25, 2.68, 2.32, 2.39, 2.61, 3.71, 4.39, 4.493], [2.65, 2.52, 3.15, 4.04, 3.62, 3.25, 3.6, 4.26, 4.8, 4.14, 3.85, 3.34, 3.6, 4.68, 5.05, 4.39, 3.93, 2.88, 2.81, 3.18, 2.92, 2.56, 2.5, 2.88, 2.8, 2.73, 2.64, 2.36, 1.92, 1.5, 1.71, 2.78, 2.42, 1.57, 1.88, 2.08, 2.09, 2.44, 3.04, 3.41, 3.08, 2.61, 2.81, 3.46, 1.6, 1.53, 1.75, 1.88, 1.94, 1.67, 1.58, 0.98, 0.7, 0, 1.39, 2.58, 2.37, 1.73, 1.86, 2.02, 2.42, 2.37, 2.46, 3.35, 3.84, 4.16, 4.18, 3.91, 3.64, 3.89, 4.61, 3.99, 3.02, 3.25, 3.86, 3.96, 4.24, 4.7, 4.33, 2.68, 2.24, 2.39, 2.49, 3.59, 4.31, 4.44], [3.26, 3.21, 4.28, 5.15, 4.43, 3.72, 4.03, 4.61, 5.15, 4.53, 4.04, 3.49, 2.67, 3.55, 4.08, 3.86, 3.64, 2.81, 2.82, 3.07, 3.03, 2.87, 2.83, 3.25, 2.83, 2.58, 2.37, 2.13, 2.03, 2.05, 2.96, 4.09, 3.75, 2.04, 2.87, 3.09, 3.4, 3.71, 4.19, 4.48, 4.09, 3.8, 4.12, 4.77, 2.83, 1.92, 1.82, 2.27, 2.43, 2.12, 2.09, 1.61, 1.43, 1.39, 0, 1.35, 1.36, 1.0, 1.37, 1.73, 1.87, 1.94, 1.91, 2.52, 3.81, 4.39, 4.39, 3.98, 3.41, 3.5, 3.76, 3.26, 2.95, 3.3, 3.61, 3.51, 3.69, 3.99, 3.46, 2.33, 2.71, 3.06, 3.72, 4.9, 5.605, 5.735], [3.83, 3.88, 5.21, 6.06, 5.3, 4.57, 4.34, 4.9, 5.44, 4.86, 4.23, 3.54, 2.52, 2.56, 3.41, 3.31, 3.27, 3.34, 3.33, 3.46, 3.42, 3.54, 3.64, 3.74, 2.94, 2.55, 2.28, 2.32, 2.38, 2.7, 3.93, 5.1, 4.66, 2.65, 3.557, 3.96, 4.41, 4.68, 5.18, 5.51, 5.02, 4.75, 5.23, 5.92, 3.84, 2.29, 1.97, 2.36, 2.7, 2.67, 2.82, 2.5, 2.58, 2.58, 1.35, 0, 0.79, 1.17, 1.38, 1.58, 1.6, 1.69, 1.84, 2.19, 3.54, 4.16, 4.1, 3.63, 3.12, 3.17, 3.17, 2.73, 2.98, 3.27, 3.26, 3.1, 3.26, 3.6, 3.19, 2.06, 3.14, 3.85, 4.81, 6.109, 6.849, 6.979], [3.66, 3.73, 4.96, 5.87, 5.17, 4.48, 4.13, 4.65, 5.15, 4.57, 3.98, 3.29, 2.45, 2.81, 3.52, 3.26, 3.22, 3.09, 3.04, 3.23, 3.19, 3.31, 3.51, 3.45, 2.79, 2.32, 2.23, 2.25, 2.11, 2.41, 3.72, 4.89, 4.43, 2.4, 3.27, 3.71, 4.16, 4.45, 4.95, 5.22, 4.81, 4.48, 4.98, 5.69, 3.59, 1.98, 1.88, 2.01, 2.35, 2.44, 2.57, 2.37, 2.47, 2.37, 1.36, 0.79, 0, 1.16, 1.49, 1.59, 1.53, 1.64, 1.69, 2.22, 3.41, 4.05, 4.01, 3.52, 3.05, 3.12, 3.28, 2.62, 2.79, 3.14, 3.21, 3.09, 3.35, 3.75, 3.24, 1.91, 2.73, 3.54, 4.56, 5.86, 6.6, 6.73], [3.36, 3.29, 4.42, 5.29, 4.77, 4.16, 4.27, 4.89, 5.49, 4.89, 4.32, 3.61, 2.61, 3.23, 3.98, 3.74, 3.46, 3.07, 3.06, 3.21, 3.17, 3.19, 3.21, 3.43, 2.93, 2.56, 2.31, 2.09, 1.97, 2.03, 3.02, 4.17, 3.83, 1.88, 2.73, 3.09, 3.5, 3.77, 4.33, 4.68, 4.29, 3.88, 4.28, 4.99, 2.99, 1.82, 1.88, 2.29, 2.51, 2.28, 2.23, 1.81, 1.75, 1.73, 1.0, 1.17, 1.16, 0, 1.03, 1.31, 1.67, 1.78, 1.85, 2.42, 3.57, 4.15, 4.15, 3.76, 3.25, 3.32, 3.64, 3.1, 2.91, 3.24, 3.47, 3.47, 3.67, 4.07, 3.46, 2.13, 2.83, 3.18, 3.92, 5.14, 5.88, 6.01], [3.69, 3.58, 4.39, 5.34, 4.96, 4.47, 4.7, 5.34, 5.92, 5.36, 4.75, 3.98, 2.9, 3.32, 3.85, 3.57, 3.53, 3.4, 3.33, 3.5, 3.44, 3.52, 3.54, 3.72, 3.18, 2.83, 2.38, 2.28, 2.14, 2.32, 3.07, 4.18, 3.78, 1.91, 2.78, 3.16, 3.47, 3.84, 4.46, 4.93, 4.5, 4.15, 4.33, 5.02, 3.16, 2.17, 2.13, 2.62, 2.86, 2.61, 2.7, 2.0, 1.82, 1.86, 1.37, 1.38, 1.49, 1.03, 0, 0.82, 1.44, 1.65, 1.72, 2.33, 3.72, 4.38, 4.34, 3.99, 3.42, 3.45, 3.69, 3.19, 3.3, 3.53, 3.54, 3.34, 3.52, 3.9, 3.35, 2.16, 3.04, 3.43, 3.89, 5.11, 5.85, 5.98], [3.97, 3.9, 4.53, 5.56, 5.2, 4.85, 4.94, 5.68, 6.22, 5.7, 5.07, 4.36, 3.28, 3.26, 3.87, 3.65, 3.65, 3.8, 3.73, 3.88, 3.78, 3.84, 3.9, 4.12, 3.44, 3.09, 2.54, 2.46, 2.28, 2.5, 3.21, 4.2, 3.78, 2.11, 2.9, 3.36, 3.51, 4.06, 4.72, 5.13, 4.72, 4.23, 4.31, 4.98, 3.28, 2.39, 2.41, 2.88, 3.04, 2.85, 2.96, 2.28, 2.08, 2.02, 1.73, 1.58, 1.59, 1.31, 0.82, 0, 1.18, 1.43, 1.6, 2.31, 3.74, 4.7, 4.62, 4.19, 3.58, 3.41, 3.59, 3.21, 3.56, 3.79, 3.46, 3.34, 3.48, 3.86, 3.27, 2.18, 3.3, 3.69, 4.07, 5.07, 5.81, 5.94], [3.89, 3.96, 5.05, 5.98, 5.4, 4.85, 4.66, 5.34, 5.86, 5.36, 4.75, 3.94, 3.2, 2.72, 2.97, 3.11, 3.33, 3.58, 3.51, 3.66, 3.6, 3.78, 3.92, 3.86, 3.14, 2.81, 2.4, 2.38, 2.16, 2.4, 3.65, 4.8, 4.34, 2.37, 3.18, 3.64, 4.07, 4.38, 4.9, 5.23, 4.78, 4.39, 4.83, 5.6, 3.58, 2.09, 2.19, 2.48, 2.7, 2.63, 2.8, 2.68, 2.56, 2.42, 1.87, 1.6, 1.53, 1.67, 1.44, 1.18, 0, 0.67, 1.1, 1.71, 3.38, 4.26, 4.24, 3.75, 3.14, 3.09, 3.07, 2.89, 3.3, 3.57, 3.16, 2.92, 2.8, 2.98, 2.79, 1.78, 3.08, 3.71, 4.51, 5.73, 6.49, 6.6], [3.82, 3.91, 5.04, 5.95, 5.39, 4.72, 4.41, 5.05, 5.59, 5.13, 4.48, 3.77, 3.05, 2.73, 3.0, 2.78, 2.98, 3.27, 3.26, 3.39, 3.35, 3.55, 3.65, 3.55, 2.83, 2.44, 2.17, 2.17, 1.85, 2.23, 3.48, 4.65, 4.27, 2.2, 3.13, 3.53, 4.0, 4.21, 4.75, 5.08, 4.65, 4.28, 4.76, 5.47, 3.47, 1.98, 1.86, 2.23, 2.49, 2.44, 2.55, 2.51, 2.45, 2.37, 1.94, 1.69, 1.64, 1.78, 1.65, 1.43, 0.67, 0, 0.65, 1.5, 3.05, 4.01, 3.93, 3.46, 2.71, 2.72, 2.82, 2.72, 3.03, 3.32, 2.83, 2.55, 2.45, 2.81, 2.54, 1.53, 2.81, 3.64, 4.46, 5.66, 6.4, 6.529], [3.83, 3.84, 4.95, 5.76, 5.18, 4.47, 4.14, 4.8, 5.32, 4.9, 4.25, 3.54, 2.94, 2.8, 3.03, 2.49, 2.69, 2.9, 2.91, 3.0, 2.94, 3.2, 3.28, 3.18, 2.5, 2.05, 1.88, 1.92, 1.64, 2.12, 3.41, 4.54, 4.24, 2.13, 3.02, 3.44, 3.85, 4.1, 4.62, 4.89, 4.5, 4.25, 4.67, 5.44, 3.4, 2.03, 1.65, 2.3, 2.52, 2.47, 2.68, 2.54, 2.48, 2.46, 1.91, 1.84, 1.69, 1.85, 1.72, 1.6, 1.1, 0.65, 0, 1.23, 2.76, 3.74, 3.68, 3.23, 2.42, 2.53, 2.57, 2.53, 2.78, 3.01, 2.56, 2.28, 2.28, 2.74, 2.49, 1.34, 2.44, 3.45, 4.39, 5.55, 6.27, 6.4], [4.62, 4.59, 5.8, 6.61, 5.79, 4.82, 4.33, 4.59, 5.03, 4.55, 3.94, 3.11, 2.25, 1.91, 2.02, 1.74, 2.12, 2.33, 2.42, 2.45, 2.49, 3.23, 3.59, 3.21, 2.21, 2.02, 1.73, 1.81, 2.11, 3.03, 4.42, 5.57, 5.21, 3.12, 4.09, 4.47, 4.88, 5.17, 5.65, 5.92, 5.53, 5.24, 5.64, 6.39, 4.43, 2.92, 2.28, 2.83, 3.35, 3.34, 3.57, 3.47, 3.35, 3.35, 2.52, 2.19, 2.22, 2.42, 2.33, 2.31, 1.71, 1.5, 1.23, 0, 1.95, 3.01, 3.09, 2.7, 1.89, 1.92, 1.74, 2.02, 2.41, 2.5, 2.01, 1.63, 1.43, 1.77, 1.58, 1.35, 2.69, 4.26, 5.28, 6.48, 7.22, 7.35], [4.75, 4.74, 6.07, 6.94, 5.96, 5.09, 4.48, 4.02, 3.98, 3.7, 2.77, 1.92, 1.72, 1.84, 1.85, 1.01, 1.17, 1.72, 2.29, 1.8, 2.28, 3.24, 3.636, 3.408, 2.36, 2.35, 2.16, 2.12, 2.66, 3.48, 4.73, 5.9, 5.42, 3.49, 4.311, 4.76, 5.19, 5.5, 5.96, 6.23, 5.78, 5.55, 6.01, 6.78, 4.82, 3.23, 2.71, 3.12, 3.74, 3.77, 4.08, 3.98, 3.88, 3.84, 3.81, 3.54, 3.41, 3.57, 3.72, 3.74, 3.38, 3.05, 2.76, 1.95, 0, 1.8, 1.78, 1.67, 1.48, 1.25, 1.53, 1.71, 1.62, 1.49, 1.22, 1.6, 1.56, 1.78, 2.17, 2.06, 3.04, 4.47, 5.55, 6.85, 7.59, 7.72], [3.53, 3.6, 5.01, 5.86, 4.9, 4.05, 3.36, 2.92, 2.64, 2.28, 1.43, 1.56, 2.46, 3.14, 3.11, 2.03, 1.63, 2.06, 2.31, 2.08, 2.12, 2.88, 3.04, 2.88, 2.48, 2.65, 2.74, 2.86, 3.3, 3.74, 3.97, 4.94, 4.7, 3.65, 3.78, 3.86, 4.59, 4.58, 4.9, 5.21, 4.74, 4.71, 5.21, 5.8, 4.24, 3.19, 2.89, 2.96, 3.14, 3.27, 3.72, 3.92, 4.14, 4.16, 4.39, 4.16, 4.05, 4.15, 4.38, 4.7, 4.26, 4.01, 3.74, 3.01, 1.8, 0, 0.82, 0.95, 1.86, 2.37, 2.91, 2.25, 1.8, 1.69, 1.92, 2.04, 2.3, 3.06, 3.49, 2.84, 2.52, 3.47, 4.57, 5.89, 6.63, 6.76], [3.31, 3.42, 4.79, 5.68, 4.7, 3.83, 3.16, 2.68, 2.48, 2.32, 1.53, 1.5, 2.32, 3.08, 3.01, 2.01, 1.39, 2.0, 2.29, 1.98, 2.16, 2.96, 3.1, 2.94, 2.5, 2.61, 2.7, 2.78, 3.22, 3.76, 3.97, 4.82, 4.72, 3.71, 3.8, 3.9, 4.55, 4.58, 4.84, 5.03, 4.66, 4.71, 5.07, 5.66, 4.22, 3.09, 2.83, 2.9, 3.06, 3.15, 3.6, 3.88, 4.1, 4.18, 4.39, 4.1, 4.01, 4.15, 4.34, 4.62, 4.24, 3.93, 3.68, 3.09, 1.78, 0.82, 0, 1.01, 1.8, 2.33, 2.81, 2.03, 1.78, 1.59, 1.74, 1.82, 2.38, 3.16, 3.63, 2.92, 2.52, 3.33, 4.37, 5.69, 6.43, 6.56], [3.68, 3.81, 5.22, 6.09, 5.07, 4.2, 3.51, 3.03, 2.81, 2.33, 1.6, 1.43, 2.23, 2.95, 2.94, 1.92, 1.32, 1.95, 2.2, 1.93, 2.09, 2.89, 3.15, 2.95, 2.27, 2.16, 2.29, 2.41, 2.91, 3.53, 4.14, 5.07, 4.87, 3.44, 3.77, 4.01, 4.62, 4.77, 5.19, 5.46, 4.99, 4.86, 5.26, 5.93, 4.13, 2.74, 2.48, 2.59, 2.99, 3.14, 3.59, 3.77, 3.87, 3.91, 3.98, 3.63, 3.52, 3.76, 3.99, 4.19, 3.75, 3.46, 3.23, 2.7, 1.67, 0.95, 1.01, 0, 1.45, 2.04, 2.72, 1.88, 1.39, 1.32, 1.49, 1.67, 2.05, 2.85, 3.32, 2.49, 2.63, 3.696, 4.8, 6.133, 6.873, 7.003], [4.15, 4.28, 5.57, 6.24, 5.38, 4.45, 3.64, 3.38, 3.44, 3.28, 2.51, 1.92, 1.82, 2.34, 2.47, 1.49, 1.13, 1.58, 1.97, 1.6, 1.76, 2.7, 3.14, 2.81, 1.86, 1.53, 1.66, 1.86, 2.32, 3.12, 4.13, 5.22, 4.9, 3.09, 3.72, 4.1, 4.59, 4.84, 5.3, 5.61, 5.18, 4.97, 5.47, 6.1, 4.08, 2.63, 2.27, 2.4, 3.04, 3.25, 3.7, 3.68, 3.62, 3.64, 3.41, 3.12, 3.05, 3.25, 3.42, 3.58, 3.14, 2.71, 2.42, 1.89, 1.48, 1.86, 1.8, 1.45, 0, 1.09, 1.77, 1.69, 1.24, 1.21, 1.06, 1.16, 1.48, 2.26, 2.61, 1.94, 2.7, 4.03, 5.01, 6.33, 7.05, 7.2], [4.76, 4.87, 6.12, 6.79, 5.99, 5.06, 4.27, 4.03, 4.05, 4.07, 3.04, 2.45, 1.67, 1.81, 2.04, 1.38, 1.38, 1.79, 2.34, 1.97, 2.43, 3.41, 3.79, 3.47, 2.39, 2.04, 1.97, 1.95, 2.45, 3.41, 4.72, 5.81, 5.51, 3.6, 4.31, 4.67, 5.14, 5.37, 5.87, 6.18, 5.83, 5.6, 6.06, 6.69, 4.67, 3.12, 2.66, 2.91, 3.67, 3.72, 4.05, 3.93, 3.87, 3.89, 3.5, 3.17, 3.12, 3.32, 3.45, 3.41, 3.09, 2.72, 2.53, 1.92, 1.25, 2.37, 2.33, 2.04, 1.09, 0, 1.44, 1.78, 1.77, 1.68, 1.13, 1.23, 1.55, 2.01, 2.2, 2.03, 3.27, 4.66, 5.62, 6.9, 7.6, 7.75], [5.72, 5.81, 7.1, 7.73, 6.93, 5.98, 5.21, 4.91, 4.83, 4.81, 3.72, 2.97, 2.01, 1.39, 1.28, 1.2, 1.82, 2.57, 3.16, 2.65, 3.15, 4.23, 4.639, 4.259, 3.27, 2.82, 2.59, 2.69, 3.29, 4.21, 5.54, 6.59, 6.39, 4.34, 5.13, 5.51, 5.96, 6.19, 6.71, 7.0, 6.61, 6.36, 6.82, 7.47, 5.43, 3.98, 3.44, 3.81, 4.45, 4.54, 4.83, 4.71, 4.45, 4.61, 3.76, 3.17, 3.28, 3.64, 3.69, 3.59, 3.07, 2.82, 2.57, 1.74, 1.53, 2.91, 2.81, 2.72, 1.77, 1.44, 0, 1.6, 2.45, 2.42, 1.75, 1.71, 1.69, 1.59, 1.84, 2.61, 4.01, 5.5, 6.46, 7.7, 8.44, 8.59], [4.74, 4.77, 6.2, 7.01, 5.97, 5.14, 4.47, 4.03, 3.83, 3.61, 2.66, 1.91, 1.63, 1.93, 1.9, 1.24, 1.16, 1.99, 2.36, 1.95, 2.35, 3.33, 3.689, 3.51, 2.47, 2.16, 1.87, 2.01, 2.71, 3.47, 4.84, 5.99, 5.55, 3.56, 4.41, 4.81, 5.26, 5.55, 6.01, 6.3, 5.89, 5.62, 6.06, 6.71, 4.81, 3.28, 3.02, 3.35, 3.95, 4.02, 4.29, 4.19, 3.91, 3.99, 3.26, 2.73, 2.62, 3.1, 3.19, 3.21, 2.89, 2.72, 2.53, 2.02, 1.71, 2.25, 2.03, 1.88, 1.69, 1.78, 1.6, 0, 1.35, 1.48, 1.25, 1.35, 1.71, 2.17, 2.52, 2.03, 3.25, 4.56, 5.58, 6.92, 7.68, 7.81], [3.59, 3.6, 4.99, 5.76, 4.7, 3.89, 3.24, 2.88, 2.84, 2.64, 1.91, 1.4, 1.8, 2.82, 2.87, 1.83, 1.21, 1.08, 1.33, 1.12, 1.24, 2.06, 2.44, 2.42, 1.6, 1.35, 1.38, 1.5, 1.94, 2.48, 3.65, 4.72, 4.34, 2.53, 3.16, 3.56, 4.01, 4.32, 4.78, 5.05, 4.64, 4.35, 4.81, 5.46, 3.6, 2.25, 2.17, 2.32, 2.92, 3.07, 3.24, 3.24, 3.08, 3.02, 2.95, 2.98, 2.79, 2.91, 3.3, 3.56, 3.3, 3.03, 2.78, 2.41, 1.62, 1.8, 1.78, 1.39, 1.24, 1.77, 2.45, 1.35, 0, 0.67, 1.16, 1.5, 1.78, 2.56, 3.01, 1.92, 2.26, 3.39, 4.35, 5.65, 6.41, 6.56], [3.66, 3.65, 5.0, 5.77, 4.69, 3.9, 3.31, 2.91, 2.89, 2.73, 1.9, 1.41, 1.79, 2.79, 2.86, 1.84, 1.26, 1.13, 1.46, 1.11, 1.19, 2.13, 2.41, 2.33, 1.61, 1.4, 1.57, 1.63, 2.05, 2.59, 3.76, 4.79, 4.43, 2.82, 3.25, 3.57, 4.06, 4.41, 4.85, 5.08, 4.73, 4.4, 4.9, 5.45, 3.61, 2.38, 2.22, 2.43, 2.99, 3.1, 3.35, 3.39, 3.39, 3.25, 3.3, 3.27, 3.14, 3.24, 3.53, 3.79, 3.57, 3.32, 3.01, 2.5, 1.49, 1.69, 1.59, 1.32, 1.21, 1.68, 2.42, 1.48, 0.67, 0, 1.05, 1.39, 1.75, 2.55, 3.08, 2.19, 2.27, 3.38, 4.36, 5.66, 6.4, 6.55], [4.39, 4.44, 5.81, 6.6, 5.5, 4.71, 4.08, 3.64, 3.54, 3.42, 2.53, 1.86, 1.7, 2.06, 2.25, 1.29, 0.95, 1.48, 2.03, 1.54, 1.9, 2.86, 3.225, 3.088, 1.98, 1.85, 1.66, 1.9, 2.44, 3.18, 4.41, 5.48, 5.16, 3.37, 4.06, 4.38, 4.87, 5.14, 5.62, 5.87, 5.5, 5.19, 5.63, 6.26, 4.36, 3.01, 2.69, 3.0, 3.52, 3.57, 3.96, 3.96, 3.82, 3.86, 3.61, 3.26, 3.21, 3.47, 3.54, 3.46, 3.16, 2.83, 2.56, 2.01, 1.22, 1.92, 1.74, 1.49, 1.06, 1.13, 1.75, 1.25, 1.16, 1.05, 0, 0.88, 1.16, 1.84, 2.31, 1.9, 2.88, 4.17, 5.15, 6.47, 7.23, 7.38], [4.29, 4.32, 5.67, 6.46, 5.46, 4.57, 3.96, 3.68, 3.74, 3.6, 2.75, 2.12, 1.94, 2.06, 2.21, 1.19, 1.11, 1.64, 1.93, 1.64, 1.92, 2.84, 3.16, 2.994, 1.98, 1.97, 1.74, 2.06, 2.58, 3.32, 4.35, 5.4, 5.04, 3.35, 4.02, 4.28, 4.79, 5.04, 5.5, 5.79, 5.42, 5.11, 5.55, 6.16, 4.42, 3.11, 2.81, 3.14, 3.6, 3.67, 4.08, 4.1, 3.96, 3.96, 3.51, 3.1, 3.09, 3.47, 3.34, 3.34, 2.92, 2.55, 2.28, 1.63, 1.6, 2.04, 1.82, 1.67, 1.16, 1.23, 1.71, 1.35, 1.5, 1.39, 0.88, 0, 0.96, 1.86, 2.23, 1.98, 2.82, 4.05, 5.01, 6.33, 7.05, 7.2], [4.75, 4.76, 6.11, 6.96, 5.9, 5.03, 4.44, 4.1, 4.28, 4.0, 3.25, 2.64, 2.2, 1.96, 1.83, 1.31, 1.41, 1.9, 2.21, 1.96, 2.18, 3.18, 3.506, 3.374, 2.24, 2.19, 1.86, 2.24, 2.84, 3.6, 4.77, 5.82, 5.42, 3.55, 4.34, 4.72, 5.19, 5.46, 5.92, 6.21, 5.8, 5.55, 5.97, 6.6, 4.8, 3.47, 3.15, 3.46, 4.02, 4.01, 4.4, 4.4, 4.2, 4.24, 3.69, 3.26, 3.35, 3.67, 3.52, 3.48, 2.8, 2.45, 2.28, 1.43, 1.56, 2.3, 2.38, 2.05, 1.48, 1.55, 1.69, 1.71, 1.78, 1.75, 1.16, 0.96, 0, 1.18, 1.53, 2.1, 3.12, 4.43, 5.37, 6.71, 7.47, 7.6], [5.75, 5.74, 7.07, 7.88, 6.88, 5.95, 5.4, 5.02, 5.1, 4.92, 4.01, 3.34, 2.44, 1.84, 1.29, 1.65, 2.03, 2.56, 3.01, 2.62, 3.08, 4.16, 4.5, 4.3, 3.24, 3.01, 2.52, 2.8, 3.42, 4.26, 5.63, 6.78, 6.38, 4.39, 5.32, 5.68, 6.13, 6.4, 6.88, 7.17, 6.76, 6.49, 6.89, 7.52, 5.68, 4.19, 3.67, 4.16, 4.78, 4.73, 5.0, 4.92, 4.64, 4.7, 3.99, 3.6, 3.75, 4.07, 3.9, 3.86, 2.98, 2.81, 2.74, 1.77, 1.78, 3.06, 3.16, 2.85, 2.26, 2.01, 1.59, 2.17, 2.56, 2.55, 1.84, 1.86, 1.18, 0, 1.07, 2.62, 3.96, 5.43, 6.35, 7.65, 8.37, 8.5], [5.74, 5.75, 7.02, 7.81, 6.93, 6.02, 5.43, 5.33, 5.69, 5.37, 4.58, 3.85, 2.43, 2.07, 1.54, 2.1, 2.5, 2.91, 3.16, 2.95, 3.21, 4.13, 4.47, 4.17, 3.21, 3.08, 2.59, 2.59, 3.13, 4.07, 5.48, 6.57, 6.25, 4.24, 5.17, 5.53, 5.96, 6.23, 6.73, 7.02, 6.63, 6.4, 6.78, 7.45, 5.63, 4.08, 3.42, 3.95, 4.47, 4.4, 4.59, 4.47, 4.25, 4.33, 3.46, 3.19, 3.24, 3.46, 3.35, 3.27, 2.79, 2.54, 2.49, 1.58, 2.17, 3.49, 3.63, 3.32, 2.61, 2.2, 1.84, 2.52, 3.01, 3.08, 2.31, 2