[[0, 1.93, 2.61, 2.86, 2.55, 2.68, 3.31, 3.62, 3.07, 3.14, 3.93, 4.53, 5.032, 4.96, 4.31, 4.2, 4.36, 3.84, 4.06, 3.36, 3.15, 3.27, 5.22, 4.89, 4.74, 4.57, 3.81, 3.77, 4.24, 5.915, 7.202, 8.541, 10.127, 11.028, 10.47, 9.622, 9.413, 9.653, 8.945, 8.16, 9.497, 10.827, 11.422, 11.199, 10.663, 10.819, 11.619, 11.82, 12.063, 11.838, 11.763, 12.117, 12.84, 13.013, 12.502, 12.386, 11.562, 11.32, 11.091, 11.364, 11.827, 12.025, 11.813, 11.659, 11.739, 10.58, 8.89, 7.22, 6.25, 5.84, 5.71, 5.65, 5.3, 5.9, 5.79, 5.63, 5.22, 5.21, 5.65, 4.74, 3.45, 3.64, 5.25, 7.51, 7.68, 7.12], [1.93, 0, 0.82, 1.37, 1.44, 1.81, 1.98, 2.19, 2.06, 1.99, 2.64, 3.18, 3.54, 3.31, 2.6, 2.63, 2.69, 2.49, 2.91, 2.43, 2.52, 2.72, 4.43, 4.08, 3.95, 3.88, 3.08, 2.98, 3.33, 4.831, 6.141, 7.178, 8.431, 9.255, 8.725, 7.975, 7.705, 7.945, 7.348, 6.502, 7.953, 9.167, 9.838, 9.665, 9.113, 9.301, 10.041, 10.184, 10.439, 10.285, 10.307, 10.6, 11.266, 11.496, 10.873, 10.647, 9.855, 9.579, 9.342, 9.632, 10.069, 10.28, 10.072, 9.915, 9.995, 8.71, 7.16, 5.55, 4.56, 4.23, 4.16, 4.3, 4.09, 4.49, 4.54, 4.46, 3.87, 4.0, 4.26, 3.55, 2.62, 2.69, 3.52, 5.76, 5.917, 5.37], [2.61, 0.82, 0, 0.89, 1.44, 1.95, 1.84, 1.99, 1.84, 1.71, 2.32, 2.68, 3.0, 2.77, 2.14, 2.25, 2.25, 2.29, 2.73, 2.29, 2.66, 2.76, 4.23, 3.88, 3.75, 3.78, 3.06, 2.96, 3.17, 4.534, 5.864, 6.784, 7.943, 8.695, 8.185, 7.435, 7.28, 7.445, 6.813, 6.007, 7.406, 8.636, 9.298, 9.125, 8.573, 8.781, 9.507, 9.67, 9.933, 9.741, 9.753, 10.066, 10.708, 10.924, 10.338, 10.096, 9.32, 9.025, 8.805, 9.077, 9.535, 9.755, 9.552, 9.36, 9.44, 8.19, 6.66, 5.03, 4.1, 3.77, 3.7, 3.94, 3.77, 4.07, 4.12, 4.08, 3.55, 3.68, 3.94, 3.33, 2.42, 2.55, 3.04, 5.24, 5.362, 4.83], [2.86, 1.37, 0.89, 0, 1.43, 2.12, 2.09, 2.0, 1.81, 1.78, 2.03, 2.31, 2.51, 2.4, 2.15, 2.24, 1.98, 2.42, 2.8, 2.28, 2.81, 2.79, 4.06, 3.77, 3.62, 3.65, 3.09, 2.93, 3.2, 4.386, 5.696, 6.714, 7.745, 8.354, 7.824, 7.158, 7.04, 7.208, 6.596, 5.79, 6.975, 8.241, 8.864, 8.568, 8.035, 8.26, 9.08, 9.284, 9.512, 9.307, 9.229, 9.585, 10.225, 10.491, 9.842, 9.729, 8.824, 8.612, 8.392, 8.665, 9.122, 9.342, 9.104, 8.948, 9.008, 7.8, 6.21, 4.56, 3.91, 3.6, 3.51, 3.87, 3.74, 4.08, 4.05, 3.95, 3.46, 3.55, 3.87, 3.32, 2.31, 2.6, 2.71, 4.81, 4.95, 4.4], [2.55, 1.44, 1.44, 1.43, 0, 1.01, 1.4, 1.49, 1.44, 1.15, 1.84, 2.32, 2.68, 2.51, 1.94, 1.93, 1.93, 1.85, 2.11, 1.83, 2.1, 2.42, 3.67, 3.26, 3.15, 3.08, 2.14, 2.16, 2.45, 4.008, 5.298, 6.395, 7.787, 8.599, 8.096, 7.277, 7.104, 7.324, 6.637, 5.94, 7.203, 8.479, 9.044, 8.843, 8.27, 8.523, 9.299, 9.462, 9.746, 9.52, 9.453, 9.8, 10.481, 10.7, 10.216, 10.003, 9.154, 8.901, 8.709, 8.999, 9.467, 9.711, 9.715, 9.282, 9.316, 8.33, 6.54, 4.89, 4.04, 3.69, 3.6, 3.64, 3.41, 3.89, 3.92, 3.8, 3.27, 3.22, 3.52, 2.75, 1.96, 1.97, 2.78, 5.04, 5.19, 4.63], [2.68, 1.81, 1.95, 2.12, 1.01, 0, 1.29, 1.78, 1.35, 1.26, 2.15, 2.71, 3.09, 2.86, 2.21, 2.04, 2.22, 1.5, 1.8, 1.42, 1.75, 1.91, 3.34, 2.95, 2.88, 2.85, 1.87, 1.83, 2.1, 3.652, 5.156, 6.463, 8.006, 8.927, 8.412, 7.648, 7.32, 7.56, 6.894, 6.163, 7.602, 8.839, 9.462, 9.293, 8.76, 8.962, 9.679, 9.842, 10.115, 9.901, 9.911, 10.198, 10.878, 11.091, 10.648, 10.385, 9.533, 9.31, 9.073, 9.343, 9.858, 10.104, 10.102, 9.629, 9.713, 8.7, 6.85, 5.18, 4.23, 3.68, 3.67, 3.39, 3.12, 3.62, 3.69, 3.61, 3.02, 2.91, 3.27, 2.24, 1.45, 1.46, 3.07, 5.35, 5.5, 4.94], [3.31, 1.98, 1.84, 2.09, 1.4, 1.29, 0, 0.81, 1.06, 1.25, 1.84, 2.08, 2.4, 2.29, 1.58, 1.55, 1.57, 1.49, 1.69, 1.71, 2.28, 2.42, 3.01, 2.78, 2.63, 2.68, 1.92, 2.0, 1.77, 3.185, 4.535, 5.705, 7.083, 7.993, 7.473, 6.676, 6.441, 6.721, 6.056, 5.24, 6.634, 7.924, 8.539, 8.368, 7.855, 8.124, 8.927, 9.09, 9.313, 9.033, 9.133, 9.366, 9.96, 10.213, 9.664, 9.444, 8.58, 8.426, 8.135, 8.411, 8.876, 9.202, 9.032, 8.725, 8.81, 7.59, 5.9, 4.45, 3.58, 3.27, 3.14, 2.94, 2.67, 3.05, 3.06, 3.06, 2.55, 2.7, 2.82, 1.93, 2.0, 1.93, 2.46, 4.46, 4.61, 4.05], [3.62, 2.19, 1.99, 2.0, 1.49, 1.78, 0.81, 0, 1.07, 1.32, 1.43, 1.59, 1.79, 1.8, 1.23, 1.22, 1.28, 1.4, 1.6, 2.02, 2.71, 2.75, 2.9, 2.65, 2.54, 2.65, 2.23, 2.21, 1.8, 2.901, 4.271, 5.362, 6.662, 7.487, 6.989, 6.189, 5.959, 6.199, 5.546, 4.79, 6.092, 7.413, 8.007, 7.81, 7.317, 7.571, 8.415, 8.617, 8.811, 8.54, 8.56, 8.813, 9.441, 9.62, 9.139, 8.945, 8.09, 7.911, 7.654, 7.944, 8.358, 8.704, 8.588, 8.258, 8.32, 7.16, 5.49, 4.08, 3.33, 3.04, 2.87, 2.83, 2.54, 2.88, 2.87, 2.89, 2.42, 2.47, 2.57, 1.88, 2.07, 2.16, 2.05, 3.99, 4.12, 3.6], [3.07, 2.06, 1.84, 1.81, 1.44, 1.35, 1.06, 1.07, 0, 0.93, 1.44, 1.88, 2.24, 2.29, 1.66, 1.51, 1.77, 1.45, 1.61, 1.33, 1.98, 2.06, 2.65, 2.3, 2.19, 2.36, 1.86, 1.68, 1.57, 3.062, 4.412, 5.686, 7.246, 8.208, 7.699, 6.846, 6.635, 6.877, 6.177, 5.38, 6.746, 8.055, 8.617, 8.435, 7.892, 8.085, 8.936, 9.176, 9.337, 9.126, 9.063, 9.421, 10.119, 10.289, 9.799, 9.621, 8.782, 8.621, 8.369, 8.639, 9.108, 9.394, 9.309, 8.856, 8.973, 7.83, 6.2, 4.71, 3.82, 3.43, 3.24, 3.1, 2.75, 3.17, 3.08, 3.02, 2.67, 2.66, 2.9, 1.99, 1.4, 1.53, 2.64, 4.66, 4.81, 4.31], [3.14, 1.99, 1.71, 1.78, 1.15, 1.26, 1.25, 1.32, 0.93, 0, 1.23, 1.77, 2.15, 2.04, 1.43, 1.24, 1.46, 1.38, 1.5, 1.54, 2.27, 2.41, 2.74, 2.39, 2.2, 2.39, 1.75, 1.61, 1.72, 3.052, 4.454, 5.619, 7.174, 8.101, 7.577, 6.73, 6.506, 6.746, 6.011, 5.416, 6.744, 7.958, 8.526, 8.326, 7.77, 7.964, 8.709, 8.941, 9.159, 8.995, 8.931, 9.297, 10.045, 10.227, 9.812, 9.596, 8.689, 8.502, 8.305, 8.594, 9.066, 9.332, 9.33, 8.849, 8.897, 7.88, 6.17, 4.62, 3.71, 3.32, 3.17, 3.11, 2.74, 3.22, 3.17, 3.11, 2.66, 2.57, 2.79, 2.0, 1.59, 1.6, 2.39, 4.49, 4.66, 4.16], [3.93, 2.64, 2.32, 2.03, 1.84, 2.15, 1.84, 1.43, 1.44, 1.23, 0, 0.94, 1.48, 1.45, 1.38, 1.15, 1.11, 1.51, 1.61, 2.07, 2.86, 2.92, 2.87, 2.66, 2.39, 2.72, 2.46, 2.4, 2.11, 2.56, 3.969, 5.046, 6.462, 7.366, 6.845, 6.047, 5.722, 5.996, 5.296, 4.78, 6.009, 7.193, 7.753, 7.556, 7.04, 7.182, 8.156, 8.411, 8.557, 8.34, 8.211, 8.615, 9.304, 9.482, 9.185, 8.946, 7.984, 7.929, 7.652, 7.962, 8.437, 8.779, 8.815, 8.27, 8.33, 7.33, 5.36, 3.85, 3.0, 2.57, 2.46, 2.76, 2.61, 2.85, 2.72, 2.52, 2.21, 2.12, 2.22, 1.85, 1.7, 2.05, 1.98, 3.74, 3.91, 3.41], [4.53, 3.18, 2.68, 2.31, 2.32, 2.71, 2.08, 1.59, 1.88, 1.77, 0.94, 0, 0.96, 1.09, 1.44, 1.47, 1.37, 1.99, 2.03, 2.57, 3.38, 3.42, 2.69, 2.44, 2.25, 2.64, 2.86, 2.64, 2.25, 2.36, 3.79, 4.77, 5.889, 6.752, 6.279, 5.5, 5.19, 5.424, 4.816, 4.32, 5.495, 6.582, 7.107, 7.025, 6.56, 6.708, 7.696, 7.948, 8.1, 7.863, 7.754, 8.118, 8.798, 8.997, 8.696, 8.457, 7.47, 7.437, 7.175, 7.485, 7.947, 8.29, 8.34, 7.79, 7.83, 6.89, 4.9, 3.49, 2.7, 2.37, 2.2, 2.58, 2.43, 2.63, 2.6, 2.42, 2.09, 2.06, 2.08, 1.81, 2.08, 2.508, 1.76, 3.18, 3.41, 3.01], [5.032, 3.54, 3.0, 2.51, 2.68, 3.09, 2.4, 1.79, 2.24, 2.15, 1.48, 0.96, 0, 0.79, 1.52, 1.69, 1.51, 2.19, 2.31, 3.13, 3.94, 3.96, 3.21, 2.9, 2.61, 3.2, 3.42, 3.28, 2.81, 2.5, 3.99, 4.886, 5.67, 6.28, 5.85, 5.16, 4.97, 4.95, 4.53, 4.0, 4.906, 6.108, 6.69, 6.55, 6.12, 6.334, 7.265, 7.505, 7.654, 7.431, 7.348, 7.647, 8.241, 8.448, 8.139, 7.886, 6.93, 6.88, 6.66, 6.99, 7.39, 7.75, 7.82, 7.33, 7.33, 6.41, 4.34, 2.87, 2.34, 2.01, 2.04, 2.58, 2.49, 2.63, 2.62, 2.56, 2.09, 2.04, 2.14, 1.99, 2.62, 2.745, 1.66, 2.62, 2.87, 2.45], [4.96, 3.31, 2.77, 2.4, 2.51, 2.86, 2.29, 1.8, 2.29, 2.04, 1.45, 1.09, 0.79, 0, 1.13, 1.34, 1.22, 2.04, 2.2, 3.08, 3.97, 4.01, 3.12, 2.79, 2.44, 2.95, 3.25, 3.19, 2.76, 2.43, 3.856, 4.696, 5.608, 6.316, 5.821, 5.089, 4.84, 4.959, 4.459, 3.89, 4.963, 6.084, 6.727, 6.613, 6.13, 6.333, 7.25, 7.467, 7.651, 7.391, 7.398, 7.645, 8.255, 8.497, 8.145, 7.879, 6.887, 6.862, 6.605, 6.921, 7.372, 7.732, 7.785, 7.24, 7.28, 6.3, 4.23, 2.7, 2.09, 1.72, 1.71, 2.15, 2.08, 2.24, 2.33, 2.33, 1.78, 1.71, 1.83, 1.74, 2.55, 2.82, 1.65, 2.61, 2.82, 2.32], [4.31, 2.6, 2.14, 2.15, 1.94, 2.21, 1.58, 1.23, 1.66, 1.43, 1.38, 1.44, 1.52, 1.13, 0, 0.71, 0.85, 1.29, 1.61, 2.53, 3.4, 3.46, 2.93, 2.66, 2.49, 2.7, 2.6, 2.6, 2.19, 2.754, 4.204, 5.164, 6.048, 6.938, 6.443, 5.673, 5.354, 5.608, 4.982, 4.18, 5.608, 6.96, 7.565, 7.465, 6.98, 7.265, 8.025, 8.148, 8.407, 8.13, 8.248, 8.481, 9.037, 9.21, 8.704, 8.395, 7.643, 7.375, 7.207, 7.517, 7.874, 8.234, 8.355, 7.83, 7.85, 6.87, 4.9, 3.37, 2.46, 2.13, 2.18, 2.38, 2.19, 2.43, 2.52, 2.66, 1.97, 1.96, 2.14, 1.81, 2.28, 2.23, 1.5, 3.3, 3.45, 2.89], [4.2, 2.63, 2.25, 2.24, 1.93, 2.04, 1.55, 1.22, 1.51, 1.24, 1.15, 1.47, 1.69, 1.34, 0.71, 0, 0.8, 1.14, 1.38, 2.34, 3.19, 3.23, 2.82, 2.47, 2.3, 2.55, 2.37, 2.35, 1.92, 2.466, 3.956, 4.931, 6.117, 7.057, 6.528, 5.745, 5.404, 5.682, 4.986, 4.307, 5.715, 7.07, 7.653, 7.535, 7.05, 7.313, 8.013, 8.153, 8.448, 8.188, 8.254, 8.544, 9.144, 9.314, 8.831, 8.537, 7.753, 7.537, 7.32, 7.63, 8.027, 8.347, 8.457, 7.94, 7.9, 6.98, 5.05, 3.54, 2.63, 2.2, 2.17, 2.21, 2.06, 2.28, 2.45, 2.45, 1.8, 1.73, 1.87, 1.68, 2.07, 2.08, 1.77, 3.39, 3.54, 3.06], [4.36, 2.69, 2.25, 1.98, 1.93, 2.22, 1.57, 1.28, 1.77, 1.46, 1.11, 1.37, 1.51, 1.22, 0.85, 0.8, 0, 1.32, 1.6, 2.44, 3.35, 3.37, 3.16, 2.89, 2.7, 2.99, 2.63, 2.67, 2.28, 2.724, 4.236, 5.074, 6.036, 6.802, 6.297, 5.58, 5.333, 5.55, 4.929, 4.39, 5.65, 6.8, 7.427, 7.344, 6.91, 7.1, 7.86, 8.024, 8.289, 8.069, 8.129, 8.421, 8.953, 9.191, 8.683, 8.413, 7.573, 7.325, 7.06, 7.39, 7.827, 8.144, 8.245, 7.74, 7.76, 6.8, 4.83, 3.3, 2.71, 2.38, 2.39, 2.49, 2.4, 2.56, 2.71, 2.71, 2.14, 2.11, 2.11, 1.84, 2.23, 2.26, 1.43, 3.17, 3.34, 2.86], [3.84, 2.49, 2.29, 2.42, 1.85, 1.5, 1.49, 1.4, 1.45, 1.38, 1.51, 1.99, 2.19, 2.04, 1.29, 1.14, 1.32, 0, 0.92, 1.9, 2.65, 2.73, 2.98, 2.81, 2.62, 2.83, 2.47, 2.39, 2.02, 2.761, 4.474, 5.671, 6.745, 7.737, 7.299, 6.498, 6.088, 6.359, 5.737, 5.175, 6.595, 7.833, 8.455, 8.435, 7.99, 8.213, 9.013, 9.171, 9.431, 9.214, 9.257, 9.527, 10.004, 10.237, 9.774, 9.368, 8.695, 8.448, 8.223, 8.573, 8.91, 9.29, 9.425, 8.92, 8.94, 7.96, 5.61, 4.1, 3.15, 2.66, 2.75, 2.45, 2.22, 2.58, 2.85, 2.77, 2.08, 2.03, 2.21, 1.46, 1.41, 1.34, 1.81, 4.01, 4.2, 3.74], [4.06, 2.91, 2.73, 2.8, 2.11, 1.8, 1.69, 1.6, 1.61, 1.5, 1.61, 2.03, 2.31, 2.2, 1.61, 1.38, 1.6, 0.92, 0, 1.42, 2.17, 2.29, 2.28, 2.19, 2.02, 2.17, 1.81, 1.67, 1.42, 2.461, 4.331, 5.725, 7.09, 8.077, 7.588, 6.738, 6.388, 6.665, 5.973, 5.4, 6.74, 8.104, 8.65, 8.55, 8.09, 8.327, 9.147, 9.353, 9.559, 9.339, 9.299, 9.612, 10.129, 10.282, 9.936, 9.617, 8.887, 8.697, 8.48, 8.83, 9.167, 9.547, 9.677, 9.18, 9.14, 8.24, 6.01, 4.48, 3.55, 2.96, 2.95, 2.45, 2.2, 2.6, 2.59, 2.35, 1.84, 1.91, 2.21, 1.68, 1.47, 1.52, 2.35, 4.39, 4.56, 4.06], [3.36, 2.43, 2.29, 2.28, 1.83, 1.42, 1.71, 2.02, 1.33, 1.54, 2.07, 2.57, 3.13, 3.08, 2.53, 2.34, 2.44, 1.9, 1.42, 0, 1.13, 1.31, 2.3, 2.29, 2.28, 2.21, 1.37, 1.17, 1.38, 3.281, 4.938, 6.508, 8.165, 9.112, 8.58, 7.739, 7.431, 7.697, 6.978, 6.18, 7.593, 8.96, 9.499, 9.296, 8.768, 8.976, 9.824, 10.042, 10.208, 9.977, 9.922, 10.271, 10.991, 11.099, 10.672, 10.511, 9.672, 9.474, 9.222, 9.492, 9.964, 10.249, 10.242, 9.78, 9.846, 8.82, 7.05, 5.54, 4.61, 4.04, 4.01, 3.51, 3.22, 3.66, 3.41, 3.05, 2.86, 3.03, 3.31, 2.5, 1.47, 1.82, 3.43, 5.57, 5.72, 5.18], [3.15, 2.52, 2.66, 2.81, 2.1, 1.75, 2.28, 2.71, 1.98, 2.27, 2.86, 3.38, 3.94, 3.97, 3.4, 3.19, 3.35, 2.65, 2.17, 1.13, 0, 0.92, 2.79, 2.8, 2.99, 2.66, 1.6, 1.54, 1.95, 4.065, 5.711, 7.313, 9.001, 9.908, 9.396, 8.572, 8.249, 8.541, 7.836, 7.067, 8.46, 9.738, 10.287, 10.061, 9.572, 9.757, 10.628, 10.891, 11.017, 10.814, 10.669, 11.061, 11.781, 11.917, 11.52, 11.341, 10.499, 10.326, 10.049, 10.342, 10.796, 11.099, 11.109, 10.67, 10.75, 9.69, 7.84, 6.39, 5.46, 4.87, 4.86, 4.38, 4.09, 4.49, 4.3, 3.74, 3.71, 3.86, 4.14, 3.31, 1.94, 2.37, 4.3, 6.4, 6.55, 6.03], [3.27, 2.72, 2.76, 2.79, 2.42, 1.91, 2.42, 2.75, 2.06, 2.41, 2.92, 3.42, 3.96, 4.01, 3.46, 3.23, 3.37, 2.73, 2.29, 1.31, 0.92, 0, 2.21, 2.7, 2.89, 2.3, 1.72, 1.54, 2.19, 4.185, 5.817, 7.396, 9.078, 10.025, 9.51, 8.669, 8.369, 8.635, 7.954, 7.204, 8.603, 9.832, 10.389, 10.196, 9.683, 9.799, 10.754, 10.994, 11.123, 10.94, 10.797, 11.212, 11.87, 12.065, 11.688, 11.532, 10.622, 10.492, 10.172, 10.479, 10.922, 11.268, 11.237, 10.77, 10.85, 9.79, 7.94, 6.45, 5.54, 4.95, 4.94, 4.44, 4.15, 4.57, 4.4, 3.82, 3.73, 3.92, 4.2, 3.39, 2.02, 2.45, 4.34, 6.48, 6.65, 6.11], [5.22, 4.43, 4.23, 4.06, 3.67, 3.34, 3.01, 2.9, 2.65, 2.74, 2.87, 2.69, 3.21, 3.12, 2.93, 2.82, 3.16, 2.98, 2.28, 2.3, 2.79, 2.21, 0, 1.63, 1.76, 1.51, 2.05, 1.79, 1.94, 2.964, 4.637, 6.109, 7.848, 8.816, 8.263, 7.419, 7.129, 7.42, 6.718, 6.107, 7.422, 8.62, 9.151, 8.975, 8.482, 8.578, 9.515, 9.755, 9.887, 9.735, 9.589, 10.008, 10.648, 10.866, 10.546, 10.347, 9.414, 9.293, 9.002, 9.303, 9.803, 10.123, 10.122, 9.58, 9.66, 8.68, 6.91, 5.52, 4.57, 4.04, 3.97, 3.45, 3.16, 3.56, 3.39, 2.89, 2.82, 2.91, 3.11, 2.68, 2.747, 3.305, 3.85, 5.29, 5.48, 4.96], [4.89, 4.08, 3.88, 3.77, 3.26, 2.95, 2.78, 2.65, 2.3, 2.39, 2.66, 2.44, 2.9, 2.79, 2.66, 2.47, 2.89, 2.81, 2.19, 2.29, 2.8, 2.7, 1.63, 0, 0.69, 1.08, 1.72, 1.62, 1.53, 1.98, 3.378, 4.93, 6.673, 7.614, 7.058, 6.214, 5.935, 6.215, 5.524, 4.906, 6.234, 7.427, 7.964, 7.736, 7.217, 7.382, 8.191, 8.417, 8.606, 8.431, 8.336, 8.726, 9.494, 9.63, 9.25, 9.083, 8.153, 7.983, 7.789, 8.056, 8.553, 8.793, 8.789, 8.33, 8.37, 7.39, 5.84, 4.59, 3.74, 3.45, 3.08, 2.44, 2.21, 2.57, 2.28, 2.02, 2.25, 2.2, 2.32, 2.27, 2.477, 3.069, 3.677, 4.18, 4.37, 3.89], [4.74, 3.95, 3.75, 3.62, 3.15, 2.88, 2.63, 2.54, 2.19, 2.2, 2.39, 2.25, 2.61, 2.44, 2.49, 2.3, 2.7, 2.62, 2.02, 2.28, 2.99, 2.89, 1.76, 0.69, 0, 1.05, 1.81, 1.69, 1.58, 1.69, 3.252, 4.771, 6.463, 7.435, 6.9, 6.053, 5.777, 6.057, 5.366, 4.756, 6.045, 7.242, 7.802, 7.577, 7.044, 7.221, 8.038, 8.244, 8.447, 8.266, 8.189, 8.585, 9.313, 9.478, 9.135, 8.933, 7.977, 7.845, 7.607, 7.889, 8.375, 8.675, 8.673, 8.166, 8.209, 7.22, 5.59, 4.38, 3.47, 3.06, 2.83, 2.25, 1.94, 2.3, 2.01, 1.85, 1.92, 1.85, 1.87, 1.88, 2.312, 2.939, 3.47, 3.93, 4.12, 3.64], [4.57, 3.88, 3.78, 3.65, 3.08, 2.85, 2.68, 2.65, 2.36, 2.39, 2.72, 2.64, 3.2, 2.95, 2.7, 2.55, 2.99, 2.83, 2.17, 2.21, 2.66, 2.3, 1.51, 1.08, 1.05, 0, 1.44, 1.42, 1.79, 2.46, 3.958, 5.509, 7.247, 8.188, 7.635, 6.797, 6.506, 6.792, 6.061, 5.372, 6.717, 7.995, 8.558, 8.304, 7.785, 7.941, 8.784, 8.982, 9.17, 8.996, 8.878, 9.272, 10.043, 10.184, 9.793, 9.611, 8.713, 8.532, 8.357, 8.639, 9.107, 9.322, 9.297, 8.867, 8.907, 7.91, 6.24, 4.95, 4.08, 3.61, 3.48, 2.82, 2.55, 2.93, 2.7, 2.38, 2.41, 2.44, 2.6, 2.47, 2.66, 3.21, 3.76, 4.72, 4.91, 4.33], [3.81, 3.08, 3.06, 3.09, 2.14, 1.87, 1.92, 2.23, 1.86, 1.75, 2.46, 2.86, 3.42, 3.25, 2.6, 2.37, 2.63, 2.47, 1.81, 1.37, 1.6, 1.72, 2.05, 1.72, 1.81, 1.44, 0, 0.86, 1.23, 3.128, 4.77, 6.336, 8.015, 8.965, 8.45, 7.574, 7.298, 7.589, 6.829, 6.049, 7.449, 8.83, 9.372, 9.133, 8.628, 8.856, 9.591, 9.8, 10.006, 9.831, 9.746, 10.124, 10.811, 10.95, 10.536, 10.366, 9.501, 9.289, 9.111, 9.413, 9.878, 10.079, 10.04, 9.604, 9.659, 8.63, 6.94, 5.43, 4.52, 4.03, 3.92, 3.4, 3.11, 3.55, 3.3, 2.92, 2.85, 2.9, 3.1, 2.61, 2.22, 2.37, 3.72, 5.4, 5.57, 5.01], [3.77, 2.98, 2.96, 2.93, 2.16, 1.83, 2.0, 2.21, 1.68, 1.61, 2.4, 2.64, 3.28, 3.19, 2.6, 2.35, 2.67, 2.39, 1.67, 1.17, 1.54, 1.54, 1.79, 1.62, 1.69, 1.42, 0.86, 0, 1.09, 3.1, 4.717, 6.279, 7.984, 8.934, 8.407, 7.554, 7.27, 7.547, 6.813, 6.112, 7.472, 8.758, 9.318, 9.084, 8.586, 8.773, 9.559, 9.789, 9.949, 9.789, 9.7, 10.084, 10.774, 10.913, 10.576, 10.363, 9.464, 9.28, 9.078, 9.367, 9.83, 10.11, 10.109, 9.604, 9.644, 8.63, 6.94, 5.45, 4.52, 4.03, 3.92, 3.4, 3.11, 3.55, 3.34, 2.86, 2.83, 2.9, 3.12, 2.47, 2.02, 2.19, 3.62, 5.36, 5.53, 4.99], [4.24, 3.33, 3.17, 3.2, 2.45, 2.1, 1.77, 1.8, 1.57, 1.72, 2.11, 2.25, 2.81, 2.76, 2.19, 1.92, 2.28, 2.02, 1.42, 1.38, 1.95, 2.19, 1.94, 1.53, 1.58, 1.79, 1.23, 1.09, 0, 2.334, 3.98, 5.544, 7.197, 8.156, 7.658, 6.799, 6.491, 6.803, 6.075, 5.433, 6.745, 8.035, 8.549, 8.312, 7.85, 8.075, 9.004, 9.216, 9.382, 9.088, 9.016, 9.36, 10.08, 10.219, 9.872, 9.667, 8.675, 8.616, 8.408, 8.68, 9.14, 9.466, 9.53, 8.98, 9.02, 8.12, 6.35, 5.06, 4.13, 3.66, 3.53, 2.97, 2.68, 3.06, 2.79, 2.55, 2.52, 2.49, 2.57, 1.98, 1.79, 2.06, 3.27, 4.75, 4.9, 4.4], [5.915, 4.831, 4.534, 4.386, 4.008, 3.652, 3.185, 2.901, 3.062, 3.052, 2.56, 2.36, 2.5, 2.43, 2.754, 2.466, 2.724, 2.761, 2.461, 3.281, 4.065, 4.185, 2.964, 1.98, 1.69, 2.46, 3.128, 3.1, 2.334, 0, 2.07, 3.45, 4.968, 5.892, 5.405, 4.575, 4.242, 4.542, 3.825, 3.38, 4.62, 5.87, 6.368, 6.25, 5.86, 6.01, 6.905, 7.16, 7.314, 7.111, 7.037, 7.367, 7.941, 8.109, 7.768, 7.54, 6.67, 6.54, 6.3, 6.65, 7.01, 7.41, 7.5, 7.05, 7.03, 6.21, 4.6, 3.87, 3.06, 2.75, 2.4, 1.9, 1.79, 1.83, 1.68, 1.82, 1.91, 1.76, 1.6, 1.93, 3.05, 3.343, 3.454, 3.4, 3.63, 3.15], [7.202, 6.141, 5.864, 5.696, 5.298, 5.156, 4.535, 4.271, 4.412, 4.454, 3.969, 3.79, 3.99, 3.856, 4.204, 3.956, 4.236, 4.474, 4.331, 4.938, 5.711, 5.817, 4.637, 3.378, 3.252, 3.958, 4.77, 4.717, 3.98, 2.07, 0, 1.76, 3.48, 4.37, 3.88, 3.11, 2.74, 3.04, 2.52, 2.17, 3.31, 4.34, 4.7, 4.46, 3.99, 4.22, 5.12, 5.32, 5.52, 5.26, 5.2, 5.49, 6.19, 6.36, 6.04, 5.85, 4.94, 4.81, 4.59, 4.84, 5.32, 5.68, 5.79, 5.32, 5.34, 4.64, 3.93, 4.6, 4.067, 4.037, 3.512, 2.946, 2.994, 2.637, 2.49, 2.887, 3.474, 3.246, 3.184, 3.513, 4.657, 5.13, 5.104, 4.341, 4.137, 3.72], [8.541, 7.178, 6.784, 6.714, 6.395, 6.463, 5.705, 5.362, 5.686, 5.619, 5.046, 4.77, 4.886, 4.696, 5.164, 4.931, 5.074, 5.671, 5.725, 6.508, 7.313, 7.396, 6.109, 4.93, 4.771, 5.509, 6.336, 6.279, 5.544, 3.45, 1.76, 0, 1.86, 2.75, 2.3, 1.81, 1.48, 1.7, 1.66, 2.37, 2.77, 3.08, 3.14, 3.0, 2.87, 2.7, 3.58, 3.82, 3.98, 3.74, 3.7, 4.05, 4.67, 4.9, 4.56, 4.39, 3.42, 3.37, 3.15, 3.44, 3.84, 4.16, 4.27, 3.84, 3.82, 3.36, 4.09, 5.185, 4.772, 4.942, 4.366, 4.104, 4.218, 3.794, 3.864, 4.297, 4.691, 4.464, 4.201, 4.709, 6.063, 6.425, 5.904, 4.972, 4.665, 4.14], [10.127, 8.431, 7.943, 7.745, 7.787, 8.006, 7.083, 6.662, 7.246, 7.174, 6.462, 5.889, 5.67, 5.608, 6.048, 6.117, 6.036, 6.745, 7.09, 8.165, 9.001, 9.078, 7.848, 6.673, 6.463, 7.247, 8.015, 7.984, 7.197, 4.968, 3.48, 1.86, 0, 1.09, 1.24, 1.15, 1.14, 1.04, 1.68, 2.51, 2.41, 2.6, 2.52, 2.76, 2.83, 2.6, 2.72, 2.8, 2.98, 2.9, 3.0, 3.09, 3.51, 3.8, 3.26, 2.85, 2.58, 2.59, 2.39, 2.62, 2.6, 2.8, 3.01, 2.66, 2.76, 2.94, 3.73, 5.079, 5.006, 5.311, 5.118, 5.212, 5.419, 4.819, 5.058, 5.623, 5.83, 5.635, 5.298, 6.09, 7.617, 7.631, 6.192, 4.849, 4.5, 4.119], [11.028, 9.255, 8.695, 8.354, 8.599, 8.927, 7.993, 7.487, 8.208, 8.101, 7.366, 6.752, 6.28, 6.316, 6.938, 7.057, 6.802, 7.737, 8.077, 9.112, 9.908, 10.025, 8.816, 7.614, 7.435, 8.188, 8.965, 8.934, 8.156, 5.892, 4.37, 2.75, 1.09, 0, 0.81, 1.48, 1.77, 1.51, 2.29, 3.12, 2.4, 2.27, 2.23, 2.41, 2.56, 2.25, 2.19, 2.19, 2.41, 2.35, 2.49, 2.56, 2.82, 3.09, 2.53, 2.14, 2.27, 2.28, 2.04, 2.17, 1.95, 1.97, 2.34, 2.05, 2.17, 2.75, 3.8, 5.209, 5.788, 6.103, 6.053, 6.143, 6.37, 5.79, 6.04, 6.648, 6.838, 6.625, 6.302, 7.049, 8.616, 8.658, 6.619, 4.959, 4.646, 4.506], [10.47, 8.725, 8.185, 7.824, 8.096, 8.412, 7.473, 6.989, 7.699, 7.577, 6.845, 6.279, 5.85, 5.821, 6.443, 6.528, 6.297, 7.299, 7.588, 8.58, 9.396, 9.51, 8.263, 7.058, 6.9, 7.635, 8.45, 8.407, 7.658, 5.405, 3.88, 2.3, 1.24, 0.81, 0, 1.03, 1.36, 1.14, 1.86, 2.67, 2.19, 2.02, 2.12, 2.2, 2.43, 2.12, 2.3, 2.34, 2.56, 2.44, 2.58, 2.75, 3.09, 3.4, 2.82, 2.43, 2.3, 2.23, 2.01, 2.22, 2.12, 2.26, 2.49, 2.18, 2.26, 2.46, 3.59, 4.979, 5.484, 5.791, 5.7, 5.773, 5.94, 5.38, 5.65, 6.218, 6.451, 6.255, 5.955, 6.56, 8.132, 8.286, 6.289, 4.729, 4.36, 4.136], [9.622, 7.975, 7.435, 7.158, 7.277, 7.648, 6.676, 6.189, 6.846, 6.73, 6.047, 5.5, 5.16, 5.089, 5.673, 5.745, 5.58, 6.498, 6.738, 7.739, 8.572, 8.669, 7.419, 6.214, 6.053, 6.797, 7.574, 7.554, 6.799, 4.575, 3.11, 1.81, 1.15, 1.48, 1.03, 0, 0.75, 0.85, 1.19, 1.88, 1.66, 1.93, 2.31, 2.37, 2.38, 2.25, 2.85, 2.97, 3.17, 3.01, 3.09, 3.34, 3.72, 4.05, 3.47, 3.12, 2.47, 2.38, 2.18, 2.41, 2.67, 3.07, 3.24, 2.87, 2.81, 2.33, 3.28, 4.59, 4.76, 5.03, 4.847, 4.918, 5.103, 4.559, 4.725, 5.272, 5.551, 5.338, 5.076, 5.762, 7.314, 7.416, 5.816, 4.44, 4.07, 3.61], [9.413, 7.705, 7.28, 7.04, 7.104, 7.32, 6.441, 5.959, 6.635, 6.506, 5.722, 5.19, 4.97, 4.84, 5.354, 5.404, 5.333, 6.088, 6.388, 7.431, 8.249, 8.369, 7.129, 5.935, 5.777, 6.506, 7.298, 7.27, 6.491, 4.242, 2.74, 1.48, 1.14, 1.77, 1.36, 0.75, 0, 0.66, 1.26, 1.93, 2.03, 2.26, 2.6, 2.74, 2.81, 2.62, 3.12, 3.26, 3.5, 3.36, 3.4, 3.65, 4.11, 4.38, 3.88, 3.47, 2.88, 2.79, 2.59, 2.84, 3.12, 3.46, 3.65, 3.26, 3.22, 2.84, 3.51, 4.64, 4.55, 4.78, 4.49, 4.546, 4.736, 4.156, 4.392, 4.952, 5.168, 4.978, 4.675, 5.444, 6.986, 7.002, 5.59, 4.45, 4.14, 3.62], [9.653, 7.945, 7.445, 7.208, 7.324, 7.56, 6.721, 6.199, 6.877, 6.746, 5.996, 5.424, 4.95, 4.959, 5.608, 5.682, 5.55, 6.359, 6.665, 7.697, 8.541, 8.635, 7.42, 6.215, 6.057, 6.792, 7.589, 7.547, 6.803, 4.542, 3.04, 1.7, 1.04, 1.51, 1.14, 0.85, 0.66, 0, 1.14, 1.93, 1.93, 2.14, 2.4, 2.58, 2.69, 2.48, 2.9, 3.04, 3.32, 3.1, 3.16, 3.43, 3.908, 4.14, 3.68, 3.27, 2.7, 2.55, 2.27, 2.52, 2.82, 3.2, 3.43, 3.0, 3.02, 2.68, 3.29, 4.44, 4.49, 4.82, 4.717, 4.823, 5.01, 4.43, 4.683, 5.252, 5.485, 5.29, 4.969, 5.69, 7.257, 7.322, 5.686, 4.21, 3.9, 3.46], [8.945, 7.348, 6.813, 6.596, 6.637, 6.894, 6.056, 5.546, 6.177, 6.011, 5.296, 4.816, 4.53, 4.459, 4.982, 4.986, 4.929, 5.737, 5.973, 6.978, 7.836, 7.954, 6.718, 5.524, 5.366, 6.061, 6.829, 6.813, 6.075, 3.825, 2.52, 1.66, 1.68, 2.29, 1.86, 1.19, 1.26, 1.14, 0, 1.23, 1.47, 2.44, 3.02, 2.94, 2.69, 2.72, 3.46, 3.62, 3.86, 3.64, 3.68, 3.99, 4.51, 4.7, 4.24, 3.93, 3.28, 2.99, 2.83, 3.18, 3.5, 3.86, 4.05, 3.62, 3.62, 2.8, 2.75, 3.96, 3.97, 4.24, 4.071, 4.145, 4.343, 3.82, 4.001, 4.592, 4.84, 4.63, 4.393, 5.037, 6.617, 6.645, 5.322, 3.79, 3.4, 2.98], [8.16, 6.502, 6.007, 5.79, 5.94, 6.163, 5.24, 4.79, 5.38, 5.416, 4.78, 4.32, 4.0, 3.89, 4.18, 4.307, 4.39, 5.175, 5.4, 6.18, 7.067, 7.204, 6.107, 4.906, 4.756, 5.372, 6.049, 6.112, 5.433, 3.38, 2.17, 2.37, 2.51, 3.12, 2.67, 1.88, 1.93, 1.93, 1.23, 0, 1.74, 3.25, 3.85, 3.73, 3.32, 3.55, 4.21, 4.35, 4.61, 4.35, 4.47, 4.72, 5.24, 5.39, 4.81, 4.5, 4.01, 3.6, 3.46, 3.77, 4.11, 4.43, 4.58, 4.17, 4.23, 3.31, 2.4, 3.49, 3.28, 3.55, 3.384, 3.499, 3.7, 3.148, 3.33, 3.916, 4.17, 3.995, 3.857, 4.489, 6.014, 6.13, 4.82, 3.46, 3.05, 2.51], [9.497, 7.953, 7.406, 6.975, 7.203, 7.602, 6.634, 6.092, 6.746, 6.744, 6.009, 5.495, 4.906, 4.963, 5.608, 5.715, 5.65, 6.595, 6.74, 7.593, 8.46, 8.603, 7.422, 6.234, 6.045, 6.717, 7.449, 7.472, 6.745, 4.62, 3.31, 2.77, 2.41, 2.4, 2.19, 1.66, 2.03, 1.93, 1.47, 1.74, 0, 1.75, 2.45, 2.31, 1.98, 2.19, 2.97, 3.15, 3.21, 3.03, 3.03, 3.28, 3.7, 3.91, 3.57, 3.18, 2.47, 2.34, 2.24, 2.53, 2.81, 3.19, 3.36, 2.99, 2.83, 2.09, 2.3, 4.01, 4.551, 4.888, 4.709, 4.892, 5.096, 4.528, 4.551, 5.159, 5.45, 5.22, 5.095, 5.865, 7.367, 7.358, 5.78, 3.66, 3.29, 3.23], [10.827, 9.167, 8.636, 8.241, 8.479, 8.839, 7.924, 7.413, 8.055, 7.958, 7.193, 6.582, 6.108, 6.084, 6.96, 7.07, 6.8, 7.833, 8.104, 8.96, 9.738, 9.832, 8.62, 7.427, 7.242, 7.995, 8.83, 8.758, 8.035, 5.87, 4.34, 3.08, 2.6, 2.27, 2.02, 1.93, 2.26, 2.14, 2.44, 3.25, 1.75, 0, 1.0, 1.08, 1.19, 1.34, 2.06, 2.34, 2.24, 1.9, 1.84, 2.01, 2.41, 2.76, 2.5, 2.01, 1.36, 1.67, 1.65, 1.9, 2.12, 2.38, 2.73, 2.32, 1.88, 1.72, 3.41, 5.32, 5.921, 6.265, 6.16, 6.303, 6.453, 5.896, 6.078, 6.606, 6.908, 6.698, 6.343, 6.996, 8.449, 8.74, 6.99, 4.83, 4.6, 4.64], [11.422, 9.838, 9.298, 8.864, 9.044, 9.462, 8.539, 8.007, 8.617, 8.526, 7.753, 7.107, 6.69, 6.727, 7.565, 7.653, 7.427, 8.455, 8.65, 9.499, 10.287, 10.389, 9.151, 7.964, 7.802, 8.558, 9.372, 9.318, 8.549, 6.368, 4.7, 3.14, 2.52, 2.23, 2.12, 2.31, 2.6, 2.4, 3.02, 3.85, 2.45, 1.0, 0, 0.66, 1.19, 1.26, 1.48, 1.84, 1.68, 1.36, 1.22, 1.35, 1.79, 2.06, 1.88, 1.51, 1.16, 1.51, 1.67, 1.78, 1.92, 2.2, 2.57, 2.22, 1.7, 2.26, 4.186, 6.093, 6.581, 6.928, 6.769, 6.909, 7.059, 6.505, 6.64, 7.13, 7.496, 7.286, 6.932, 7.582, 9.02, 9.31, 7.723, 5.629, 5.379, 5.373], [11.199, 9.665, 9.125, 8.568, 8.843, 9.293, 8.368, 7.81, 8.435, 8.326, 7.556, 7.025, 6.55, 6.613, 7.465, 7.535, 7.344, 8.435, 8.55, 9.296, 10.061, 10.196, 8.975, 7.736, 7.577, 8.304, 9.133, 9.084, 8.312, 6.25, 4.46, 3.0, 2.76, 2.41, 2.2, 2.37, 2.74, 2.58, 2.94, 3.73, 2.31, 1.08, 0.66, 0, 0.85, 0.94, 1.56, 1.92, 1.8, 1.38, 1.26, 1.35, 1.91, 2.18, 2.0, 1.69, 1.04, 1.49, 1.63, 1.82, 1.92, 2.16, 2.57, 2.22, 1.72, 2.16, 4.126, 6.016, 6.548, 6.895, 6.703, 6.843, 6.993, 6.455, 6.477, 6.947, 7.43, 7.22, 6.963, 7.553, 8.897, 9.21, 7.723, 5.629, 5.299, 5.236], [10.663, 9.113, 8.573, 8.035, 8.27, 8.76, 7.855, 7.317, 7.892, 7.77, 7.04, 6.56, 6.12, 6.13, 6.98, 7.05, 6.91, 7.99, 8.09, 8.768, 9.572, 9.683, 8.482, 7.217, 7.044, 7.785, 8.628, 8.586, 7.85, 5.86, 3.99, 2.87, 2.83, 2.56, 2.43, 2.38, 2.81, 2.69, 2.69, 3.32, 1.98, 1.19, 1.19, 0.85, 0, 0.85, 1.79, 2.13, 1.95, 1.67, 1.55, 1.74, 2.361, 2.617, 2.45, 2.08, 1.19, 1.5, 1.64, 1.83, 2.01, 2.31, 2.68, 2.23, 1.79, 2.03, 3.66, 5.57, 6.115, 6.463, 6.27, 6.41, 6.56, 6.023, 6.024, 6.519, 6.997, 6.787, 6.55, 7.14, 8.421, 8.817, 7.32, 5.18, 4.83, 4.79], [10.819, 9.301, 8.781, 8.26, 8.523, 8.962, 8.124, 7.571, 8.085, 7.964, 7.182, 6.708, 6.334, 6.333, 7.265, 7.313, 7.1, 8.213, 8.327, 8.976, 9.757, 9.799, 8.578, 7.382, 7.221, 7.941, 8.856, 8.773, 8.075, 6.01, 4.22, 2.7, 2.6, 2.25, 2.12, 2.25, 2.62, 2.48, 2.72, 3.55, 2.19, 1.34, 1.26, 0.94, 0.85, 0, 1.34, 1.64, 1.66, 1.48, 1.38, 1.63, 2.29, 2.54, 2.22, 2.11, 1.4, 1.67, 1.71, 2.0, 2.12, 2.28, 2.59, 2.14, 1.9, 2.24, 3.93, 5.82, 6.361, 6.685, 6.472, 6.615, 6.759, 6.245, 6.278, 6.73, 7.196, 6.983, 6.715, 7.305, 8.595, 8.988, 7.51, 5.51, 5.14, 5.04], [11.619, 10.041, 9.507, 9.08, 9.299, 9.679, 8.927, 8.415, 8.936, 8.709, 8.156, 7.696, 7.265, 7.25, 8.025, 8.013, 7.86, 9.013, 9.147, 9.824, 10.628, 10.754, 9.515, 8.191, 8.038, 8.784, 9.591, 9.559, 9.004, 6.905, 5.12, 3.58, 2.72, 2.19, 2.3, 2.85, 3.12, 2.9, 3.46, 4.21, 2.97, 2.06, 1.48, 1.56, 1.79, 1.34, 0, 0.52, 0.82, 0.9, 1.04, 1.19, 1.61, 1.8, 1.52, 1.57, 1.74, 2.09, 2.17, 2.36, 2.1, 1.96, 2.13, 1.98, 1.88, 2.84, 4.89, 6.7, 7.205, 7.525, 7.329, 7.472, 7.619, 7.085, 7.138, 7.661, 8.056, 7.843, 7.572, 8.142, 9.554, 9.868, 8.39, 6.39, 6.02, 5.92], [11.82, 10.184, 9.67, 9.284, 9.462, 9.842, 9.09, 8.617, 9.176, 8.941, 8.411, 7.948, 7.505, 7.467, 8.148, 8.153, 8.024, 9.171, 9.353, 10.042, 10.891, 10.994, 9.755, 8.417, 8.244, 8.982, 9.8, 9.789, 9.216, 7.16, 5.32, 3.82, 2.8, 2.19, 2.34, 2.97, 3.26, 3.04, 3.62, 4.35, 3.15, 2.34, 1.84, 1.92, 2.13, 1.64, 0.52, 0, 0.74, 0.9, 1.12, 1.25, 1.49, 1.64, 1.4, 1.57, 1.9, 2.21, 2.35, 2.52, 2.18, 1.98, 2.07, 1.98, 1.94, 3.0, 5.05, 6.813, 7.344, 7.668, 7.526, 7.666, 7.816, 7.262, 7.34, 7.902, 8.273, 8.066, 7.769, 8.339, 9.806, 10.125, 8.54, 6.55, 6.18, 6.033], [12.063, 10.439, 9.933, 9.512, 9.746, 10.115, 9.313, 8.811, 9.337, 9.159, 8.557, 8.1, 7.654, 7.651, 8.407, 8.448, 8.289, 9.431, 9.559, 10.208, 11.017, 11.123, 9.887, 8.606, 8.447, 9.17, 10.006, 9.949, 9.382, 7.314, 5.52, 3.98, 2.98, 2.41, 2.56, 3.17, 3.5, 3.32, 3.86, 4.61, 3.21, 2.24, 1.68, 1.8, 1.95, 1.66, 0.82, 0.74, 0, 0.62, 0.94, 0.95, 1.25, 1.3, 1.22, 1.37, 1.8, 2.13, 2.17, 2.36, 2.0, 1.76, 1.87, 1.84, 1.86, 2.9, 5.086, 7.006, 7.562, 7.904, 7.751, 7.885, 8.032, 7.481, 7.55, 8.033, 8.469, 8.256, 8.008, 8.558, 9.972, 10.32, 8.753, 6.59, 6.259, 6.246], [11.838, 10.285, 9.741, 9.307, 9.52, 9.901, 9.033, 8.54, 9.126, 8.995, 8.34, 7.863, 7.431, 7.391, 8.13, 8.188, 8.069, 9.214, 9.339, 9.977, 10.814, 10.94, 9.735, 8.431, 8.266, 8.996, 9.831, 9.789, 9.088, 7.111, 5.26, 3.74, 2.9, 2.35, 2.44, 3.01, 3.36, 3.1, 3.64, 4.35, 3.03, 1.9, 1.36, 1.38, 1.67, 1.48, 0.9, 0.9, 0.62, 0, 0.6, 0.79, 1.33, 1.34, 1.18, 1.27, 1.52, 1.93, 2.07, 2.2, 1.94, 1.84, 2.03, 1.84, 1.66, 2.82, 4.965, 6.852, 7.365, 7.686, 7.531, 7.665, 7.812, 7.261, 7.27, 7.832, 8.249, 8.036, 7.788, 8.338, 9.724, 10.1, 8.593, 6.49, 6.159, 6.072], [11.763, 10.307, 9.753, 9.229, 9.453, 9.911, 9.133, 8.56, 9.063, 8.931, 8.211, 7.754, 7.348, 7.398, 8.248, 8.254, 8.129, 9.257, 9.299, 9.922, 10.669, 10.797, 9.589, 8.336, 8.189, 8.878, 9.746, 9.7, 9.016, 7.037, 5.2, 3.7, 3.0, 2.49, 2.58, 3.09, 3.4, 3.16, 3.68, 4.47, 3.03, 1.84, 1.22, 1.26, 1.55, 1.38, 1.04, 1.12, 0.94, 0.6, 0, 0.73, 1.29, 1.4, 1.32, 1.23, 1.48, 1.85, 2.07, 2.14, 2.04, 2.04, 2.29, 2.18, 1.9, 2.88, 4.946, 6.866, 7.407, 7.714, 7.501, 7.641, 7.785, 7.271, 7.263, 7.735, 8.205, 7.992, 7.781, 8.351, 9.6, 10.036, 8.613, 6.45, 6.119, 6.106], [12.117, 10.6, 10.066, 9.585, 9.8, 10.198, 9.366, 8.813, 9.421, 9.297, 8.615, 8.118, 7.647, 7.645, 8.481, 8.544, 8.421, 9.527, 9.612, 10.271, 11.061, 11.212, 10.008, 8.726, 8.585, 9.272, 10.124, 10.084, 9.36, 7.367, 5.49, 4.05, 3.09, 2.56, 2.75, 3.34, 3.65, 3.43, 3.99, 4.72, 3.28, 2.01, 1.35, 1.35, 1.74, 1.63, 1.19, 1.25, 0.95, 0.79, 0.73, 0, 0.82, 1.05, 1.05, 1.0, 1.43, 1.92, 2.14, 2.17, 1.89, 1.75, 2.02, 2.03, 1.69, 2.941, 5.155, 7.079, 7.64, 7.964, 7.768, 7.911, 8.058, 7.524, 7.536, 8.045, 8.495, 8.282, 8.071, 8.661, 10.005, 10.346, 8.863, 6.681, 6.351, 6.333], [12.84, 11.266, 10.708, 10.225, 10.481, 10.878, 9.96, 9.441, 10.119, 10.045, 9.304, 8.798, 8.241, 8.255, 9.037, 9.144, 8.953, 10.004, 10.129, 10.991, 11.781, 11.87, 10.648, 9.494, 9.313, 10.043, 10.811, 10.774, 10.08, 7.941, 6.19, 4.67, 3.51, 2.82, 3.09, 3.72, 4.11, 3.908, 4.51, 5.24, 3.7, 2.41, 1.79, 1.91, 2.361, 2.29, 1.61, 1.49, 1.25, 1.33, 1.29, 0.82, 0, 0.81, 0.87, 1.1, 1.77, 2.18, 2.419, 2.41, 2.05, 1.87, 2.04, 2.17, 1.91, 3.321, 5.395, 7.379, 8.06, 8.404, 8.225, 8.368, 8.515, 7.964, 8.076, 8.582, 8.969, 8.742, 8.551, 9.181, 10.632, 10.88, 9.18, 6.955, 6.611, 6.727], [13.013, 11.496, 10.924, 10.491, 10.7, 11.091, 10.213, 9.62, 10.289, 10.227, 9.482, 8.997, 8.448, 8.497, 9.21, 9.314, 9.191, 10.237, 10.282, 11.099, 11.917, 12.065, 10.866, 9.63, 9.478, 10.184, 10.95, 10.913, 10.219, 8.109, 6.36, 4.9, 3.8, 3.09, 3.4, 4.05, 4.38, 4.14, 4.7, 5.39, 3.91, 2.76, 2.06, 2.18, 2.617, 2.54, 1.8, 1.64, 1.3, 1.34, 1.4, 1.05, 0.81, 0, 1.04, 1.35, 2.16, 2.47, 2.849, 2.76, 2.36, 2.06, 2.27, 2.44, 2.1, 3.668, 5.825, 7.749, 8.33, 8.654, 8.441, 8.584, 8.728, 8.214, 8.186, 8.772, 9.148, 8.955, 8.784, 9.394, 10.871, 11.079, 9.573, 7.388, 7.041, 7.023], [12.502, 10.873, 10.338, 9.842, 10.216, 10.648, 9.664, 9.139, 9.799, 9.812, 9.185, 8.696, 8.139, 8.145, 8.704, 8.831, 8.683, 9.774, 9.936, 10.672, 11.52, 11.688, 10.546, 9.25, 9.135, 9.793, 10.536, 10.576, 9.872, 7.768, 6.04, 4.56, 3.26, 2.53, 2.82, 3.47, 3.88, 3.68, 4.24, 4.81, 3.57, 2.5, 1.88, 2.0, 2.45, 2.22, 1.52, 1.4, 1.22, 1.18, 1.32, 1.05, 0.87, 1.04, 0, 1.01, 1.9, 2.05, 2.39, 2.54, 2.06, 1.78, 1.97, 2.1, 1.86, 3.251, 5.201, 7.075, 7.767, 8.114, 7.955, 8.095, 8.245, 7.691, 7.778, 8.404, 8.716, 8.572, 8.358, 8.988, 10.52, 10.71, 8.933, 6.875, 6.525, 6.475], [12.386, 10.647, 10.096, 9.729, 10.003, 10.385, 9.444, 8.945, 9.621, 9.596, 8.946, 8.457, 7.886, 7.879, 8.395, 8.537, 8.413, 9.368, 9.617, 10.511, 11.341, 11.532, 10.347, 9.083, 8.933, 9.611, 10.366, 10.363, 9.667, 7.54, 5.85, 4.39, 2.85, 2.14, 2.43, 3.12, 3.47, 3.27, 3.93, 4.5, 3.18, 2.01, 1.51, 1.69, 2.08, 2.11, 1.57, 1.57, 1.37, 1.27, 1.23, 1.0, 1.1, 1.35, 1.01, 0, 1.33, 1.5, 1.88, 1.89, 1.53, 1.39, 1.76, 1.73, 1.37, 2.661, 4.619, 6.62, 7.351, 7.701, 7.633, 7.759, 7.926, 7.366, 7.516, 8.17, 8.437, 8.245, 8.042, 8.735, 10.299, 10.375, 8.453, 6.242, 5.872, 5.977], [11.562, 9.855, 9.32, 8.824, 9.154, 9.533, 8.58, 8.09, 8.782, 8.689, 7.984, 7.47, 6.93, 6.887, 7.643, 7.753, 7.573, 8.695, 8.887, 9.672, 10.499, 10.622, 9.414, 8.153, 7.977, 8.713, 9.501, 9.464, 8.675, 6.67, 4.94, 3.42, 2.58, 2.27, 2.3, 2.47, 2.88, 2.7, 3.28, 4.01, 2.47, 1.36, 1.16, 1.04, 1.19, 1.4, 1.74, 1.9, 1.8, 1.52, 1.48, 1.43, 1.77, 2.16, 1.9, 1.33, 0, 0.87, 1.11, 1.12, 1.24, 1.48, 1.79, 1.46, 1.06, 1.74, 3.926, 5.907, 6.718, 7.068, 6.946, 7.086, 7.256, 6.679, 6.72, 7.329, 7.707, 7.486, 7.229, 7.859, 9.331, 9.585, 7.7, 5.486, 5.079, 5.294], [11.32, 9.579, 9.025, 8.612, 8.901, 9.31, 8.426, 7.911, 8.621, 8.502, 7.929, 7.437, 6.88, 6.862, 7.375, 7.537, 7.325, 8.448, 8.697, 9.474, 10.326, 10.492, 9.293, 7.983, 7.845, 8.532, 9.289, 9.28, 8.616, 6.54, 4.81, 3.37, 2.59, 2.28, 2.23, 2.38, 2.79, 2.55, 2.99, 3.6, 2.34, 1.67, 1.51, 1.49, 1.5, 1.67, 2.09, 2.21, 2.13, 1.93, 1.85, 1.92, 2.18, 2.47, 2.05, 1.5, 0.87, 0, 0.78, 0.97, 1.19, 1.47, 1.84, 1.53, 1.03, 1.57, 3.556, 5.637, 6.478, 6.828, 6.77, 6.873, 7.04, 6.48, 6.601, 7.213, 7.537, 7.325, 7.107, 7.671, 9.258, 9.475, 7.484, 5.247, 4.772, 5.071], [11.091, 9.342, 8.805, 8.392, 8.709, 9.073, 8.135, 7.654, 8.369, 8.305, 7.652, 7.175, 6.66, 6.605, 7.207, 7.32, 7.06, 8.223, 8.48, 9.222, 10.049, 10.172, 9.002, 7.789, 7.607, 8.357, 9.111, 9.078, 8.408, 6.3, 4.59, 3.15, 2.39, 2.04, 2.01, 2.18, 2.59, 2.27, 2.83, 3.46, 2.24, 1.65, 1.67, 1.63, 1.64, 1.71, 2.17, 2.35, 2.17, 2.07, 2.07, 2.14, 2.419, 2.849, 2.39, 1.88, 1.11, 0.78, 0, 0.65, 1.01, 1.39, 1.8, 1.35, 1.17, 1.41, 3.182, 5.229, 6.158, 6.528, 6.493, 6.595, 6.763, 6.203, 6.367, 6.907, 7.26, 7.09, 6.87, 7.417, 8.995, 9.24, 7.144, 4.902, 4.475, 4.808], [11.364, 9.632, 9.077, 8.665, 8.999, 9.343, 8.411, 7.944, 8.639, 8.594, 7.962, 7.485, 6.99, 6.921, 7.517, 7.63, 7.39, 8.573, 8.83, 9.492, 10.342, 10.479, 9.303, 8.056, 7.889, 8.639, 9.413, 9.367, 8.68, 6.65, 4.84, 3.44, 2.62, 2.17, 2.22, 2.41, 2.84, 2.52, 3.18, 3.77, 2.53, 1.9, 1.78, 1.82, 1.83, 2.0, 2.36, 2.52, 2.36, 2.2, 2.14, 2.17, 2.41, 2.76, 2.54, 1.89, 1.12, 0.97, 0.65, 0, 0.66, 1.06, 1.59, 1.18, 1.12, 1.38, 3.449, 5.57, 6.508, 6.878, 6.843, 6.945, 7.113, 6.553, 6.677, 7.257, 7.61, 7.44, 7.22, 7.767, 9.311, 9.59, 7.494, 5.237, 4.739, 5.158], [11.827, 10.069, 9.535, 9.122, 9.467, 9.858, 8.876, 8.358, 9.108, 9.066, 8.437, 7.947, 7.39, 7.372, 7.874, 8.027, 7.827, 8.91, 9.167, 9.964, 10.796, 10.922, 9.803, 8.553, 8.375, 9.107, 9.878, 9.83, 9.14, 7.01, 5.32, 3.84, 2.6, 1.95, 2.12, 2.67, 3.12, 2.82, 3.5, 4.11, 2.81, 2.12, 1.92, 1.92, 2.01, 2.12, 2.1, 2.18, 2.0, 1.94, 2.04, 1.89, 2.05, 2.36, 2.06, 1.53, 1.24, 1.19, 1.01, 0.66, 0, 0.6, 1.13, 0.98, 0.94, 1.74, 3.726, 5.887, 6.825, 7.195, 7.16, 7.263, 7.43, 6.87, 7.011, 7.623, 7.927, 7.795, 7.577, 8.178, 9.765, 9.945, 7.851, 5.554, 5.096, 5.515], [12.025, 10.28, 9.755, 9.342, 9.711, 10.104, 9.202, 8.704, 9.394, 9.332, 8.779, 8.29, 7.75, 7.732, 8.234, 8.347, 8.144, 9.29, 9.547, 10.249, 11.099, 11.268, 10.123, 8.793, 8.675, 9.322, 10.079, 10.11, 9.466, 7.41, 5.68, 4.16, 2.8, 1.97, 2.26, 3.07, 3.46, 3.2, 3.86, 4.43, 3.19, 2.38, 2.2, 2.16, 2.31, 2.28, 1.96, 1.98, 1.76, 1.84, 2.04, 1.75, 1.87, 2.06, 1.78, 1.39, 1.48, 1.47, 1.39, 1.06, 0.6, 0, 0.79, 0.86, 1.04, 2.02, 4.206, 6.29, 7.225, 7.595, 7.56, 7.663, 7.83, 7.27, 7.411, 8.023, 8.327, 8.192, 7.974, 8.541, 10.128, 10.325, 8.231, 5.954, 5.496, 5.895], [11.813, 10.072, 9.552, 9.104, 9.715, 10.102, 9.032, 8.588, 9.309, 9.33, 8.815, 8.34, 7.82, 7.785, 8.355, 8.457, 8.245, 9.425, 9.677, 10.242, 11.109, 11.237, 10.122, 8.789, 8.673, 9.297, 10.04, 10.109, 9.53, 7.5, 5.79, 4.27, 3.01, 2.34, 2.49, 3.24, 3.65, 3.43, 4.05, 4.58, 3.36, 2.73, 2.57, 2.57, 2.68, 2.59, 2.13, 2.07, 1.87, 2.03, 2.29, 2.02, 2.04, 2.27, 1.97, 1.76, 1.79, 1.84, 1.8, 1.59, 1.13, 0.79, 0, 0.91, 1.25, 2.01, 4.44, 6.44, 7.298, 7.665, 7.59, 7.713, 7.863, 7.323, 7.404, 8.024, 8.357, 8.287, 8.067, 8.623, 10.175, 10.437, 8.424, 6.187, 5.706, 6.045], [11.659, 9.915, 9.36, 8.948, 9.282, 9.629, 8.725, 8.258, 8.856, 8.849, 8.27, 7.79, 7.33, 7.24, 7.83, 7.94, 7.74, 8.92, 9.18, 9.78, 10.67, 10.77, 9.58, 8.33, 8.166, 8.867, 9.604, 9.604, 8.98, 7.05, 5.32, 3.84, 2.66, 2.05, 2.18, 2.87, 3.26, 3.0, 3.62, 4.17, 2.99, 2.32, 2.22, 2.22, 2.23, 2.14, 1.98, 1.98, 1.84, 1.84, 2.18, 2.03, 2.17, 2.44, 2.1, 1.73, 1.46, 1.53, 1.35, 1.18, 0.98, 0.86, 0.91, 0, 0.9, 1.66, 3.93, 6.007, 6.865, 7.233, 7.197, 7.3, 7.467, 6.907, 7.011, 7.631, 7.984, 7.774, 7.554, 8.101, 9.625, 9.924, 7.871, 5.63, 5.133, 5.493], [11.739, 9.995, 9.44, 9.008, 9.316, 9.713, 8.81, 8.32, 8.973, 8.897, 8.33, 7.83, 7.33, 7.28, 7.85, 7.9, 7.76, 8.94, 9.14, 9.846, 10.75, 10.85, 9.66, 8.37, 8.209, 8.907, 9.659, 9.644, 9.02, 7.03, 5.34, 3.82, 2.76, 2.17, 2.26, 2.81, 3.22, 3.02, 3.62, 4.23, 2.83, 1.88, 1.7, 1.72, 1.79, 1.9, 1.88, 1.94, 1.86, 1.66, 1.9, 1.69, 1.91, 2.1, 1.86, 1.37, 1.06, 1.03, 1.17, 1.12, 0.94, 1.04, 1.25, 0.9, 0, 1.7, 3.99, 6.124, 6.965, 7.315, 7.2, 7.34, 7.49, 6.93, 7.037, 7.665, 7.967, 7.76, 7.54, 8.13, 9.662, 9.884, 7.971, 5.73, 5.239, 5.558], [10.58, 8.71, 8.19, 7.8, 8.33, 8.7, 7.59, 7.16, 7.83, 7.88, 7.33, 6.89, 6.41, 6.3, 6.87, 6.98, 6.8, 7.96, 8.24, 8.82, 9.69, 9.79, 8.68, 7.39, 7.22, 7.91, 8.63, 8.63, 8.12, 6.21, 4.64, 3.36, 2.94, 2.75, 2.46, 2.33, 2.84, 2.68, 2.8, 3.31, 2.09, 1.72, 2.26, 2.16, 2.03, 2.24, 2.84, 3.0, 2.9, 2.82, 2.88, 2.941, 3.321, 3.668, 3.251, 2.661, 1.74, 1.57, 1.41, 1.38, 1.74, 2.02, 2.01, 1.66, 1.7, 0, 2.95, 5.02, 5.85, 6.2, 6.13, 6.25, 6.4, 5.88, 5.968, 6.57, 6.92, 6.83, 6.61, 7.16, 8.679, 8.961, 6.99, 4.75, 4.28, 4.58], [8.89, 7.16, 6.66, 6.21, 6.54, 6.85, 5.9, 5.49, 6.2, 6.17, 5.36, 4.9, 4.34, 4.23, 4.9, 5.05, 4.83, 5.61, 6.01, 7.05, 7.84, 7.94, 6.91, 5.84, 5.59, 6.24, 6.94, 6.94, 6.35, 4.6, 3.93, 4.09, 3.73, 3.8, 3.59, 3.28, 3.51, 3.29, 2.75, 2.4, 2.3, 3.41, 4.186, 4.126, 3.66, 3.93, 4.89, 5.05, 5.086, 4.965, 4.946, 5.155, 5.395, 5.825, 5.201, 4.619, 3.926, 3.556, 3.182, 3.449, 3.726, 4.206, 4.44, 3.93, 3.99, 2.95, 0, 2.23, 3.18, 3.57, 3.56, 3.78, 4.03, 3.47, 3.78, 4.28, 4.41, 4.3, 4.2, 4.97, 6.552, 6.385, 4.24, 2.28, 1.89, 2.11], [7.22, 5.55, 5.03, 4.56, 4.89, 5.18, 4.45, 4.08, 4.71, 4.62, 3.85, 3.49, 2.87, 2.7, 3.37, 3.54, 3.3, 4.1, 4.48, 5.54, 6.39, 6.45, 5.52, 4.59, 4.38, 4.95, 5.43, 5.45, 5.06, 3.87, 4.6, 5.185, 5.079, 5.209, 4.979, 4.59, 4.64, 4.44, 3.96, 3.49, 4.01, 5.32, 6.093, 6.016, 5.57, 5.82, 6.7, 6.813, 7.006, 6.852, 6.866, 7.079, 7.379, 7.749, 7.075, 6.62, 5.907, 5.637, 5.229, 5.57, 5.887, 6.29, 6.44, 6.007, 6.124, 5.02, 2.23, 0, 1.25, 1.68, 1.77, 2.51, 2.66, 2.56, 2.83, 2.91, 2.8, 2.73, 2.89, 3.6, 4.91, 4.56, 2.55, 1.31, 1.4, 1.26], [6.25, 4.56, 4.1, 3.91, 4.04, 4.23, 3.58, 3.33, 3.82, 3.71, 3.0, 2.7, 2.34, 2.09, 2.46, 2.63, 2.71, 3.15, 3.55, 4.61, 5.46, 5.54, 4.57, 3.74, 3.47, 4.08, 4.52, 4.52, 4.13, 3.06, 4.067, 4.772, 5.006, 5.788, 5.484, 4.76, 4.55, 4.49, 3.97, 3.28, 4.551, 5.921, 6.581, 6.548, 6.115, 6.361, 7.205, 7.344, 7.562, 7.365, 7.407, 7.64, 8.06, 8.33, 7.767, 7.351, 6.718, 6.478, 6.158, 6.508, 6.825, 7.225, 7.298, 6.865, 6.965, 5.85, 3.18, 1.25, 0, 0.69, 0.84, 1.72, 1.87, 1.91, 2.14, 2.18, 1.93, 1.86, 2.02, 2.67, 3.98, 3.57, 2.46, 1.86, 2.03, 1.53], [5.84, 4.23, 3.77, 3.6, 3.69, 3.68, 3.27, 3.04, 3.43, 3.32, 2.57, 2.37, 2.01, 1.72, 2.13, 2.2, 2.38, 2.66, 2.96, 4.04, 4.87, 4.95, 4.04, 3.45, 3.06, 3.61, 4.03, 4.03, 3.66, 2.75, 4.037, 4.942, 5.311, 6.103, 5.791, 5.03, 4.78, 4.82, 4.24, 3.55, 4.888, 6.265, 6.928, 6.895, 6.463, 6.685, 7.525, 7.668, 7.904, 7.686, 7.714, 7.964, 8.404, 8.654, 8.114, 7.701, 7.068, 6.828, 6.528, 6.878, 7.195, 7.595, 7.665, 7.233, 7.315, 6.2, 3.57, 1.68, 0.69, 0, 0.77, 1.59, 1.7, 1.8, 2.03, 2.05, 1.44, 1.43, 1.71, 2.18, 3.41, 3.08, 2.19, 2.29, 2.48, 1.92], [5.71, 4.16, 3.7, 3.51, 3.6, 3.67, 3.14, 2.87, 3.24, 3.17, 2.46, 2.2, 2.04, 1.71, 2.18, 2.17, 2.39, 2.75, 2.95, 4.01, 4.86, 4.94, 3.97, 3.08, 2.83, 3.48, 3.92, 3.92, 3.53, 2.4, 3.512, 4.366, 5.118, 6.053, 5.7, 4.847, 4.49, 4.717, 4.071, 3.384, 4.709, 6.16, 6.769, 6.703, 6.27, 6.472, 7.329, 7.526, 7.751, 7.531, 7.501, 7.768, 8.225, 8.441, 7.955, 7.633, 6.946, 6.77, 6.493, 6.843, 7.16, 7.56, 7.59, 7.197, 7.2, 6.13, 3.56, 1.77, 0.84, 0.77, 0, 1.14, 1.19, 1.37, 1.52, 1.58, 1.25, 1.24, 1.5, 2.17, 3.38, 2.99, 2.3, 2.4, 2.53, 1.93], [5.65, 4.3, 3.94, 3.87, 3.64, 3.39, 2.94, 2.83, 3.1, 3.11, 2.76, 2.58, 2.58, 2.15, 2.38, 2.21, 2.49, 2.45, 2.45, 3.51, 4.38, 4.44, 3.45, 2.44, 2.25, 2.82, 3.4, 3.4, 2.97, 1.9, 2.946, 4.104, 5.212, 6.143, 5.773, 4.918, 4.546, 4.823, 4.145, 3.499, 4.892, 6.303, 6.909, 6.843, 6.41, 6.615, 7.472, 7.666, 7.885, 7.665, 7.641, 7.911, 8.368, 8.584, 8.095, 7.759, 7.086, 6.873, 6.595, 6.945, 7.263, 7.663, 7.713, 7.3, 7.34, 6.25, 3.78, 2.51, 1.72, 1.59, 1.14, 0, 0.47, 0.61, 0.86, 1.16, 1.09, 1.04, 1.34, 1.81, 2.98, 2.95, 2.74, 2.86, 2.89, 2.25], [5.3, 4.09, 3.77, 3.74, 3.41, 3.12, 2.67, 2.54, 2.75, 2.74, 2.61, 2.43, 2.49, 2.08, 2.19, 2.06, 2.4, 2.22, 2.2, 3.22, 4.09, 4.15, 3.16, 2.21, 1.94, 2.55, 3.11, 3.11, 2.68, 1.79, 2.994, 4.218, 5.419, 6.37, 5.94, 5.103, 4.736, 5.01, 4.343, 3.7, 5.096, 6.453, 7.059, 6.993, 6.56, 6.759, 7.619, 7.816, 8.032, 7.812, 7.785, 8.058, 8.515, 8.728, 8.245, 7.926, 7.256, 7.04, 6.763, 7.113, 7.43, 7.83, 7.863, 7.467, 7.49, 6.4, 4.03, 2.66, 1.87, 1.7, 1.19, 0.47, 0, 0.74, 0.97, 1.29, 1.06, 1.05, 1.35, 1.72, 2.77, 2.74, 2.67, 2