0,0.07,0.56,0.7,0.29,0.97,0.72,0.5,0.79,0.17
0.07,0,0.69,0.38,0.89,0.47,0.58,0.2,0.69,0.56
0.56,0.69,0,0.04,0.21,0.35,0.14,0.09,0.85,0.65
0.7,0.38,0.04,0,0.06,0.85,0.59,0.19,0.21,0.52
0.29,0.89,0.21,0.06,0,0.04,0.13,0.24,1.0,0.08
0.97,0.47,0.35,0.85,0.04,0,0.07,0.56,0.85,0.39
0.72,0.58,0.14,0.59,0.13,0.07,0,0.25,0.15,0.19
0.5,0.2,0.09,0.19,0.24,0.56,0.25,0,0.41,0.13
0.79,0.69,0.85,0.21,1.0,0.85,0.15,0.41,0,0.37
0.17,0.56,0.65,0.52,0.08,0.39,0.19,0.13,0.37,0
