0, 1.2, 4.5, 5.0, 1.2, 3.7
1.2, 0, 5.3, 5.8, 2, 4.5
4.5, 5.3, 0, 0.5, 3.3, 5.8
5, 5.8, 0.5, 0, 3.3, 6.3
1.2, 2, 3.3, 3.3, 0, 2.5
3.7, 4.5, 5.8, 6.3, 2.5, 0