0	0.12374045157335811	0.13008798918417852	0.544658536796668	0.6338050490774093	0.3526317178249936	0.13528402131527406	0.9571870016165016	0.5296189566369947	0.7867550617546549	0.9018304751810319	0.12873440373971268	0.7810828540021493	0.704738620375912	0.8968969299820706	0.33069055415669246	0.2888800718375203	0.6103915834853259	0.39869086636721274	0.2648798234827424	0.5660483303961316	0.3760898886383375	0.7783663770997298	0.5063017340092196	0.3242949197496262	0.41225532095486994	0.7820422921731408	0.02017281425827533	0.824938494708749	0.20488191917908616	0.7690491347506696	0.20078119260430016	0.545822042755387	0.5567347824757879	0.6406352671092707	0.2106894377224876	0.06301460396877956	0.5718854165529634	0.2943244926445675	0.5565897607858332	0.95348371793794	0.0036472784078528386	0.44669283520690206	0.775501198500909	0.15018897677329612	0.3783731405229226	0.4248893074120571	0.3842939968579445	0.8384652019328273	0.5574248722932867	0.9913518713828419	0.5703903638155849	0.6646598754359	0.9522192319381021	0.9548869980837263	0.1337730678125395	0.9991935438361241	0.021905469572118696	0.5110306344684005	0.2637525282855532	0.7968385235235028	0.6625868021276631	0.8180927037803034	0.028628910805139296	0.9711867229798417	0.9243684664280276	0.7040257235494924	0.09752843457169291	0.6584068846781708	0.6920299925823024	0.8821876143517888	0.1007302063429325	0.7856988375105467	0.9714675519333285	0.3334687373095345	0.3144427362853922	0.44936614825069066	0.9548466751158963	0.1012178863997294	0.5432487121874687	0.3298821121017157	0.6919282896123246	0.25226502154944763	0.8882042096447073	0.3543815450613004	0.09014621374756804	0.6526595075079967	0.6978951506111667	0.6481533923666702	0.5881511745516614	0.7117594503510114	0.684951129458511	0.7800822538232981	0.824904438220632	0.8733629183798716	0.2046730681558846	0.8738013007507897	0.9469887975629941	0.4088427294066094	0.7063201268402078	0.8584845270247539	0.17377796078526608	0.060799177343578426	0.18641594947385487	0.8138079508906949	0.7698140578242831	0.9021986244496735	0.504431948192746	0.9115420226665765	0.7515422254526659	0.7206504787535242	0.1185990251597836	0.6656467747060045
0.12374045157335811	0	0.2485888614481695	0.4683108197611746	0.9497580309047745	0.17111427228373632	0.74126593477814	0.1905107052430377	0.5619943897333743	0.32853789737726813	0.6039275625686648	0.34110263303574073	0.3493233491803399	0.6356996221159796	0.7094204413649731	0.40661935072582855	0.11726833388085922	0.05501237960456007	0.13558029826281837	0.21801451073435107	0.6592893798124341	0.1113201885647962	0.04036699733013549	0.5248631269431385	0.08182731378889296	0.32335269362687846	0.8877068347240662	0.36444862645656606	0.6866035095369736	0.8780730883613735	0.2622774912953365	0.15600651745650373	0.9843769506732827	0.5413836219179147	0.9062736058372421	0.8283144514694232	0.5200018739343762	0.6144556413599452	0.7690971298940519	0.9856762708341598	0.3887005224026153	0.4685009205436079	0.18139112380097477	0.6163675534362497	0.2673211109901711	0.7586908302578663	0.07397261112200704	0.39884990834814305	0.0156289145633165	0.7273820898388835	0.19564782606820508	0.8782072158164068	0.36737806890122404	0.9984591108933326	0.6472059850939703	0.9776287008698415	0.2833781210190881	0.7253136157379035	0.25912931135714257	0.2674457691445833	0.6294708047262644	0.952216000406642	0.12932620611811751	0.7413533598308931	0.6778789364135775	0.46304099123660347	0.9323397066566663	0.6649330003126273	0.38444087907149127	0.17741761824965874	0.7550067555816052	0.8031053956514174	0.07751113647809837	0.38151390665947205	0.9152308754245282	0.5899995219408475	0.4404765127247303	0.7543848540150292	0.27544007889993083	0.09883406556113628	0.09883204024886272	0.5363564795916259	0.6335666911817708	0.976013151462803	0.5402232638525009	0.5642128445421104	0.746498864904558	0.08981141654994895	0.09106315232549245	0.2973281286668298	0.3543912497407763	0.8758847606467873	0.47841410053107714	0.9527133889277839	0.20610533278672716	0.9288152039902163	0.46642626342909954	0.1788570378874389	0.453967547297494	0.8981283404340257	0.4653749067070161	0.2440169077097134	0.30034611060455685	0.46302207430037823	0.06341481805915794	0.14690366025681512	0.32883086968282527	0.4917622777015783	0.687555951237832	0.06634341888456896	0.7341776434402243	0.22557980495433783	0.9059331172356988
0.13008798918417852	0.2485888614481695	0	0.37832312866434503	0.46988273495069655	0.4656623569440843	0.48176596716869813	0.4530924979913734	0.15855467015219038	0.3412791163678033	0.5022794905517789	0.41519549261425714	0.5374731488440513	0.5687561298293167	0.5311388142179393	0.7587500417088168	0.7052829310975284	0.6576944176206319	0.8287038443407921	0.7791740910193561	0.4077060308793641	0.7117909553468947	0.9904961169913014	0.5496173616816594	0.7718259744464666	0.5562619954344546	0.7364313632279129	0.35333610244396174	0.8293970826614228	0.6489646381949135	0.09851698773835993	0.3531732698433985	0.4132399234393225	0.6823292581806993	0.09001741766117011	0.04247610202235785	0.470863046847403	0.4243334131913128	0.02517091077088518	0.4742870660405064	0.2944352711435366	0.5711203898770125	0.20012344172275287	0.11887016819106111	0.6830375915384724	0.3624860990012686	0.6623128413450741	0.20937452023191472	0.8876037533922212	0.12274271529995595	0.07937172595725706	0.08199758515027544	0.7554111409655958	0.8874549719946222	0.40440654965198597	0.344808686949452	0.8212182363773979	0.7006965511801564	0.5119889533114532	0.03782828217598999	0.42270474142440595	0.41884246084656296	0.2429061231934776	0.3205666016598139	0.5165272218686345	0.8352089011091591	0.2810139284950437	0.23989431798834515	0.5753018229644831	0.6188088665281347	0.8453342801073036	0.720847146653104	0.9182123281859933	0.641000041899513	0.5512895827195692	0.2903561005151345	0.22019492696222542	0.709752830195467	0.8988779830331011	0.9208593223395974	0.5056409244719622	0.3003089383051686	0.2059337100999915	0.6866005730858644	0.4329515614585412	0.3110903846813793	0.3969867710322036	0.0044535767015218	0.282380783759691	0.5504903353859258	0.01654885984826482	0.883698882592511	0.9137992985155194	0.6681484449316091	0.35816920592767965	0.15015279467472842	0.9613554914455941	0.43164577925205905	0.6714569528735732	0.4617136972375844	0.37844095679016576	0.9912018018607229	0.09755321920191784	0.34857073505163416	0.08727388475158904	0.7533806966293516	0.3160042804046116	0.5248752563563073	0.7631893919721207	0.7009810892363694	0.26625247483764325	0.421233544678532	0.9588747363536368
0.544658536796668	0.4683108197611746	0.37832312866434503	0	0.3360953369386337	0.31500728192257765	0.06068822527051676	0.09611057112244581	0.3355781859978356	0.8846658813389577	0.43239323145396036	0.6332425910026381	0.7219814341436058	0.5237858536189532	0.26859561189802594	0.4544170502069339	0.4946296789153032	0.9255370453007469	0.335357049931606	0.5852329524647064	0.5312051465942313	0.5024141503762066	0.8113006491710453	0.008441369553359168	0.5699194366439175	0.2169441631726281	0.0451189843980927	0.404388997841687	0.1778619300786577	0.7175693045353144	0.37153237615318124	0.4493488415785932	0.08200411064164759	0.9001218598146583	0.2898074564741965	0.518418859450092	0.28073323715257803	0.3270163934358268	0.8873793997198467	0.8757420163561008	0.7325254540500276	0.15447023364266976	0.41425897568841985	0.6571790648696306	0.3562396631016729	0.2533791067454938	0.514720514590388	0.058572338927057044	0.1961904988094073	0.8234290240114505	0.4688452720095403	0.4697805418680968	0.7941698599593818	0.4531698689296887	0.8290786283459738	0.13018872837988316	0.004468071207581414	0.3044930847610633	0.020579931019571784	0.9969420823475514	0.3129992495417684	0.33194948355234877	0.017958699780045273	0.6616460661029335	0.02937154350331095	0.6303695618607067	0.28476018592767927	0.9176618649788865	0.17174052001453077	0.42446198250323985	0.26831885839228053	0.29768726630738773	0.3787088096381275	0.4723368746311788	0.1235929826344323	0.4282327884866465	0.3073976431080614	0.5696355549007559	0.3746376199968907	0.7844531092605711	0.30865893743842	0.07869072196879379	0.12651992555937008	0.2178163837397583	0.013800657017380868	0.607283731768234	0.4330027982560478	0.5195103502181191	0.2927077330305299	0.8369736383549673	0.3893634998663854	0.03825772518043835	0.01656608111503355	0.7821972514139085	0.7488866748569383	0.49794910503809786	0.9866235180671398	0.6170501008691802	0.08795249991882792	0.4299520372000061	0.4787316443951162	0.06860624766066192	0.6170468346223599	0.35966963996783774	0.7431218854970604	0.7818604970187809	0.6135881494962789	0.588045423707891	0.9728785343495416	0.4958816728474782	0.7315656307314129	0.5337395192133759	0.22050626969266274
0.6338050490774093	0.9497580309047745	0.46988273495069655	0.3360953369386337	0	0.33028159155784	0.04288750103635386	0.534770424114281	0.07086005316442134	0.260478106967177	0.792222173111494	0.0006044057830304483	0.31956032303403736	0.7513928329978772	0.5777068194998396	0.4656869386598672	0.7787089921705068	0.17113014852732478	0.8235785608085622	0.8412762976908477	0.6628193515184994	0.8592633710992067	0.09835450076761276	0.7627934699805233	0.9492633823241188	0.5662351504427766	0.08902262419517515	0.575606942927421	0.613185281871971	0.1896775245144674	0.26162200549141723	0.9465324976704411	0.9191681399935482	0.5648653232444655	0.08251549448534257	0.45258418609246587	0.9413169968884197	0.14586677220237032	0.5445607599551325	0.3409153483967322	0.3245100064571056	0.020056921798846883	0.940773396882419	0.8605663242827468	0.8804673597584229	0.0596133533257629	0.44780298959086695	0.7460984760332752	0.854325669591093	0.9682105426652591	0.22245392109857665	0.9871715612689091	0.6945591225791267	0.7426501123328265	0.2087412147658988	0.0056749351683864635	0.32829042014084286	0.17539572906912781	0.6862468324427013	0.4110175984016524	0.1452265526410751	0.12582094054940596	0.7082393180102098	0.9038944276185478	0.978943027641047	0.4736836612518316	0.07001082753175225	0.3066827254038519	0.671215220054066	0.46386267114593693	0.5611793734536582	0.2295928040739309	0.187477406078147	0.9895363333919747	0.20180512538480877	0.6759488739617575	0.5798792855345389	0.6173604593600074	0.9585047585389833	0.8094822932238517	0.8768733988021512	0.835473397237851	0.8016175250046047	0.19053434980257922	0.7394144395269567	0.2046234600219493	0.5662853118715596	0.6813882888684447	0.7937638745032657	0.08625517009233674	0.4657895462682936	0.5368398847708927	0.25028935343682956	0.27323434249359857	0.8240722036205715	0.27799267844929554	0.7758590935484335	0.4289621202486358	0.7239379733528933	0.24638864946479677	0.11447939958748066	0.796859573850482	0.66292010280052	0.6835239251649611	0.7703144544963393	0.2271320404367111	0.7925105392936189	0.6359916264382108	0.9826772974777066	0.674440625823559	0.014326724144894665	0.25688408482587954	0.9633080233421152
0.3526317178249936	0.17111427228373632	0.4656623569440843	0.31500728192257765	0.33028159155784	0	0.274287100091008	0.8994479952877134	0.23853871068036958	0.11401435284091288	0.13835592305935518	0.8804616863049264	0.18342323037234565	0.7758517233532035	0.459867562767303	0.21219531187926188	0.10405121834149045	0.051382539751407164	0.5900839122782204	0.9153857652898801	0.9829729660918697	0.338757191920138	0.013760749392933258	0.7092344356192037	0.5215741493802252	0.3139601287992889	0.49108945840533613	0.95834565062201	0.05922458466493219	0.31214520630443443	0.2952593148124909	0.7639293498448643	0.48293574002346584	0.9849390628629796	0.5671587891252303	0.3548045582909449	0.40725453278647106	0.31716895816201773	0.3636006384609225	0.9164149960167843	0.26532242448383425	0.8900436803919548	0.6087337491748349	0.5258696223243908	0.9929188053036779	0.017550514092834257	0.1900980312344367	0.4742174492610969	0.9519832790974718	0.4163757897274153	0.5971086249757126	0.506816241706467	0.24151015320892888	0.14825014287625038	0.8838801811754154	0.48848901061397765	0.16815236048291704	0.8182307226034169	0.7052195009673652	0.20886457805988912	0.8185560100146401	0.8791503494594068	0.5587445499894147	0.22305329731759038	0.8483534480153766	0.8804362409765031	0.2003157314704196	0.7419137862428553	0.7090146380962269	0.7077667563234299	0.6724499156468343	0.45835981125398384	0.04424459310601703	0.9492365285469926	0.9118827093420315	0.207182647881342	0.3856712963953003	0.4374896298463272	0.3129708059565919	0.40884519344424297	0.4819107166929665	0.23797337455600076	0.6625214681767949	0.21743608890154364	0.10231432689381748	0.12977005879819248	0.9320489822104597	0.029485789139509833	0.25381669482517966	0.7625116854265769	0.4029932393799037	0.8982844242482553	0.42289049920292454	0.18000553560019428	0.42123669330501357	0.08481837543909998	0.8452651946858573	0.17423090005918895	0.14517279769944436	0.8756418930005267	0.2622651129536061	0.129403611793247	0.7073101796751303	0.3143566028554041	0.763188159766704	0.5384853131919098	0.05399439325623423	0.025182293598245642	0.19128318191912086	0.0035757560358684604	0.7495986540022544	0.1670447861164409	0.4740509300751504
0.13528402131527406	0.74126593477814	0.48176596716869813	0.06068822527051676	0.04288750103635386	0.274287100091008	0	0.6594062196015794	0.3478693010062266	0.4649565735742919	0.8332882558737642	0.6015056006822325	0.1939806219954937	0.8882531553689439	0.7909305388472901	0.2088225813621255	0.26668067969180587	0.8759824017951944	0.7735413172084507	0.007952125368657526	0.9597376599392837	0.3509590069202606	0.6145483024856123	0.9757973286342738	0.7815520636192824	0.307882649882975	0.1569657556114421	0.9936661022147042	0.7155171179469467	0.004943709240192384	0.2337003481031641	0.943048754333893	0.5012037794499149	0.16257789004183454	0.006382141452927259	0.07076017754859765	0.5126725597121675	0.6324528383122905	0.29364239145635795	0.5524785775621145	0.44951544397109133	0.3163679019632436	0.03153529621285789	0.45364285649959646	0.6069951844234008	0.5146847692726957	0.9440745754356508	0.7282216821771292	0.4375975504314279	0.7838540135856923	0.9248512900427824	0.8261646888141577	0.40712935008985407	0.17468467300216028	0.9455714140662231	0.979936557135347	0.6577294451721757	0.04888522258049466	0.35350165744398776	0.12246073954230696	0.11552722460343967	0.06550272857798034	0.3602466129672228	0.5941559030239676	0.8758613715661218	0.5631665461811043	0.8320441149661563	0.5458427713626258	0.6816080808516876	0.5161534148185144	0.12407498282398421	0.41651751327395625	0.7581648003073621	0.0012702900712765475	0.9686365787775243	0.8013282317002998	0.7940783698075057	0.7504127974924456	0.20921829091366995	0.4999866070613437	0.7430813676958714	0.7248496263530905	0.2742256274961573	0.9653076398331496	0.4562378926291638	0.16190214921631474	0.3282115867074826	0.5274418107089693	0.27728600555419847	0.5702335641228937	0.5807986169772981	0.8602182906305754	0.7920899156968182	0.42891676191883243	0.8392471523518792	0.2517288216158793	0.2306634924362545	0.021322797097391044	0.30098393765760734	0.11867350619364736	0.5502909530390138	0.38900063471884705	0.05552173682980088	0.5177118442404868	0.43578343048842094	0.40926738739378754	0.6665301247535673	0.8915957385633281	0.15105319810987217	0.31164431684725835	0.10794971571010281	0.6364736923945867	0.2498982266343477
0.9571870016165016	0.1905107052430377	0.4530924979913734	0.09611057112244581	0.534770424114281	0.8994479952877134	0.6594062196015794	0	0.011963888149153057	0.4538574263278071	0.22756335930999705	0.22332145962340066	0.4124670346802931	0.24238730889657156	0.23171908421987375	0.18967230805686808	0.055431588932396525	0.678011094615185	0.004060532719650678	0.22033680792670984	0.05905130682422066	0.7871776933005412	0.6000625976118329	0.029720087929706596	0.17280388380246592	0.5837931148112749	0.2699415937367998	0.9539849164277536	0.9146550833699792	0.744633099662903	0.2906634018732793	0.7302562760487301	0.6540003977908363	0.14966416658089032	0.4818176189160752	0.5894105355266119	0.025991846619058623	0.17152254862926297	0.07526371074942961	0.3650907253027028	0.1478966727180291	0.03156177838737795	0.7314608889835263	0.4350060871691743	0.8325637001114119	0.35319255631921587	0.9727026872895025	0.30805555532024775	0.4532305042779129	0.6674594843673848	0.2524444784300133	0.40609973638524244	0.20361345939198072	0.6143113174118461	0.3541243430101385	0.6948327008566483	0.7971043760567976	0.4170621620410301	0.6459393207583457	0.6252844856302872	0.5175623408159632	0.8300842878718226	0.382673693251256	0.9654884521935134	0.9006869746552894	0.9938073241540998	0.2058831103937312	0.5738076296805896	0.9863457846684828	0.23006021310460056	0.6464302839364892	0.4870532921003772	0.617902189861307	0.34799400125712876	0.7106685784486383	0.6615901648696871	0.2679568019758005	0.030249077738275676	0.8148002373023824	0.8997652872767009	0.9340118925084926	0.7391806874627539	0.14292544351491066	0.5400904084521431	0.28610760228295595	0.8459867990645985	0.02054620824441522	0.43694236801892916	0.32929800238478524	0.5811462536989203	0.7104812003331425	0.198016028268572	0.9631259982687495	0.40686617274343584	0.2348975160410154	0.9803156177340552	0.1940798323815105	0.4236310213058925	0.7354354759904659	0.9159314272092285	0.17158617764495632	0.37358459589175963	0.5835969721411848	0.6329175037946176	0.4701427476519593	0.5450886000872669	0.08600873324855107	0.16642032255093897	0.24656802709981818	0.668558630049377	0.5049922156303422	0.00903616862866019	0.6288993763009434
0.5296189566369947	0.5619943897333743	0.15855467015219038	0.3355781859978356	0.07086005316442134	0.23853871068036958	0.3478693010062266	0.011963888149153057	0	0.9518596250425639	0.007991650922978488	0.4721493623365496	0.4858604489190159	0.2902180123984357	0.21011580056350943	0.4017980045728402	0.22015313990976282	0.49576717427136774	0.6259757872156115	0.9545771886451022	0.7141681872227224	0.4575742663234289	0.8139167178980871	0.6963764145854905	0.8643978820307849	0.3999962275718052	0.12191216363819024	0.38304256271575643	0.15341521595342467	0.7565501909156679	0.9451212252980333	0.6013448316830448	0.47360652946165793	0.5357071524785291	0.1028473298051662	0.781266720728979	0.2455118021357673	0.769031708671307	0.2091784543129812	0.7491840554216289	0.24299415267785696	0.5646381986591	0.5234623667611582	0.5510290674694399	0.08968319942181968	0.08286965402286073	0.21348475456216498	0.3190555938943149	0.6098535651985858	0.44818344397968757	0.17265658574225873	0.13129129256776373	0.13099948930876704	0.8144339730863793	0.9689326922845087	0.15935107881777244	0.32207756078500804	0.5201345308261548	0.12307954102292318	0.9913430286054269	0.43965498258235214	0.588361651625232	0.6221130011461411	0.37096516703455873	0.9590732888366067	0.542506610342189	0.9743933852586134	0.8728677750842251	0.7559319895933165	0.07321123750783676	0.047154416120532616	0.4763032931426071	0.11766103657285021	0.9933219284149472	0.7771423773095886	0.46455964348285883	0.48819101322404646	0.23113864557270447	0.9466892534921509	0.8760775986402992	0.987097046093834	0.02803715043730448	0.656725922416266	0.5238478184679911	0.6641037910936961	0.34910547801281655	0.9282082596784867	0.09308750700440738	0.6247206929506322	0.6291202388734998	0.018061364778709232	0.9034944089690359	0.9216189995299499	0.4310898766853841	0.8701126480536113	0.5839358884414849	0.30001978423308995	0.5397093616367893	0.5496984959640769	0.4623776862165444	0.7652030474636089	0.14619883879926476	0.583613023628401	0.30564771372128396	0.08914461684290864	0.2335096206308156	0.7492981549246235	0.34711620672976984	0.06981600247973396	0.5624181145073142	0.20264493002964912	0.5580358923726482	0.6015050242878456
0.7867550617546549	0.32853789737726813	0.3412791163678033	0.8846658813389577	0.260478106967177	0.11401435284091288	0.4649565735742919	0.4538574263278071	0.9518596250425639	0	0.1958322092798359	0.06019805802340272	0.489273874738252	0.9273652557640579	0.6763513933080706	0.6084614246615189	0.7035970940026363	0.68272785439346	0.8555819201141595	0.9135967177875852	0.9997048847884523	0.4101444771348032	0.34948013034572334	0.254353510711921	0.9328465077707215	0.4133193946898187	0.05631489603291584	0.47986776776175644	0.048367658142407066	0.8601868780439381	0.5777102334335745	0.7098707567729067	0.7337485286805523	0.7977956272837022	0.5535270763173902	0.5362415726945294	0.0009005530498211733	0.25812140532220396	0.9662086194132207	0.22035023425944578	0.17279206404057568	0.6823621640415677	0.9337548026186154	0.10158579351749653	0.9307317442157809	0.17588325606702415	0.3393857514689803	0.8298459411984934	0.2822057344279778	0.197814162092678	0.6091685368401174	0.3448506173719196	0.4429680735480611	0.5512336595019777	0.8382626688384742	0.9758190070448063	0.2051257421093039	0.3217677472389664	0.5173060958484108	0.1495024424639414	0.41413463437233	0.8890135832378174	0.707987363544656	0.23932699332030116	0.003067782424024057	0.6876713468266298	0.10241816444093987	0.9232485306991073	0.7584294674965282	0.4458785188144061	0.3283477151389528	0.826427251406675	0.40860641737424586	0.3732076151295889	0.5164265199992507	0.26472096175091053	0.7347036196690647	0.6177708472276406	0.7108594620680218	0.031751601632432735	0.14872867375501975	0.9168587826774669	0.7479249901096836	0.6980209155993068	0.02171263424317127	0.5742138155795788	0.017355447947399627	0.8951143302414445	0.027166080008254934	0.37041816817359274	0.880196147403627	0.9321911003649992	0.13433305672289708	0.9546769600931444	0.35248916274589437	0.9417113026976186	0.5779186739656538	0.40024040293676144	0.7353339942135104	0.3379572482143527	0.3447470798862815	0.5135035660171524	0.7027939358458586	0.3026122137702041	0.6002104716384536	0.4953798494618319	0.5941320805773695	0.6360494794639528	0.29541131453620606	0.8294539357459584	0.8166115050334112	0.5513887379407023	0.5316126521566017
0.9018304751810319	0.6039275625686648	0.5022794905517789	0.43239323145396036	0.792222173111494	0.13835592305935518	0.8332882558737642	0.22756335930999705	0.007991650922978488	0.1958322092798359	0	0.23265861150744238	0.03249671573873514	0.8598532694842074	0.3009179039964254	0.5644741060849106	0.6998960338535066	0.3851735381197742	0.6096130082382548	0.48021091295445884	0.3016058589561672	0.6722258964774424	0.3992968358797333	0.87524272082787	0.812402353900179	0.17980215667059807	0.5946130064940846	0.8553712824810824	0.7445716996043066	0.8300412676606033	0.8195641842638695	0.635724248781925	0.49624393184251614	0.7007403572449296	0.44918567378332164	0.5603843039645732	0.47737027436805246	0.5410247446967853	0.9226738894582701	0.2041215176704284	0.8678053291475288	0.6252602636598364	0.14198098949047966	0.6401990188522771	0.4438015553640766	0.8004431290960717	0.9974210980816702	0.49195937052363303	0.0759340927360923	0.7501448370857573	0.3017148407553236	0.453248891284446	0.8107808175161844	0.6061279829605569	0.008672535339973586	0.15931215746142968	0.6703230084111278	0.8420510216085526	0.4892899272728707	0.4071236631358838	0.2645837642924824	0.946814912156773	0.38993213248984726	0.8971490688272514	0.7641967859612844	0.5236053299811099	0.8786866997255832	0.033497193036754025	0.765524079746648	0.7231854519639798	0.4299333910152039	0.24041402083410812	0.8383388830344786	0.5535315674477976	0.3539075333893985	0.32450823376636506	0.3836017299918737	0.7401851823324112	0.8253694273680845	0.18703550764087884	0.43797905135990955	0.5651695651919677	0.14142590582128822	0.49508252849451095	0.8363052595221478	0.14437885560014918	0.4271263346627302	0.6594531831590462	0.05885771150124863	0.5923223210362104	0.8734770901489349	0.6896374127823309	0.888082322733891	0.15700058405221795	0.5741588681398663	0.8385281530253922	0.5819117672091307	0.7761937157109464	0.5838517280107968	0.6257324136333947	0.5344486183951848	0.40626464265730533	0.9935889485365004	0.22007405184154816	0.2576979233353369	0.7443749803585338	0.01294508643844372	0.41034504166356445	0.9216407699159296	0.9028464951881532	0.19411156815278918	0.03655879004697893	0.19286189170598722
0.12873440373971268	0.34110263303574073	0.41519549261425714	0.6332425910026381	0.0006044057830304483	0.8804616863049264	0.6015056006822325	0.22332145962340066	0.4721493623365496	0.06019805802340272	0.23265861150744238	0	0.030294058081893227	0.1790753167074346	0.34673842084752493	0.24475705963753525	0.2739494599149922	0.7219248097311236	0.6280101782880478	0.2405662408274304	0.31279609319120505	0.09164883323020079	0.1301114632297028	0.5624546239354299	0.9713935793316993	0.9681018343165685	0.1621743424739741	0.8785613229824719	0.509082450342773	0.3545370065841109	0.7845726310403713	0.985597998992638	0.39461307024196157	0.8272339766615788	0.8051690282494645	0.2672189505145952	0.2681904966077633	0.40683455186459017	0.9561811630852315	0.8312801652015642	0.5010797337771544	0.7368721783798232	0.2333940642642972	0.6754710567525738	0.8813885713068901	0.2321737342552891	0.7462395714053459	0.7259824847327648	0.38784765821380984	0.0528722452662963	0.31963020663396047	0.2927253250769577	0.5071817912870197	0.95888236303185	0.49944642903853675	0.8127093868403538	0.6067702357824638	0.3143783045243058	0.017265264004823533	0.13074353301109343	0.011683535012455226	0.6496643541196616	0.812998905126961	0.30863554494095413	0.9497546156281089	0.6086559817573277	0.7923133496954623	0.4204389025413505	0.07888484721190248	0.1365010921846298	0.943683525962481	0.05831242464380859	0.22979376906313054	0.3210610033238219	0.028392481012639137	0.6495664077951021	0.6763674926626778	0.9231074999394627	0.7180162900118608	0.05196351073610561	0.8420405574356575	0.546150085290261	0.982662085914692	0.9989401347590844	0.6786207255700982	0.4136678834509736	0.9737518531443664	0.18397730739736384	0.011362825842525348	0.03609485603009943	0.19533600551327113	0.2204362649087528	0.18248244015338777	0.8061601735822047	0.8010324812368959	0.5360417947571232	0.7842621626333757	0.09343233545572349	0.9856881643675048	0.3341699878832709	0.45421063455560917	0.4286245963677874	0.42294828750518865	0.5451208357972495	0.03870941004810491	0.8281343256871858	0.9535087206800201	0.6105245356736481	0.04443318402310603	0.6253730058596176	0.5756747971023909	0.09419120552729798	0.3512703147477517
0.7810828540021493	0.3493233491803399	0.5374731488440513	0.7219814341436058	0.31956032303403736	0.18342323037234565	0.1939806219954937	0.4124670346802931	0.4858604489190159	0.489273874738252	0.03249671573873514	0.030294058081893227	0	0.10972168608012411	0.870343205976684	0.022153669611894022	0.7806755856835463	0.9705793943593855	0.25810683591759276	0.4077437636089657	0.84719287027146	0.024757336302449917	0.47409328803087725	0.18874712177260788	0.7744682704995023	0.42276747248570545	0.6803866166689302	0.5187360959227286	0.46990320878656233	0.31244172607528586	0.02048747553340735	0.16627558912910556	0.5211884874250186	0.49639975936325265	0.7263988733125565	0.7468516605895608	0.8119514085773599	0.6134810047641641	0.7614058076416329	0.14553250425519826	0.715104952858637	0.6379814205372136	0.8518743950136902	0.5027930424926779	0.640406886737283	0.6881006021069768	0.8365786109413996	0.36653822273504366	0.9484675071344935	0.34132426891462964	0.270283389826135	0.6908223810316496	0.1046579656245199	0.009388137030709731	0.33001278682001234	0.8705639903596635	0.5015214529533766	0.10297291272263842	0.8155147145550685	0.4562929727327436	0.7356680599670115	0.7604704080354575	0.41026688054956306	0.24550288314726953	0.6928745920487055	0.8760445169058473	0.7086282226826897	0.6464874752020582	0.21563352507655154	0.71576360980473	0.8682345862925919	0.020492559505357555	0.30913404015383605	0.46773110354237846	0.24158620921040408	0.4581911700813348	0.6022316770581025	0.3976497351050132	0.5288787291452528	0.8926849017950326	0.6405391296105213	0.7656345639862725	0.18731705087375983	0.6813440064214084	0.8010212384958286	0.4009365584731682	0.16150036899439912	0.6342199280221245	0.18519905655264546	0.8180188880692567	0.8533675820828169	0.4794321846197368	0.36997539215768405	0.5502439621943348	0.4446029986619796	0.6505361673158551	0.29571875836228345	0.31645697789745797	0.41498638889501327	0.511532980874922	0.5097370873757854	0.912237087438335	0.7104001268147052	0.8151337891863335	0.0050031928426800265	0.42855294578040526	0.20074093150244976	0.1644948748617181	0.8502142635607448	0.5919569422580953	0.6189850775324145	0.09318573017058407	0.6732039636758091
0.704738620375912	0.6356996221159796	0.5687561298293167	0.5237858536189532	0.7513928329978772	0.7758517233532035	0.8882531553689439	0.24238730889657156	0.2902180123984357	0.9273652557640579	0.8598532694842074	0.1790753167074346	0.10972168608012411	0	0.23355094379767838	0.3732263325085835	0.8022939219598562	0.11150485051870174	0.9331811339740484	0.7553999334971668	0.07692745790166389	0.230602828121948	0.5613461898919421	0.8760247621534436	0.7094978393087025	0.07609004926743845	0.6352930147351207	0.8987191109651406	0.07222506940406703	0.8049827652372193	0.9970241258326198	0.1410726008964105	0.6897428785348949	0.7816156798356817	0.23369011936975592	0.17918759713092913	0.09125586436391508	0.22813337796591704	0.6473028256107516	0.836489271959323	0.17311905915823633	0.10207228044338545	0.081872565998107	0.770420778590372	0.8714933199310292	0.23003021993301898	0.19787385553638792	0.24957745282957777	0.9964032843434687	0.3245993683642756	0.33140838822094143	0.33602129489348187	0.7708581668068448	0.09489125212525307	0.8210257869472471	0.4676585899168161	0.5626510940691132	0.3449113690427643	0.3183699934804821	0.7776282987946181	0.6569930798784738	0.6231693095188798	0.6712798324163239	0.7826818701760921	0.8967181135654843	0.6473483974523382	0.6880403065492171	0.16838467665377344	0.15951755920380295	0.8240535572054415	0.06546591031241633	0.060303725859910284	0.8524462258621839	0.0007654198370752319	0.6878296192347757	0.2748001256034899	0.9670001507512718	0.4433716304748876	0.9799227677424027	0.6312488835804801	0.15405999198041354	0.5796285608613359	0.5237446482461235	0.5576428573774538	0.7010187172690889	0.8326748705694443	0.45864608058815415	0.8594165450676192	0.44951084416425424	0.19476075068627452	0.5376898540436644	0.2639401521573598	0.7635710546955481	0.976191659222243	0.5007293951405745	0.6771626853904644	0.23500340979413137	0.4270548690489978	0.6113494989309332	0.5249631339364035	0.21009266692238304	0.7130741248719235	0.6109602699130179	0.9247284624416301	0.31702227113806813	0.31571825066601233	0.8706307874085778	0.5786776712497455	0.8220937447043293	0.6657665860952363	0.26709942843599777	0.3406035951658073	0.7000162712500996
0.8968969299820706	0.7094204413649731	0.5311388142179393	0.26859561189802594	0.5777068194998396	0.459867562767303	0.7909305388472901	0.23171908421987375	0.21011580056350943	0.6763513933080706	0.3009179039964254	0.34673842084752493	0.870343205976684	0.23355094379767838	0	0.28728540634661504	0.014291705811642852	0.648285892060736	0.4587854315888509	0.8180706651186915	0.7535618714178278	0.13777581939482186	0.12504917339196742	0.18441462953429888	0.9428416120965288	0.5960674892129977	0.8205020319509153	0.43644277479568927	0.9441609042761612	0.36505115056236526	0.2079328356298099	0.7540780188418171	0.49973275268250594	0.9700253579882127	0.6306221352087145	0.9284404763470341	0.3622610453566306	0.5590973712721722	0.7340710392525319	0.806178020179588	0.7681273429471246	0.1906563951183563	0.45318313106981156	0.714104217148368	0.4977326518938898	0.8484052338514837	0.0451361599128387	0.929669507022466	0.35289467111279615	0.3498132590132744	0.2207628345046655	0.21820058728541192	0.6962233939592194	0.2595116095152936	0.45141116621671595	0.3651898228234213	0.03863578193535777	0.820453981856211	0.17502472184203166	0.47951453286072176	0.6272224582735945	0.8388817330449181	0.11711417832372395	0.9184883828487861	0.3456190124433194	0.40021664657908074	0.13648148785999625	0.1998940413513447	0.24588815921092633	0.8970498978546262	0.8620073498027488	0.004925554923740805	0.3411934740951654	0.9578311198940025	0.22531455419400148	0.20897042237325503	0.2933220887483895	0.9806958936960671	0.47064109566496193	0.4164293701707005	0.0054343043861736495	0.5488144405522167	0.045290961220161186	0.3166206589648901	0.29070781441290716	0.4051658499071782	0.2571959209619563	0.6725327735243064	0.43696051896832144	0.6011608787397915	0.9195738605719317	0.3895343157485943	0.4016451477659946	0.2007540595115419	0.7468199346293283	0.014652919722268787	0.6944723401683536	0.22195774177912586	0.9780199904017745	0.34490140848984785	0.6175406603637408	0.5824929401972225	0.32464032369509155	0.4850635898232466	0.43634713782002643	0.07746555316790527	0.8706059520599883	0.7428345805486943	0.26802680340646035	0.6496208257877222	0.8977830980422279	0.2634647958409866	0.30568936452827433
0.33069055415669246	0.40661935072582855	0.7587500417088168	0.4544170502069339	0.4656869386598672	0.21219531187926188	0.2088225813621255	0.18967230805686808	0.4017980045728402	0.6084614246615189	0.5644741060849106	0.24475705963753525	0.022153669611894022	0.3732263325085835	0.28728540634661504	0	0.12824387349506405	0.6256976175246045	0.5602989579520022	0.3197336960047831	0.636875381902092	0.7802500490498449	0.25948349931362424	0.047167961652057167	0.8232727291604991	0.20567817970256652	0.910543506421271	0.9556681265004735	0.24524924049340668	0.24545874142521695	0.5941078019997752	0.19642387368882663	0.6355652876578867	0.49109618728893767	0.4174613384070035	0.13658964816418728	0.3196094863881592	0.7179328345057399	0.9078245406098631	0.8751182676955558	0.062187735764137386	0.3643574518020196	0.4908364591984582	0.0269182050367075	0.31411607618789705	0.7276463873794939	0.9943267790707085	0.43751039729966357	0.652712640164755	0.2904793552841137	0.09625274310879262	0.808337236311908	0.8911642982113909	0.8875046511751619	0.5146561659951021	0.9425494069636643	0.008188139524491822	0.5851380180046354	0.3051284277035491	0.24005512524848593	0.18707944602662496	0.8430090702076415	0.15481984152139738	0.045770417561070476	0.6947392324358531	0.0978571781749018	0.9072599770840399	0.7358566108640909	0.2168560432399287	0.10728433028174933	0.44408168324339625	0.17835036947273408	0.5690563847461101	0.5358545399980259	0.22053850746092063	0.5404783163474121	0.7671694289316227	0.7938823564084161	0.8394459511526738	0.7740600188131544	0.5167644226869286	0.2758009396422797	0.9274407270442933	0.13298528227842032	0.38273067745960876	0.3678819542516598	0.7157030665521574	0.1699255478309516	0.7624432179241477	0.6699096221284814	0.4976771276577525	0.19241855806465713	0.43422968868398726	0.17521086347456893	0.1327170355820071	0.7246499264029617	0.7056486046803999	0.9204744557277293	0.13572676868485767	0.9161107659331055	0.8293666765748591	0.2921016215340052	0.45359442514203496	0.5057919528606238	0.08353337686942786	0.111682120350444	0.6460739749851859	0.918522118389176	0.5004812670118164	0.42997396799858756	0.0009825125375114707	0.18724475891528092	0.22754465103410826
0.2888800718375203	0.11726833388085922	0.7052829310975284	0.4946296789153032	0.7787089921705068	0.10405121834149045	0.26668067969180587	0.055431588932396525	0.22015313990976282	0.7035970940026363	0.6998960338535066	0.2739494599149922	0.7806755856835463	0.8022939219598562	0.014291705811642852	0.12824387349506405	0	0.4712313151881832	0.0031144701991817625	0.7443705386245543	0.6673181276191281	0.9576060894936198	0.2616548037597123	0.8538211906231256	0.3378778489200951	0.0494566837101611	0.06922682483412057	0.6320123472551582	0.7865813815160362	0.993974861477924	0.94630017226151	0.916134256405445	0.20977287487967666	0.8502726476446149	0.5348534668699385	0.07601820664640768	0.7208970012107422	0.8271865169437747	0.03336990182603672	0.6977516057943316	0.797213801723413	0.19801616653661547	0.3967593764278775	0.7077674606028159	0.7822346799531722	0.4062276218888198	0.3973193377740697	0.6801126877954093	0.23553210078267073	0.5963398344338208	0.45896820096405455	0.7079067838448215	0.5567338187250999	0.05214706000362612	0.07759500525957697	0.8175195231310345	0.47144593707728566	0.7134420987982923	0.8492032696967045	0.163010990275682	0.27673961518876933	0.4726136866970194	0.8276417379375174	0.13762569629835508	0.20658942447971806	0.8238656855327542	0.9062063135371122	0.6504983474347698	0.8042258451401605	0.280914969797435	0.05355141415915454	0.49052409095330907	0.4961967079170645	0.4317860248622003	0.01567415214322332	0.5547946628451281	0.8410618469440179	0.8550784869705588	0.6697734078002783	0.12059410014265848	0.43714532596200073	0.1703008119127125	0.6987620422204431	0.8309393564890121	0.6742786144099258	0.17557160363309376	0.9167614647599766	0.3978982503956081	0.6712870333108174	0.21618501787916578	0.6409776297473452	0.9713927741586474	0.28658859609705556	0.10244959863551895	0.8287378375057727	0.16323986372283006	0.6297893353120859	0.37714233031122446	0.5494357344443601	0.2430242977630147	0.7547410762817541	0.1546064456823053	0.013830309113746608	0.6255212657268123	0.2973614008320965	0.30888498858864977	0.8631204971654055	0.0566731884051781	0.7485968011916418	0.7995334340423027	0.9765349089794068	0.33701881000199685	0.9488928422395028
0.6103915834853259	0.05501237960456007	0.6576944176206319	0.9255370453007469	0.17113014852732478	0.051382539751407164	0.8759824017951944	0.678011094615185	0.49576717427136774	0.68272785439346	0.3851735381197742	0.7219248097311236	0.9705793943593855	0.11150485051870174	0.648285892060736	0.6256976175246045	0.4712313151881832	0	0.41381306336105494	0.3889799991463633	0.028107217253235617	0.70081375301986	0.4497039565622939	0.7900981240945845	0.5084383634932647	0.4945942508697083	0.5336315402391815	0.716142429960929	0.9188264319005627	0.3888343372343491	0.9933119930471063	0.7990291260589824	0.3423941884610231	0.03720919110693466	0.5060307138522839	0.6492755937611032	0.7705371704490642	0.7762290522121441	0.8644434936910435	0.6892099747670914	0.7062881709813887	0.9917533846892106	0.38339227013160015	0.45997665196655224	0.24326869310451182	0.4536168377465397	0.6630662831576914	0.9660313500764032	0.001939620468000891	0.1237506670177011	0.8482261030349078	0.86441220602009	0.43792256587006795	0.9607929747619237	0.5482258606119725	0.8749366579841052	0.2143169723232473	0.1875853011226154	0.9061486054597107	0.9360145051551567	0.16432226674720773	0.5157441051584499	0.5961229317143192	0.9389371026789981	0.9018668376408869	0.672558609856671	0.553232030648655	0.7698598001968582	0.6602963792599976	0.6985825419568181	0.35771335755800027	0.2947073005390789	0.8645060797138072	0.04134810572960268	0.9697849332539934	0.5443150889762675	0.08328675376661432	0.9071818350397384	0.00815584342186948	0.7262409464882417	0.47193440933669595	0.24611564270509745	0.8505210680349425	0.32861347029197585	0.9072683361090526	0.43160178359712964	0.5853707812713227	0.543495350851123	0.5071378149330436	0.6723173243131348	0.156221873790782	0.7044839004005559	0.9201869747008211	0.20177786352459037	0.9606985496499535	0.03434251139455202	0.24078838091579302	0.3103135744965687	0.1656480571851986	0.9600108082604664	0.6660861001806991	0.40911942627191966	0.728707590765685	0.842608957341187	0.42858870563065876	0.6467810316122183	0.12308310477632545	0.6444131880266726	0.9682372743551776	0.7336958643899982	0.4616254164821675	0.26668995639719684	0.6728053269433806
