0	0.847560863939171	0.987156344546393	0.974552129912256	0.933166746247352	0.983278907994114	0.819281961781127	0.944532942100084	0.93886803895934	0.73749636583741	0.894131559410296	0.959178722647187	0.998160675614097	0.993831277954537	0.814242550210619	0.995237213490028	0.999999123902158	0.983019182699372	0.984846547504367	0.922302163387366	0.610738106127385	0.981552781374748	0.863024369143607	NaN	0.989014818219826	0.881486756396018	0.96906986751922	0.998217984693911	0.720455889621831	0.858452499579867	0.999980172245799	0.886448051023432	0.997942540466401	0.996422136044161	0.992235521001412	0.980661465741349	0.98673376671775	0.968348947370704	0.880126825726124	0.99949918542454	0.998046523866018	0.997942305901435	0.998051544841864	0.980495602244534	0.99978976926023	0.959854497980731	0.998540541793752	0.998713510678783	0.932716799142285	0.955343110711457	0.985222647847052	0.912665787965719	0.885568731160091	0.992823318330646	0.973110839093453	0.896994613832139	0.590191031741947	0.904430979443096	0.751894902296803	0.99411843053259	0.962653509960378	0.930863171518387	0.993401206954724	0.848515010799178	0.946303623483223	0.995828020916531	0.765136823200589	0.928419080517694	0.983462380492941	0.968489727813826	0.98398102568476	0.959110840235808	0.94345461326782	0.959565009527528	0.998018926139252	0.803296207683571	0.920835617158461	0.941714562471575	0.976803427157156	0.999191960202513	0.990054741426401	0.903925744257761	0.933476352406198	0.949978545551719	0.953828337755292	0.98200133573885	0.917332387228359	0.900621093350103	0.819702537555936	0.995663717412699	0.891403439177636	0.987391262986937	0.997823861351705	0.983599301714637	0.9727719144511	0.993556556309739	0.996648036173344	0.956399806607034	0.999627853873668	0.999128125572925	0.907657793373815	0.994102113741337	0.988354889671085	0.998832016220249	0.999241308922354	0.998986377524658	0.955743762591912	0.923377114982115	0.891441717031836	0.999512369550702	0.972975007442013	0.984428335314355	0.999471757762313	0.845264409027847
0.847560863939171	0	0.789909863700022	0.892847534052377	0.710549147249831	0.926643026798979	0.945279914251507	0.993971096206771	0.801518507104353	0.947243591484846	0.396910592336445	0.988335639094887	0.845212729127729	0.933601414356265	0.937745107608916	0.97988101589152	0.740817999874505	0.995340569658512	0.918048785881265	0.999979571177901	0.78666754976052	0.988404307328344	0.995833085031863	NaN	0.587864520403548	0.99618712506099	0.99899179517448	0.977511965497739	0.995391359182436	0.801308637768258	0.999633265263337	0.95019158460087	0.825647342278593	0.724371725299657	0.966646184221713	0.936733772013629	0.718906211653568	0.963151860726936	0.870680391498511	0.958006127385744	0.982426243035822	0.980686850245269	0.911948391506186	0.92591738482668	0.867346150933395	0.674650297470148	0.881483482056357	0.749822452915115	0.910338619837575	0.911711821287475	0.820602895779268	0.996653318460542	0.997577053340976	0.849050332408003	0.910464422907221	0.666731905203841	0.821924415752227	0.561455664435417	0.359653059883821	0.785311147673083	0.732415037199334	0.623197048339919	0.983349488104142	0.913641944114316	0.99247404590131	0.978204629843404	0.997460867280673	0.90927905240608	0.987838510275229	0.971120933836648	0.939471994909635	0.998669943681228	0.958222755879797	0.903498872867068	0.978400195365773	0.746797241361816	0.941706523512063	0.990845976022128	0.889026363660025	0.980268658852852	0.774148326064635	0.986036560095531	0.800492831788061	0.990326583014681	0.966622100476661	0.990771830951458	0.913624316841066	0.999279157528629	0.864329495081787	0.746004029007976	0.984215691999887	0.810143040092042	0.974365973060308	0.93463715443725	0.968325825662526	0.862041422305846	0.864163851645049	0.719407697329444	0.911532701710678	0.913823064071857	0.988609016217719	0.805146844153473	0.80907936486685	0.76784162605198	0.861610606254899	0.818361746847792	0.886809764953575	0.995002617316429	0.934161473577294	0.736397227161528	0.732471421400389	0.881328472946392	0.701808258120571	0.839241156007211
0.987156344546393	0.789909863700022	0	0.493296918822301	0.543559153969532	0.959452067431055	0.860872819846941	0.830892567244364	0.469002867688531	0.994837233505173	0.877469641315052	0.971485904259351	0.933040319144524	0.950078340608632	0.91548593535757	0.796256183109809	0.718421796910791	0.927837135627546	0.590955957253967	0.993812597585333	0.873296350972925	0.63960214413757	0.968381997295896	NaN	0.871728369336012	0.870127199471158	0.972851054600796	0.93255358667477	0.990155769284036	0.898002823610959	0.815803360509946	0.924441527672937	0.843444989485759	0.990825731809448	0.673635618624266	0.996190764084588	0.506382642090669	0.597909979571376	0.984938614748197	0.591321403374577	0.692824583344114	0.926280735763018	0.911136664194848	0.963050956022984	0.550722903268902	0.674870562122517	0.780708580287324	0.510559789512466	0.714461815651418	0.623370533745449	0.591046184935891	0.770648218185757	0.811797166267876	0.641301235259553	0.974877198324468	0.890019201977738	0.960595883487226	0.665661908113263	0.826162196392081	0.573058881225292	0.52459078331824	0.532100839103429	0.906231193777627	0.770577051815276	0.792900561113428	0.984576061192901	0.996311916585127	0.716031360252744	0.653722136236389	0.67407277644181	0.919688868522916	0.728028858197401	0.870643244755437	0.713019860053532	0.593341978868502	0.80930149720829	0.807890535316131	0.890720462432646	0.993765953724888	0.533199432479049	0.882206251427173	0.808982617382576	0.865660695681562	0.807146118446392	0.964814588053108	0.696088027399016	0.990344037493048	0.937834392166025	0.793314899011729	0.875166974577176	0.861036725046801	0.985934137414864	0.702946976526501	0.604185505068299	0.786102965486755	0.588124377028079	0.665620479315808	0.547844956017922	0.677655638383145	0.938968435644526	0.995503385272617	0.754302894223666	0.584038380039128	0.639438387255236	0.785456351902917	0.503523769054512	0.746023160168298	0.974451498436634	0.742525538419557	0.676733235736823	0.911410256503329	0.999242276526697	0.894092677650905	0.718055907836223
0.974552129912256	0.892847534052377	0.493296918822301	0	0.5580123384324	0.978772174719743	0.910537679333078	0.894848573255529	0.726664341459849	0.999978495243794	0.940129993099391	0.995493403953055	0.951780912685203	0.970656349197783	0.931318183486773	0.914432395280983	0.757548486510044	0.958239684925931	0.74279745363378	0.999473553829552	0.886912457021478	0.745668850896357	0.963522097135919	NaN	0.971671366096997	0.914452924613079	0.990337641650654	0.768071368409207	0.989213723929748	0.832925744491919	0.914657932707717	0.929303356674764	0.927388431686185	0.999405742655742	0.678319041261361	0.998727719154326	0.741101400480327	0.77197359560292	0.993657985166649	0.706548166571524	0.72993493749234	0.94184827211458	0.995636699549087	0.936655876996973	0.839755419706332	0.909814766207396	0.964073453321181	0.822812804434341	0.869512258172819	0.848861267302971	0.773976120093958	0.85381688384389	0.83979474562005	0.910197524775686	0.983116749805149	0.977766875821037	0.973677427631041	0.745830144780398	0.845977223108696	0.529007782746144	0.618745005154225	0.571001583746429	0.907309232456463	0.831759948774522	0.836705607760053	0.992371990684545	0.997732857204978	0.782146723138963	0.572144934068055	0.669949479971299	0.904661870090752	0.758763881848178	0.847866437084046	0.741460659864395	0.724337479783611	0.842179425371631	0.873266549980697	0.91496110730303	0.897141775896437	0.605518774117463	0.971423445094906	0.842315924854608	0.987087320689809	0.89227582926742	0.945786214795762	0.540602218232313	0.92184621567472	0.953089086949809	0.756657879232627	0.987203101435897	0.953322831296895	0.981712426540879	0.777719283937646	0.801215710597882	0.936702059657218	0.777867240344264	0.758833384440644	0.628534331068274	0.805741191750638	0.997775304964694	0.995340224472668	0.947032066447707	0.82789356219617	0.857309192602387	0.958742487320827	0.827478982453912	0.865060755144506	0.993900435439688	0.856236872405582	0.748883505714719	0.99867346267106	0.9419271649722	0.996932678775796	0.749106848508568
0.933166746247352	0.710549147249831	0.543559153969532	0.5580123384324	0	0.99821512965622	0.893392801764291	0.924355968432215	0.696594972689374	0.979918680340821	0.799167384167604	0.934294307576665	0.902714749031451	0.82774963929467	0.999442307036842	0.950815731686938	0.775018754485696	0.998205730838167	0.825560637279499	0.997362028457893	0.795319797298378	0.901647059183083	0.956071344638042	NaN	0.893730226518898	0.959806163366708	0.994057715220641	0.809393989326872	0.9905887338476	0.803750748956129	0.942960247447136	0.997504015934505	0.794215414383658	0.961275465624154	0.806793198501523	0.975956129670507	0.539689906461316	0.843557063649162	0.99617660153179	0.831683438058023	0.918672653982493	0.998466461247381	0.991538081124333	0.757792330473282	0.817471486997269	0.78633397182691	0.927937229620083	0.778595719997575	0.916230434475857	0.882304249083019	0.787490171829066	0.948808956478754	0.909539073820502	0.839712645316159	0.993868751702889	0.886052591908449	0.871639499412137	0.496357501220334	0.637489568750771	0.504216839612632	0.298785239754271	0.470717487685595	0.973310412100177	0.826816649618691	0.901837937990658	0.993671155540237	0.99434938199354	0.85100009593045	0.861481312890046	0.830215404505437	0.999887072629376	0.9499731292449	0.989987485600192	0.874614336606672	0.860184772039528	0.665805273374859	0.884858421592289	0.973198615005315	0.995360608115331	0.74966531052576	0.927782044564419	0.939282942393529	0.941677421890977	0.929802783588002	0.997438708074952	0.798275757114146	0.997721101129617	0.967968097521338	0.768120355276671	0.832355395317201	0.958931609864222	0.965440841732733	0.891689780031844	0.831184996242668	0.971944607063983	0.795204780914641	0.808786914982319	0.593293429084243	0.768334815057709	0.990190924931191	0.968239188150735	0.87548176289297	0.807685061188637	0.776595932045612	0.922572802448033	0.808727985210295	0.89733890415403	0.986710838246414	0.887514248032338	0.699345077923133	0.872419180943363	0.998319312549244	0.937544954231969	0.602210336751818
0.983278907994114	0.926643026798979	0.959452067431055	0.978772174719743	0.99821512965622	0	0.967597341537859	0.807706003488886	0.945046719533929	0.999531368223041	0.922397337537178	0.913567835053701	0.99562814201476	0.999532441356983	0.72997608714637	0.945245824819109	0.970635051823449	0.794277576924677	0.945015848436157	0.978224791050748	0.990927208433969	0.914539516684965	0.999947186940648	NaN	0.910688203663656	0.960960441644891	0.997884139545921	0.998891824777943	0.969015225631354	0.988606516850271	0.683368486234409	0.853975186267568	0.986243608556608	0.732508107137738	0.955417885907045	0.628509363685107	0.975412662555123	0.899771703772757	0.685184618664803	0.892317592928311	0.940406836340554	0.899109039175106	0.999999927954296	0.999091881925549	0.917481429458548	0.98287328770014	0.966927599191023	0.980275635309428	0.999356504725931	0.972759715263992	0.998030382639992	0.932778061680514	0.900261317194787	0.919248424863	0.976457876210306	0.983393435550629	0.999031420678081	0.999522996232465	0.924270661406581	0.999865705484503	0.98426903335434	0.998631500810074	0.676455811671439	0.970316485981896	0.859683309407873	0.918650724660734	0.99044756951995	0.999988067252577	0.952575440319492	0.934748738865281	0.701598365943236	0.743641671732737	0.756267605283741	0.999778953872001	0.835808130601052	0.999227360389057	0.96663517789004	0.954179197953539	0.917951137653378	0.826667122995192	0.90229437004485	0.989744672042493	0.999949615538737	0.798478533159368	0.924728908421251	0.959878580903798	0.963587705376729	0.741598402152972	0.971766548142593	0.99860441884007	0.982118969017535	0.96472723209398	0.95499268396797	0.909180082556451	0.968348207646294	0.99353516218256	0.998386749222144	0.998706308692766	0.970039194867297	0.98596188525992	0.998856506311439	0.996129081087078	0.99412522716375	0.998759934110946	0.991598551034763	0.966343090875285	0.99760739134189	0.707683295521465	0.998309257776236	0.993637021045786	0.997074301636534	0.99565241571591	0.993255691027575	0.945376578225928
0.819281961781127	0.945279914251507	0.860872819846941	0.910537679333078	0.893392801764291	0.967597341537859	0	0.47222434564642	0.725617223765108	0.673895532324827	0.985141011639517	0.835789407171209	0.958592509565473	0.985912971078407	0.995930492684273	0.851412553598143	0.999785244543586	0.717641178400109	0.616647539385845	0.602832341484286	0.681869313621825	0.891472429034414	0.843910053176355	NaN	0.991711889501596	0.977968584370577	0.974416010571948	0.96941603686429	0.573762033857637	0.954651983629117	0.761509021030177	0.988085676222163	0.998329789144268	0.941164474440204	0.970813775872826	0.995379093516944	0.902867205444732	0.958940119987735	0.996859050005555	0.887695877871972	0.908007796278288	0.818428139011613	0.879938632312841	0.999934758567531	0.80796711185295	0.808390855552448	0.778592190665111	0.890051672551169	0.997192261750965	0.965115588505762	0.978351028355491	0.970232298268777	0.9902674373191	0.786364760727785	0.907764122495759	0.79289073212359	0.727921168910001	0.959092074549004	0.937883781215402	0.996509952792516	0.934160265346859	0.946678131087922	0.769766830994578	0.212582293101549	0.425748949831119	0.813230454012523	0.570205497761892	0.986919270437661	0.985381793364661	0.998560015800946	0.939342774501287	0.972776029605326	0.965361816886158	0.998839458929605	0.741265633735191	0.711315012205537	0.378567375225565	0.531768237631727	0.982012361655069	0.836908390555063	0.999860618672723	0.984432789556315	0.857076657079765	0.988948514532004	0.984499021652811	0.96291034523551	0.925574182318078	0.647568733744161	0.796604031801281	0.971512664115269	0.999979585317178	0.973309182037326	0.858746481439729	0.885497727410129	0.894826993801774	0.92548425219357	0.95417583507834	0.903000714529486	0.944085178751399	0.936351205072364	0.914442474976682	0.91503849944253	0.934862166852978	0.885779903527428	0.870687860251183	0.895433271462893	0.993582593853041	0.713315395479053	0.99843381376621	0.999717248778689	0.975853105418731	0.989976442564209	0.994483710313827	0.787056609349927
0.944532942100084	0.993971096206771	0.830892567244364	0.894848573255529	0.924355968432215	0.807706003488886	0.47222434564642	0	0.716062798173365	0.789871496562795	0.99573858742951	0.819777409968587	0.925373957321929	0.987963282012724	0.962813492096395	0.777142959141254	0.993943908535834	0.531196703633548	0.553797272803216	0.657083321116462	0.900683553483512	0.77998139977107	0.928239699508072	NaN	0.999945502391877	0.99825492557416	0.916716228978645	0.969069609466196	0.692529362483111	0.993068608189878	0.469074244883723	0.873188525245027	0.994209237777813	0.800353753204986	0.89977457368093	0.885083973480303	0.89397985706826	0.861133275748088	0.868443151547846	0.749033395297827	0.804515065106245	0.650525733324196	0.866552737531547	0.997615152088944	0.711074377227138	0.820520464084983	0.734482524673797	0.869202979247387	0.98049306156608	0.910072058305089	0.962460673143537	0.876012825997113	0.99451868577729	0.705990643385836	0.924250111331327	0.898841288125673	0.901118996896229	0.97974963867475	0.996192137922695	0.996824445581888	0.933142096490754	0.961961500884641	0.434450182433214	0.51568801324918	0.240782333859151	0.650193295594592	0.667328487649188	0.99634042181672	0.953907659173818	0.991507537420494	0.757251257703062	0.838241558029879	0.817924606004241	0.999421461887784	0.527380765001725	0.848792539719477	0.459527033908396	0.494171118999391	0.999827930726907	0.703072099922164	0.997943021856912	0.998781219073599	0.867151729806568	0.991895072303506	0.985800488838591	0.912393326058801	0.987404900862445	0.423134683745386	0.849764810804087	0.973476315121351	0.973664486823134	0.99549588320194	0.728649628484435	0.780614290150053	0.817642434090039	0.87512788423194	0.929614482926497	0.914971905400659	0.855032780350392	0.938265687717234	0.946489030234372	0.912699996025571	0.909307676240608	0.861295900832487	0.848110777589781	0.846879889242258	0.976566047463928	0.619976120200324	0.996046055949402	0.999373340609516	0.988174987571998	0.999930487246655	0.99405311141442	0.805894418350443
0.93886803895934	0.801518507104353	0.469002867688531	0.726664341459849	0.696594972689374	0.945046719533929	0.725617223765108	0.716062798173365	0	0.902990560106526	0.863394192751471	0.886557828577452	0.971359216665735	0.955049649277972	0.979733404782662	0.876627528085868	0.85190561610597	0.89285255748034	0.587582413999643	0.943182299198836	0.769384231991185	0.754627446978389	0.999408493498751	NaN	0.900971300674628	0.939938186949558	0.993036011016097	0.99075286305833	0.893172386533568	0.848282492477501	0.713669676907946	0.955769258778462	0.818253850776056	0.999957224798563	0.803154160394273	0.996349503982906	0.542670190626943	0.705680076121274	0.993538847960549	0.60841300470721	0.742966736116329	0.88893793864282	0.888134803368205	0.979122557123343	0.512154259141488	0.573319528759868	0.720779647968804	0.528729573406181	0.85175777806905	0.7298336029947	0.726147466052327	0.838493012028255	0.893432545820671	0.553325453558349	0.886369280429958	0.787613179292728	0.844409975043262	0.697454241229834	0.820671640060326	0.793631177618593	0.672188467725383	0.668321628145857	0.855349013731173	0.632974250637452	0.687595847669573	0.975506113701158	0.937184472131451	0.914463650751703	0.802758216897412	0.840670410050345	0.946589406324831	0.840099041359411	0.91323930180345	0.880370860162052	0.655038092010419	0.706111295122621	0.667507839159705	0.833107891870989	0.999899068822922	0.670445022191822	0.950829925446271	0.967077668484948	0.83288350342376	0.912265166605984	0.991986239921353	0.828523135092414	0.989618123066588	0.82702589310237	0.67232882898069	0.823449056771598	0.947604565234889	0.954507898383122	0.732201391294028	0.724751140594872	0.80055954576911	0.743918363807544	0.805573511597272	0.580353334122505	0.777243619614881	0.960334182931619	0.999891671243062	0.771041306382844	0.727348643882534	0.711016982858416	0.81475356099675	0.628046339732884	0.888124097021311	0.868459280346594	0.89622281260787	0.816301966792653	0.874692457838571	0.988524085579991	0.895909325284165	0.571517039586967
0.73749636583741	0.947243591484846	0.994837233505173	0.999978495243794	0.979918680340821	0.999531368223041	0.673895532324827	0.789871496562795	0.902990560106526	0	0.985013285494183	0.721252143072951	0.925663752861838	0.999225263839018	0.852970151497461	0.992850692189565	0.961018225715905	0.904540670536538	0.907697157990601	0.688086296319196	0.82557470792834	0.99939284656955	0.792585519796565	NaN	0.999031617527464	0.888010593597617	0.976884942178111	0.91928376691177	0.508595832529528	0.960171272277692	0.885449154687942	0.987891029535949	0.996219570044605	0.966644526964201	0.995730623983798	0.998143861338772	0.980070207572113	0.996629310805585	0.996691435771002	0.991470354290339	0.999283170872537	0.965537983546287	0.927867207415751	0.989224641857635	0.948899638285559	0.885375460216447	0.888343624043278	0.985180058362127	0.967663079702179	0.997515391286288	0.99416234557413	0.995532681254466	0.900340674341091	0.916827115048582	0.818566556580764	0.707757872677584	0.595257053845208	0.986136817300083	0.937407443703348	0.975691226082533	0.996334928092953	0.99689397315373	0.903286556560076	0.742068758427439	0.821700269727183	0.911159372440818	0.502006785676838	0.862559693099749	0.949174537840142	0.898305070464291	0.999635529799136	0.97577922575186	0.989441063035992	0.904455145696423	0.968086448961872	0.729033017285261	0.686403636675379	0.810935389284507	0.901861698723247	0.987781517024321	0.991038889513167	0.859410458724442	0.910838724312269	0.891508558935396	0.93506440321724	0.994756826135515	0.731817399029206	0.743835635450292	0.89177803239276	0.925085354884116	0.964111217629616	0.905810060434764	0.973155151704229	0.994328187368773	0.989700663405037	0.998614508456957	0.99999279824878	0.980043239605908	0.993749807365556	0.967515639648165	0.977409786825162	0.970301807870788	0.997624795945567	0.970084733018607	0.952894898295631	0.996191297412853	0.987807366284573	0.757904180471735	0.925363166725664	0.969766669531512	0.951370371955193	0.945467679310648	0.989522516421538	0.854043069905311
0.894131559410296	0.396910592336445	0.877469641315052	0.940129993099391	0.799167384167604	0.922397337537178	0.985141011639517	0.99573858742951	0.863394192751471	0.985013285494183	0	0.994291855322306	0.678712229604351	0.880515772608614	0.918524653457214	0.999231761071009	0.673536614851817	0.950535248035271	0.981193815478365	0.982384957773	0.819719430956715	0.999013209860722	0.984908973321935	NaN	0.667310680394428	0.996698670766406	0.967119992637779	0.952289491577303	0.999982783944659	0.714447887067163	0.992634929258522	0.890091541354813	0.763658819067087	0.625824087237609	0.993619261967408	0.894789157164443	0.753120261554968	0.986526285138831	0.748722768511662	0.987652592999196	0.999262027045309	0.930074608424036	0.985169151213153	0.909605226737835	0.935777215489072	0.775853024270021	0.957005499335478	0.813891995927685	0.947999730917425	0.952907169910741	0.850899712677948	0.999217567059726	0.986558370727981	0.928197331379337	0.925756004482298	0.776887509091495	0.828802042416254	0.572627224599717	0.422655840875414	0.797092500026177	0.797386314874826	0.712563774065311	0.923786762311773	0.963612695199799	0.997750683061767	0.869224721038295	0.991778242776611	0.910935866266496	0.990601984865648	0.963147181984332	0.856336273194484	0.986927232215649	0.914289528144036	0.880663856488789	0.999721760129006	0.805878512987565	0.988903918542386	0.994516032328408	0.92294399923683	0.999184721748482	0.86378668603205	0.996452676410632	0.931505859582256	0.984679100725614	0.923664470866092	0.999006730818904	0.91640859285779	0.980101493879904	0.850162808902998	0.780383107251122	0.999800996190442	0.848302176351908	0.999901967026339	0.977295375047271	0.99643765364892	0.950102763902413	0.947868647940703	0.76799973588228	0.982496407845947	0.989892353381827	0.969194119378754	0.865569066916932	0.89548573385667	0.896092315940234	0.953463883677466	0.90020116193172	0.952987196896494	0.988469053252599	0.9530986281083	0.697561326981439	0.737740738965495	0.882071401552027	0.78691196168278	0.860591299677227
0.959178722647187	0.988335639094887	0.971485904259351	0.995493403953055	0.934294307576665	0.913567835053701	0.835789407171209	0.819777409968587	0.886557828577452	0.721252143072951	0.994291855322306	0	0.977963712502456	0.895464931051401	0.973095246166669	0.998791262998455	0.972120119528854	0.963324473558427	0.932026146616809	0.915997504171582	0.910371093370268	0.995772090827481	0.971937893199563	NaN	0.999639930517201	0.98261769127789	0.998844629360155	0.997532659752411	0.786524215785503	0.946773989058163	0.780401784505191	0.999769174260573	0.898809222406005	0.9546813516055	0.997004502259697	0.987146384452468	0.903333536158282	0.987107558668311	0.99229074000563	0.96695455059806	0.99988707503313	0.992104477832531	0.981534703650655	0.887689043214007	0.89184590101922	0.843908888076924	0.891251825073152	0.955200151589209	0.982017493955565	0.997852801142442	0.999697221755964	0.999998673232204	0.999776696866092	0.860995489687622	0.762379981777804	0.829130020012074	0.710153215313117	0.963588397963758	0.980230233703224	0.999939711289905	0.953665456710624	0.993879539922759	0.903573719294581	0.851395131281496	0.868137210204122	0.985287493615615	0.876264371744308	0.956552711421133	0.984654769283587	0.987599704795654	0.999994787407088	0.99918339935217	0.998740363113291	0.96160132172966	0.963065423241606	0.705855795475492	0.828144766554895	0.940369639400409	0.97240089007409	0.939027830317424	0.971925459927299	0.944807859501188	0.96899756538557	0.999989071596945	0.975200835183227	0.998219805826688	0.841351435029386	0.763136711087364	0.84055008158783	0.787785223147106	0.995732664611387	0.891312701187917	0.978599418571785	0.933682782892681	0.993353900941351	0.994227912304875	0.999569802497568	0.949628830129112	0.972014770556894	0.998812071093632	0.98594647033734	0.923443913916088	0.984472512956452	0.964055647069428	0.949086693534102	0.975515303928959	0.98843964089809	0.687346448670204	0.980460875107383	0.998371110201337	0.850262076382652	0.924745039299777	0.980086930443177	0.748506797095511
0.998160675614097	0.845212729127729	0.933040319144524	0.951780912685203	0.902714749031451	0.99562814201476	0.958592509565473	0.925373957321929	0.971359216665735	0.925663752861838	0.678712229604351	0.977963712502456	0	0.875013185672268	0.998610217535262	0.991153606832689	0.669695647405871	0.907483805474142	0.993048685554979	0.792974257729505	0.991036810243876	0.99097706090462	0.898284849249167	NaN	0.927810179177441	0.965211291611149	0.877148023984596	0.857125955348983	0.909984227368997	0.903778923288387	0.962198164326081	0.927318023030912	0.841029637104735	0.712781116241369	0.998367343915659	0.972760065460589	0.883661923510425	0.991544545796563	0.890225269719232	0.999842799290622	0.996080939107244	0.837743670327338	0.957605429797748	0.885925831292327	0.996650638766196	0.972235367100582	0.996113450506389	0.94522092071231	0.964775028007784	0.981800741558175	0.919835888858123	0.997526652889388	0.885340583845062	0.997391962676592	0.99916399870586	0.999315069840927	0.996463655480938	0.772136435058956	0.836488298796178	0.743808355665938	0.853725617133875	0.857240294433238	0.894256237412353	0.985381844491315	0.930971858852437	0.691211229636777	0.819114901675254	0.817399278753577	0.956696110310352	0.833807055797864	0.93237385702375	0.998587538748102	0.976376502279411	0.804347294457062	0.987415776013946	0.987065745638946	0.9449466521572	0.871522352838209	0.998514366653527	0.999602163576522	0.969233108600205	0.922513136983264	0.997524380757975	0.834575514322305	0.987617524140203	0.997724425098781	0.992905097512364	0.914711006382817	0.971510761237318	0.942694848774404	0.999999885529173	0.998380263693755	0.971040709403539	0.999343179128386	0.989500562408779	0.997819376425793	0.998330132101681	0.93440341330549	0.999976395951346	0.962625905164018	0.87461578572028	0.984116178762382	0.974918622489968	0.997439601288194	0.999334277621111	0.972413069535328	0.989437410543651	0.959132983576679	0.935568415477426	0.713385092426252	0.886228993116621	0.97315259195917	0.950185562679633	0.966957898228799
0.993831277954537	0.933601414356265	0.950078340608632	0.970656349197783	0.82774963929467	0.999532441356983	0.985912971078407	0.987963282012724	0.955049649277972	0.999225263839018	0.880515772608614	0.895464931051401	0.875013185672268	0	0.992640480951441	0.945957584940042	0.918187206139758	0.844128839343101	0.997322019680814	0.832075045113481	0.990761062705764	0.99954271234735	0.742722142258671	NaN	0.940529538197649	0.915607891657239	0.988368367297482	0.787832145774	0.972587202001491	0.858755936272073	0.995710196786366	0.998322592257653	0.54036943657241	0.937270271600656	0.938462246817442	0.962160963610001	0.775166800514981	0.936968246667064	0.994215284901074	0.967187544471093	0.999999844562272	0.943835406184079	0.980316459878849	0.666616442328122	0.96657678143954	0.932442932772789	0.999376179507888	0.933008747941373	0.983534534650453	0.968058072017541	0.905137532821943	0.994090942230362	0.847065696101599	0.972343081976541	0.984679582942608	0.976572082264582	0.966830428926002	0.76325058715136	0.898096968508857	0.824023135168166	0.79214176128088	0.875592723290911	0.980405400753562	0.998108909356595	0.988048940829661	0.779758736876455	0.920570131575778	0.927278910983551	0.98788471803279	0.913192504135272	0.911857943033569	0.998598477841743	0.980423778021201	0.964939623303067	0.994395289130911	0.916160166461547	0.99694737875981	0.895522223886993	0.997074328614006	0.983658800849817	0.973533950594037	0.996426092946184	0.999580808564671	0.925260191762059	0.998438472838811	0.967130163647042	0.971913292738752	0.994723100872981	0.931244279223011	0.736629035969331	0.979318637740929	0.902849251818753	0.99798997296676	0.968448822536818	0.993808924296033	0.974021548770345	0.975937148133116	0.850591701930787	0.926041443935828	0.974567290129693	0.67809210045859	0.943302299251614	0.964998312201042	0.955308822312562	0.999820347777022	0.974459948919277	0.985349954238298	0.999999891254112	0.936190142429295	0.786673790492122	0.825340388391177	0.988083159329705	0.931495831898594	0.840443498894554
0.814242550210619	0.937745107608916	0.91548593535757	0.931318183486773	0.999442307036842	0.72997608714637	0.995930492684273	0.962813492096395	0.979733404782662	0.852970151497461	0.918524653457214	0.973095246166669	0.998610217535262	0.992640480951441	0	0.846264867309976	0.988696302886095	0.897338854603178	0.942805022812483	0.995933980416367	0.906552051766737	0.765052534835305	0.940695164284179	NaN	0.981348365306538	0.780441842817929	0.966019769963677	0.991863284381029	0.951308220897144	0.935958073633507	0.894074736176601	0.670763748023513	0.999961363538461	0.925928933068035	0.863144342137236	0.785216929426519	0.987654169353479	0.785277125202145	0.662306396893603	0.855502416507915	0.833120543839986	0.880667982878387	0.996836024227513	0.975670680002491	0.932313324762806	0.999989396494294	0.983014276720888	0.963420046813944	0.85745787661547	0.84703899983133	0.930919692129281	0.748599614988257	0.74518713207028	0.963727596721431	0.979110865037204	0.911170650157716	0.795429627192778	0.99580993778728	0.892605030878643	0.966501478651988	0.98583380357764	0.997681971692163	0.870927828339704	0.99947758746394	0.963110568108107	0.945112633448769	0.958318922501779	0.855041928970269	0.749671439646008	0.742471773691114	0.615309099056769	0.457367642662263	0.523613861982148	0.886394481164963	0.808651131738463	0.939469145204579	0.999939792591431	0.985611249628005	0.847286481058099	0.810751615490649	0.999519935334639	0.754559267968802	0.998951665467144	0.683433241802255	0.774961816656713	0.843117790316059	0.705583942056916	0.98733522415366	0.992706749351631	0.985470475981023	0.832324398632808	0.89151851645802	0.898316656943959	0.871559706624114	0.882112693374048	0.920791362210346	0.952957302524251	0.998368118318154	0.933029275033956	0.998543839277031	0.997935150530487	0.991296518243784	0.936571309879605	0.984485270491216	0.978149444643893	0.91219638262663	0.918776683848502	0.997207180830981	0.840746253812336	0.983095254821356	0.978878281527232	0.939115631512275	0.998256935744083	0.997528016212693
0.995237213490028	0.97988101589152	0.796256183109809	0.914432395280983	0.950815731686938	0.945245824819109	0.851412553598143	0.777142959141254	0.876627528085868	0.992850692189565	0.999231761071009	0.998791262998455	0.991153606832689	0.945957584940042	0.846264867309976	0	0.982139629714479	0.662073207835282	0.585759127275199	0.861085286303298	0.99767500424909	0.671559912460356	0.975205901066281	NaN	0.98505290420542	0.988967332543731	0.78673411861766	0.963245923828472	0.993233620328187	0.953502962475219	0.814044855225185	0.898521331036172	0.993829414410052	0.98686362038258	0.944592534417907	0.925166436278718	0.94344665082033	0.866434482303404	0.896559488198585	0.883907260543695	0.872218523384775	0.846274592089068	0.756340524053463	0.984519910528492	0.738114408741075	0.875809063983153	0.64712586005261	0.849634413859956	0.818897431559831	0.774522028538655	0.90316815974481	0.808481382310438	0.988933998847964	0.749998739740992	0.960116617198377	0.940494999729346	0.998284406801614	0.998878860762514	0.999829713741919	0.985234859343579	0.954364609643132	0.979978355545631	0.830886824796463	0.847881151263463	0.790230123735475	0.754677540633204	0.9523161193073	0.934725083685032	0.931139588384381	0.97175308576128	0.798101469113748	0.79039049240939	0.821162171640594	0.933976599288782	0.580642802499249	0.977216203290014	0.806385119382337	0.703145866453886	0.981077091162821	0.737517294435101	0.937236991961528	0.861543293098326	0.873772976305976	0.96359302327143	0.997684325919828	0.90893981659959	0.994772256289318	0.946561221653773	0.999943728373479	0.97727665810258	0.856413097618404	0.996701475328307	0.81484152297801	0.712237080109067	0.606856170929505	0.758503933777933	0.863542809366637	0.98482128051489	0.894125164291591	0.704656782546333	0.99465402853591	0.799727823295785	0.706932620731662	0.807852060755047	0.586164150229249	0.716601306587101	0.813430763734219	0.980478877067332	0.889554566152689	0.994519125620097	0.985501238447194	0.979890870003529	0.950328895774989	0.996276581092858
0.999999123902158	0.740817999874505	0.718421796910791	0.757548486510044	0.775018754485696	0.970635051823449	0.999785244543586	0.993943908535834	0.85190561610597	0.961018225715905	0.673536614851817	0.972120119528854	0.669695647405871	0.918187206139758	0.988696302886095	0.982139629714479	0	0.976657831608382	0.937015291436431	0.942300962076171	0.948668833235238	0.930581677866441	0.880184482008576	NaN	0.78860618435756	0.888171582037128	0.995893943932517	0.823702520001304	0.957110249519482	0.828645391932806	0.999692209427877	0.99990586616546	0.865901612396829	0.768373553303293	0.877652494496008	0.917597515678061	0.743565504346114	0.869264488723918	0.947073405735179	0.904037038706276	0.907993959775356	0.995934341152785	0.99774893401406	0.962003892796343	0.908933580428999	0.902717019017926	0.977935863082529	0.762553125497888	0.743765396978414	0.805996284131485	0.627083227434788	0.919956537572268	0.812430124555275	0.953261324534294	0.997925083345769	0.963440847017304	0.997304605090118	0.708066084356207	0.756860664697222	0.528838391599442	0.76254456994865	0.642367478263965	0.971162333154153	0.980075007141177	0.999934099023224	0.913451284417992	0.911164419750525	0.543147219937362	0.742670753028032	0.690769686955579	0.994502678210054	0.946671535185972	0.994385400641669	0.415812324546553	0.971376958893694	0.943242246100157	0.994301227729735	0.995856518856782	0.995495482295159	0.922800395847442	0.807651691508273	0.783400473985059	0.990834337788065	0.898859870372802	0.999970173282761	0.85330101343875	0.982701067786323	0.949576331049165	0.922258223821355	0.944943612561743	0.95759218884017	0.995861986136094	0.950770594852467	0.913251291571756	0.955007051458361	0.8437093335351	0.808241048705713	0.716587207891701	0.935162065250091	0.995483735349085	0.964127203749855	0.878185568964027	0.787032775448746	0.879981313942686	0.961331579603807	0.824584648488936	0.796577730614624	0.938337904897207	0.719027635715072	0.429693089394609	0.961119081955587	0.999898294076634	0.922416362382811	0.935476136351662
0.983019182699372	0.995340569658512	0.927837135627546	0.958239684925931	0.998205730838167	0.794277576924677	0.717641178400109	0.531196703633548	0.89285255748034	0.904540670536538	0.950535248035271	0.963324473558427	0.907483805474142	0.844128839343101	0.897338854603178	0.662073207835282	0.976657831608382	0	0.681703328710035	0.593903140270985	0.985273504456274	0.800771250070568	0.825420542054471	NaN	0.971314920763521	0.995067997521085	0.908965712573199	0.905813040442705	0.798056865116553	0.97855586741898	0.669798668936594	0.896420721753254	0.962623559248786	0.777411845470157	0.980287940962473	0.808512134908597	0.995575963088758	0.954817776015222	0.838476390245998	0.902677920441995	0.879126350243182	0.719959216448512	0.879395306320394	0.958962728720661	0.861805727754193	0.949031792270598	0.820362240307578	0.963753056446887	0.99203271212875	0.959950020915245	0.998718245141976	0.92211441646288	0.998437746249009	0.861424677080683	0.955837580410421	0.97599950576901	0.9878804079082	0.988311955298056	0.980223675918688	0.989788426956686	0.999098955294153	0.999579587655245	0.529296432680078	0.760293830031439	0.580610864922202	0.487698302820145	0.76090037817759	0.992656697428361	0.972234116680636	0.999609016665143	0.583790283904086	0.808545122360918	0.76304653844997	0.999615175274908	0.612942082280649	0.970344099697073	0.710608403771305	0.491915529536816	0.999969396623245	0.797149994027498	0.97880511734992	0.990489962756825	0.936540705837261	0.994110397357148	0.994235878237624	0.960898869736452	0.99444162068432	0.6509747924491	0.977212778342811	0.998139298197535	0.993201653556043	0.981286875670071	0.861291639184878	0.886320701873142	0.830880779558815	0.95592619499701	0.987911961181442	0.999021571168905	0.973834294673988	0.927629993816444	0.887778169764382	0.971061413639209	0.955299687236071	0.96768113692001	0.87268941623518	0.92600314524636	0.993018749596384	0.767391817589795	0.999518244098244	0.958249503963659	0.997565144365154	0.999997133043206	0.998718366119031	0.977019003527642
0.984846547504367	0.918048785881265	0.590955957253967	0.74279745363378	0.825560637279499	0.945015848436157	0.616647539385845	0.553797272803216	0.587582413999643	0.907697157990601	0.981193815478365	0.932026146616809	0.993048685554979	0.997322019680814	0.942805022812483	0.585759127275199	0.937015291436431	0.681703328710035	0	0.780832198368948	0.904419621269909	0.558335660555141	0.981465754515917	NaN	0.958920264467764	0.978367233795843	0.858259549423956	0.998589277596342	0.888257854191128	0.973426490882938	0.61718961790146	0.875628845122884	0.979560057665426	0.978132892541047	0.826851262266455	0.979343937134084	0.778372980222057	0.74774579944398	0.947716748343837	0.656126211565539	0.683126299955894	0.733494480396768	0.76728677377041	0.999895634063081	0.50740024859297	0.703245401940121	0.568312928351517	0.668739156838056	0.812758277728901	0.699121365299375	0.785429664068436	0.728019153325509	0.958796723561658	0.607746955246501	0.938960834640586	0.796073610309281	0.942487554619455	0.929917943986882	0.95327501812308	0.926310113347719	0.862779573943094	0.863470396774554	0.725955606448022	0.528760368488831	0.499030731611972	0.785363818172278	0.873175290427314	0.933272428626722	0.834925966589897	0.931300846282716	0.816716081655287	0.765377437082588	0.801592745290098	0.894177524568984	0.390426108786329	0.797037935748538	0.437537455175722	0.527032118518475	0.997111252692947	0.536572810339127	0.949952285651859	0.937083754223674	0.857076156277043	0.975018902889667	0.99698990804806	0.762932504762512	0.999526272895349	0.820021503885802	0.857198207005424	0.931349006072274	0.910943972205736	0.987568141020441	0.570591614550893	0.557484689966649	0.583435890522525	0.64404013475457	0.739535202334731	0.798122810208685	0.797984428110349	0.818115200444305	0.979771976587781	0.712445452717114	0.622925819458303	0.676464784509751	0.632078024894036	0.618641276208421	0.798662356814505	0.909347967974746	0.887258440899381	0.944696695581851	0.976919659828219	0.99795569114349	0.94851619961997	0.839440632401287
