0	0.394387057759279	0.40684767814359	0.625837270663805	0.633450773364261	0.593495623672252	0.562466018998125	0.53707633111173	0.77012199068658	0.546171153677677	0.653275097603776	0.494593715387753	0.520995924198681	0.511109712356462	0.687878147661788	0.517556241098811	0.76121282815831	0.615636809058916	0.630847805882788	0.815872896278595	0.483469162107571	0.546376831381504	0.647406873331964	0.631142547325445	0.559991057839715	0.860915783092054	0.614026958221435	0.510065151716966	0.577610419874928	0.691164743105994	0.556696264894992	0.503499846550491	0.472572315885779	0.720005306684592	0.970918589096195	0.868745814049806	0.598937643973128	0.582379056372222	0.55746117572546	0.647971002776335	0.601246313166963	0.543027457428323	0.603990676528564	0.862406895952832	0.723526063917597	0.554909333777494	0.762437385820585	0.509388869425335	0.590580354759012	0.652332832414034	0.537782042972535	0.4911637200365	1.05136818282384	0.654646687285099	0.571778846164819	0.633754065799148	0.184628451385194	0.406489895265636	0.394485963427888	0.624179709845047	0.67431820981314	0.653256211781097	0.578857094951982	0.552817638693736	0.750682897390561	0.547693897715802	0.481689148568075	0.611047556065296	0.535606657419541	0.556140308378221	0.596797921177308	0.577025643325051	0.644563817490564	0.604531939471975	0.601026013927105	0.614640401268106	0.797261810244669	0.529000051285732	0.531530794447866	0.687567775235865	0.664204090412584	0.642209092353311	0.820068293846762	0.580615965650721	0.615199536854926	0.839144153416422	0.627966906183885	0.599419778063448	0.912756712551076	0.799122696217449	0.80955891467104	0.53897606771321	0.713697683534316	0.553069803018958	0.699258881032183	0.558694242553409	0.607174180529841	0.704459141209411	0.47369163910668	0.600214699247592	0.722265428091079	0.638403065469943	0.710288439416416	0.637648119451483	0.699453765500891	0.525118704977853	0.848671833336317	0.610847247520863	0.565995551243301	0.888483183244065	0.63137741920625	0.766139749088484	0.584068683835941
0.394387057759279	0	0.258278746748106	0.157003194087664	0.149927313799796	0.198838950398625	0.17498758063751	0.200818980030917	0.371917842073952	0.226098051215174	0.176628351578541	0.169294662595895	0.252423323083966	0.294012766769266	0.286803491935195	0.212735069346381	0.7924316556816	0.344840150135636	0.489901986499421	0.696490763532291	0.248766360016463	0.3003783183156	0.71107653808206	0.455588981180483	0.311158277325162	0.840106402528633	0.421467559584345	0.478729510252145	0.291799449688876	0.721728168273224	0.549206826594203	0.478611201343463	0.276279616427044	0.561871251020262	0.806849492762766	0.752471868471837	0.733789516886118	0.550278379590364	0.553073513553148	0.421700725109245	0.654533974718191	0.439252429841636	0.673287627639075	0.863219255420137	0.56388440538925	0.359975517843182	0.491368886761903	0.196486060516871	0.499861363448335	0.366944130688208	0.390253452224724	0.239219815012936	0.835442892362185	0.298619306122418	0.310429839250666	0.1690776875016	0.537814004167336	0.0283921438517564	0.233655474818186	0.157265743505985	0.192658027245527	0.224705458636025	0.217550112867811	0.242443568745355	0.469484220267715	0.247729778845071	0.145354537768051	0.172849499106253	0.27391254268757	0.167610396890026	0.217062220280313	0.255067553517547	0.470742754987468	0.287724976222419	0.560568656766952	0.536205073692789	0.735830835543975	0.248516743889826	0.276549754120626	0.693918394604989	0.560571193957042	0.542876580552242	0.85770619369735	0.351490530463187	0.552385174217516	0.767608001858269	0.380796093307221	0.467599141941106	0.874041556488071	0.97756121268528	0.626874879331163	0.248905835890867	0.598452312601694	0.556335584876887	0.809947409917031	0.454113247959287	0.397789834067945	0.629553292717945	0.243496257312112	0.549586956073808	0.613630244152879	0.381445524824067	0.46672911608019	0.448343632978025	0.396840242566376	0.323900447336694	0.520134380948658	0.277279482041542	0.305680945086757	0.646849319407067	0.264702309121328	0.40413663333844	0.151857148249251
0.40684767814359	0.258278746748106	0	0.148753418745704	0.149038539393969	0.250174277647019	0.247129507069065	0.258843948847565	0.403581643341011	0.258683035615929	0.342428552170249	0.200181867900368	0.265644113270589	0.333427751264367	0.312641641005256	0.281117715436958	0.672526849249232	0.302899115003385	0.381301362617803	0.628889602297635	0.249708185014562	0.292539789234747	0.596056795912867	0.516063956286101	0.325706569667228	0.770105995699754	0.444433331998018	0.531448829780007	0.391082208116044	0.581602522735816	0.482584252831495	0.419406214454534	0.276338714588282	0.543492812193477	0.792467911092107	0.730608229185752	0.746429325147112	0.499650391294801	0.584021664732699	0.413319541435468	0.59399855670363	0.404309172468507	0.606399990508363	0.879206304794146	0.588004184961112	0.453264252194318	0.56034248339415	0.329745431277169	0.472816277223377	0.458951408963385	0.44469315572796	0.342160598393901	0.843733392861065	0.302100416265248	0.375078337469726	0.27399641302623	0.454381799914591	0.228921317201819	0.0291178061990283	0.166583575180653	0.186205488710718	0.297291863812827	0.280233185877976	0.266421100968248	0.474619394393773	0.258551876391088	0.335609173461946	0.289832393515851	0.314959530173992	0.335841083710832	0.255587947423393	0.238478042447696	0.520107113315898	0.276405862072299	0.629147594651702	0.502747707188558	0.767225153696409	0.214554797860562	0.247454784291593	0.686244697871424	0.599896201819275	0.589490508225227	0.927037567321235	0.379381386784001	0.506208193563841	0.959682687490528	0.516308326797426	0.554237484689144	0.919871303876981	0.889534378754049	0.585607670580631	0.31372891679827	0.615116496283074	0.661319743154272	0.868135325782438	0.480116613665158	0.454281551323201	0.69416703658413	0.246185489968929	0.562147384717149	0.690266907629017	0.46933963849252	0.50303996667428	0.592390131413268	0.498386869953068	0.460565948828574	0.641217609177658	0.408792735677155	0.410668052099169	0.606980621732055	0.23488248421591	0.50376477748585	0.288927655673181
0.625837270663805	0.157003194087664	0.148753418745704	0	0.0489298071102251	0.163935222692529	0.179788245405295	0.200826701139092	0.329928294555873	0.222244645078985	0.206269618668254	0.166988595270454	0.299172720814137	0.371009862841725	0.198829722567154	0.256036947610558	0.736404910836644	0.291209811214605	0.432054726580669	0.725567121472683	0.258995586950167	0.323049529707025	0.735350129415014	0.516658034099581	0.314662009199889	0.823779489686857	0.481744823879211	0.570356908153623	0.305691620408036	0.7149550015677	0.596955618978307	0.531062759132523	0.276589831221313	0.53959736147226	0.713620333672941	0.701268053656534	0.86536643587337	0.563227340001169	0.682072324364815	0.412618063874888	0.705888757251729	0.503590102446529	0.720613155404686	0.888033734971122	0.542939319255905	0.408719350878944	0.456857095522985	0.25284598808796	0.53244986169861	0.387852276319121	0.433864327761775	0.277744959394429	0.775672726606492	0.181220152372211	0.29006587871203	0.13892879027641	0.701075431261837	0.142553482358363	0.12982888972873	0.0261581926963173	0.0754912179060393	0.160045346680527	0.194001378929813	0.206519629110238	0.367925283841334	0.234532971723248	0.244953282104726	0.155835705591451	0.344076442774332	0.214987390915643	0.163871888793634	0.194874187755076	0.571571494091809	0.226632596887688	0.675179312865046	0.553937897832669	0.802952239372879	0.185184259629661	0.257640258157238	0.751101610408184	0.621482261806363	0.609191976045787	0.953291805779126	0.354265009788724	0.563791151792508	0.870207128302099	0.422382852367398	0.500502227975664	0.957068049307809	1.023596339198	0.550064215111416	0.273678370575418	0.684119040696567	0.690735392923453	0.940267731244675	0.493431268503016	0.436173249724685	0.681156607299476	0.27156484008904	0.639796994101778	0.644896559441756	0.386528019980094	0.455756986572174	0.528964044210237	0.397177301615947	0.433573695834732	0.501367581850107	0.3109245638233	0.340986216211034	0.536313890781583	0.125543155412916	0.374413021041108	0.164817156061353
0.633450773364261	0.149927313799796	0.149038539393969	0.0489298071102251	0	0.157195684679163	0.16932324358977	0.190511211537389	0.319835950882887	0.193226096160251	0.203557146014715	0.155176488207558	0.246915432875897	0.322037708571459	0.191602018440029	0.208422350166253	0.757462422040254	0.28332791259408	0.420805196125664	0.660101998102993	0.229211554697004	0.271833817679391	0.682396057853407	0.47386150513128	0.299496158522792	0.777447659287993	0.461706366612985	0.489442707975622	0.288211106416135	0.678258866973789	0.554153076658924	0.476722915100077	0.279595161443962	0.503924077977104	0.756848225335746	0.69497224787753	0.823324604699518	0.504323513695155	0.633273947751195	0.396234250452101	0.679646917356647	0.440166105352288	0.689978039237685	0.854297889952091	0.51711557478288	0.386044594798846	0.452465914387801	0.237603032247262	0.465187391751166	0.393310261737898	0.433970927889374	0.275395090909032	0.770084572989877	0.197638500475569	0.313304479437682	0.156337408302047	0.73121365404443	0.129473196840705	0.133455741530666	0.0440842670414012	0.0294326364764962	0.161585110843367	0.191648285779974	0.190020855385999	0.384933101682294	0.194907739764334	0.23778194070845	0.170398464556767	0.292021654488616	0.197218680746526	0.157717033041749	0.195265756758803	0.572234724998752	0.220051884830123	0.658774672952876	0.526148365410586	0.756528633847993	0.177854694848251	0.234192447767902	0.714994377533412	0.595147169324496	0.574930012359726	0.898661332856492	0.362860829891916	0.526509711227177	0.931093071105897	0.417579736635092	0.487971377372727	0.935685082737189	0.990420852823199	0.511237760700184	0.286858482418711	0.643938215017704	0.651029192435589	0.891234671207725	0.481360432253211	0.414422355825158	0.685534283268922	0.22232850283343	0.586299250635486	0.60788418669398	0.373503758769675	0.416248166193814	0.49976585158065	0.389184278355396	0.403605061181455	0.480231803303138	0.319907119447939	0.338933623240096	0.522267179700511	0.142940146686583	0.397354257246692	0.166914705308546
0.593495623672252	0.198838950398625	0.250174277647019	0.163935222692529	0.157195684679163	0	0.0410021706438417	0.0732962876638863	0.145328130287452	0.127299852590554	0.232329110415791	0.307164070082988	0.293663922080021	0.401106432018388	0.101653341579885	0.219719282640126	0.714316634864069	0.193066217901646	0.356301827434171	0.677116509863811	0.183151529710884	0.183473909440296	0.714003824156042	0.47742911947117	0.210164414331394	0.768721962597709	0.438680844443247	0.543761882563441	0.254255685642702	0.675377902775729	0.489249044445188	0.428581858631493	0.221074500679782	0.418952614538542	0.7138437807356	0.738023346113763	0.700173127593167	0.459530861826279	0.508763249626899	0.282780392030304	0.564207620324911	0.522490089341721	0.721192297405822	0.739065541280498	0.483855625607954	0.340540161096023	0.375414588508284	0.193074610224062	0.483684218064043	0.31361505017512	0.284530369255093	0.193229113198767	0.715268556429658	0.279069046766286	0.371681655000373	0.114446916360394	0.627975740444001	0.215175541216051	0.240976905684472	0.132856798308223	0.238536927679178	0.0357983204517194	0.0385873936040081	0.117068937644472	0.294419865407724	0.168262653399535	0.257537228627023	0.308638827920447	0.386971260101223	0.245928435234431	0.127908374674058	0.1999647618692	0.53291161913291	0.144248673946442	0.574814845357129	0.506959389457202	0.824195643020256	0.112205483465855	0.176704696589649	0.745504415372219	0.531429358308428	0.552947505259973	0.813103113163101	0.269468533801989	0.518488586760845	1.00013564405567	0.455623361965541	0.494055764499707	0.909738983781287	0.947412215077583	0.578074392342408	0.251991656106788	0.573186203992698	0.642303199040512	0.792836650556012	0.371035827671964	0.318631441891386	0.537052029972695	0.328278190403473	0.582182444440291	0.697353799712312	0.361518937117293	0.421477522573169	0.437807693119467	0.306355600742691	0.328402844674184	0.493997804687968	0.256180482913897	0.3000269204644	0.753231750377684	0.300771791975093	0.494968898501569	0.135077776849148
0.562466018998125	0.17498758063751	0.247129507069065	0.179788245405295	0.16932324358977	0.0410021706438417	0	0.0638456515522379	0.18177308238182	0.140409199277625	0.203204826684274	0.306712898042644	0.268231562268487	0.359343781919677	0.161141835310557	0.217731800873576	0.716469924050397	0.210454846640676	0.376521194020181	0.638601362945539	0.199194970461246	0.190936870355714	0.715803319851235	0.459602567347163	0.213204120655733	0.772487020537005	0.420525542741231	0.518033805561626	0.255666303574055	0.670821471271071	0.453427768465495	0.402441885604017	0.201535951222052	0.38433611012914	0.718985112889458	0.756906023249786	0.658842334827916	0.469490781731893	0.469499654018497	0.256228830113459	0.557652881005068	0.505901597819469	0.697434838581016	0.742031531089822	0.49622858423482	0.339705193049935	0.392425570519939	0.170523583642705	0.480356880056	0.303869524712165	0.263026989648241	0.169642247412527	0.72941291033009	0.312611621354564	0.393673208196324	0.105687802604524	0.6013252543175	0.19608812822139	0.249078302712749	0.155139201795856	0.269032304658209	0.0683630893635088	0.0168296771349055	0.106816339320147	0.34708845875077	0.175236948963476	0.221575285181562	0.317885968644446	0.348426087371773	0.218252628209306	0.131640452309796	0.196210953395152	0.462807302238887	0.151432539886138	0.560650439356157	0.505734962867474	0.81351799516055	0.149974310073097	0.182656324461138	0.76351107529891	0.518320632052972	0.539866810849057	0.786044155455195	0.255276565984906	0.520851240528516	0.977583086245917	0.446637992079829	0.487609826622815	0.894967884896497	0.920619879159028	0.604009680758728	0.21066438937161	0.541722365209217	0.647708480401645	0.773239900902457	0.343357988858764	0.297246943221436	0.50427812702621	0.320374992416099	0.531378849988969	0.680242781486144	0.368820061795336	0.430917063655909	0.425066886941962	0.323929347504743	0.287145260733117	0.489531914007474	0.230487627459962	0.271299676690119	0.785475073987334	0.339599117796363	0.494533363201679	0.118621736531899
0.53707633111173	0.200818980030917	0.258843948847565	0.200826701139092	0.190511211537389	0.0732962876638863	0.0638456515522379	0	0.152763566228326	0.0616526136511636	0.282364508722009	0.345390916548096	0.305176665509089	0.380394914397587	0.168729955947852	0.209086554668431	0.732078483012625	0.15651995769926	0.366219267855024	0.575858853937364	0.13080637915742	0.141122662504363	0.67314887376794	0.435381707581826	0.205465587553609	0.73440509033857	0.352614411652841	0.476833799133902	0.242052451596587	0.676181242740834	0.438918337286217	0.38735366570551	0.19503768647732	0.380349757062511	0.770427056022832	0.687973634664973	0.635024411475687	0.390738128126681	0.442729086189143	0.242968105983621	0.528104395482277	0.463431888909653	0.583621743785772	0.674185837914288	0.414808234634961	0.280528604112021	0.311768989132452	0.155329026126146	0.431300209382587	0.266088110318782	0.265053790683835	0.161908501192248	0.695294061251633	0.256246452580199	0.391993671173158	0.127199750398415	0.531940831747033	0.206267522381615	0.261863587842595	0.162893032054203	0.276416731484902	0.121224217348309	0.0695810839661736	0.0322790796629574	0.343312778239	0.0915509729811856	0.276359675421983	0.376746548211591	0.390054171754866	0.261254221243359	0.152588521853519	0.225136016273305	0.548246191183834	0.12560227616176	0.613740087599396	0.447071225927283	0.734446504468362	0.108519038865815	0.15343688723583	0.746365700544036	0.514929455960827	0.535849083936653	0.73763773676734	0.275472397061991	0.435304092950778	1.01053065566414	0.452097894238534	0.451484983278354	0.927958062650715	0.937447455046321	0.580383296333592	0.26552497802496	0.553001018356428	0.61031184027342	0.760223237566046	0.348304619440206	0.32060671874267	0.570247114824812	0.303361663585636	0.485140899191503	0.63783885931755	0.369777712109033	0.401230461406241	0.398806441676246	0.256586172022534	0.31264845440449	0.473873178099475	0.24377232943773	0.2763696344764	0.745316810117037	0.300918159180439	0.493659822135661	0.14223723262634
0.77012199068658	0.371917842073952	0.403581643341011	0.329928294555873	0.319835950882887	0.145328130287452	0.18177308238182	0.152763566228326	0	0.201981756560052	0.383414756764795	0.493610013363599	0.434838147832702	0.506561758002872	0.201999132817793	0.353863895675461	0.80425450945769	0.262541777400128	0.42097817638864	0.653203996561095	0.279976029046971	0.223834120523331	0.780674938534386	0.541913721177172	0.267959410841741	0.80204279586832	0.453952832849778	0.650376550080411	0.348953990231729	0.755551620133851	0.552332817952039	0.550824756798119	0.314990849842871	0.472990418024443	0.733716392807191	0.730720280124536	0.724179943309878	0.513417164110062	0.54823830394962	0.287759310793544	0.576743535237926	0.583035628618432	0.711396084544097	0.663805411077754	0.499690787628088	0.387030689649592	0.373985643556488	0.267186567104593	0.554562499131729	0.323805541647028	0.361563455100121	0.270662091763067	0.674735819952073	0.373047861768984	0.521740655624715	0.215679142089146	0.697604163588792	0.392137052137773	0.422326189166188	0.282438778954517	0.396179283200503	0.21817659773084	0.184353551097276	0.200907505261567	0.34744605809675	0.233965206015001	0.437429409336786	0.504409073082535	0.581600545050184	0.405653617304344	0.269413083609212	0.353539088886331	0.646258538718773	0.24370792328564	0.72267792525614	0.595990149039442	0.82283096306433	0.229673357816493	0.254075403543875	0.866852901168959	0.603040532161975	0.637985757103199	0.815518629296391	0.413955453636332	0.544433097472367	1.03516244469425	0.605167165228842	0.568462465813518	1.01440348218107	1.03560710726097	0.700687816886523	0.416646712282262	0.660857306587122	0.73650351363246	0.832689338990542	0.468779655313842	0.449687827005039	0.609396105158098	0.473202398490618	0.60156644660776	0.708801770939422	0.448144164337929	0.503851835981514	0.455003620275557	0.304176035570942	0.406807767950738	0.519569793978192	0.333123510820663	0.379505020753517	0.812639996509709	0.43409933268319	0.648246473393382	0.251792004934029
0.546171153677677	0.226098051215174	0.258683035615929	0.222244645078985	0.193226096160251	0.127299852590554	0.140409199277625	0.0616526136511636	0.201981756560052	0	0.353265562897496	0.332059747442569	0.321824367331424	0.38100144747577	0.247070090729317	0.194473422594705	0.733400272012392	0.153665144966095	0.315088769649158	0.487973598458482	0.121218228143649	0.119683463865713	0.585248837748503	0.359702145386245	0.194086757366466	0.633474012235114	0.276212897328309	0.450624116533648	0.309506482955562	0.691773131647149	0.431701590297837	0.407105802417302	0.185495981877631	0.36373327354103	0.824845620552587	0.742703480631849	0.62351626325708	0.337088415753049	0.42929770664588	0.263962573241862	0.549414479359573	0.361205982989514	0.476387241719874	0.681054986748726	0.345677726264284	0.296140117945598	0.28773106044302	0.210665594330223	0.379076794587799	0.291272003809433	0.321364805562181	0.198796315243318	0.721023171417578	0.267041250114513	0.415629398893144	0.15890977275066	0.519907498697442	0.244564751855145	0.277285327505802	0.200273129434866	0.28215215907687	0.176118396020133	0.144045110643708	0.0595610176740992	0.353182328977543	0.0343270887811781	0.359883831928509	0.406666014545497	0.401000667441046	0.335444597985691	0.221418393074485	0.247368978920897	0.601803371210383	0.139021915667447	0.555273490513308	0.373830816153457	0.626525280021464	0.126024589325709	0.139310171078969	0.62201002580812	0.428532819029984	0.445226842282065	0.634406905253437	0.267170973772028	0.317941047174565	0.983128431612321	0.43558225926542	0.513929488872421	0.908468434733893	0.835664894259045	0.488754530166517	0.273492449748703	0.58269379987747	0.598995827735179	0.679853465367753	0.313633896287954	0.311310056608635	0.576660287154405	0.253523965546272	0.399041852580663	0.634591051190012	0.371866200215754	0.325561518974975	0.401579957357176	0.23131209793648	0.340201479649038	0.497417991000666	0.26702249399259	0.280546122416566	0.684491723488865	0.322157969965204	0.548077854699676	0.168440735520772
0.653275097603776	0.176628351578541	0.342428552170249	0.206269618668254	0.203557146014715	0.232329110415791	0.203204826684274	0.282364508722009	0.383414756764795	0.353265562897496	0	0.24524197639061	0.242685518606006	0.321522251739077	0.218960118956146	0.207731902229851	0.686326684094099	0.254184619402709	0.431683263983408	0.65494643084839	0.358574285376064	0.30175904154002	0.663296652409064	0.442224976184877	0.323004676842091	0.777294431612486	0.491791471916322	0.542495954985915	0.385795401170075	0.634573375683308	0.551080403835115	0.614903787724983	0.339743548334935	0.517213453568805	0.710468728196246	0.764933857778579	0.817400474536008	0.645005177405592	0.609824307457206	0.460291666731333	0.750111922199627	0.578590049233104	0.859450559069887	0.957198464434443	0.658631096348536	0.526322899146977	0.617908413208936	0.301883568123892	0.533461353890238	0.478008831115057	0.488833516708372	0.301036988244072	0.819931702891449	0.440307760557446	0.3742554281504	0.216202314327973	0.795819308937511	0.188496953590872	0.318511432212454	0.202911217171164	0.245130563848298	0.237287714956218	0.250896338190892	0.337059923688313	0.500980657993753	0.353542679645774	0.0927062330480865	0.233836889604677	0.269892724841586	0.13990693716889	0.162676167989434	0.181350798948908	0.357933524489628	0.207129742441378	0.568458988763366	0.498236146553452	0.777745635566919	0.293663340602418	0.261160037310777	0.620574778794402	0.548971508408327	0.447827852345005	0.821263278704442	0.30804122897975	0.633666167904176	0.910014184490161	0.41533507049701	0.438127337536504	0.809758285555321	0.919088658866648	0.604328382666448	0.223357591260722	0.603618776550553	0.669473174500277	0.857737276547581	0.490392928032339	0.336877125030045	0.592900667582268	0.396419468180553	0.688589836854124	0.691592586311681	0.443938724530205	0.494869182875623	0.54430382867901	0.461700107998696	0.385251004938541	0.453176044206379	0.336960430091875	0.311134340505983	0.714247734303414	0.400567477087606	0.445152021812333	0.192585883748399
0.494593715387753	0.169294662595895	0.200181867900368	0.166988595270454	0.155176488207558	0.307164070082988	0.306712898042644	0.345390916548096	0.493610013363599	0.332059747442569	0.24524197639061	0	0.332455238856335	0.190469659717207	0.36440087970889	0.281887478492877	0.846634321554463	0.371462523802281	0.483515559304546	0.68253476407793	0.301330197224155	0.370964556057241	0.58821755105169	0.413970058682401	0.369041697630208	0.820463248704576	0.470645046179997	0.466003311535472	0.318144312658621	0.643433964660482	0.591956170275204	0.530967518652512	0.300583572869613	0.590775086162285	0.813351018050499	0.85143126273949	0.803139165114754	0.524292517672266	0.599642743846822	0.466853236291305	0.719991514102861	0.368432822693024	0.656106743284943	0.889710617827939	0.505067168452116	0.388656924052948	0.535344078881232	0.313541321082855	0.412341931356191	0.411834981246359	0.473517132761666	0.328598099668108	0.754001423714501	0.287031737342589	0.279112111427298	0.24126065178384	0.619406133784602	0.172590871046669	0.21130127213734	0.209736572444991	0.188455340230401	0.339148766081962	0.33889611144637	0.35116811177327	0.506710109795056	0.322525935305176	0.255134540365806	0.116686101777638	0.34711243713678	0.196009728406703	0.335888085277159	0.302111736026219	0.575860129648999	0.331806004596732	0.551724683077875	0.534885993090799	0.721897694864312	0.289001900542797	0.378307896771467	0.594803423992543	0.556914997032	0.522740772775891	0.851819449229876	0.328745945964544	0.570310123581233	0.77662886905736	0.443556604657408	0.487771927078774	0.886265801759217	0.917160910095098	0.615193600597765	0.243539470964914	0.654271834985877	0.598304972560491	0.80613680066808	0.453635193764809	0.401276567154977	0.639174331848675	0.207503828470657	0.582802643999827	0.64308309691222	0.324502248498692	0.399691671188248	0.474971096976763	0.456088307478463	0.3966729385984	0.538589321159409	0.326770641509203	0.338936966641573	0.431798775326447	0.231062114991475	0.388961804917503	0.228450415103487
0.520995924198681	0.252423323083966	0.265644113270589	0.299172720814137	0.246915432875897	0.293663922080021	0.268231562268487	0.305176665509089	0.434838147832702	0.321824367331424	0.242685518606006	0.332455238856335	0	0.368135083353582	0.292279400608362	0.214276636683265	0.542450066654855	0.347693170901212	0.497731222794709	0.72421329828396	0.385295443913202	0.349051392047214	0.63516746598066	0.540404873415006	0.299159751298898	0.770992457689041	0.565034540276207	0.518207167498055	0.416175977341176	0.405727287126304	0.250338300568156	0.266479170107049	0.280968759506381	0.409581834136914	0.803874224204768	0.622700095478811	0.550399238647967	0.41947584001024	0.429626942248336	0.391198041207836	0.469805537540351	0.41604644511664	0.667482600153838	0.820925730182301	0.665534816992834	0.537711284682307	0.726911166529291	0.348387821093598	0.492399985816611	0.539501017464122	0.394002331131053	0.359237270421797	0.895099864334964	0.478380314073152	0.538462785118595	0.361669172491676	0.605457266476596	0.24083290896845	0.238169451058303	0.290449679400518	0.294460889567848	0.316960671811911	0.31317060858325	0.332971417176625	0.612719591007762	0.317457697848175	0.255100600017505	0.412015187806406	0.0902757789406444	0.364762158626958	0.198796828080656	0.191817062457597	0.467850435188754	0.331895488830961	0.68122553863848	0.551870737867697	0.849103356877628	0.32699758293318	0.28925108529532	0.780496422498096	0.6162355334333	0.572521762627831	0.833705945904368	0.434055620514228	0.660327299842052	1.02596250578811	0.528714839886678	0.546886062498793	0.68759128543652	0.741291143827059	0.512292874421835	0.351225480573715	0.649878941196834	0.532032575493732	0.774182759784152	0.426016712098387	0.412339753403987	0.607252685643874	0.324558314363988	0.627970567731321	0.734186078487002	0.545771129998152	0.564362588660546	0.627965286729908	0.59657691346233	0.414031667403667	0.727379089508059	0.476427291563834	0.458170255765231	0.848518220248516	0.447182669998024	0.681614074003424	0.342610916449534
0.511109712356462	0.294012766769266	0.333427751264367	0.371009862841725	0.322037708571459	0.401106432018388	0.359343781919677	0.380394914397587	0.506561758002872	0.38100144747577	0.321522251739077	0.190469659717207	0.368135083353582	0	0.453104450715426	0.353729917412876	0.780150277154131	0.384795946795488	0.636508223727592	0.683103577266492	0.355423306251264	0.400994800603862	0.566395403513442	0.450326872524741	0.363606288418427	0.814140410339892	0.556001899227598	0.488231994295365	0.384411741099868	0.521392407318542	0.443719856357044	0.514963909070271	0.296097902495159	0.566772428087979	0.896536591719623	0.757594083650762	0.640479183654809	0.493446963441158	0.513091156646142	0.534154096746389	0.662004512279247	0.382822525138138	0.645462559626765	0.805338450317665	0.502043926149845	0.413300100445554	0.612825466250243	0.331301740141402	0.4053294914608	0.49316139964641	0.461382829207285	0.355822171552591	0.750393252533533	0.403956494444477	0.37557333048799	0.307103602802318	0.604278418975767	0.288320476689532	0.370580811575488	0.356707148237508	0.3803011389508	0.434140916425205	0.404266234789582	0.398879987657671	0.671670722312598	0.359277600288159	0.294313733266573	0.345576308038249	0.358435208322417	0.288143767201619	0.366697105825251	0.407276672189019	0.563086749296164	0.380492114948021	0.542772924810233	0.573407931103757	0.789445731711771	0.392680261835455	0.436522908614744	0.617244285695325	0.563963362610789	0.530814220188239	0.776023850055978	0.357913613244883	0.63099495636635	0.892155841318006	0.489783746075156	0.482624891051857	0.779913039846568	0.78377079133109	0.632498140021695	0.287053116691164	0.617995198934959	0.550990426137836	0.697371005589962	0.422193101475388	0.410779478473847	0.536566953903977	0.303082169519944	0.547210742220002	0.661437684573274	0.31950426135791	0.448265454371907	0.431491627268126	0.531600207082979	0.32365812735332	0.572098908191959	0.411236279324005	0.405797352861493	0.523341606441061	0.407683982871645	0.495633458542067	0.297098226591553
0.687878147661788	0.286803491935195	0.312641641005256	0.198829722567154	0.191602018440029	0.101653341579885	0.161141835310557	0.168729955947852	0.201999132817793	0.247070090729317	0.218960118956146	0.36440087970889	0.292279400608362	0.453104450715426	0	0.264641772282239	0.746303928656979	0.208693736646694	0.423504167574318	0.778617641577403	0.28637435338935	0.250187072751719	0.715575554324411	0.557356700980435	0.28055949405897	0.811843213303221	0.542355333436864	0.6138793257488	0.371947685308691	0.653072192712705	0.500380895415097	0.504918750878854	0.312185461884845	0.471460206929871	0.752388234191592	0.672671283695608	0.774644816239729	0.53681432510283	0.604168284439371	0.37194695472756	0.608271110633571	0.604667215744799	0.814419051481139	0.794596276913057	0.609640653658778	0.468084048829467	0.531062545959817	0.27028572293333	0.566492338303191	0.429123935567485	0.388030366333459	0.29347227039398	0.743796989513911	0.325735115398093	0.405976848128849	0.220026701224333	0.711500041324767	0.269417557270606	0.266072888852561	0.160157928250874	0.235252748412454	0.137291289891878	0.16685560698303	0.226793401055569	0.387681327764702	0.272604413250093	0.277338730781934	0.363287075845408	0.396969869601584	0.249627113062573	0.0939978083297046	0.232264855923095	0.57872903211462	0.181260917077968	0.697968556948161	0.604963137655665	0.897389703448396	0.178809054991949	0.23042809365786	0.803138063553671	0.622793928989708	0.623659579901007	0.964503851759001	0.411514422863639	0.626458949826	1.06008701206101	0.549083190979545	0.530121376705962	0.920838129011892	1.01538944089176	0.61486975020599	0.38326072017283	0.704400139372449	0.667503109393524	0.925381333010576	0.534995526754553	0.458251362641213	0.626260432702192	0.406857799283285	0.70096931922433	0.765259015236615	0.455543242309341	0.558391124568486	0.550085703486105	0.445369241815677	0.439201347836344	0.557655821338449	0.410028787228085	0.445129029199212	0.755610986813723	0.311118620159528	0.524293385361255	0.246715861535585
0.517556241098811	0.212735069346381	0.281117715436958	0.256036947610558	0.208422350166253	0.219719282640126	0.217731800873576	0.209086554668431	0.353863895675461	0.194473422594705	0.207731902229851	0.281887478492877	0.214276636683265	0.353729917412876	0.264641772282239	0	0.697372952697653	0.143108226617062	0.239131621881073	0.422688282584622	0.171943542181293	0.13271000235433	0.361989540145894	0.234990620478475	0.235536495168545	0.670340759593874	0.312366735955119	0.436806738454045	0.416332956436651	0.619918432731098	0.484078668344316	0.397524900269532	0.284365679703834	0.497821051927104	0.870423608804605	0.812093062938336	0.725059312513972	0.447394963479533	0.499773911062157	0.446858199004522	0.71183932085563	0.434943438883726	0.621452911444656	1.01342071692813	0.625842838878014	0.525719645694248	0.599335004683523	0.332100792046673	0.406006931849338	0.406010497586494	0.48451900052036	0.240951639651487	0.944233441318082	0.483787118804401	0.431896835299053	0.268075772606258	0.617678092138748	0.197860011414873	0.273323032538879	0.238905553849994	0.259540382467539	0.268673056224496	0.253575883672343	0.210930242427041	0.450235057265292	0.19531431477476	0.219146087102128	0.316951818477122	0.269839741422803	0.218158108462341	0.204615767313658	0.115313869355674	0.455442441394546	0.140656607564991	0.37701652553517	0.240153801606307	0.540859164221941	0.170406371972402	0.0996851817493329	0.415568138713226	0.325426650479226	0.266723327388504	0.712438814600477	0.297382749737848	0.349066219246905	0.941021996703718	0.388333162412917	0.474889240240066	0.956247891665578	0.813973809107636	0.513472123781582	0.27123490642824	0.584178093327568	0.675262117969447	0.775338699040581	0.445289428229688	0.367183692535355	0.689095521836151	0.284975928184956	0.507548874819621	0.759167397015468	0.557858516793629	0.420502766115041	0.625775087961863	0.456695606850822	0.426264902899625	0.601973332708829	0.328200852194979	0.259756291673628	0.649615358020711	0.443419046332484	0.538459541521	0.217772049304888
0.76121282815831	0.7924316556816	0.672526849249232	0.736404910836644	0.757462422040254	0.714316634864069	0.716469924050397	0.732078483012625	0.80425450945769	0.733400272012392	0.686326684094099	0.846634321554463	0.542450066654855	0.780150277154131	0.746303928656979	0.697372952697653	0	0.697419200509808	0.717391161463064	0.906575953246906	0.776922031773405	0.743058311775717	0.898414138853519	0.875569972361761	0.650020212207826	0.837209089998119	0.926700608297319	0.724965993722804	0.740624264946594	0.410601856600295	0.36721346421717	0.534445183991183	0.581255962871393	0.546951204067706	0.838045363499346	0.743692101908261	0.685738636363031	0.650115700253595	0.733880635520071	0.813015814422741	0.615903441209737	0.83542115529578	0.905179328429019	0.860777311865749	0.793098836918892	0.910784255331322	0.93957462798911	0.731468137682483	0.82440910532629	0.915539028793965	0.736301578710995	0.691749935217698	0.968585494615339	0.817417797875543	0.789083130506719	0.733361636523762	0.81257782026422	0.793090518288746	0.680247593264401	0.709473369001887	0.789233593958322	0.663891566531001	0.732406652064393	0.752115952109142	0.772536613152307	0.697476733461527	0.678745645258124	0.852484687371808	0.554689836623749	0.80633000183396	0.615873663105797	0.541853323469803	0.693319067459749	0.706726025056912	0.83810093151107	0.719615419602576	1.00190492053091	0.767396575532672	0.671814548964387	0.950758167388185	0.831157851457909	0.731262660843155	0.780934682800445	0.644658373211043	0.851248264142871	1.13823237725647	0.650377278980426	0.716667232617456	0.755419055947629	0.62905022168468	0.509269882410821	0.654031472536683	0.835032949493923	0.791879231508779	0.785380769573909	0.595744749733256	0.59694635139786	0.706757482729273	0.853242173690895	0.843233614795263	0.809807317513879	0.801370186012647	0.751088085098347	0.9122673420472	0.798649153121562	0.72673342823958	0.789945612641717	0.774439698144945	0.740431834953037	1.12212606626568	0.830533217642288	0.907763523070375	0.713201492538916
0.615636809058916	0.344840150135636	0.302899115003385	0.291209811214605	0.28332791259408	0.193066217901646	0.210454846640676	0.15651995769926	0.262541777400128	0.153665144966095	0.254184619402709	0.371462523802281	0.347693170901212	0.384795946795488	0.208693736646694	0.143108226617062	0.697419200509808	0	0.210742879817143	0.412435266151912	0.164927911180364	0.0889119889723565	0.346858723916682	0.286791246641491	0.272361067060388	0.632239785193258	0.32367290310433	0.506048334549407	0.432694531978732	0.576664811193279	0.47023402274753	0.523052686611411	0.291478211687152	0.466192319438988	0.87937739659745	0.814149048091325	0.705121145975628	0.478520819128588	0.49723946053731	0.397718123204076	0.682177505859247	0.455362977770504	0.579453107094738	0.871641818997011	0.549013979316363	0.491464489575204	0.504604733614073	0.345772103636889	0.389638183676001	0.406130731520304	0.47602765999943	0.283962824057056	0.783052477256192	0.442636571999296	0.449283980465441	0.255758089231754	0.605447573332594	0.341216395208213	0.312808039311876	0.26915296371583	0.348974679751188	0.25052242820687	0.22537324574706	0.172773398531755	0.369355514365454	0.15692684336773	0.310629238090738	0.448419918846742	0.407921531893993	0.291489232025203	0.202397320974077	0.199094304403484	0.515542746964875	0.0506417990665962	0.440677601409962	0.25254889294811	0.540258846500207	0.130102938321966	0.0952582255522501	0.409667964170554	0.338813571969039	0.314231245764566	0.619772627178681	0.307091290628771	0.37412607019519	1.07127905645312	0.517614171014038	0.517155093409655	0.884509483212063	0.763274543250775	0.554384961394054	0.317547048419837	0.607566719715713	0.71309619483892	0.748365032445507	0.439484933964991	0.352548197225024	0.669288737948038	0.339816658289167	0.491553572557237	0.764947690747168	0.513818757126863	0.420596590985809	0.569102082664928	0.384345509185315	0.45814338041579	0.553868909057806	0.371133352383438	0.327472556809457	0.696141032527032	0.443559565334076	0.557514634128663	0.255685390117744
0.630847805882788	0.489901986499421	0.381301362617803	0.432054726580669	0.420805196125664	0.356301827434171	0.376521194020181	0.366219267855024	0.42097817638864	0.315088769649158	0.431683263983408	0.483515559304546	0.497731222794709	0.636508223727592	0.423504167574318	0.239131621881073	0.717391161463064	0.210742879817143	0	0.395166928307777	0.312669045095029	0.185571243676785	0.381945549609481	0.295630135439467	0.3806174570932	0.671133410632068	0.370493706189986	0.598636627239829	0.57921803182254	0.732339296416104	0.66041355380542	0.619779449306314	0.41819738396811	0.588959678113669	0.79914865133168	0.957822479058564	0.847598339873427	0.601964463613606	0.640939528061006	0.514204537627424	0.820129277529635	0.612100656576498	0.685254428319649	1.06981802492831	0.748735713792512	0.714631509527823	0.650304056566492	0.519809928614447	0.557080513113094	0.523335101539218	0.639432974468411	0.386010277175957	1.01692479285548	0.672755840025682	0.625483577845492	0.411093340124519	0.63126769228283	0.48346661271067	0.413540343632079	0.439305616543423	0.466869754432796	0.431721781565439	0.386704871283483	0.345259554156568	0.403949550836008	0.327006433053719	0.486115521260617	0.513214464347191	0.554612898815591	0.479588258532661	0.437558047888154	0.310575155756632	0.536246964591015	0.229447553271343	0.368387352407872	0.206683433778866	0.527957140338012	0.285116633222698	0.193956395126105	0.384266926504649	0.355824451160182	0.294206822045894	0.68075707579829	0.37317607692372	0.367437732119652	0.987467989877656	0.58154668921121	0.662899902986944	0.996808724878589	0.793035527840882	0.624546447819108	0.387635365960645	0.768424717002191	0.808754404442774	0.825336158776057	0.570015589147893	0.446832080168286	0.758867934988678	0.506348598593287	0.604281907894923	0.890762144121389	0.728595172568621	0.537724640735635	0.797165380837654	0.518412719389589	0.56880343676067	0.731974218202372	0.457896221339627	0.388877389522946	0.759772545686207	0.644725340801401	0.697874932300533	0.369024471728908
