0	0.412482210051871	0.495718851819391	0.91505228438235	0.898578945688857	1.04833199980044	1.08434041885271	0.95500014626932	0.826996794022793	0.65703588929976	0.76837568152792	0.561011525957181	0.486070251889094	0.720666950994926	0.731032584507022	0.980129275010234	0.712764168139428	0.884307871443583	0.866249470140443	0.73055310396382	0.834802863984052	0.733932540360117	0.79792779626172	0.956568144858125	0.784941477586692	1.36241883271043	0.854109855648636	0.752166795978667	0.684637502105628	0.58004134567263	0.588322122935163	0.680255704846311	0.625196921315606	0.90032005356041	1.38192156642694	0.71305467871532	0.569911546918078	0.610890105936376	0.530459156897897	0.601942873607429	0.614152790511266	0.972852415336025	0.998832291557677	0.694746932530583	0.732267557139704	0.752075080296474	0.840775292146593	0.4431352983251	0.6551309511468	1.04393641203494	0.773851655183719	0.751148809392221	0.66612327228878	0.739106306744828	0.677930301373805	0.742023080712908	0.246845185396201	0.596403825796619	0.450367412210491	0.847409194211032	0.860887222469972	1.11064990678122	1.10580154561949	0.934041769204841	0.76730446933658	0.631352743753314	0.676911991777536	0.678989008614581	0.657609357584153	0.853596780052461	0.83514306170893	0.927240972362387	1.13780593727881	0.934914736334512	0.687045565350352	1.02480409746197	0.672538837215557	0.986330794661352	1.0040245649007	0.892997639916337	0.801167708205345	0.948141657238341	0.886796743064543	0.923824061597869	0.915455687963859	0.99959409290625	0.845534582783388	0.475464745271331	0.662139503133906	0.682314488896705	0.772914491627723	0.571384048608004	0.526201455859813	0.50497906667264	0.710780309313087	0.773968292181589	0.442576631882323	0.722202684351123	0.815349549384895	1.01781458794075	0.419998840527166	0.537206589433606	0.751766583396883	0.722772206125706	0.627674845661235	0.470986178102035	0.515494689723064	0.703312840902373	0.709318357939078	0.741239636852366	0.687823734853272	0.721441141640485	0.918969690493011
0.412482210051871	0	0.465791845906469	0.377061805837574	0.420490455072943	0.595388761375644	0.840303092860608	0.688793868677594	0.727474115242338	0.580192376733516	0.393548471721325	0.671767587621978	0.597694022428535	0.793928277331478	0.498389334389926	0.634332247204763	0.774850940315217	0.702852818757191	0.548783488214106	0.492706182917443	0.74734536056648	0.469306847499404	0.738292038040554	0.797671655378082	0.744149649498315	1.04904306412199	0.77832491562031	0.913148314528001	0.773785082061631	0.783371627418637	0.903844792860347	0.921911447557733	1.06790577940304	1.17841150986302	1.18283767413005	0.818360309256599	0.734407080681269	0.726483962191627	0.65602141729907	0.689098421787303	1.05462127591687	0.742445604817431	0.923551239516459	0.761272299540269	0.763363089217641	0.862972579550309	0.632546735111403	0.513744033200481	0.707871911660545	0.890101166767723	0.840610714964287	0.687630812383478	0.79172769664637	0.714045262965871	0.527588035408253	0.541984207238907	0.695813138894261	0.160106135940387	0.467639700846402	0.484788856160541	0.361514410923647	0.694326057701069	0.728866064631817	0.797984192533391	0.708680578901589	0.624907191108408	0.46543087661316	0.395490083106832	0.710098120005955	0.501348930012852	0.548734206199373	0.676721757004947	1.07039831313124	0.751361482562903	0.724247852889502	0.709935436981284	0.515373553849474	0.634376318014261	0.652307122345411	0.741324266375801	0.704438153495438	0.752529367782679	0.976436854379312	0.942769129800104	0.986047596728901	0.893803900175978	0.713407079607465	0.691398053700243	0.895058406006168	1.073975103874	0.784709588292899	0.98648937240626	0.83482494957776	0.856888423585805	0.917103883668585	0.907913679576031	0.758143148052747	1.14941033557219	0.63547536139054	0.83321991428338	0.721832967906661	0.877247725172021	0.822032290110262	0.777355465887593	0.669007151311648	0.647728163438393	0.612849336616647	0.694503894480606	0.670656413379575	0.836192455356365	0.712609438323764	0.665511380800802	0.48776917693242
0.495718851819391	0.465791845906469	0	0.399610753167982	0.419463882666454	0.613462041854401	0.713453976025087	0.445452621574319	0.541980152581189	0.411434314386247	0.448744805062835	0.498223503662358	0.697245449573587	0.444493681129174	0.623918627785217	0.527126919378791	0.69753154279631	0.504481570731899	0.510271845207077	0.547878698764166	0.735415366247507	0.461029158174124	0.509949757911109	0.609626425301575	0.602282247515999	0.965160623353448	0.507821529323663	0.978662768809295	0.796998475877198	0.717257376939355	0.926053452040495	0.8003734492953	0.91232697155786	1.01357259219164	1.14978678553421	0.86030731023966	0.875803246825513	0.654851369843775	0.740173490099038	0.649232430028406	1.01621347228831	0.767621644872429	1.06265070770213	1.05567044140495	0.818674494849118	0.943854536933772	0.655858121967859	0.634655415239347	0.605216974166026	0.531312659974305	0.742026936082331	0.437580268275058	0.669799117503135	0.500445249400986	0.480733388902307	0.436523500805005	0.460038182495089	0.437529188524405	0.0672488188061771	0.396578458050235	0.397280505877582	0.679669899665706	0.665105167153848	0.523310696357218	0.477257558376374	0.407816296783398	0.505739515953012	0.348200065708354	0.770414709034986	0.570641764082455	0.597128295795973	0.631832963445847	0.92741877584152	0.540764602431971	0.5527163108242	0.583532970172762	0.511077419561426	0.50969631591683	0.427572159980216	0.586870933386195	0.744030661836028	0.582945246466952	0.88218090179552	0.529185307187078	0.675256807032114	0.561579071854906	0.66013746637865	0.786998084351663	0.981555524796279	1.07093389663767	0.875432457837786	0.784218117715375	0.755502335563675	0.754899775413161	0.917621832278616	0.841240858916772	0.621445578815522	0.956623777788596	0.780877172893232	0.946006137569696	0.675452499372217	0.757674566014033	0.867404267670533	0.918235984141093	0.553365015607994	0.735539600721114	0.694349971802669	0.581191570444065	0.436573800172075	0.524803886378358	0.50217968357046	0.507791767298787	0.43588400498789
0.91505228438235	0.377061805837574	0.399610753167982	0	0.130948913854457	0.278422555317148	0.379945040510637	0.31398118617928	0.538221503835109	0.383985295245468	0.288624137251693	0.865860116649649	0.96401774939803	0.743983781972755	0.514683858799626	0.321531952623332	0.984027917294913	0.384419829117415	0.457654280424894	0.37115587025719	0.59885206453602	0.268151639232053	0.511854446793103	0.513361073475825	0.744029715567497	0.657027610301906	0.496893643766325	0.984759487201932	0.805435324305232	1.07697219802332	1.25453639219566	1.21028990806729	1.33922509126491	1.31603573915331	1.18967659149713	0.952966951433333	1.03516596893638	0.856090056230615	0.933421428549748	0.906519372606575	1.40363995021281	0.620132576740156	0.86572797134246	1.12694966676269	0.919049190605673	0.935224029572839	0.553262026356946	0.752607100292342	0.710479565428303	0.558692323876459	0.953490970196972	0.626908378183274	0.918697001987223	0.623029270326161	0.48162304926369	0.463912726347313	1.08050070613598	0.30838515331564	0.490739840623312	0.161081519751737	0.121115030729947	0.277750441260035	0.27435632758936	0.548622221006927	0.659560257993923	0.460018345729723	0.512017904912064	0.398028260903018	1.01877828405657	0.335741906179195	0.426114314215075	0.501733307077435	1.02481307657243	0.416513810415071	0.629243414888035	0.402101968551634	0.405898946661106	0.27979565639985	0.238903645981827	0.504678982765372	0.561403222321423	0.604933241721751	1.11706354355841	0.869732018014753	0.882551079976567	0.706418669299772	0.759976154051965	0.906940294291978	1.23780371353912	1.38711201169327	1.01961871966714	1.11994089103613	0.874926076639732	1.18842656225632	1.17718095114768	1.20006165133933	0.971616632239205	1.45318578037027	0.708261983370847	0.775893929364073	0.980754371291901	1.12562343520932	0.988895644017416	0.959911012657128	0.766561922197515	0.939338149301134	0.67913748235319	0.491891160671623	0.523245666524249	0.816631203181515	0.689299286500983	0.545731762872444	0.263324334597584
0.898578945688857	0.420490455072943	0.419463882666454	0.130948913854457	0	0.216241581934034	0.293798327287523	0.228486646725804	0.59175503002049	0.35532856734226	0.232433251138549	0.757891669374294	0.826108209505298	0.528574716682812	0.43149427668621	0.245965180861917	0.856092794812839	0.274231516193004	0.34261993680171	0.34108511767967	0.488907716570275	0.200230040357311	0.315758110450457	0.302503958865978	0.645683867686793	0.716138152636475	0.352608907267315	1.06818468139063	0.761201852774835	0.976231316308346	1.0186822785418	0.982709160214069	1.11365193505062	1.17471017433902	1.03339249116706	1.04886838702746	0.879110312143351	0.771937651909116	0.811971773625559	0.857067934295879	1.36216188000431	0.519176314111732	0.834945815849807	1.17963876896698	0.981333853746584	0.918766846686568	0.692344987590586	0.702231705306163	0.705697823725152	0.522904229134983	0.763611610922825	0.486049341906267	1.05778351913793	0.757186098393693	0.60244254183722	0.323713890934824	0.977744381139916	0.219579620171877	0.49063926357848	0.146114945034105	0.0353550073895088	0.288943381163036	0.211330599510018	0.363154371633069	0.60798589329379	0.388720120682114	0.430591992827489	0.440357173024566	0.998333276544527	0.265563656388055	0.417084945815258	0.539835554967945	0.853738880979226	0.285384096442216	0.530922457848432	0.375664885200425	0.3843061544154	0.264495372439393	0.179303041928812	0.308984718453977	0.462331931326555	0.469752037899598	1.05823743348408	0.706326590466199	0.840027689825932	0.729537326414965	0.785137186143122	0.882128393427911	1.28388197985127	1.331185627001	1.09626817777719	1.06106967198686	0.953210569902768	1.08910733573045	1.10958781654709	1.05317621980571	0.956291835687967	1.38072394806264	0.64254175683989	0.837858749347459	0.922933872946763	1.0326845602271	1.07324115097922	0.919399435435048	0.904434166013236	0.975800058948077	0.674164747946534	0.518916055435061	0.473502743795145	0.835352817924688	0.81756554595217	0.782077640903784	0.180807622822453
1.04833199980044	0.595388761375644	0.613462041854401	0.278422555317148	0.216241581934034	0	0.21358832287299	0.352425768975293	0.467308889716791	0.595001248842014	0.222902055405962	0.908510008086045	0.709535896974048	0.715901274229581	0.237297127637251	0.162192041916463	0.749614664969493	0.419765514697842	0.456139732389083	0.478970090051731	0.441745099008647	0.310120662451659	0.417840751711125	0.337781053627831	0.737938751224563	0.652930536443258	0.502477392891866	1.04560880737672	0.870924401064922	0.895593753598187	0.943127911784855	0.886007035519019	1.08078562662194	1.02190690836393	0.888980358086356	0.985499793786672	0.930086197438783	0.705108994766242	0.855773600251257	0.821228503848602	1.35560078939895	0.541458974809577	0.880139141013124	1.10153347431188	0.836915045498456	0.929572548030591	0.695951044944885	0.895375805378921	0.88326809484477	0.553958494289766	0.775147118216094	0.635760655122441	1.03699512507168	0.770328149600626	0.721368017660689	0.359852870570534	1.00128058123677	0.358065555917039	0.706813565886131	0.24776572626972	0.222068717494555	0.0592509121472571	0.144529536628744	0.521347022878937	0.751078231319073	0.594155265834036	0.366418820305076	0.525433020306359	0.822661179865871	0.299150333900235	0.235994679312381	0.349610769225847	0.808711660642847	0.414449802343154	0.557401943343748	0.511921565247302	0.613888605882737	0.264625557162484	0.209097108498834	0.502921603496205	0.615329755128707	0.42204624320214	1.05625383507054	0.8128448354794	0.904072267150234	0.696141549121458	0.984499613200692	1.04116042581294	1.27572273343699	1.25285040468659	0.941127415061292	1.1040525721559	1.00347318867909	1.13472501961789	1.13906839738373	0.998377941688591	0.936401998721219	1.3609108965838	0.677939989959642	0.803454335607749	0.947217521514893	1.14065899272613	0.987939188484086	0.982775764989692	0.896945490339881	0.972720485914971	0.870134067554613	0.455240802893572	0.611259139370198	0.898005172252044	0.860040801125011	0.827513462193341	0.260839387091935
1.08434041885271	0.840303092860608	0.713453976025087	0.379945040510637	0.293798327287523	0.21358832287299	0	0.297525120048242	0.528987446964035	0.503477047539854	0.305392653854327	0.846499957731882	0.859352723438493	0.724368989896236	0.489049329534957	0.24817222228649	0.875075354204241	0.309481924421598	0.643018844565994	0.489308965161094	0.377466221026321	0.304205426645427	0.341566362541532	0.318433898046906	0.681126642886666	0.559011489670377	0.487519707675736	1.01667375272556	0.706307537587716	1.0749429913489	0.998407438558245	1.00116143527408	0.883523449595144	1.03369986660131	1.02988144924196	0.965528523327409	1.06855614725574	0.905052698069691	0.986336028859503	0.921790631614703	1.28137214662124	0.629831682738343	0.78289516144756	1.34165893263458	1.02734587593794	0.935648293537271	0.82791211953853	0.863154743956104	1.02864967158805	0.58358868288265	0.882111118125	0.569836916401307	1.1219549000102	0.856035868050361	0.807119591460227	0.402901568111945	1.1166858665521	0.576963170691274	0.805202214226403	0.241722496395464	0.295267194032559	0.217775752334616	0.0749349901382681	0.478494350428905	0.887395174262439	0.540853052612762	0.501368938791088	0.616106170176886	1.03252528247072	0.358027759579825	0.43901352930062	0.467495445122181	0.78303660489811	0.265457692903641	0.440239380355084	0.516033349809018	0.58978990665347	0.418735702118351	0.264402135796846	0.345118295889232	0.465866315376823	0.526952024408207	1.20596272748271	0.775388045597998	0.901599433798532	0.818149826936373	1.03889141471209	0.921542782103931	1.39146091464456	1.28053152101684	1.12367303971045	0.811905727284079	0.835574843807847	1.20601706037302	1.27208121410736	1.19030233470771	0.98590829594589	1.30010094491237	0.815485207706772	0.712857682537352	1.07624502607881	1.14166704048572	1.10185917774287	1.10104517413201	1.02872000793032	1.05184065188056	0.825587141403302	0.54387357276349	0.568815804609355	1.0195546706173	0.96589343610598	0.86648650387738	0.325822236765736
0.95500014626932	0.688793868677594	0.445452621574319	0.31398118617928	0.228486646725804	0.352425768975293	0.297525120048242	0	0.466741296049352	0.242796490742492	0.301127030896158	0.649550785986526	0.881293268396383	0.474711910562675	0.611888904734699	0.421291397447271	0.691228206460544	0.212297863625822	0.375132768946753	0.312437182844856	0.601665134469513	0.298652441966773	0.340299907107294	0.392288096006209	0.452297909717061	0.558603498351623	0.319247871461733	1.0713744841214	0.584183171369011	0.863673740011198	0.881704993493555	0.878973071506174	0.839532656078688	0.922491959189927	0.911347147590325	0.969411739517246	0.957524892602702	0.765802442309236	0.91714778101658	0.887768186146227	1.11179246051849	0.580757944784687	0.81696091927298	1.29060316585251	0.976354941879203	0.8781546760724	0.574321440112825	0.627282011234816	0.826613131568646	0.462860263999473	0.859811821919973	0.319401812580723	0.963892835738917	0.601775857742595	0.523330290261935	0.32137622785123	0.93105028294692	0.47559294288734	0.477736067053853	0.238550310684918	0.244737081280282	0.429687271464127	0.242937478508447	0.181469882846679	0.562542384222324	0.23667815944113	0.410013266099512	0.431114345550131	0.969809393145264	0.377544545369928	0.491935930916321	0.558877281355043	0.714641934041404	0.252932009853901	0.50150682471081	0.276573336028629	0.392626099387083	0.349095061365107	0.250076516808634	0.333782303901762	0.62382977810116	0.508813234409052	0.897892284884581	0.431042639780347	0.64037244200068	0.783619786806605	0.699850211594983	0.716639046540179	1.15468359800524	1.17687683592462	1.07000115789169	0.770582558391214	0.798729266281776	1.05529123323666	1.13562410264933	1.02699755914794	0.797192660124893	1.13826136690863	0.75054755079962	0.799536407387517	0.906323126550238	0.886488659243078	1.05603308689425	0.874300392204118	0.655838002715452	0.923657321686405	0.841202892323932	0.547795832207999	0.298406086086819	0.729388877056667	0.6630968970975	0.748189514745971	0.250173855754152
0.826996794022793	0.727474115242338	0.541980152581189	0.538221503835109	0.59175503002049	0.467308889716791	0.528987446964035	0.466741296049352	0	0.595511870526959	0.379827906871558	0.573017543630586	0.717793333741813	0.71590656442583	0.486786323840109	0.531078443146317	0.685105345347662	0.553113132728683	0.785878621540148	0.500002645654884	0.854712517381913	0.576281520253061	0.558189429290186	0.775772563739415	0.627065541730357	0.589540200911697	0.687124800365895	0.683215162505099	0.836180626724606	0.732352996058826	0.812499437060215	0.689905125769405	0.704870696115982	0.80259745587976	0.949136011132626	0.892166335847056	0.975399819111943	0.696874458984529	0.849801544033797	0.749858357487297	1.03605585957845	0.916268201560423	1.07342402157437	1.01142761062904	0.906166928139325	0.767455278224855	0.587978793512187	0.759756030750794	0.974640071516717	0.745190189119606	0.817177487544491	0.641556978810823	0.83097642837282	0.468118711167389	0.647338749958792	0.656189177573029	0.789941398991039	0.685086015279455	0.663661365737615	0.408193588953032	0.60947903674092	0.496364723227814	0.560837008678274	0.676443595795434	0.595929586711681	0.669389109649814	0.471533571996303	0.478921626612783	0.64585919469916	0.39708077996033	0.412622340961464	0.505170924306904	1.01144342583522	0.603403938712048	0.650213407390724	0.607660160640674	0.666582933606681	0.677715334493271	0.614516490799481	0.764714504687717	0.916596432217508	0.863318454352317	0.873008603404277	0.807099202223713	1.08604487010036	0.619821714240048	0.83433304145359	0.797600862419134	0.942311760117769	1.05020610652015	0.976266981361856	0.5913386353566	0.762405095882537	1.05946802609129	1.19411432636345	1.06033251952257	0.860440342615313	0.919278776203126	0.96267463061672	0.868345079093909	0.813216567266394	0.867500306037575	1.06878445176197	0.949121081604598	0.683299371837332	0.765948040077306	0.924228879090253	0.623578676378843	0.55134251127405	0.769394858480337	0.533052712529773	0.629857561824148	0.651691859228669
0.65703588929976	0.580192376733516	0.411434314386247	0.383985295245468	0.35532856734226	0.595001248842014	0.503477047539854	0.242796490742492	0.595511870526959	0	0.42047069602677	0.714913323403963	0.846086796209609	0.413212781348316	0.731309810038892	0.611324605304927	0.778246794302304	0.27237452630561	0.537487669029546	0.340179181908522	0.533397422262364	0.340136176515937	0.395874952136001	0.496878753221082	0.499182993119142	0.802358428973257	0.359291200592686	0.824158950541516	0.61060029296671	0.873813010743766	0.880577168765321	1.01212438870622	0.883749489507722	0.900348636784708	1.22362834723419	0.802873952117128	0.725801523612235	0.726128518282987	0.676999958184978	0.662657977756433	0.993139096574797	0.553884093887312	0.703866186705662	1.00828554033026	0.842427616997779	0.726798854355353	0.591446077798799	0.439578038606567	0.523122850630034	0.541869527173641	0.796150506060709	0.441107840661629	0.875802424847365	0.685989026346489	0.331149739255257	0.368029547333904	0.77127064498524	0.515708713328777	0.459327559609294	0.355761542983531	0.365745994831263	0.642401141649417	0.434826288575372	0.293455542218255	0.589786352598038	0.100135836544994	0.565704005360374	0.539217459018432	1.02309303501482	0.46931870349946	0.658010219082642	0.743904877662359	0.859952571289399	0.312730975749581	0.517760365680365	0.466224789393823	0.293696973726264	0.432063747396362	0.406393935029265	0.347789065554637	0.536485450660812	0.622933515906629	0.875189316337145	0.592887226303657	0.712299595746007	0.852448170333414	0.623924399823478	0.632070314915403	1.09205975168337	1.0574485837614	1.12287361306801	0.713344843051763	0.71899819921092	0.860485556344228	0.871354340675913	0.932425337316353	0.613206885903388	1.08976244954696	0.686335157902225	0.758965308602165	0.631901287133976	0.668390164345272	0.84356935124909	0.658957855078244	0.528346043762656	0.673186686979654	0.501734142723929	0.439207887454944	0.257311448857726	0.80365157118931	0.711554066184231	0.659845896495869	0.324582970749663
0.76837568152792	0.393548471721325	0.448744805062835	0.288624137251693	0.232433251138549	0.222902055405962	0.305392653854327	0.301127030896158	0.379827906871558	0.42047069602677	0	0.543494485583056	0.594885077385134	0.534001671953724	0.295034039079732	0.2254953050892	0.601248729341181	0.240503858908406	0.372104790028013	0.234741159151572	0.529538435605941	0.261889433282119	0.258893884973492	0.375025969485954	0.479519537995191	0.654444102242209	0.47417787928139	0.942075092079007	0.585682291302359	0.735901655623062	0.797376386305168	0.765581907921907	0.790826366554212	0.983876831976408	0.969467549794715	0.867476676677094	0.872505050316571	0.718718872612937	0.799511680254384	0.67819332440999	1.15336399559114	0.641577626054648	0.898453523930051	1.23234159475859	0.95609524323888	0.918416641716701	0.652755366320904	0.576415786565552	0.911713260896946	0.541162710637251	0.818291632057384	0.331900628862046	1.00545106228978	0.666349838758016	0.518807471489906	0.235789187991383	0.841969048568578	0.280540510000007	0.484521631568074	0.232756247876438	0.217064354623882	0.285191977582202	0.271331282086076	0.402282447446269	0.567647293405627	0.427727375040045	0.225224993679749	0.341529332134025	0.715715651836121	0.152044238047245	0.17162728564441	0.409067795869196	0.717179882921279	0.275990138278517	0.416572346317987	0.329158391846102	0.420992481098313	0.346920688185348	0.265970122306637	0.346233812000622	0.592753154955426	0.511889152799536	1.01177032438914	0.592137248993329	0.953401137826861	0.747129945669651	0.679805188751976	0.67204051081199	1.16686700255635	1.19773460552365	1.04808229193098	0.78080484978338	0.736264518527049	1.04670409640379	1.18363168452475	1.04686491242739	0.874688088735461	1.13560961137149	0.740421926793344	0.853770633733973	0.868093882692495	0.998226686296408	1.14325765366511	0.956881995334746	0.794205437966677	0.767188301309863	0.773629218460716	0.531983652639093	0.380581239460714	0.818241328700713	0.741415394157287	0.76364217939669	0.233477615788943
0.561011525957181	0.671767587621978	0.498223503662358	0.865860116649649	0.757891669374294	0.908510008086045	0.846499957731882	0.649550785986526	0.573017543630586	0.714913323403963	0.543494485583056	0	0.30145366749108	0.469181575219649	0.802218993650671	0.721293859732929	0.570984020434363	0.677809011197481	0.720234672547547	0.668399921298769	0.981805742834253	0.689884780668324	0.571463502472264	0.747563720684112	0.522631638846543	0.953172813768256	0.755892100955081	1.10999779871133	0.612097881801369	0.423865211509034	0.430074093375851	0.367786381575712	0.401970925751212	0.785044316892357	0.892115223384568	0.966887079205266	0.792391056201246	0.605196228838307	0.807049167601729	0.677380915877412	0.735707347710875	0.781108976887229	1.03334137155939	1.10559827692048	0.962749062559355	0.8736203617157	0.810238840553231	0.573505833048148	0.999115482825961	0.954042115536709	0.886244031582503	0.463270296619976	0.854747095633778	0.54655373278191	0.610085125308665	0.581027005667833	0.494021519235996	0.691002423703958	0.482276343994746	0.754121481014652	0.746310839051463	0.974606185516283	0.9138043634402	0.649518337311646	0.738883171219672	0.750434268990441	0.422590086894236	0.390241271092083	0.357835550682059	0.589106464975752	0.576632374201549	0.58774307841328	0.742854383395365	0.722496674654672	0.490773993616804	0.598543505381019	0.864076440282699	0.872196055597389	0.763986415648755	0.671138934894609	1.01510005795434	0.691737897115025	0.724589102287881	0.550200003475064	0.882418818135302	0.95356842540948	0.514911055058542	0.49111639867814	0.649992954530575	0.646022466705358	0.751897673518124	0.452298778357311	0.670223726718229	0.6227438121236	0.921529796794511	0.788520584955192	0.611122224431485	0.519780542162179	0.626108033511111	0.969981046312696	0.679075496479965	0.558393414239909	0.967844450612538	0.780282609761705	0.678102486742952	0.675937746699741	0.780590986808751	0.855266309532814	0.587054550253921	0.437868777818074	0.523330185717598	0.766155063891871	0.765826252978147
0.486070251889094	0.597694022428535	0.697245449573587	0.96401774939803	0.826108209505298	0.709535896974048	0.859352723438493	0.881293268396383	0.717793333741813	0.846086796209609	0.594885077385134	0.30145366749108	0	0.587392436649368	0.62358872600194	0.647687441353384	0.350598988740555	0.888021460163551	0.799401087684333	0.85991731736965	0.803413930304731	0.661664961209765	0.703037259651136	0.672474449641273	0.670785101949535	1.11730671386656	0.848476671857637	1.14961133231134	0.794717780343103	0.299443245503988	0.202036065226272	0.284696445775491	0.44610145719777	0.62410324421109	0.962399427868043	0.945670413212085	0.539830619657678	0.394918405359216	0.618538587355457	0.535981914685585	0.726223838630784	0.55352579314965	0.88381741869368	0.739754078995455	0.65663895194145	0.720414168855017	0.873351089724284	0.577619139560221	0.919967920208223	1.07443998877053	0.736702420137457	0.695921671715428	0.850713992530602	0.702054057235406	0.732189598477772	0.612816978788551	0.414631473589903	0.618047657120178	0.697098379955152	0.871062110262642	0.805666077174103	0.794092718376752	0.890842405622398	0.839883534452368	0.909684969649155	0.861476490725116	0.40331735345547	0.580875990826103	0.211385928478671	0.717311146234218	0.499131433455996	0.481215025673156	0.730647441152285	0.883840316999181	0.56947616031889	0.896818779822022	1.0101025575017	0.838048746084433	0.761853457225782	0.856328792405357	1.00010085110758	0.529088208965963	0.698605524545121	0.754147394261448	0.905536097344698	0.939233081210973	0.823860462196902	0.669940390337068	0.593218480975856	0.455152783841069	0.551935414677132	0.608567051119287	0.769144496804172	0.489165219786855	0.646482490996919	0.493902160771716	0.452974889845979	0.486242305417846	0.419423906606651	0.842447343040624	0.418356146274664	0.524327215289444	0.662667430157166	0.563579563580164	0.67134207992232	0.509693889072273	0.71585016410824	0.7194397359026	0.774350916459794	0.637917151166601	0.704392900973555	0.869447972085455	0.818796223870847
0.720666950994926	0.793928277331478	0.444493681129174	0.743983781972755	0.528574716682812	0.715901274229581	0.724368989896236	0.474711910562675	0.71590656442583	0.413212781348316	0.534001671953724	0.469181575219649	0.587392436649368	0	0.821880443516478	0.580568615003625	0.546044369179305	0.47036291566771	0.408234866919995	0.61098733841503	0.630151389638137	0.548358559215263	0.395029975525899	0.504853132158157	0.508910215710447	1.04909256506612	0.473023625965747	1.08787997318832	0.69284699728133	0.527967312304161	0.537507153097158	0.590653049600297	0.620693444726097	0.832076901906872	0.86739386058626	1.2037812874884	0.561603858541386	0.633862199278913	0.527942580874512	0.560903324666891	0.975055947075094	0.60641889488	0.852811175913901	1.11747972057877	0.989687654083482	0.924838808159517	0.833756502495157	0.474538268634177	0.586965131456323	0.576481388463469	0.564888623727829	0.318463647634401	0.928500315587457	0.894372301637696	0.640282221462386	0.328308711663912	0.643983445480925	0.580002283560312	0.415378977067312	0.703423611127632	0.555614131153651	0.805406576302937	0.665526222126993	0.377363961983598	0.553211135616685	0.354643090209813	0.530428935385048	0.549212983677297	0.767557043809374	0.559727181105983	0.684555402214601	0.761033780037165	0.546035679038961	0.517912184766225	0.501683309901092	0.558851486903987	0.597346674575323	0.617122424255309	0.491468745232084	0.452108329624011	0.771117720889406	0.46925362602037	0.715935923275107	0.379505869163277	0.723181634425211	0.747717207575641	0.536689340349792	0.704887398653541	0.965442284681402	0.84328361316218	0.972004846862404	0.684489554538294	0.922768148403174	0.500509177074362	0.729878872466098	0.594714726260724	0.522532077252505	0.757404859241796	0.637687886247823	0.967367202044034	0.551533208047428	0.522245671122163	0.907940999144465	0.716429791341546	0.729903341140012	0.656370715753379	0.53662838096347	0.568077094019096	0.356128394152321	0.596515194990991	0.902265266616532	0.981008889349065	0.44962370428238
0.731032584507022	0.498389334389926	0.623918627785217	0.514683858799626	0.43149427668621	0.237297127637251	0.489049329534957	0.611888904734699	0.486786323840109	0.731309810038892	0.295034039079732	0.802218993650671	0.62358872600194	0.821880443516478	0	0.337182841139818	0.789048887147852	0.495057234292318	0.540354614285077	0.5295708578524	0.461247764568515	0.472307117590232	0.442374761796605	0.469277197365216	0.753400157836045	0.886705687334205	0.608569896230509	0.793058787237968	0.791380805740539	0.791700180448889	0.838730833299231	0.790978880539805	0.892645255706829	1.06921169514408	0.971586465216223	0.75333591072339	0.916400678202371	0.737132005915413	0.848834424375333	0.798582070883586	1.17346330021449	0.768111321953811	1.17267024499001	1.00063425122643	0.745336697090708	0.77040529458674	0.722457105055446	0.840809282956947	0.931460895255262	0.6368427807194	0.786508592361577	0.733544998348828	0.888694460419717	0.774360398618408	0.745908265554582	0.498509583352368	0.745605402062927	0.444329928040652	0.657022074287465	0.405771852416759	0.425944291295146	0.341412967633369	0.453468000869122	0.669363379035015	0.703953717966981	0.706072395440076	0.404390476201426	0.584217275863019	0.769103599523489	0.38775593910576	0.235137097620338	0.615989987591937	0.951050811310601	0.515172456096159	0.665270420933111	0.704240484504091	0.6672025694413	0.397434562568054	0.511921690213279	0.626626055105739	0.691964963711559	0.658260350956753	1.13801536032561	0.919613199880195	1.06653516667095	0.835139400674136	1.00672928497772	0.930162617757148	1.2136191003649	1.18749043674329	0.94890481391901	1.07389300209254	0.796658564075987	1.13872616338992	1.17791791101892	1.10136736756674	0.992841530144767	1.29506558778138	0.883868510711452	1.09638655867616	0.849065001979634	1.04134231024068	1.11583987473459	0.988898492091719	0.844692106193468	0.898206293417245	0.861485997490272	0.5297087791413	0.751235793602244	0.905824577420943	0.748611640047972	0.842148165977235	0.51538378575668
0.980129275010234	0.634332247204763	0.527126919378791	0.321531952623332	0.245965180861917	0.162192041916463	0.24817222228649	0.421291397447271	0.531078443146317	0.611324605304927	0.2254953050892	0.721293859732929	0.647687441353384	0.580568615003625	0.337182841139818	0	0.770450890882645	0.354038848361254	0.448664848103271	0.504560542981057	0.473793747220748	0.227669659174994	0.294316527523426	0.224742334711344	0.616696396406455	0.617287828902589	0.495563847938126	1.09933443103275	0.798627044110859	0.936734385306575	0.918155895964541	0.838583173417875	0.938302310767432	1.0964473791036	0.883808614910782	1.11514301599391	0.961902311376718	0.700496097973193	0.803743811342097	0.78817072867773	1.33831586878399	0.518077437236527	0.766830836099557	1.24332572494717	0.998236264666201	0.964909162748588	0.772614486895586	0.734818938846261	0.907702864357295	0.447517736615303	0.63448710127648	0.456134393968237	1.13267966333948	0.816055187822557	0.736375630921336	0.290682847091894	0.959951462014229	0.402712951245936	0.629218376483602	0.27138741333054	0.237516990482437	0.180805157510999	0.277224912874733	0.611299040376632	0.617449415455618	0.614974708549179	0.421480981195469	0.586832915370398	0.872191400465799	0.304650295666199	0.315617408304852	0.367585056578848	0.83115485946596	0.38925801829427	0.338244814108283	0.466213870124083	0.611476863062533	0.349862656028964	0.149857547292224	0.436093569223498	0.660352249132544	0.380830642685622	1.20289108084213	0.71847479810242	1.0179979841785	0.603092811399556	0.880106885128833	0.912970049407229	1.37808121865363	1.27191692268868	1.07950017588473	0.984924837794873	0.868714333619391	1.13122544790013	1.20757825698458	1.02564074421299	0.99718346656122	1.186533793789	0.63987747281151	0.734666505273383	0.947152791620194	1.13826425381167	1.12312047719784	1.04374119716518	1.00150051487187	0.923155379543884	0.765490766070022	0.419511253615399	0.529901119317803	0.938353893814324	0.945378347268019	0.785485316304548	0.282827158960281
0.712764168139428	0.774850940315217	0.69753154279631	0.984027917294913	0.856092794812839	0.749614664969493	0.875075354204241	0.691228206460544	0.685105345347662	0.778246794302304	0.601248729341181	0.570984020434363	0.350598988740555	0.546044369179305	0.789048887147852	0.770450890882645	0	0.880440723202015	0.735405511180436	0.86859464902788	0.976151773753101	0.744058591050873	0.808032740319569	0.760719676004626	0.499452084352084	1.03500119583117	0.820425767577565	1.16786570830303	0.764860372633587	0.346265906080685	0.269093956335225	0.306427786652382	0.409304547509423	0.445946242356488	0.788833163113748	0.920839273895896	0.676529400822309	0.612721912996332	0.784907878570597	0.670890925339175	0.712833060437045	0.773364388989058	0.975625760504775	0.966393324275338	0.860314537615486	0.953017639337567	0.87808182659101	0.610158288066159	1.09503322908998	1.01687977169806	0.867832135336409	0.52657939804339	0.903585642568624	0.75062624904284	0.82606441686818	0.565032638942068	0.658486794901753	0.762893908865268	0.719282786437257	0.794104200460293	0.858615392638963	0.835073022150786	0.87264317304944	0.671613412448105	0.710447797514745	0.746478833600021	0.508578234707859	0.688192653594252	0.453942393112674	0.851393808404236	0.673213921722351	0.569260701638334	0.596688363291545	0.86897074629095	0.762994139692103	0.798949603360076	1.0137668831527	0.951742351184079	0.749977330178346	0.960763045171497	1.04085331640098	0.658654979530714	0.691868893938318	0.484476632130444	0.834841207225234	0.736056348975667	0.807704532303605	0.729302514896802	0.662407790487648	0.655243360205338	0.691395360042404	0.573809399534586	0.820749123461464	0.593114555299529	0.819734888272	0.577241658345213	0.531046443011363	0.454220113141751	0.789244828729115	0.973902014060769	0.592840354795548	0.660250510249218	0.84521909621727	0.791811566748203	0.708249083393558	0.672302075514537	1.00440173018543	0.957968802790908	0.770407436046229	0.752097422384489	0.804406637188327	0.910999023539888	0.795681031274884
0.884307871443583	0.702852818757191	0.504481570731899	0.384419829117415	0.274231516193004	0.419765514697842	0.309481924421598	0.212297863625822	0.553113132728683	0.27237452630561	0.240503858908406	0.677809011197481	0.888021460163551	0.47036291566771	0.495057234292318	0.354038848361254	0.880440723202015	0	0.351857577013762	0.227243263842442	0.420175156113399	0.276957323657995	0.120422634779359	0.291961871501971	0.514289184234098	0.553269235415369	0.29878713651127	0.962208870633017	0.463601021144685	0.906308585441996	0.907233570656151	0.994935270607355	0.817014802201534	1.01448170374646	0.99751266594152	0.914966116402788	0.89112303132873	0.774240403711712	0.851364808889185	0.813865914429584	1.0628285705704	0.587439782182912	0.814615078313943	1.34726893440713	1.03167792404096	0.83175601098206	0.706533535084605	0.641605021899845	0.773327422026636	0.373600044393828	0.752328950330545	0.327631105500901	1.08688549812117	0.78803026791478	0.543312528997044	0.350102258695719	0.864808766826741	0.493145374160456	0.494788868572424	0.308315650266216	0.274646068515179	0.471003267495703	0.279620486253725	0.255180723285772	0.500542047978571	0.22516579947929	0.463775835788956	0.52555116366816	1.06197264348067	0.26845024944094	0.395824822485287	0.715268821924138	0.709602930634502	0.0716151146116313	0.415664391549592	0.300049998109287	0.269039540471344	0.3127928258695	0.263767431013676	0.153372948148455	0.567287822404858	0.524539133337227	0.9437569745486	0.510526525151364	0.795223393291219	0.781595824974894	0.733781575542305	0.664748185994015	1.32632910634637	1.15961141770546	1.29016768610571	0.789154277337524	0.750541077195313	1.12986765293095	1.11941340195572	1.08543559017768	0.908995205567482	1.15576191119451	0.7706855202234	0.861784877547874	0.906105004719456	0.966835446579274	1.23639851995123	0.904648528861601	0.823391914093976	0.879656723015235	0.729768420275011	0.449197903674755	0.25422696576515	0.885582251360157	0.814241123298006	0.865694169634271	0.268704360548659
0.866249470140443	0.548783488214106	0.510271845207077	0.457654280424894	0.34261993680171	0.456139732389083	0.643018844565994	0.375132768946753	0.785878621540148	0.537487669029546	0.372104790028013	0.720234672547547	0.799401087684333	0.408234866919995	0.540354614285077	0.448664848103271	0.735405511180436	0.351857577013762	0	0.395118630718438	0.545885528397902	0.410689877015804	0.409612428659811	0.454849842138298	0.529243761833738	0.784906234258227	0.336287164538792	1.12025242764682	0.662322511732955	0.815540061634022	0.862880425366352	0.933590099763364	0.99625764201413	1.05885239633028	0.935660123148365	1.21370431215434	0.776999694628008	0.715904456766921	0.747399924591774	0.741277977527105	1.11147977031112	0.533559286749135	0.873284799461018	1.0410019496918	0.801327815066991	0.827967981690698	0.525784290949402	0.699093190915189	0.665952128546821	0.38421770404993	0.652712378624349	0.375978369852292	0.907412963472871	0.803479800787893	0.636210043257996	0.34070310354733	0.814043075372286	0.336920815805889	0.442531980362199	0.567347552914255	0.350100720381902	0.576762361157472	0.475449035596636	0.356764012565557	0.36931564475863	0.340431318070332	0.521602034989542	0.454481998931608	1.01996661528831	0.444690348981852	0.487744433833273	0.789411041866403	0.651629466890377	0.377991527294927	0.646542031118844	0.349508386521634	0.418225958278143	0.341647248094596	0.36581434749944	0.418365231119466	0.705482424116158	0.498950437875224	0.840591984410092	0.433798829505281	0.663984837698127	0.69687218287769	0.687222123190738	0.81136147574968	1.27194409728638	1.18328881231979	1.045739967701	1.13289077343189	1.08237929804072	0.969202220321877	0.97438542520329	0.916823833985067	0.861245802975757	1.20780246569618	0.684695544821069	0.98971196642971	0.779021298545905	0.844983116237348	1.06312935843064	0.766425727255053	0.686824590195946	0.905580707435922	0.75731903775876	0.537563541939301	0.442286290013357	0.729953520200063	0.88592016209579	0.993363238208964	0.287731253035468
0.73055310396382	0.492706182917443	0.547878698764166	0.37115587025719	0.34108511767967	0.478970090051731	0.489308965161094	0.312437182844856	0.500002645654884	0.340179181908522	0.234741159151572	0.668399921298769	0.85991731736965	0.61098733841503	0.5295708578524	0.504560542981057	0.86859464902788	0.227243263842442	0.395118630718438	0	0.594783561939944	0.37453715144082	0.30690395827397	0.452745753626214	0.579245895791133	0.611105310970542	0.411497544299043	0.754616313773695	0.543672629653793	0.931941497337666	0.915316581008293	0.987554523821087	0.906688847504864	1.08317276982677	1.04030760551276	0.926529473971087	0.893160206451311	0.792612307328248	0.834123849812131	0.763544140875814	1.07882243357091	0.658925013832894	0.735428090304535	1.13558370295861	0.935859420423201	0.802400893012989	0.522351400477051	0.534672405173114	0.747221555199925	0.457354691734887	0.798300639662821	0.397950129982978	0.977653581765389	0.689618249999115	0.497168153089563	0.420614079605953	0.858762898039837	0.401727657209368	0.537671880403767	0.340650095311242	0.294630209788707	0.540533018036113	0.447452866039587	0.439359659662242	0.526697827045172	0.318602150073453	0.497823883578932	0.483048790772018	0.993944690276593	0.275549683162166	0.420290612325514	0.769710744305293	0.86675509028106	0.293572284448258	0.474228419423923	0.346142065169455	0.240865862512596	0.382558930095071	0.425048030829134	0.312554295305927	0.63823603512182	0.695499611526669	0.940372081984533	0.69999695471739	0.875990243919707	0.797369216873065	0.712514481191913	0.607870750579766	1.19382218415187	1.15608573079418	1.20864873817796	0.862918967027728	0.792563623216452	1.10248077645837	1.13539883075477	1.18348149166313	0.935903094601835	1.23224485786254	0.812407409121329	0.830498594636174	0.807933251560295	0.914839495361347	1.21415023369217	0.825943155321826	0.72518520127466	0.810289112008131	0.767492716923945	0.507714709833954	0.333491045679124	0.831729395431622	0.760943519786033	0.808908639943962	0.359029042619346
