0	0.476601660603947	0.2693443065411	0.870699037226674	0.945403092909619	1.10544566090266	1.14077153217988	0.86194389806422	0.714891183094344	0.717654799006437	0.819468419514951	0.731393612352186	0.608385488629921	0.691185938679056	1.05613924026968	0.998150096376031	0.730420002048171	0.948579369456488	0.902183506128827	0.75554134104115	0.670684642029492	0.843066833264334	1.00687336796801	1.07886300871656	0.585228141130933	0.972942824969207	0.792699631026749	0.43108602259526	0.312363957061159	0.504952588039347	0.484137202283818	0.628312573491094	0.429644347109622	0.65376663820462	0.822576695131091	0.631426402433511	0.509977497311245	0.598766940775721	0.404121020977961	0.440766593105011	0.538909020367332	0.62310273713333	0.68236181740651	0.40768544152824	0.465854627192394	0.290800425424923	0.435849940740601	0.31438950634037	0.482821565042612	0.514777627764248	0.338793413595207	0.460773032916816	0.572307265838535	0.378511876317222	0.388327976529916	0.86709194842423	0.164927739231445	0.554718603983279	0.292374313763873	0.764995487378265	0.955228919595495	1.16561632827149	1.11132114663154	0.795096938895953	1.21884447168311	0.695715325637402	0.677110011231035	0.920526721535857	0.734805355643327	0.929944928225342	0.920535025955555	1.03044629989492	0.935016576055365	0.902822834927449	1.00991278048781	0.853947987462736	0.97828363967246	0.871764763843668	0.94527484961484	1.0900979733008	1.16982390230295	1.11834928524869	0.716068375295617	0.649263637189768	0.845266298791663	0.786699317436329	0.685452547890643	0.397112729827546	0.77026002561308	0.779826996258969	0.983842462598821	0.703640383134358	0.527038565145817	0.581793018403786	0.587232511016515	0.503822700471758	0.776353287190055	0.588193594438414	0.663610659356439	0.623801503059123	0.439592872889068	0.399954954165711	0.766463995284076	0.35893044993642	0.463119385932059	0.451143676193277	0.31574389925978	0.631820530703444	0.598687391913984	0.663308597929979	0.434350855289518	0.533456867131885	0.952881477579718
0.476601660603947	0	0.285273986038782	0.242121509166315	0.247063959815381	0.516711629775579	0.570221942633087	0.330877263935218	0.326890254927931	0.275001511864243	0.193541632512119	0.243473216671877	0.292554890797761	0.407824696527565	0.491474649075581	0.396630365966691	0.671275942534622	0.412647147768217	0.46632379832705	0.430251585334346	0.313899378031138	0.378020774499363	0.602478500816364	0.535528717115673	0.454202476629503	0.731668011668406	0.473857974937333	0.481357416647804	0.394756652424828	0.454283785052025	0.599724456415981	0.625995684663887	0.47738083202882	0.59621305670319	0.684229506950772	0.683540803623928	0.702948676763718	0.77531905745101	0.597162834942781	0.567046519672153	0.77132031592013	0.462602760747033	0.619110114243203	0.768800811222677	0.645641179103918	0.529488979954156	0.588550719163772	0.415862472265491	0.519628583356677	0.551424852560778	0.601928033494072	0.31615271346227	0.806735938287107	0.402810665362707	0.353513840443791	0.395565850946342	0.677814241613297	0.0377512330576079	0.2607897279335	0.210676902594042	0.286698017381687	0.578087267714655	0.601282700205111	0.32517465902091	1.10887690350527	0.275233176286162	0.213486152714303	0.252870681177211	0.309134822520042	0.29949530518516	0.354429940610468	0.429773477986593	0.508507176338331	0.390286010572763	0.616502835903239	0.466004543563428	0.451485577611169	0.360087642181106	0.388012133870478	0.667027662999294	0.837899426146092	0.571820392162764	0.768698751685596	0.424995125749433	0.65835088821961	0.698710424939053	0.383625514138273	0.406311723641311	0.612905562988799	0.71621678184361	0.780303851903754	0.258919765118917	0.513391135713835	0.749399111998332	0.746216689237823	0.565211547733701	0.52728862075398	0.723864963124324	0.391185625875109	0.461044078424506	0.655477955587118	0.558774123593317	0.616112474391643	0.575261378173056	0.451931171136248	0.459322542035971	0.423734023313326	0.523411706650314	0.396919725281976	0.400255635358328	0.37860545215688	0.339620580721623	0.436799469451175
0.2693443065411	0.285273986038782	0	0.406064079078629	0.494382219079384	0.712164870766612	0.770015574886918	0.496679918058167	0.478151881678656	0.453795454485507	0.464162514607	0.384295499709802	0.448309861945802	0.445919473103617	0.689292570551801	0.625431824798501	0.613680058773438	0.588974552723623	0.630291271096792	0.476883353966544	0.368816922326761	0.466988742638538	0.738754069936706	0.819098206364405	0.466462310736431	0.899355657243279	0.485662468607204	0.394514519181112	0.336516664607406	0.485591180677155	0.527452084833527	0.629713263351724	0.379742589898476	0.679110491767472	0.742037668956998	0.686754044181587	0.687054465357646	0.755790748867638	0.621724989462718	0.580765666735101	0.699035282694526	0.517319249980897	0.637131199778893	0.650735855386364	0.638824032546956	0.428099011367399	0.500423974388861	0.3931016172729	0.540481286608581	0.593086795748428	0.511465112679247	0.379445991228618	0.761904481570987	0.250350478304124	0.269136207574134	0.590122546755337	0.420753298227863	0.29749212345185	0.0222583217367701	0.355902629671225	0.513420556333536	0.803148535653458	0.751765951983846	0.437503391552037	1.17029887757836	0.439272854400045	0.422488753960938	0.528638107728099	0.447096377478951	0.595640416658979	0.551695290199974	0.636109528350807	0.659499944781827	0.547293999542493	0.752418152407475	0.608020223035292	0.643137886230771	0.484886716788855	0.550489043376304	0.836285572707696	0.99354376734543	0.844885318287636	0.650362840300309	0.463660870932522	0.722515500410958	0.750458550750712	0.431653105612963	0.362162459491938	0.629725817606092	0.658073491813047	0.804537261212135	0.409831132728964	0.47561669113775	0.756203500006613	0.716536987987118	0.537208138870768	0.714874804912379	0.607111070200362	0.463960763259759	0.49634305001214	0.579747436906106	0.465892055082151	0.709451721413027	0.464930449099036	0.439866213893053	0.450558801284568	0.395681952526581	0.639674798270782	0.494524007134837	0.421980576895563	0.241817401079919	0.351470715894382	0.633338112701163
0.870699037226674	0.242121509166315	0.406064079078629	0	0.0711882675625028	0.186375594997001	0.242918951986228	0.127976235288934	0.230946469017268	0.196974421411672	0.133987853989876	0.250697842721165	0.367392408572165	0.508577540902799	0.179567618905812	0.219840608087784	0.63296052808549	0.245234159371998	0.415755531405528	0.369912415605896	0.27036780820909	0.206387883009821	0.596729948238362	0.554893025632295	0.51989359181233	0.831909833658606	0.434783488403769	0.603555225625987	0.624994728121742	0.611003928998401	0.79065890206135	0.744639373666554	0.588358274081368	0.714264171558396	0.647120407582853	0.712070532495439	0.955134209611622	0.905311593372186	0.901413809593818	0.737274461174262	0.95610205391609	0.632662333546309	0.817510661774239	1.00859979957018	0.868780207157188	0.788234328622995	0.773776354051281	0.57193644469564	0.75543361940703	0.692045365447249	0.801496380500506	0.419943047026078	0.939238687967956	0.445864240597195	0.468170297441247	0.214261448038757	1.08064914126589	0.196139491935341	0.362866397079432	0.0375494155454918	0.0867741457824326	0.236090486260527	0.25578766135479	0.152997657546894	0.924434272668827	0.174022467607204	0.226763244408236	0.145160113101451	0.328320913208029	0.152847684276989	0.130610001249737	0.209695653681403	0.511935347099303	0.190948576930417	0.515430766578263	0.425210144734764	0.317014157846032	0.146064453735953	0.216580529304571	0.603708377542542	0.78914437909897	0.520633669386301	0.912303865670055	0.40002690606785	0.755464266218357	0.690836508244048	0.322084613439048	0.553048928419985	0.714756196467986	0.856646009726257	0.660149169101508	0.233233191070445	0.559801877360658	1.00101548442096	0.9945302517618	0.732894324507131	0.570257891357245	0.818111916992504	0.482385778219135	0.656329103221688	0.807325470443432	0.676949633448819	0.641975751403275	0.802072821100754	0.582038208797717	0.597144157776778	0.606917618566952	0.607865159051163	0.42962434691014	0.44092964372408	0.377430999635854	0.373137631830057	0.193409683159541
0.945403092909619	0.247063959815381	0.494382219079384	0.0711882675625028	0	0.231758923366103	0.300719862914363	0.190209974958287	0.288722182458332	0.262481859564393	0.138469370484189	0.26274756262721	0.357218249435276	0.510747957864215	0.208883960941551	0.213285015704322	0.67813356129175	0.241570334232372	0.441419100161982	0.429318392507535	0.300496219121238	0.254078481819437	0.537448462174985	0.460511093365822	0.524918067243221	0.728689678883731	0.456319402637817	0.712433488562765	0.669911436075298	0.601958674110847	0.799434585661846	0.750013721863196	0.650418792437036	0.696975641367311	0.635914935522072	0.730686059121431	0.935065900621717	0.904378201979347	0.900771470145161	0.775978609515072	0.974919095855213	0.602503388251054	0.781994986274144	1.03724691740771	0.878167440108092	0.836172997429961	0.821489278423092	0.624924881925272	0.747303436102358	0.707082394739531	0.860067142195153	0.47625531966156	0.962624105800544	0.53461876171622	0.535885281080031	0.274711082896129	1.14094845331618	0.199851073779007	0.450830892253778	0.102328768660841	0.0239529039190252	0.261464107220366	0.323112826271552	0.221932000679441	0.910910183730321	0.246591220234196	0.24083113774178	0.161950360850203	0.312459354536499	0.150924835651096	0.152291835777609	0.225299494337103	0.545945744499684	0.227363645661814	0.504702651822345	0.445719028439262	0.320712579869957	0.185165631944731	0.253167143916525	0.535271312295884	0.75206441734187	0.456018688173384	0.93095174144127	0.445105720748584	0.712829838226604	0.68848259482845	0.392142514408777	0.625563548458273	0.652685833786442	0.812433465187928	0.676823839831514	0.271664305397112	0.616381896894133	0.980979307178605	0.948421562466034	0.75945232121421	0.525535552253478	0.819708119580249	0.457477827526763	0.665613533832622	0.848629722141633	0.736247721055826	0.605945573112098	0.840812646652845	0.61319861083159	0.634370440778039	0.702055257870542	0.647208909616481	0.484405299146876	0.442183782161574	0.45653162273626	0.434500508233332	0.269437531782551
1.10544566090266	0.516711629775579	0.712164870766612	0.186375594997001	0.231758923366103	0	0.0805381324895207	0.112815232130416	0.274009895788606	0.264715503416994	0.232651177784564	0.507816013768538	0.498719559551599	0.697464435954913	0.0686716040397599	0.280737877054151	0.636027526959465	0.312376908141837	0.431200616020798	0.508193093528777	0.431065462514319	0.243585068851953	0.750117808043971	0.646843708765044	0.675316561190827	0.781891992835882	0.62894265132768	0.707448772677528	0.742988614087357	0.716865403532631	0.860914327734934	0.821337667682065	0.726661481804964	0.721037609885027	0.574228168262918	0.666949948212174	0.972993528719018	0.843787758322355	0.961445271520476	0.745572543962512	0.898297634538766	0.827889548901313	0.978337901083101	0.966133249615401	0.861083604996758	0.907147341173295	0.789120977632619	0.669553327263957	0.901186837165734	0.75031405420692	0.871907485089353	0.554774254907338	0.905855695196006	0.630839046104163	0.655584061900016	0.222433233409123	1.29459143706835	0.459744444969695	0.67388819269936	0.218279496519966	0.231530992526828	0.0280913189853147	0.0650042110243885	0.16922489710798	0.785078306668738	0.261369108186235	0.34151852095363	0.337887075108119	0.501556405135646	0.215140532249247	0.145832261329202	0.257528617494089	0.677479137601132	0.228666092290974	0.573159047730273	0.463956645591315	0.379345900034447	0.19263025363528	0.247273729493666	0.704455436976945	0.881008614969126	0.607093794126954	0.951544372417466	0.547520148979315	0.898140755460168	0.685911885469958	0.433745570696443	0.680696847295909	0.762491758493782	0.962010139124369	0.682745532124653	0.404509317105525	0.648979682926877	1.02519170370294	1.06947662941497	0.864290939217411	0.54218598222602	0.900680536431986	0.733018276459724	0.840823627996026	0.871142419835891	0.78108431679405	0.644063033277209	0.939475992233732	0.646413712947161	0.769181969344234	0.780291573000224	0.669099007919138	0.586299438553279	0.71895714241656	0.56637074793276	0.520960524138988	0.176280501773379
1.14077153217988	0.570221942633087	0.770015574886918	0.242918951986228	0.300719862914363	0.0805381324895207	0	0.173826066113199	0.342481017927923	0.32810147516776	0.271143737091009	0.562393040748357	0.513296711636576	0.720988597337644	0.157988422627099	0.284864531113088	0.572119460564501	0.388892377606772	0.449337606453067	0.568999517997397	0.529663217013125	0.30621924425195	0.81361743262443	0.621138712976343	0.632210413034813	0.83821673313316	0.620902755920294	0.757993846242658	0.736556831331476	0.736062585370845	0.830531740685372	0.77742986418746	0.662857555096628	0.666696009041526	0.608212554052878	0.691729156196979	0.978864928480852	0.854655027380345	0.926255839577646	0.744578801879685	0.928784335579272	0.873223348472986	1.00946776832576	1.0001320878224	0.852852279408232	0.964607635550409	0.817090772451736	0.678031038809578	0.953195206722676	0.709068744042917	0.865732133027195	0.525712474376767	0.973325139120123	0.724324279423728	0.714825002093295	0.227253828630895	1.35708264473293	0.514820756699	0.72376703162226	0.264387848436649	0.311351180949408	0.0745210826340084	0.0249642715223799	0.240041806070159	0.897007269166605	0.292603759261938	0.391715607776474	0.379972824461245	0.524068657016141	0.267075882188698	0.20733941671943	0.248026021261336	0.584072417226231	0.285565594764606	0.572779312141811	0.47938707431591	0.433689628368736	0.28796330076372	0.295379627364745	0.753340123338082	0.857104550811404	0.560567970622575	0.92965652160824	0.50662482713169	0.89805192730192	0.716894471049974	0.531402214234596	0.691603919552769	0.831987753148671	0.981650409142037	0.656580508707749	0.377024175045335	0.624641277541699	1.03799711982514	1.06598599648198	0.817292573877447	0.548969848183369	0.921673300510546	0.787463157482312	0.862222902093053	0.906230346609626	0.801873998890016	0.638025651735359	0.987398039602003	0.698779190633494	0.763961206241198	0.79768698027923	0.610760215874612	0.568320929492405	0.770101856857033	0.670507829128666	0.583269862402333	0.188449325050976
0.86194389806422	0.330877263935218	0.496679918058167	0.127976235288934	0.190209974958287	0.112815232130416	0.173826066113199	0	0.141303780464817	0.0928342294007258	0.187208315179288	0.370193901731442	0.400209468160813	0.525659305767607	0.153715878596895	0.258278848073956	0.578834070579921	0.172373809147695	0.29642257179625	0.290801631867922	0.219530853709618	0.145190112012745	0.56838393387134	0.58407943969921	0.531392430855099	0.754100659784744	0.489834625711052	0.559032979945611	0.522400089988297	0.578274709846347	0.701591529417227	0.741837185738045	0.55760715154498	0.622024515563711	0.590521105210027	0.6186983544318	0.856191439979638	0.81650954332755	0.80496720724589	0.631380811178705	0.792048732199989	0.6614360494682	0.769447021827085	0.892223620202305	0.805475360959127	0.747775457886329	0.698180239779808	0.512087941817808	0.727652206947334	0.65969964662458	0.739542223798288	0.368393638484014	0.85433022039753	0.455669035701435	0.48080017349267	0.144953019696355	1.06200370186278	0.293100286348135	0.455885693284126	0.121684865798352	0.191349774788607	0.180245746432824	0.156704235907807	0.0263645362061007	0.863229675717455	0.110450447766306	0.275926305961933	0.286151445181127	0.405411440314007	0.180832897920418	0.114425884494968	0.272961659966248	0.618206529070325	0.13588342135945	0.519874699207409	0.343293375621458	0.257937789812973	0.102570289739122	0.183102668302538	0.588247709360369	0.819017859804997	0.560011781857081	0.82070716218523	0.382424264402848	0.774349953516486	0.672489848402398	0.293423877334686	0.460007906693628	0.683458933159579	0.802174009832684	0.683295649947158	0.304446852339996	0.489776230371208	0.934039618050517	0.93823740070663	0.732092621662766	0.492443681611142	0.760457747707711	0.541946280752231	0.612820390029781	0.752318285278566	0.650141050975286	0.620621517449387	0.779110801470957	0.511511877438919	0.614318381726188	0.570734922495835	0.61041719124517	0.416912930917472	0.561625369791424	0.404953256488773	0.371478909843652	0.157748481817863
0.714891183094344	0.326890254927931	0.478151881678656	0.230946469017268	0.288722182458332	0.274009895788606	0.342481017927923	0.141303780464817	0	0.1724528816398	0.259920861627943	0.403556661906347	0.387046454245885	0.483882865426412	0.266831363274108	0.336070588602474	0.609105397936905	0.2879950586833	0.39679477858591	0.346808225019537	0.250983445070116	0.246129472834759	0.631463549247408	0.659000698483297	0.504006694806238	0.70641209123395	0.589352907337542	0.460756777731586	0.440978087320852	0.516911644711772	0.617167247109827	0.696512188495665	0.508551065293543	0.617947095811287	0.609899935210315	0.53382931888744	0.724765217706865	0.725066153349206	0.696834952672876	0.552350808395102	0.705247180205913	0.605435285759243	0.695979756586622	0.769102512428453	0.736010144098385	0.605984479653641	0.645960962213379	0.412766380213676	0.65132728842076	0.625028884886337	0.610314910511195	0.339548790223475	0.753342802594857	0.435708344013579	0.4356660939543	0.224532822402352	0.976751643246055	0.313765889547679	0.442773021491269	0.207190086979172	0.280702290269614	0.333016708799393	0.340743972612412	0.152246474985401	0.883755334869066	0.158356335126836	0.315924889227242	0.380228574931807	0.410670046683569	0.253862862347312	0.215601658792185	0.371804280067597	0.661132143276959	0.260415435323571	0.635492970650441	0.444580680380376	0.359541613298416	0.194354346791369	0.325604636247774	0.692113228966883	0.939329107341277	0.63012728814422	0.789123943825909	0.401056161869055	0.825416813066796	0.670153054507285	0.290174273189276	0.324823171556988	0.657259373014174	0.750862524572829	0.709764031230203	0.33867951740092	0.499441407904817	0.806822975996073	0.807194620555429	0.629470096460993	0.489046694512042	0.69177604113841	0.477712097207666	0.535215856263859	0.66127027510984	0.543295333737722	0.594600273352012	0.637648301188986	0.474225539756992	0.512437034839684	0.479936894238725	0.59558115915838	0.391752637441709	0.566335680151549	0.380857805716563	0.400632507255814	0.28222697717799
0.717654799006437	0.275001511864243	0.453795454485507	0.196974421411672	0.262481859564393	0.264715503416994	0.32810147516776	0.0928342294007258	0.1724528816398	0	0.247375094984789	0.366341431683236	0.395892603674546	0.477816818125148	0.283181959333191	0.272020128507259	0.585976448205899	0.16787482751783	0.253162947346932	0.242218480677503	0.177771732411631	0.150744390277042	0.473176184252663	0.490610499870777	0.475763638437454	0.677456462690914	0.398945684604305	0.479831218403744	0.433482982140081	0.529812129529137	0.639623497421919	0.704388070275428	0.53602387034428	0.585546722241966	0.630419722086048	0.632039159823388	0.787371374199289	0.814162582470277	0.739967881299451	0.622799451441167	0.815484199632481	0.538980482701322	0.656004099814865	0.845333263510944	0.743757934139756	0.687831886343756	0.617397450766859	0.473830982927622	0.621310907544838	0.584951932116039	0.731545259396273	0.321337263952601	0.859338901875946	0.449077381813416	0.440137400721901	0.147755045493896	0.939767524782137	0.26659802489564	0.414736359355747	0.172734234659263	0.272999813923727	0.3180695770748	0.306730530489573	0.0766935572149321	0.83442627831799	0.0559835418911023	0.291172088377093	0.306958305717956	0.397693857641651	0.230184498124051	0.175500076418486	0.328225337786945	0.600645803656614	0.146212267110676	0.42901704927429	0.237433280749541	0.196539514887181	0.146484448559512	0.181798524865689	0.480814312305177	0.726484090861507	0.477566746146238	0.71700276744774	0.316676794721258	0.602485613236949	0.620031784306287	0.243126795673078	0.404845819016113	0.700925093949521	0.693068435281246	0.644239850747863	0.278680989512993	0.444687668916285	0.849757587060974	0.820573987271448	0.662598219090263	0.447663008145599	0.724529780356658	0.431194889816836	0.470017324237132	0.70243605132202	0.601970540145259	0.571886022479207	0.678868751246227	0.413742873283675	0.531123686448651	0.48526850986728	0.54165645071859	0.353851098158284	0.471421611946706	0.403645108879339	0.353112256255341	0.14978007807235
0.819468419514951	0.193541632512119	0.464162514607	0.133987853989876	0.138469370484189	0.232651177784564	0.271143737091009	0.187208315179288	0.259920861627943	0.247375094984789	0	0.216553402342664	0.218517336297253	0.405243292813746	0.218984646417364	0.206751721633023	0.57686645440578	0.260892261376939	0.401922883803586	0.45024403840624	0.349294683413828	0.289944973630512	0.539673205471933	0.479201732384416	0.449633549137887	0.779025822939588	0.455198480617589	0.626294542774524	0.561028265390093	0.476341232249001	0.644129196610437	0.64972572830751	0.502963438184888	0.576953547064648	0.609988877310426	0.64650715491441	0.853973512346308	0.828619421126167	0.806522328077059	0.663531713858036	0.832207554217633	0.62192739041849	0.841071642724731	0.952470951589814	0.81580549151283	0.769638155963359	0.743380734286901	0.563368142747864	0.7445989391778	0.674727460810488	0.783869068987488	0.393366804099935	0.92107010794803	0.53030000628539	0.466205174526491	0.25971940179673	1.03547757610367	0.163167235182047	0.423397630836961	0.116818947925205	0.151372389097195	0.259427310601538	0.30094575438695	0.23267658328024	1.01829673636652	0.248710976926869	0.0998722889821849	0.142184617642493	0.213986999824865	0.108998647176621	0.123070031586208	0.174114682688944	0.394343820241319	0.219476169964461	0.509604059496292	0.436807320589954	0.369014173490527	0.204124219889709	0.24471338469049	0.595201146223259	0.806696554179502	0.476753094108913	0.812133154996869	0.366926524929584	0.757112085312194	0.721309846255834	0.411470092944654	0.505537362654329	0.598499925051852	0.736832712588434	0.695663082380906	0.190886493126293	0.517497945371932	0.923429586781506	0.914429605329288	0.6665230928156	0.531727354450622	0.781961129734232	0.487927290206946	0.629531996626056	0.824281314448944	0.664787634682594	0.636419730980154	0.796551925304133	0.597046897463929	0.586890993592185	0.61793099664743	0.549401295708795	0.42983983268767	0.473802672483253	0.460133431457839	0.416432779742141	0.247813893144738
0.731393612352186	0.243473216671877	0.384295499709802	0.250697842721165	0.26274756262721	0.507816013768538	0.562393040748357	0.370193901731442	0.403556661906347	0.366341431683236	0.216553402342664	0	0.233515053515569	0.203543325722171	0.452002746610874	0.409897806033143	0.658422631525978	0.375770076657069	0.620133020025773	0.545369344661598	0.389675359098014	0.424332488424216	0.496828265112918	0.581260205652125	0.458841065906911	0.901134162007795	0.48482031337741	0.729647810849894	0.579940573455548	0.38826665524067	0.586313796324388	0.635408590974451	0.475375735888564	0.655262422492215	0.698004283338709	0.706366616007415	0.795382241125486	0.861865657242237	0.795072119280889	0.736671980321609	0.819639038774736	0.428906662694835	0.72806402326449	0.934272783475374	0.748448025275236	0.674465670831812	0.75581012143125	0.630901017721406	0.629215808163251	0.783432543821193	0.815947963374855	0.511319306036629	0.827954119192712	0.379773108167591	0.389442617815943	0.407864148914221	0.862226732559409	0.190669017241126	0.335268239530786	0.221614399082043	0.248234891545043	0.542314359597683	0.57096754530259	0.363016916586075	1.04805534281016	0.368478050979148	0.214193822332355	0.130436584277047	0.168885327132066	0.2940206769684	0.28142603154327	0.309668343594243	0.452695138407778	0.41387698767319	0.622088599866438	0.603509409663877	0.474714929311537	0.319264465170089	0.428955704106934	0.59364832655101	0.797908820856166	0.557659824105433	0.790356199734222	0.382062250995244	0.665667156081447	0.802348720051149	0.510366660364049	0.491931069163087	0.440609764542009	0.58882027872623	0.591202593818572	0.222696170320602	0.607956173209979	0.846578727045268	0.817310727487454	0.563276138656585	0.584745318339923	0.604306234555559	0.29778625585217	0.520770473032337	0.845983101916435	0.557722232379639	0.587184186880468	0.65786448047163	0.577933487883946	0.533278683161577	0.699689500755371	0.660781718596339	0.485461611622349	0.228025971871776	0.290325480413805	0.343236240428261	0.432492784600552
0.608385488629921	0.292554890797761	0.448309861945802	0.367392408572165	0.357218249435276	0.498719559551599	0.513296711636576	0.400209468160813	0.387046454245885	0.395892603674546	0.218517336297253	0.233515053515569	0	0.321273654212303	0.4132937935522	0.398153087346677	0.39949921437291	0.507821933464247	0.66796305055017	0.6774146110441	0.502343129713545	0.481245434977985	0.672765207954201	0.574098115717015	0.284111585355173	0.872677259334112	0.501416435143645	0.682287258905583	0.45725082761139	0.177756143282532	0.255817623625586	0.310376617014357	0.271255142122485	0.305207756107903	0.564911664210501	0.533424916214083	0.49725717904939	0.523151695898791	0.543732154131323	0.478368721876267	0.528406421075233	0.404989710812034	0.761274996441629	0.708503041346058	0.551883256550176	0.612623024241275	0.650664501191205	0.501240522174796	0.629602922253607	0.703230245165624	0.601308011275646	0.398275680746506	0.754526248929734	0.409725850401667	0.414254240055409	0.416317403169222	0.765897834317523	0.268449415905442	0.389213448903935	0.289384336097156	0.326105795342748	0.500889976361247	0.521377614488081	0.424344821673891	1.08065016031729	0.37257224826328	0.155283636438585	0.261769242588334	0.0767958718580291	0.338445030861649	0.247479641675024	0.242258694201068	0.443398129182394	0.47775369824317	0.660111163548101	0.592936316978374	0.573727065651323	0.407996866628617	0.507896915819732	0.800302042772614	0.841956585787228	0.547823345163757	0.627366596985488	0.3506529134737	0.659143171217822	0.753328427416175	0.576166109328867	0.428885735152307	0.337311397491973	0.458578398921322	0.450933288916136	0.221787103784553	0.46903964781222	0.632253883043682	0.595792896533271	0.334420572894326	0.417188884020209	0.451269219805787	0.331042952645523	0.528633303065268	0.638479122857662	0.464401898104702	0.394237762198283	0.583573019473067	0.521958347704007	0.386273548984283	0.600892593517148	0.53004793062192	0.527910645892226	0.39511305723282	0.352944457273679	0.380604174541417	0.479201782675786
0.691185938679056	0.407824696527565	0.445919473103617	0.508577540902799	0.510747957864215	0.697464435954913	0.720988597337644	0.525659305767607	0.483882865426412	0.477816818125148	0.405243292813746	0.203543325722171	0.321273654212303	0	0.628489044992166	0.547175360665683	0.62254906821689	0.492768393335434	0.643624532048069	0.620865940349598	0.499527865853171	0.515854361317588	0.448006497195929	0.601605874896981	0.471510402275156	0.805560049911655	0.532470626262854	0.743025922085368	0.530982742439222	0.27691602902676	0.429057431871745	0.623600722038574	0.414218341458332	0.613297917456264	0.709393735344028	0.612401961714474	0.567086348108842	0.765843332051276	0.656110595791127	0.69365794394716	0.718088293160831	0.402253913243695	0.617937002756231	0.839956969409342	0.760928959792389	0.636703385127297	0.7723246168347	0.603254301460854	0.512130510665182	0.775969969800916	0.732010183545671	0.472762223729126	0.81887601484553	0.493913739493317	0.489004116078665	0.482529997911885	0.779115907795076	0.371961735415545	0.418044818201317	0.441318383896094	0.495387538638714	0.731353599310752	0.720901053638998	0.490589930693593	1.09463625858099	0.503182200763293	0.348172519692948	0.377143898405008	0.234443757746471	0.504769278602617	0.419046850083236	0.469424271923598	0.551567107413028	0.553929763822781	0.596006510349992	0.656203028165823	0.539909448633228	0.449751298343248	0.573255234801692	0.592372706137523	0.810704290786891	0.585350013255911	0.636852797837606	0.371315565962309	0.660354154473662	0.876937714384565	0.578977763895558	0.448002270519136	0.334252385455252	0.35441080644138	0.567809315432205	0.330402553091332	0.659834763801557	0.677492644974586	0.567263742686443	0.445410824958052	0.57768568714335	0.518813916186686	0.276026257014915	0.426559941140499	0.810809265960704	0.520003428015093	0.619006212172801	0.57832767354425	0.589632200759525	0.405137306189679	0.658095054871048	0.645224671493736	0.473946123165017	0.310791612389198	0.416240419641284	0.494877847240858	0.561014587966688
1.05613924026968	0.491474649075581	0.689292570551801	0.179567618905812	0.208883960941551	0.0686716040397599	0.157988422627099	0.153715878596895	0.266831363274108	0.283181959333191	0.218984646417364	0.452002746610874	0.4132937935522	0.628489044992166	0	0.277600230445986	0.608755815688954	0.287385883895213	0.487094093273549	0.529160169758896	0.401778556804111	0.25777946768568	0.710468672579277	0.598706129135478	0.619945187618448	0.783649652307502	0.598232246571036	0.70167866889286	0.745393212804236	0.629753181331697	0.768161863015797	0.745827410189824	0.663769496835392	0.642444712924296	0.619532832091455	0.622752602898889	0.883222633948102	0.781729495949041	0.912138828353449	0.700259373063277	0.853634415419706	0.721762511852154	0.931598079338517	0.940762913134122	0.856370330436953	0.862540124793759	0.821228372996123	0.627679491710208	0.840244312392197	0.737463708169769	0.844892100093892	0.533480268368448	0.847962771127984	0.586871710583927	0.614591017306731	0.212519473793277	1.24924872617554	0.423397969204184	0.640516967832313	0.21323398126078	0.19615749436326	0.0858934895968921	0.150214184445225	0.221516941385866	0.808447873345616	0.292236837805826	0.284161804787365	0.327386630206136	0.432245388661259	0.196182913563091	0.102716970419107	0.239726072191364	0.703580752081956	0.219713602186228	0.575838317765476	0.491803835774128	0.404855997559171	0.186162168226604	0.26197452008213	0.73300175186703	0.832283840334026	0.557778845917058	0.93079216212638	0.521935329212921	0.853096036173291	0.649560091177214	0.448682349427738	0.661951506644946	0.709991766127091	0.882573777466731	0.656384087704999	0.38055260439077	0.630910338010258	1.0043513078649	0.980555225578293	0.778801972042266	0.494417639741551	0.852181379407507	0.64575685296477	0.826952382784395	0.825644684240506	0.716552134367587	0.581259579908112	0.868294150068934	0.641049781835069	0.684494219995762	0.747082317139623	0.612774692063261	0.562125566064856	0.663037381915406	0.52011183359866	0.511689919957427	0.193815491911882
0.998150096376031	0.396630365966691	0.625431824798501	0.219840608087784	0.213285015704322	0.280737877054151	0.284864531113088	0.258278848073956	0.336070588602474	0.272020128507259	0.206751721633023	0.409897806033143	0.398153087346677	0.547175360665683	0.277600230445986	0	0.567979159589497	0.22035633636093	0.263811759650668	0.428730032299649	0.359595959304339	0.213479189168175	0.420777323776109	0.328414620294766	0.472546583023976	0.667195092827952	0.401895732404411	0.709177721316623	0.701532804943784	0.652550263950522	0.736396848609222	0.635987966010963	0.606875755784128	0.681862412670183	0.677682920409881	0.757837472819971	0.920415165178074	0.93208842481323	0.912751644469147	0.823076295780193	1.05374845246302	0.719503071296547	0.849386758603398	1.10873979612934	0.955668031901734	0.975497766259594	0.895244976889915	0.71238783135035	0.823873179352798	0.710861443641238	0.884352212432228	0.420230562047738	1.14918402926082	0.765665039963342	0.717117018034571	0.266092557137738	1.1988043441104	0.358067330995229	0.581496232134732	0.251838654478844	0.237324899912141	0.291670223264269	0.312204275377857	0.293776068806473	0.828295024412595	0.259759040066631	0.332781889693234	0.281364540166807	0.357287053955058	0.209272669279985	0.178096858702285	0.15043283696301	0.441940887114384	0.188899648420182	0.266373484825535	0.253007421780942	0.262211174000289	0.277755678097007	0.162854660999584	0.40908242241787	0.626111951523404	0.296677099245996	0.833361499900465	0.402551672361623	0.668139770750364	0.703455243986314	0.392768336333578	0.612020338145615	0.750492482242062	0.723177242401639	0.66095026839805	0.277158521258224	0.646650089875582	1.03225069834943	0.979641074689954	0.770120708886982	0.533346772076283	0.888010978349919	0.578835753976248	0.701967454511024	0.949777023435533	0.863794411546655	0.714298522644737	0.991943295998604	0.74187611351868	0.723241024663248	0.771490609505229	0.632175759234558	0.516871244416583	0.580140332883276	0.706051768276953	0.607759186842444	0.245499016403855
0.730420002048171	0.671275942534622	0.613680058773438	0.63296052808549	0.67813356129175	0.636027526959465	0.572119460564501	0.578834070579921	0.609105397936905	0.585976448205899	0.57686645440578	0.658422631525978	0.39949921437291	0.62254906821689	0.608755815688954	0.567979159589497	0	0.749879503400825	0.810600526685394	0.777415345059433	0.675326758224109	0.59270930664444	0.942236501000931	0.736808543899713	0.476831507914368	1.13921990060806	0.629355814688886	0.717013666769903	0.568370736202133	0.352440723034603	0.248960514389828	0.273325473831955	0.256243561111589	0.343943413742983	0.69831624255065	0.532057107645537	0.510821774055467	0.450075428277476	0.616570248797328	0.519143623536175	0.536412154749732	0.830255272189732	0.938046506340785	0.719145859559923	0.683963665714479	0.798765316066123	0.710697078338073	0.529931659010169	0.805903655083799	0.752252147206029	0.574147629788728	0.411818476817251	0.85346449868745	0.681562226943158	0.662980292913866	0.507091261114385	0.95172799078831	0.659460994081391	0.575345973626153	0.568455732389767	0.672591491355629	0.62576891156099	0.536367159522353	0.616354886930419	1.13888363832276	0.572967076752671	0.489455167674139	0.646160188420784	0.451459310769605	0.701871194759047	0.529983276334419	0.475912396930064	0.529876130815111	0.655345141056509	0.682244567444083	0.653553620284514	0.762367436341487	0.673231937500182	0.63447935195928	0.977265209758506	0.903432199684641	0.598790261262566	0.580796411739224	0.477739471174844	0.839520563376978	0.908848311347471	0.674550654987212	0.573492698209406	0.564825962237362	0.577747325045639	0.516353747290182	0.372730007466994	0.537721594853738	0.580672163534858	0.60632024199385	0.366898311899129	0.431779111055899	0.580731435984865	0.763066187842969	0.794789206279245	0.665893452465126	0.583326710035303	0.517056948883771	0.774521804248212	0.674018817393325	0.462473727944456	0.702168661161165	0.599573496778266	0.567658677185136	0.701348092213885	0.66739244030577	0.701565574075952	0.566107986311227
0.948579369456488	0.412647147768217	0.588974552723623	0.245234159371998	0.241570334232372	0.312376908141837	0.388892377606772	0.172373809147695	0.2879950586833	0.16787482751783	0.260892261376939	0.375770076657069	0.507821933464247	0.492768393335434	0.287385883895213	0.22035633636093	0.749879503400825	0	0.218208795933383	0.241786878956556	0.189731556587428	0.149991726202441	0.243594876712635	0.380106520929158	0.605140515411917	0.647115837472595	0.398559320531173	0.678556003716372	0.649472840356077	0.673942741913774	0.802360854380703	0.883803961798953	0.725863232709492	0.736140546512809	0.759706046839496	0.802233143131228	0.990210955685748	1.03322537506488	0.959036885196418	0.877370024137489	1.05521178232952	0.609828734571498	0.674002243280007	1.08448680147343	0.991785003269145	0.892699926612156	0.842856587812526	0.713422946105008	0.72147694640689	0.753148541031024	0.984529910896974	0.513424534852066	1.02353915313103	0.631082800204625	0.588727117267259	0.253005918845858	1.06845508273709	0.358883462064991	0.556168105691224	0.260928060293199	0.240497946896203	0.362008163473553	0.373764097919972	0.167191292372313	0.769669012644097	0.21534239134227	0.361847049858638	0.343995976992679	0.460266628142851	0.193587308578342	0.178032712080923	0.332743531002482	0.64934533605305	0.0659840194043316	0.336041676640524	0.25078108307073	0.185875336997171	0.132160793024284	0.142090922148109	0.269617351855367	0.576213361048695	0.388604604021578	0.811541766188404	0.441196980877098	0.625326518638778	0.650001872766626	0.321368743478487	0.58753279333468	0.74317787827345	0.706106118443811	0.790051575708534	0.417754796449764	0.594896514766071	1.07946724074293	0.997879042630749	0.900285517045757	0.613303932626262	0.932597385977594	0.481362906018548	0.567075107454547	0.944371980810921	0.831063058231834	0.776509073769244	0.894495289516706	0.665886290374172	0.763401708875361	0.712821900059217	0.716376572828008	0.500886883371667	0.51108510792119	0.580194610414161	0.538686048882875	0.22758197970286
0.902183506128827	0.46632379832705	0.630291271096792	0.415755531405528	0.441419100161982	0.431200616020798	0.449337606453067	0.29642257179625	0.39679477858591	0.253162947346932	0.401922883803586	0.620133020025773	0.66796305055017	0.643624532048069	0.487094093273549	0.263811759650668	0.810600526685394	0.218208795933383	0	0.294472853693152	0.320034361721706	0.236311004284193	0.322073581274473	0.424600321182737	0.614783163240649	0.550871255415331	0.469178299242714	0.609926509220768	0.678954364377499	0.838792773315659	0.873073309783344	0.886042425604652	0.742916082500536	0.801027198400203	0.835397453809581	0.890143225032473	1.01606218266638	1.07713756091582	0.91453812785327	0.896783771351576	1.1014671390808	0.806767698154032	0.767863307957343	1.12617899533359	1.05452269568738	1.00775095385527	0.910629869876127	0.774953714470243	0.825338646560101	0.740346382567518	0.959306649880322	0.480105812669135	1.20399525069845	0.838364733161493	0.772229323935877	0.407886772413079	1.0267449144519	0.477303547233898	0.618447084671503	0.432279488851527	0.4775717146002	0.491831648748595	0.477076800062661	0.278341539937402	0.782630952728211	0.309546045656083	0.515505446827125	0.522086154157046	0.614391897850469	0.378527211717958	0.379825146053629	0.438275643204408	0.62525337397349	0.21693762351019	0.292045713971993	0.137070096038844	0.207917970277081	0.332113536214346	0.214427454914636	0.324897846828632	0.634716740495364	0.414221615881354	0.788039512043148	0.466374149845257	0.669724927751019	0.791897152123434	0.437918610587701	0.648795666343976	0.878118616130506	0.731636129626871	0.91037032492516	0.489554990281572	0.631652127987707	1.07736413663013	1.03220479869007	0.954593749201867	0.656426808630408	1.00789897621633	0.705438057608609	0.647661959230247	1.01302918795581	1.00622600885983	0.916816020543299	1.04103171932233	0.77602388667557	0.890858349303168	0.700382265959232	0.772993058966444	0.588034591721213	0.746568004003496	0.812737044996974	0.71840051102693	0.372273961433532
